15  1  20  0  355  325  1  -2  
15  1  20  8  355  325  1  -2  
15  1  20  16  355  325  1  -2  
15  1  20  25  355  325  1  -2  
15  1  20  33  355  325  1  -2  
15  1  20  41  355  325  1  -2  
15  1  20  49  355  325  1  -2  
15  1  20  58  355  325  1  -2  
15  1  20  66  355  325  1  -2  
15  1  20  75  355  325  1  -2  
15  1  20  83  355  325  1  -2  
15  1  20  91  355  325  1  -2  
15  1  20  100  355  325  1  -2  
15  1  20  108  355  325  1  -2  
15  1  20  116  355  325  1  -2  
15  1  20  126  355  325  1  -2  
15  1  20  133  355  325  1  -2  
15  1  20  143  355  325  1  -2  
15  1  20  150  355  325  1  -2  
15  1  20  159  355  325  1  -2  
15  1  20  166  355  325  1  -2  
15  1  20  175  355  325  1  -2  
15  1  20  183  355  325  1  -2  
15  1  20  191  355  325  1  -2  
15  1  20  200  355  325  1  -2  
15  1  20  208  355  325  1  -2  
15  1  20  217  355  325  1  -2  
15  1  20  225  355  325  1  -2  
15  1  20  233  355  325  1  -2  
15  1  20  242  355  325  1  -2  
15  1  20  250  355  325  1  -2  
15  1  20  258  355  325  1  -2  
15  1  20  267  355  325  1  -2  
15  1  20  275  355  325  1  -2  
15  1  20  285  355  325  1  -2  
15  1  20  292  355  325  1  -2  
15  1  20  299  355  325  1  -2  
15  1  20  308  355  325  1  -2  
15  1  20  316  355  325  1  -2  
15  1  20  326  355  325  1  -2  
15  1  20  333  355  325  1  -2  
15  1  20  341  355  325  1  -2  
15  1  20  350  355  325  1  -2  
15  1  20  358  355  325  1  -2  
15  1  20  367  355  325  1  -2  
15  1  20  376  355  325  1  -2  
15  1  20  385  355  325  1  -2  
15  1  20  391  355  325  1  -2  
15  1  20  400  355  325  1  -2  
15  1  20  409  355  325  1  -2  
15  1  20  416  355  325  1  -2  
15  1  20  426  355  325  1  -2  
15  1  20  432  355  325  1  -2  
15  1  20  441  357  325  1  -2  
15  1  20  450  364  325  1  -2  
15  1  20  458  393  325  1  -2  
15  1  20  468  393  325  1  -2  
15  1  20  476  434  325  1  -2  
15  1  20  484  465  331  1  -2  
15  1  20  492  492  331  1  -2  
15  1  20  500  518  337  2  -2  
15  1  20  509  543  338  2  -2  
15  1  20  517  558  341  2  -2  
15  1  20  525  572  341  2  -2  
15  1  20  535  577  343  2  -2  
15  1  20  542  581  343  2  -2  
15  1  20  550  581  343  2  -2  
15  1  20  558  581  343  2  -2  
15  1  20  567  581  343  2  -2  
15  1  20  576  581  343  2  -2  
15  1  20  583  581  343  2  -2  
15  1  20  592  581  343  2  -2  
15  1  20  600  581  343  2  -2  
15  1  20  609  581  343  2  -2  
15  1  20  618  581  343  2  -2  
15  1  20  626  581  343  2  -2  
15  1  20  634  581  343  2  -2  
15  1  20  642  581  343  2  -2  
15  1  20  650  581  343  2  -2  
15  1  20  658  581  343  2  -2  
15  1  20  667  581  343  2  -2  
15  1  20  676  581  343  2  -2  
15  1  20  683  581  343  2  -2  
15  1  20  692  581  343  2  -2  
15  1  20  700  581  343  2  -2  
15  1  20  709  581  343  2  -2  
15  1  20  717  581  343  2  -2  
15  1  20  725  581  343  2  -2  
15  1  20  735  581  343  2  -2  
15  1  20  742  581  343  2  -2  
15  1  20  750  581  343  2  -2  
15  1  20  759  581  343  2  -2  
15  1  20  767  581  343  2  -2  
15  1  20  776  581  343  2  -2  
15  1  20  785  581  343  2  -2  
15  1  20  792  581  343  2  -2  
15  1  20  800  581  343  2  -2  
15  1  20  809  581  343  2  -2  
15  1  20  817  581  343  2  -2  
15  1  20  826  581  343  2  -2  
15  1  20  835  581  343  2  -2  
15  1  20  842  581  343  2  -2  
15  1  20  851  581  343  2  -2  
15  1  20  860  581  343  2  -2  
15  1  20  868  577  343  2  -2  
15  1  21  877  574  343  2  -2  
15  1  21  884  571  343  2  -2  
15  1  21  892  569  343  2  -2  
15  1  21  900  566  344  2  -2  
15  1  21  909  565  344  2  -2  
15  1  21  917  564  344  2  -2  
15  1  21  927  564  344  2  -2  
15  1  21  935  562  344  2  -2  
15  1  21  942  561  344  2  -2  
15  1  21  950  559  344  2  -2  
15  1  21  958  557  344  2  -2  
15  1  21  967  557  344  2  -2  
15  1  21  976  556  344  2  -2  
15  1  21  985  556  344  2  -2  
15  1  21  992  554  344  2  -2  
15  1  21  1000  554  344  2  -2  
15  1  21  1009  554  344  2  -2  
15  1  21  1017  553  344  2  -2  
15  1  21  1026  553  344  2  -2  
15  1  21  1033  552  344  2  -2  
15  1  21  1043  552  344  2  -2  
15  1  21  1052  551  344  2  -2  
15  1  21  1059  549  344  2  -2  
15  1  21  1068  549  344  2  -2  
15  1  21  1077  547  344  2  -2  
15  1  21  1085  546  344  2  -2  
15  1  21  1093  545  344  2  -2  
15  1  21  1101  543  344  2  -2  
15  1  21  1109  540  343  2  -2  
15  1  21  1117  537  343  2  -2  
15  1  21  1127  534  342  2  -2  
15  1  21  1135  531  340  2  -2  
15  1  21  1142  527  340  2  -2  
15  1  21  1150  522  340  2  -2  
15  1  21  1159  517  340  2  -2  
15  1  21  1168  507  340  2  -2  
15  1  21  1176  497  340  2  -2  
15  1  21  1185  484  340  2  -2  
15  1  21  1192  471  340  2  -2  
15  1  21  1200  457  340  2  -2  
15  1  21  1209  442  340  2  -2  
15  1  21  1217  426  340  2  -2  
15  1  21  1227  409  340  2  -2  
15  1  21  1235  378  339  3  -2  
15  1  21  1244  363  339  3  -2  
15  1  21  1251  351  339  3  -2  
15  1  21  1260  351  339  3  -2  
15  1  21  1268  331  339  3  -2  
15  1  21  1277  326  339  3  -2  
15  1  21  1285  323  339  3  -2  
15  1  21  1292  322  339  3  -2  
15  1  21  1301  322  339  3  -2  
15  1  21  1309  321  339  3  -2  
15  1  21  1317  321  339  3  -2  
15  1  21  1325  321  339  3  -2  
15  1  21  1334  321  339  3  -2  
15  1  21  1341  321  339  3  -2  
15  1  21  1349  321  339  3  -2  
15  1  21  1358  321  339  3  -2  
15  1  21  1366  321  339  3  -2  
15  1  21  1377  321  339  3  -2  
15  1  21  1384  322  339  3  -2  
15  1  21  1392  327  339  3  -2  
15  1  21  1399  334  339  3  -2  
15  1  21  1409  343  340  3  -2  
15  1  21  1416  353  340  3  -2  
15  1  21  1426  366  343  3  -2  
15  1  21  1434  382  346  3  -2  
15  1  21  1443  419  350  3  -2  
15  1  21  1450  439  354  3  -2  
15  1  21  1459  439  354  3  -2  
15  1  21  1467  470  356  3  -2  
15  1  21  1475  482  357  3  -2  
15  1  21  1484  490  357  3  -2  
15  1  21  1493  495  357  3  -2  
15  1  21  1500  500  359  3  -2  
15  1  21  1509  501  359  3  -2  
15  1  21  1517  504  359  3  -2  
15  1  21  1526  505  359  3  -2  
15  1  21  1534  507  359  3  -2  
15  1  21  1542  509  359  3  -2  
15  1  21  1550  511  359  3  -2  
15  1  21  1559  515  359  3  -2  
15  1  21  1566  519  359  3  -2  
15  1  21  1576  524  360  3  -2  
15  1  21  1584  532  360  3  -2  
15  1  21  1592  541  360  3  -2  
15  1  21  1601  548  361  3  -2  
15  1  21  1608  552  362  3  -2  
15  1  21  1617  552  362  3  -2  
15  1  21  1627  554  362  3  -2  
15  1  21  1634  555  362  3  -2  
15  1  21  1643  555  362  3  -2  
15  1  21  1650  555  362  3  -2  
15  1  21  1659  555  362  3  -2  
15  1  21  1667  555  362  3  -2  
15  1  21  1677  555  362  3  -2  
15  1  21  1685  555  362  3  -2  
15  1  21  1693  555  362  3  -2  
15  1  21  1701  555  362  3  -2  
15  1  21  1710  555  362  3  -2  
15  1  21  1719  555  362  3  -2  
15  1  21  1728  557  364  3  -2  
15  1  21  1737  557  364  3  -2  
15  1  21  1746  558  364  3  -2  
15  1  21  1753  558  364  3  -2  
15  1  21  1760  558  364  3  -2  
15  1  21  1769  558  364  3  -2  
15  1  21  1778  558  364  3  -2  
15  1  21  1786  558  364  3  -2  
15  1  21  1794  558  364  3  -2  
15  1  21  1802  558  364  3  -2  
15  1  21  1810  558  364  3  -2  
15  1  21  1819  559  364  3  -2  
15  1  21  1828  562  364  3  -2  
15  1  21  1837  564  364  3  -2  
15  1  21  1845  567  364  3  -2  
15  1  21  1853  568  364  3  -2  
15  1  21  1861  570  364  3  -2  
15  1  21  1869  570  364  3  -2  
15  1  22  1877  571  364  3  -2  
15  1  22  1886  572  364  3  -2  
15  1  22  1894  572  364  3  -2  
15  1  22  1902  572  364  3  -2  
15  1  22  1911  573  364  3  -2  
15  1  22  1919  573  364  3  -2  
15  1  22  1927  573  364  3  -2  
15  1  22  1937  573  364  3  -2  
15  1  22  1944  574  364  3  -2  
15  1  22  1952  574  364  3  -2  
15  1  22  1961  574  364  3  -2  
15  1  22  1969  574  364  3  -2  
15  1  22  1978  574  364  3  -2  
15  1  22  1986  574  364  3  -2  
15  1  22  1994  574  364  3  -2  
15  1  22  2002  574  364  3  -2  
15  1  22  2011  574  364  3  -2  
15  1  22  2019  574  364  3  -2  
15  1  22  2027  574  364  3  -2  
15  1  22  2036  576  365  3  -2  
15  1  22  2043  576  365  3  -2  
15  1  22  2052  576  365  3  -2  
15  1  22  2061  577  365  3  -2  
15  1  22  2069  578  365  3  -2  
15  1  22  2077  579  365  3  -2  
15  1  22  2086  579  365  3  -2  
15  1  22  2095  579  365  3  -2  
15  1  22  2103  579  365  3  -2  
15  1  22  2111  579  365  3  -2  
15  1  22  2119  579  365  3  -2  
15  1  22  2128  582  365  3  -2  
15  1  22  2137  583  365  3  -2  
15  1  22  2145  588  365  3  -2  
15  1  22  2153  597  365  3  -2  
15  1  22  2162  602  365  3  -2  
15  1  22  2169  604  365  3  -2  
15  1  22  2176  607  365  3  -2  
15  1  22  2186  608  365  3  -2  
15  1  22  2194  608  365  3  -2  
15  1  22  2202  608  365  3  -2  
15  1  22  2212  608  365  3  -2  
15  1  22  2219  608  365  3  -2  
15  1  22  2227  608  365  3  -2  
15  1  22  2237  608  365  3  -2  
15  1  22  2244  608  365  3  -2  
15  1  22  2253  608  365  3  -2  
15  1  22  2261  608  365  3  -2  
15  1  22  2269  608  365  3  -2  
15  1  22  2278  608  365  3  -2  
15  1  22  2286  608  365  3  -2  
15  1  22  2295  608  365  3  -2  
15  1  22  2302  608  365  3  -2  
15  1  22  2311  608  365  3  -2  
15  1  22  2320  608  365  3  -2  
15  1  22  2327  608  365  3  -2  
15  1  22  2336  608  365  3  -2  
15  1  22  2345  608  365  3  -2  
15  1  22  2353  608  365  3  -2  
15  1  22  2361  608  365  3  -2  
15  1  22  2369  608  365  3  -2  
15  1  22  2379  608  365  3  -2  
15  1  22  2387  608  365  3  -2  
15  1  22  2394  608  365  3  -2  
15  1  22  2402  608  365  3  -2  
15  1  22  2412  608  365  3  -2  
15  1  22  2419  608  365  3  -2  
15  1  22  2427  608  365  3  -2  
15  1  22  2437  608  365  3  -2  
15  1  22  2443  608  365  3  -2  
15  1  22  2453  608  365  3  -2  
15  1  22  2461  608  365  3  -2  
15  1  22  2471  608  365  3  -2  
15  1  22  2478  608  365  3  -2  
15  1  22  2487  608  365  3  -2  
15  1  22  2494  608  365  3  -2  
15  1  22  2503  608  365  3  -2  
15  1  22  2511  608  365  3  -2  
15  1  22  2522  608  365  3  -2  
15  1  22  2527  608  365  3  -2  
15  1  22  2537  608  365  3  -2  
15  1  22  2545  608  365  3  -2  
15  1  22  2554  608  365  3  -2  
15  1  22  2561  608  365  3  -2  
15  1  22  2570  608  365  3  -2  
15  1  22  2578  608  365  3  -2  
15  1  22  2586  608  365  3  -2  
15  1  22  2596  608  365  3  -2  
15  1  22  2604  596  363  3  -2  
15  1  22  2610  589  361  3  -2  
15  1  22  2621  589  361  3  -2  
15  1  22  2628  574  357  3  -2  
15  1  22  2637  573  356  3  -2  
15  1  22  2646  572  356  3  -2  
15  1  22  2653  571  356  3  -2  
15  1  22  2661  571  356  3  -2  
15  1  22  2670  570  356  3  -2  
15  1  22  2678  570  356  3  -2  
15  1  22  2687  570  356  3  -2  
15  1  22  2695  570  356  3  -2  
15  1  22  2703  570  356  3  -2  
15  1  22  2711  570  356  3  -2  
15  1  22  2721  570  355  3  -2  
15  1  22  2727  570  355  3  -2  
15  1  22  2737  570  355  3  -2  
15  1  22  2745  570  355  3  -2  
15  1  22  2753  569  354  3  -2  
15  1  22  2762  569  354  3  -2  
15  1  22  2772  569  354  3  -2  
15  1  22  2778  569  354  3  -2  
15  1  22  2787  569  353  3  -2  
15  1  22  2795  568  352  3  -2  
15  1  22  2803  568  352  3  -2  
15  1  22  2811  568  352  3  -2  
15  1  22  2821  568  352  3  -2  
15  1  22  2828  568  351  3  -2  
15  1  22  2839  568  351  3  -2  
15  1  22  2845  568  351  3  -2  
15  1  22  2853  568  351  3  -2  
15  1  22  2862  568  351  3  -2  
15  1  22  2869  568  351  3  -2  
15  1  23  2879  568  351  3  -2  
15  1  23  2888  568  350  3  -2  
15  1  23  2895  568  349  3  -2  
15  1  23  2904  568  347  3  -2  
15  1  23  2912  568  346  3  -2  
15  1  23  2921  568  344  3  -2  
15  1  23  2928  568  343  3  -2  
15  1  23  2939  568  342  3  -2  
15  1  23  2945  568  342  3  -2  
15  1  23  2956  568  342  3  -2  
15  1  23  2961  568  340  3  -2  
15  1  23  2971  568  340  3  -2  
15  1  23  2977  568  339  3  -2  
15  1  23  2989  568  339  3  -2  
15  1  23  2995  568  338  3  -2  
15  1  23  3003  568  338  3  -2  
15  1  23  3011  568  338  3  -2  
15  1  23  3022  568  338  3  -2  
15  1  23  3029  568  338  3  -2  
15  1  23  3039  568  338  3  -2  
15  1  23  3046  568  338  3  -2  
15  1  23  3056  568  338  3  -2  
15  1  23  3062  568  338  3  -2  
15  1  23  3071  568  338  3  -2  
15  1  23  3078  568  338  3  -2  
15  1  23  3087  568  338  3  -2  
15  1  23  3096  568  338  3  -2  
15  1  23  3105  568  338  3  -2  
15  1  23  3111  568  338  3  -2  
15  1  23  3121  567  337  3  -2  
15  1  23  3127  567  337  3  -2  
15  1  23  3137  564  337  3  -2  
15  1  23  3146  562  337  3  -2  
15  1  23  3156  556  341  3  -2  
15  1  23  3161  551  342  4  -2  
15  1  23  3172  551  342  4  -2  
15  1  23  3179  541  346  4  -2  
15  1  23  3189  534  348  4  -2  
15  1  23  3196  529  349  4  -2  
15  1  23  3205  522  351  4  -2  
15  1  23  3212  516  351  4  -2  
15  1  23  3222  505  352  4  -2  
15  1  23  3229  493  352  4  -2  
15  1  23  3238  485  352  4  -2  
15  1  23  3245  473  354  4  -2  
15  1  23  3254  461  354  4  -2  
15  1  23  3262  453  354  4  -2  
15  1  23  3272  443  354  4  -2  
15  1  23  3279  436  354  4  -2  
15  1  23  3289  431  354  4  -2  
15  1  23  3296  428  354  4  -2  
15  1  23  3306  427  354  4  -2  
15  1  23  3312  427  354  4  -2  
15  1  23  3321  427  354  4  -2  
15  1  23  3329  427  354  4  -2  
15  1  23  3339  427  354  4  -2  
15  1  23  3344  427  354  4  -2  
15  1  23  3355  427  354  4  -2  
15  1  23  3362  427  354  4  -2  
15  1  23  3371  427  354  4  -2  
15  1  23  3380  427  354  4  -2  
15  1  23  3388  426  354  4  -2  
15  1  23  3396  424  354  4  -2  
15  1  23  3406  424  354  4  -2  
15  1  23  3413  424  354  4  -2  
15  1  23  3423  424  354  4  -2  
15  1  23  3428  424  354  4  -2  
15  1  23  3439  424  354  4  -2  
15  1  23  3445  424  354  4  -2  
15  1  23  3455  424  354  4  -2  
15  1  23  3462  424  354  4  -2  
15  1  23  3472  424  354  4  -2  
15  1  23  3479  424  354  4  -2  
15  1  23  3489  424  354  4  -2  
15  1  23  3495  424  354  4  -2  
15  1  23  3506  424  354  4  -2  
15  1  23  3512  424  354  4  -2  
15  1  23  3522  424  354  4  -2  
15  1  23  3528  424  354  4  -2  
15  1  23  3539  424  354  4  -2  
15  1  23  3546  422  354  4  -2  
15  1  23  3556  422  354  4  -2  
15  1  23  3563  422  354  4  -2  
15  1  23  3572  422  354  4  -2  
15  1  23  3579  421  355  4  -2  
15  1  23  3589  421  355  4  -2  
15  1  23  3596  420  356  4  -2  
15  1  23  3606  416  356  4  -2  
15  1  23  3613  413  356  4  -2  
15  1  23  3622  407  357  4  -2  
15  1  23  3629  403  357  4  -2  
15  1  23  3640  399  357  4  -2  
15  1  23  3646  394  357  4  -2  
15  1  23  3656  391  357  4  -2  
15  1  23  3663  387  357  4  -2  
15  1  23  3673  384  357  4  -2  
15  1  23  3679  383  357  4  -2  
15  1  23  3689  382  357  4  -2  
15  1  23  3695  381  357  4  -2  
15  1  23  3706  381  357  4  -2  
15  1  23  3712  381  357  4  -2  
15  1  23  3721  381  357  4  -2  
15  1  23  3729  381  357  4  -2  
15  1  23  3739  381  357  4  -2  
15  1  23  3746  381  357  4  -2  
15  1  23  3756  381  357  4  -2  
15  1  23  3762  381  357  4  -2  
15  1  23  3772  381  357  4  -2  
15  1  23  3779  381  357  4  -2  
15  1  23  3789  381  357  4  -2  
15  1  23  3797  381  357  4  -2  
15  1  23  3806  381  357  4  -2  
15  1  23  3812  381  357  4  -2  
15  1  23  3822  381  357  4  -2  
15  1  23  3830  381  357  4  -2  
15  1  23  3839  381  357  4  -2  
15  1  23  3846  381  357  4  -2  
15  1  23  3856  381  357  4  -2  
15  1  23  3862  381  357  4  -2  
15  1  23  3872  381  357  4  -2  
15  1  24  3878  381  358  4  -2  
15  1  24  3889  381  358  4  -2  
15  1  24  3897  381  358  4  -2  
15  1  24  3906  381  358  4  -2  
15  1  24  3912  381  358  4  -2  
15  1  24  3923  381  358  4  -2  
15  1  24  3929  379  359  4  -2  
15  1  24  3939  379  359  4  -2  
15  1  24  3946  377  359  4  -2  
15  1  24  3956  377  359  4  -2  
15  1  24  3963  375  360  4  -2  
15  1  24  3972  374  360  4  -2  
15  1  24  3979  373  360  4  -2  
15  1  24  3989  370  360  4  -2  
15  1  24  3997  370  360  4  -2  
15  1  24  4006  369  360  4  -2  
15  1  24  4013  369  360  4  -2  
15  1  24  4022  367  360  4  -2  
15  1  24  4029  367  360  4  -2  
15  1  24  4038  367  360  4  -2  
15  1  24  4047  367  360  4  -2  
15  1  24  4056  367  360  4  -2  
15  1  24  4063  366  360  4  -2  
15  1  24  4072  364  360  4  -2  
15  1  24  4079  362  360  4  -2  
15  1  24  4088  361  361  4  -2  
15  1  24  4097  360  361  4  -2  
15  1  24  4106  359  361  4  -2  
15  1  24  4113  359  361  4  -2  
15  1  24  4122  359  361  4  -2  
15  1  24  4128  359  361  4  -2  
15  1  24  4138  359  361  4  -2  
15  1  24  4146  359  361  4  -2  
15  1  24  4156  359  361  4  -2  
15  1  24  4162  359  361  4  -2  
15  1  24  4172  359  361  4  -2  
15  1  24  4179  359  361  4  -2  
15  1  24  4189  359  361  4  -2  
15  1  24  4197  359  361  4  -2  
15  1  24  4206  359  361  4  -2  
15  1  24  4213  359  361  4  -2  
15  1  24  4222  359  361  4  -2  
15  1  24  4230  359  361  4  -2  
15  1  24  4238  359  361  4  -2  
15  1  24  4246  359  361  4  -2  
15  1  24  4256  359  361  4  -2  
15  1  24  4263  358  361  4  -2  
15  1  24  4272  358  361  4  -2  
15  1  24  4279  358  361  4  -2  
15  1  24  4288  358  361  4  -2  
15  1  24  4297  358  361  4  -2  
15  1  24  4306  358  361  4  -2  
15  1  24  4313  358  361  4  -2  
15  1  24  4322  358  361  4  -2  
15  1  24  4329  355  362  4  -2  
15  1  24  4338  355  362  4  -2  
15  1  24  4347  355  362  4  -2  
15  1  24  4356  355  362  4  -2  
15  1  24  4363  355  362  4  -2  
15  1  24  4372  355  362  4  -2  
15  1  24  4380  355  362  4  -2  
15  1  24  4389  355  362  4  -2  
15  1  24  4396  355  362  4  -2  
15  1  24  4406  355  362  4  -2  
15  1  24  4413  355  362  4  -2  
15  1  24  4422  355  362  4  -2  
15  1  24  4430  355  362  4  -2  
15  1  24  4439  355  362  4  -2  
15  1  24  4447  355  362  4  -2  
15  1  24  4455  355  362  4  -2  
15  1  24  4463  355  362  4  -2  
15  1  24  4472  355  362  4  -2  
