9  47  53  0  368  294  1  -2  
9  47  53  10  368  294  1  -2  
9  47  53  17  368  294  1  -2  
9  47  53  27  368  294  1  -2  
9  47  53  33  368  294  1  -2  
9  47  53  44  368  294  1  -2  
9  47  53  50  368  294  1  -2  
9  47  53  61  368  294  1  -2  
9  47  53  67  368  294  1  -2  
9  47  53  76  368  294  1  -2  
9  47  53  83  368  294  1  -2  
9  47  53  93  368  294  1  -2  
9  47  53  100  368  294  1  -2  
9  47  53  110  368  294  1  -2  
9  47  53  117  368  294  1  -2  
9  47  53  126  368  294  1  -2  
9  47  53  134  368  294  1  -2  
9  47  53  143  368  294  1  -2  
9  47  53  151  369  294  1  -2  
9  47  53  160  371  293  1  -2  
9  47  53  167  375  290  1  -2  
9  47  53  177  377  289  1  -2  
9  47  53  183  383  286  1  -2  
9  47  53  193  387  285  1  -2  
9  47  53  201  395  281  1  -2  
9  47  53  211  402  280  1  -2  
9  47  53  218  407  279  1  -2  
9  47  53  227  414  278  1  -2  
9  47  53  233  421  278  1  -2  
9  47  53  243  427  275  1  -2  
9  47  53  251  434  275  1  -2  
9  47  53  261  439  275  1  -2  
9  47  53  268  443  274  1  -2  
9  47  53  276  445  274  1  -2  
9  47  53  284  449  274  1  -2  
9  47  53  293  452  274  1  -2  
9  47  53  302  456  274  1  -2  
9  47  53  311  461  273  1  -2  
9  47  53  318  465  270  1  -2  
9  47  53  326  472  269  1  -2  
9  47  53  334  477  269  1  -2  
9  47  53  343  481  268  1  -2  
9  47  53  351  485  268  1  -2  
9  47  53  360  485  268  1  -2  
9  47  53  369  488  268  1  -2  
9  47  53  376  488  268  1  -2  
9  47  53  383  488  268  1  -2  
9  47  53  393  490  268  1  -2  
9  47  53  401  492  268  1  -2  
9  47  53  411  493  268  1  -2  
9  47  53  418  493  268  1  -2  
9  47  54  426  494  268  1  -2  
9  47  54  434  494  268  1  -2  
9  47  54  443  494  268  1  -2  
9  47  54  451  494  268  1  -2  
9  47  54  460  494  268  1  -2  
9  47  54  469  494  268  1  -2  
9  47  54  476  494  268  1  -2  
9  47  54  484  494  268  1  -2  
9  47  54  493  494  268  1  -2  
9  47  54  501  496  268  1  -2  
9  47  54  510  496  268  1  -2  
9  47  54  519  497  268  1  -2  
9  47  54  526  497  268  1  -2  
9  47  54  534  497  268  1  -2  
9  47  54  543  497  268  1  -2  
9  47  54  551  497  268  1  -2  
9  47  54  561  497  268  1  -2  
9  47  54  568  497  268  1  -2  
9  47  54  576  497  268  1  -2  
9  47  54  584  497  268  1  -2  
9  47  54  593  497  268  1  -2  
9  47  54  601  498  268  1  -2  
9  47  54  610  498  268  1  -2  
9  47  54  619  498  268  1  -2  
9  47  54  626  499  269  1  -2  
9  47  54  634  499  269  1  -2  
9  47  54  643  499  269  1  -2  
9  47  54  650  499  269  1  -2  
9  47  54  660  499  269  1  -2  
9  47  54  669  499  269  1  -2  
9  47  54  676  499  270  1  -2  
9  47  54  684  499  270  1  -2  
9  47  54  693  499  272  1  -2  
9  47  54  700  499  272  1  -2  
9  47  54  710  500  273  1  -2  
9  47  54  719  500  273  1  -2  
9  47  54  726  500  274  1  -2  
9  47  54  734  500  276  1  -2  
9  47  54  743  500  277  1  -2  
9  47  54  750  500  278  1  -2  
9  47  54  760  500  279  1  -2  
9  47  54  769  500  279  1  -2  
9  47  54  776  500  279  1  -2  
9  47  54  785  500  280  1  -2  
9  47  54  793  500  280  1  -2  
9  47  54  801  500  280  1  -2  
9  47  54  811  500  280  1  -2  
9  47  54  819  500  282  1  -2  
9  47  54  827  497  284  1  -2  
9  47  54  834  496  284  1  -2  
9  47  54  843  493  285  1  -2  
9  47  54  851  489  286  1  -2  
9  47  54  860  488  287  1  -2  
9  47  54  869  484  289  1  -2  
9  47  54  877  483  289  1  -2  
9  47  54  885  477  291  1  -2  
9  47  54  893  472  292  1  -2  
9  47  54  901  460  296  1  -2  
9  47  54  910  448  296  1  -2  
9  47  54  919  435  297  1  -2  
9  47  54  926  420  297  1  -2  
9  47  54  934  403  297  1  -2  
9  47  54  943  387  297  1  -2  
9  47  54  950  378  297  1  -2  
9  47  54  960  371  297  1  -2  
9  47  54  969  368  297  1  -2  
9  47  54  976  366  297  1  -2  
9  47  54  985  364  296  1  -2  
9  47  54  993  364  296  1  -2  
9  47  54  1001  364  296  1  -2  
9  47  54  1010  364  296  1  -2  
9  47  54  1019  364  296  1  -2  
9  47  54  1026  364  296  1  -2  
9  47  54  1034  364  296  1  -2  
9  47  54  1043  364  296  1  -2  
9  47  54  1051  364  296  1  -2  
9  47  54  1061  364  296  1  -2  
9  47  54  1069  361  296  1  -2  
9  47  54  1076  360  296  1  -2  
9  47  54  1084  358  296  1  -2  
9  47  54  1093  357  296  1  -2  
9  47  54  1101  357  296  1  -2  
9  47  54  1110  357  296  1  -2  
9  47  54  1119  357  296  1  -2  
9  47  54  1126  357  296  1  -2  
9  47  54  1134  357  296  1  -2  
9  47  54  1143  357  296  1  -2  
9  47  54  1151  357  296  1  -2  
9  47  54  1160  357  296  1  -2  
9  47  54  1169  357  296  1  -2  
9  47  54  1177  357  296  1  -2  
9  47  54  1184  357  296  1  -2  
9  47  54  1193  357  296  1  -2  
9  47  54  1202  357  296  1  -2  
9  47  54  1210  357  296  1  -2  
9  47  54  1219  357  296  1  -2  
9  47  54  1226  357  296  1  -2  
9  47  54  1235  357  296  1  -2  
9  47  54  1243  360  296  1  -2  
9  47  54  1252  362  296  1  -2  
9  47  54  1260  366  296  1  -2  
9  47  54  1269  371  296  1  -2  
9  47  54  1276  374  296  1  -2  
9  47  54  1284  376  296  1  -2  
9  47  54  1294  381  296  1  -2  
9  47  54  1302  385  296  1  -2  
9  47  54  1310  389  296  1  -2  
9  47  54  1319  394  297  1  -2  
9  47  54  1326  400  298  1  -2  
9  47  54  1334  405  298  1  -2  
9  47  54  1343  410  300  1  -2  
9  47  54  1351  417  301  1  -2  
9  47  54  1360  423  302  1  -2  
9  47  54  1369  431  303  1  -2  
9  47  54  1376  441  304  1  -2  
9  47  54  1385  455  304  1  -2  
9  47  54  1393  468  308  1  -2  
9  47  54  1402  479  310  1  -2  
9  47  54  1410  487  313  1  -2  
9  47  54  1418  492  315  1  -2  
9  47  55  1426  493  316  1  -2  
9  47  55  1435  493  316  1  -2  
9  47  55  1443  493  316  1  -2  
9  47  55  1452  493  316  1  -2  
9  47  55  1460  494  316  1  -2  
9  47  55  1469  495  316  2  -2  
9  47  55  1476  496  316  2  -2  
9  47  55  1484  498  316  2  -2  
9  47  55  1493  503  316  2  -2  
9  47  55  1501  506  316  2  -2  
9  47  55  1510  508  316  2  -2  
9  47  55  1519  511  317  2  -2  
9  47  55  1526  512  318  2  -2  
9  47  55  1535  512  318  2  -2  
9  47  55  1543  512  318  2  -2  
9  47  55  1552  512  318  2  -2  
9  47  55  1560  512  318  2  -2  
9  47  55  1569  512  318  2  -2  
9  47  55  1576  512  318  2  -2  
9  47  55  1584  512  318  2  -2  
9  47  55  1592  512  318  2  -2  
9  47  55  1602  512  318  2  -2  
9  47  55  1609  512  318  2  -2  
9  47  55  1618  512  318  2  -2  
9  47  55  1625  512  318  2  -2  
9  47  55  1633  512  318  2  -2  
9  47  55  1642  512  318  2  -2  
9  47  55  1650  512  318  2  -2  
9  47  55  1659  512  318  2  -2  
9  47  55  1668  512  318  2  -2  
9  47  55  1677  512  318  2  -2  
9  47  55  1684  512  317  2  -2  
9  47  55  1692  512  317  2  -2  
9  47  55  1701  512  317  2  -2  
9  47  55  1709  510  317  2  -2  
9  47  55  1718  506  317  2  -2  
9  47  55  1725  500  317  2  -2  
9  47  55  1733  493  317  2  -2  
9  47  55  1743  489  317  2  -2  
9  47  55  1750  485  317  2  -2  
9  47  55  1760  483  317  2  -2  
9  47  55  1768  477  318  2  -2  
9  47  55  1775  467  318  2  -2  
9  47  55  1784  460  319  2  -2  
9  47  55  1792  452  321  2  -2  
9  47  55  1802  443  322  2  -2  
9  47  55  1810  429  324  2  -2  
9  47  55  1818  424  324  2  -2  
9  47  55  1826  414  326  2  -2  
9  47  55  1834  404  327  2  -2  
9  47  55  1843  395  327  3  -2  
9  47  55  1851  390  327  3  -2  
9  47  55  1860  386  327  3  -2  
9  47  55  1868  386  327  3  -2  
9  47  55  1876  386  327  3  -2  
9  47  55  1884  386  327  3  -2  
9  47  55  1892  386  327  3  -2  
9  47  55  1901  385  327  3  -2  
9  47  55  1909  385  327  3  -2  
9  47  55  1918  384  327  3  -2  
9  47  55  1926  382  327  3  -2  
9  47  55  1934  378  327  3  -2  
9  47  55  1942  374  327  3  -2  
9  47  55  1951  367  327  3  -2  
9  47  55  1959  361  327  3  -2  
9  47  55  1969  360  326  3  -2  
9  47  55  1976  360  326  3  -2  
9  47  55  1985  360  326  3  -2  
9  47  55  1992  360  326  3  -2  
9  47  55  2001  360  326  3  -2  
9  47  55  2009  360  326  3  -2  
9  47  55  2019  360  326  3  -2  
9  47  55  2027  360  326  3  -2  
9  47  55  2034  360  326  3  -2  
9  47  55  2042  360  326  3  -2  
9  47  55  2053  360  326  3  -2  
9  47  55  2061  360  326  3  -2  
9  47  55  2071  360  326  3  -2  
9  47  55  2078  360  326  3  -2  
9  47  55  2087  360  326  3  -2  
9  47  55  2095  360  326  3  -2  
9  47  55  2103  360  326  3  -2  
9  47  55  2112  360  326  3  -2  
9  47  55  2120  360  326  3  -2  
9  47  55  2129  360  326  3  -2  
9  47  55  2136  360  326  3  -2  
9  47  55  2144  360  326  3  -2  
9  47  55  2154  360  326  3  -2  
9  47  55  2161  360  326  3  -2  
9  47  55  2170  360  326  3  -2  
9  47  55  2179  360  326  3  -2  
9  47  55  2187  360  326  3  -2  
9  47  55  2196  360  326  3  -2  
9  47  55  2202  360  326  3  -2  
9  47  55  2212  360  326  3  -2  
