15  1  6  0  358  322  1  -2  
15  1  6  7  358  322  1  -2  
15  1  6  16  358  322  1  -2  
15  1  6  25  358  322  1  -2  
15  1  6  33  358  322  1  -2  
15  1  6  41  358  322  1  -2  
15  1  6  50  358  322  1  -2  
15  1  6  58  358  322  1  -2  
15  1  6  66  358  322  1  -2  
15  1  6  74  358  322  1  -2  
15  1  6  82  358  322  1  -2  
15  1  6  91  358  322  1  -2  
15  1  6  100  358  322  1  -2  
15  1  6  108  358  322  1  -2  
15  1  6  116  358  322  1  -2  
15  1  6  124  358  322  1  -2  
15  1  6  134  358  322  1  -2  
15  1  6  141  358  322  1  -2  
15  1  6  150  358  322  1  -2  
15  1  6  158  358  322  1  -2  
15  1  6  166  358  322  1  -2  
15  1  6  174  358  322  1  -2  
15  1  6  182  358  322  1  -2  
15  1  6  191  358  322  1  -2  
15  1  6  200  358  322  1  -2  
15  1  6  208  358  322  1  -2  
15  1  6  218  358  322  1  -2  
15  1  6  225  358  322  1  -2  
15  1  6  234  358  322  1  -2  
15  1  6  241  358  322  1  -2  
15  1  6  250  358  322  1  -2  
15  1  6  258  358  322  1  -2  
15  1  6  265  358  322  1  -2  
15  1  6  274  358  322  1  -2  
15  1  6  282  358  322  1  -2  
15  1  6  291  358  322  1  -2  
15  1  6  300  358  322  1  -2  
15  1  6  308  358  322  1  -2  
15  1  6  317  358  322  1  -2  
15  1  6  324  358  322  1  -2  
15  1  6  334  358  322  1  -2  
15  1  6  341  358  322  1  -2  
15  1  6  350  358  322  1  -2  
15  1  6  358  358  322  1  -2  
15  1  6  367  358  322  1  -2  
15  1  6  375  358  322  1  -2  
15  1  6  384  358  322  1  -2  
15  1  6  392  358  322  1  -2  
15  1  6  400  358  322  1  -2  
15  1  6  408  358  322  1  -2  
15  1  6  416  358  322  1  -2  
15  1  6  424  358  322  1  -2  
15  1  6  434  358  322  1  -2  
15  1  6  442  358  322  1  -2  
15  1  6  450  358  322  1  -2  
15  1  6  458  358  322  1  -2  
15  1  6  467  358  322  1  -2  
15  1  6  475  358  322  1  -2  
15  1  6  484  358  322  1  -2  
15  1  6  492  358  322  1  -2  
15  1  6  500  358  322  1  -2  
15  1  6  508  358  322  1  -2  
15  1  6  516  359  322  1  -2  
15  1  6  524  365  322  1  -2  
15  1  6  533  389  324  1  -2  
15  1  6  542  405  324  1  -2  
15  1  6  550  426  325  1  -2  
15  1  6  558  460  325  1  -2  
15  1  6  568  501  325  2  -2  
15  1  6  575  556  332  2  -2  
15  1  6  584  608  337  2  -2  
15  1  6  592  652  345  2  -2  
15  1  6  601  676  347  2  -2  
15  1  6  608  692  348  2  -2  
15  1  6  617  697  348  2  -2  
15  1  6  624  697  348  2  -2  
15  1  6  633  697  348  2  -2  
15  1  6  642  697  348  2  -2  
15  1  6  650  698  349  2  -2  
15  1  6  657  698  349  2  -2  
15  1  6  666  698  349  2  -2  
15  1  6  674  698  349  2  -2  
15  1  6  684  698  349  2  -2  
15  1  6  692  698  349  2  -2  
15  1  6  699  698  349  2  -2  
15  1  6  708  698  349  2  -2  
15  1  6  716  698  349  2  -2  
15  1  6  724  698  349  2  -2  
15  1  6  734  698  349  2  -2  
15  1  6  742  698  349  2  -2  
15  1  6  749  697  351  2  -2  
15  1  6  758  697  351  2  -2  
15  1  6  767  697  351  2  -2  
15  1  6  775  696  351  2  -2  
15  1  6  783  694  351  2  -2  
15  1  6  792  692  351  2  -2  
15  1  6  799  691  351  2  -2  
15  1  6  808  690  351  2  -2  
15  1  6  816  689  351  2  -2  
15  1  6  826  688  352  2  -2  
15  1  6  834  688  352  2  -2  
15  1  6  842  688  352  2  -2  
15  1  6  850  688  352  2  -2  
15  1  6  859  688  352  2  -2  
15  1  6  867  688  352  2  -2  
15  1  6  874  686  352  2  -2  
15  1  6  884  685  352  2  -2  
15  1  6  891  685  352  2  -2  
15  1  6  899  685  352  2  -2  
15  1  6  907  685  352  2  -2  
15  1  6  916  685  352  2  -2  
15  1  6  925  684  352  2  -2  
15  1  7  933  684  352  2  -2  
15  1  7  943  682  352  2  -2  
15  1  7  950  682  352  2  -2  
15  1  7  958  682  352  2  -2  
15  1  7  967  681  352  2  -2  
15  1  7  975  680  352  2  -2  
15  1  7  983  678  352  2  -2  
15  1  7  992  677  352  2  -2  
15  1  7  1000  675  352  2  -2  
15  1  7  1007  673  352  2  -2  
15  1  7  1016  670  352  2  -2  
15  1  7  1025  669  352  2  -2  
15  1  7  1034  667  352  2  -2  
15  1  7  1041  664  352  2  -2  
15  1  7  1049  662  352  2  -2  
15  1  7  1059  659  351  2  -2  
15  1  7  1067  657  351  2  -2  
15  1  7  1075  655  351  2  -2  
15  1  7  1083  651  351  2  -2  
15  1  7  1092  646  351  2  -2  
15  1  7  1098  640  350  2  -2  
15  1  7  1109  635  350  2  -2  
15  1  7  1117  623  348  2  -2  
15  1  7  1128  619  348  2  -2  
15  1  7  1134  613  348  2  -2  
15  1  7  1144  608  348  2  -2  
15  1  7  1151  598  347  2  -2  
15  1  7  1158  589  347  2  -2  
15  1  7  1167  579  347  2  -2  
15  1  7  1175  572  347  2  -2  
15  1  7  1184  561  346  2  -2  
15  1  7  1192  552  343  2  -2  
15  1  7  1201  535  343  2  -2  
15  1  7  1208  517  342  2  -2  
15  1  7  1218  496  340  2  -2  
15  1  7  1225  459  340  2  -2  
15  1  7  1234  425  340  2  -2  
15  1  7  1242  384  340  3  -2  
15  1  7  1250  337  340  3  -2  
15  1  7  1259  299  340  3  -2  
15  1  7  1267  258  340  3  -2  
15  1  7  1276  220  336  3  -2  
15  1  7  1285  188  337  3  -2  
15  1  7  1295  154  337  3  -2  
15  1  7  1301  142  337  3  -2  
15  1  7  1309  133  337  3  -2  
15  1  7  1317  130  337  3  -2  
15  1  7  1326  129  337  3  -2  
15  1  7  1334  129  337  3  -2  
15  1  7  1345  129  337  3  -2  
15  1  7  1351  129  337  3  -2  
15  1  7  1359  129  337  3  -2  
15  1  7  1368  129  337  3  -2  
15  1  7  1376  129  337  3  -2  
15  1  7  1384  129  337  3  -2  
15  1  7  1392  129  337  3  -2  
15  1  7  1401  129  337  3  -2  
15  1  7  1409  129  337  3  -2  
15  1  7  1417  135  337  3  -2  
15  1  7  1426  149  337  3  -2  
15  1  7  1435  174  337  3  -2  
15  1  7  1444  215  337  3  -2  
15  1  7  1451  273  342  3  -2  
15  1  7  1459  338  347  3  -2  
15  1  7  1468  400  349  3  -2  
15  1  7  1476  471  352  3  -2  
15  1  7  1485  539  354  3  -2  
15  1  7  1496  656  361  3  -2  
15  1  7  1502  694  363  3  -2  
15  1  7  1512  718  363  3  -2  
15  1  7  1518  736  363  3  -2  
15  1  7  1529  748  363  3  -2  
15  1  7  1535  751  363  3  -2  
15  1  7  1545  751  363  3  -2  
15  1  7  1551  751  363  3  -2  
15  1  7  1563  751  363  3  -2  
15  1  7  1569  751  363  3  -2  
15  1  7  1576  751  363  3  -2  
15  1  7  1585  751  363  3  -2  
15  1  7  1595  751  363  3  -2  
15  1  7  1603  751  363  3  -2  
15  1  7  1612  751  363  3  -2  
15  1  7  1621  751  363  3  -2  
15  1  7  1629  751  363  3  -2  
15  1  7  1637  751  363  3  -2  
15  1  7  1647  751  363  3  -2  
15  1  7  1655  751  363  3  -2  
15  1  7  1665  751  363  3  -2  
15  1  7  1670  751  363  3  -2  
15  1  7  1680  751  363  3  -2  
15  1  7  1687  751  363  3  -2  
15  1  7  1697  751  363  3  -2  
15  1  7  1704  751  363  3  -2  
15  1  7  1714  751  363  3  -2  
15  1  7  1721  751  363  3  -2  
15  1  7  1730  751  363  3  -2  
15  1  7  1737  751  363  3  -2  
15  1  7  1746  751  363  3  -2  
15  1  7  1755  750  363  3  -2  
15  1  7  1764  750  363  3  -2  
15  1  7  1771  750  363  3  -2  
15  1  7  1781  749  363  3  -2  
15  1  7  1787  749  363  3  -2  
15  1  7  1797  749  363  3  -2  
15  1  7  1806  749  363  3  -2  
15  1  7  1814  747  363  3  -2  
15  1  7  1820  747  363  3  -2  
15  1  7  1831  747  363  3  -2  
15  1  7  1839  745  363  3  -2  
15  1  7  1847  742  363  3  -2  
15  1  7  1855  742  363  3  -2  
15  1  7  1865  741  363  3  -2  
15  1  7  1871  739  363  3  -2  
15  1  7  1880  739  363  3  -2  
15  1  7  1888  739  363  3  -2  
15  1  7  1898  739  363  3  -2  
15  1  7  1905  739  363  3  -2  
15  1  7  1914  739  363  3  -2  
15  1  7  1921  739  363  3  -2  
15  1  7  1930  739  363  3  -2  
15  1  8  1937  739  363  3  -2  
15  1  8  1947  739  363  3  -2  
15  1  8  1955  739  363  3  -2  
15  1  8  1966  739  363  3  -2  
15  1  8  1972  739  363  3  -2  
15  1  8  1981  739  363  3  -2  
15  1  8  1989  739  363  3  -2  
15  1  8  1998  739  363  3  -2  
15  1  8  2006  739  363  3  -2  
15  1  8  2014  738  363  3  -2  
15  1  8  2023  737  363  3  -2  
15  1  8  2030  736  363  3  -2  
15  1  8  2039  736  363  3  -2  
15  1  8  2048  735  363  3  -2  
15  1  8  2056  733  363  3  -2  
15  1  8  2064  729  363  3  -2  
15  1  8  2072  715  363  3  -2  
15  1  8  2081  689  361  3  -2  
15  1  8  2088  657  357  3  -2  
15  1  8  2097  621  351  3  -2  
15  1  8  2106  582  347  3  -2  
15  1  8  2114  561  346  3  -2  
15  1  8  2123  544  343  4  -2  
15  1  8  2130  532  342  4  -2  
15  1  8  2139  528  341  4  -2  
15  1  8  2148  528  341  4  -2  
15  1  8  2156  528  341  4  -2  
15  1  8  2164  528  341  4  -2  
15  1  8  2173  528  341  4  -2  
15  1  8  2180  528  341  4  -2  
15  1  8  2189  528  341  4  -2  
15  1  8  2197  528  341  4  -2  
15  1  8  2206  528  341  4  -2  
15  1  8  2215  528  341  4  -2  
15  1  8  2223  528  341  4  -2  
15  1  8  2230  528  341  4  -2  
15  1  8  2240  528  341  4  -2  
15  1  8  2247  528  341  4  -2  
15  1  8  2256  528  341  4  -2  
15  1  8  2263  528  341  4  -2  
15  1  8  2272  528  341  4  -2  
15  1  8  2279  528  341  4  -2  
15  1  8  2288  529  341  4  -2  
15  1  8  2297  531  341  4  -2  
15  1  8  2306  534  341  4  -2  
15  1  8  2313  538  341  4  -2  
15  1  8  2323  544  341  4  -2  
15  1  8  2330  549  341  4  -2  
15  1  8  2339  555  341  4  -2  
15  1  8  2346  560  341  4  -2  
15  1  8  2355  562  341  4  -2  
15  1  8  2363  563  341  4  -2  
15  1  8  2372  564  341  4  -2  
15  1  8  2380  564  341  4  -2  
15  1  8  2388  564  341  4  -2  
15  1  8  2397  564  341  4  -2  
15  1  8  2405  564  341  4  -2  
15  1  8  2414  564  341  4  -2  
15  1  8  2422  565  341  4  -2  
15  1  8  2430  568  341  4  -2  
15  1  8  2439  571  341  4  -2  
15  1  8  2447  571  341  4  -2  
15  1  8  2454  571  341  4  -2  
15  1  8  2463  571  341  4  -2  
15  1  8  2516  571  341  4  -2  
15  1  8  2524  571  341  4  -2  
15  1  8  2533  571  341  4  -2  
15  1  8  2539  571  341  4  -2  
15  1  8  2548  571  341  4  -2  
15  1  8  2557  571  341  4  -2  
15  1  8  2564  571  341  4  -2  
15  1  8  2574  571  341  4  -2  
15  1  8  2582  571  341  4  -2  
15  1  8  2590  571  341  4  -2  
15  1  8  2599  571  341  4  -2  
15  1  8  2607  571  341  4  -2  
15  1  8  2615  571  341  4  -2  
15  1  8  2624  571  341  4  -2  
15  1  8  2633  571  341  4  -2  
15  1  8  2642  571  342  4  -2  
15  1  8  2649  559  342  4  -2  
15  1  8  2660  538  343  4  -2  
15  1  8  2667  501  343  4  -2  
15  1  8  2677  457  343  4  -2  
15  1  8  2685  372  343  5  -2  
15  1  8  2695  338  343  5  -2  
15  1  8  2700  317  343  5  -2  
15  1  8  2710  304  343  5  -2  
15  1  8  2718  296  343  5  -2  
15  1  8  2727  294  343  5  -2  
15  1  8  2735  294  343  5  -2  
15  1  8  2744  294  343  5  -2  
15  1  8  2752  294  343  5  -2  
15  1  8  2761  294  343  5  -2  
15  1  8  2768  294  343  5  -2  
15  1  8  2777  294  343  5  -2  
15  1  8  2784  294  343  5  -2  
15  1  8  2795  294  343  5  -2  
15  1  8  2802  294  343  5  -2  
15  1  8  2811  294  343  5  -2  
15  1  8  2817  294  343  5  -2  
15  1  8  2827  294  343  5  -2  
15  1  8  2835  294  343  5  -2  
15  1  8  2845  294  343  5  -2  
15  1  8  2852  294  343  5  -2  
15  1  8  2861  294  343  5  -2  
15  1  8  2868  294  343  5  -2  
15  1  8  2877  294  343  5  -2  
15  1  8  2885  294  343  5  -2  
15  1  8  2895  294  343  5  -2  
15  1  8  2902  294  343  5  -2  
15  1  8  2910  294  343  5  -2  
15  1  8  2918  294  343  5  -2  
15  1  8  2928  294  343  5  -2  
15  1  9  2935  293  344  5  -2  
15  1  9  2945  293  344  5  -2  
15  1  9  2952  293  344  5  -2  
15  1  9  2961  293  344  5  -2  
15  1  9  2969  293  344  5  -2  
15  1  9  2978  293  344  5  -2  
15  1  9  2985  293  344  5  -2  
15  1  9  2996  293  344  5  -2  
15  1  9  3002  293  344  5  -2  
15  1  9  3011  293  344  5  -2  
15  1  9  3019  293  344  5  -2  
15  1  9  3028  293  344  5  -2  
15  1  9  3036  293  344  5  -2  
15  1  9  3046  293  344  5  -2  
15  1  9  3052  293  344  5  -2  
15  1  9  3063  293  344  5  -2  
15  1  9  3070  293  344  5  -2  
15  1  9  3079  293  344  5  -2  
15  1  9  3085  293  344  5  -2  
15  1  9  3097  293  344  5  -2  
