14  20  1  0  367  317  1  -2  
14  20  1  7  367  317  1  -2  
14  20  1  16  367  317  1  -2  
14  20  1  24  367  317  1  -2  
14  20  1  32  367  317  1  -2  
14  20  1  41  367  317  1  -2  
14  20  1  49  367  317  1  -2  
14  20  1  58  367  317  1  -2  
14  20  1  68  367  317  1  -2  
14  20  1  74  367  317  1  -2  
14  20  1  82  367  317  1  -2  
14  20  1  91  367  317  1  -2  
14  20  1  100  367  317  1  -2  
14  20  1  108  367  317  1  -2  
14  20  1  116  367  317  1  -2  
14  20  1  124  367  317  1  -2  
14  20  1  133  367  317  1  -2  
14  20  1  141  367  317  1  -2  
14  20  1  149  367  317  1  -2  
14  20  1  158  367  317  1  -2  
14  20  1  168  367  317  1  -2  
14  20  1  174  367  317  1  -2  
14  20  1  183  367  317  1  -2  
14  20  1  191  367  317  1  -2  
14  20  1  201  367  317  1  -2  
14  20  1  208  367  317  1  -2  
14  20  1  218  367  317  1  -2  
14  20  1  224  367  317  1  -2  
14  20  1  233  367  317  1  -2  
14  20  1  241  367  317  1  -2  
14  20  1  250  367  317  1  -2  
14  20  1  258  367  317  1  -2  
14  20  1  266  367  317  1  -2  
14  20  1  274  367  317  1  -2  
14  20  1  283  371  317  1  -2  
14  20  1  291  380  317  1  -2  
14  20  1  300  388  317  1  -2  
14  20  1  309  400  317  1  -2  
14  20  1  318  413  317  1  -2  
14  20  1  326  427  317  1  -2  
14  20  1  334  440  317  1  -2  
14  20  1  342  448  317  1  -2  
14  20  1  351  453  317  1  -2  
14  20  1  358  459  316  1  -2  
14  20  1  367  460  316  1  -2  
14  20  1  375  461  316  1  -2  
14  20  1  384  464  316  1  -2  
14  20  1  392  466  316  1  -2  
14  20  1  402  470  316  1  -2  
14  20  1  408  475  316  1  -2  
14  20  1  416  483  316  1  -2  
14  20  1  425  495  316  2  -2  
14  20  1  433  506  316  2  -2  
14  20  1  441  515  316  2  -2  
14  20  1  452  518  316  2  -2  
14  20  1  458  521  316  2  -2  
14  20  1  469  522  316  2  -2  
14  20  1  475  522  316  2  -2  
14  20  1  484  522  316  2  -2  
14  20  1  491  522  316  2  -2  
14  20  1  499  522  316  2  -2  
14  20  1  508  522  316  2  -2  
14  20  1  516  522  316  2  -2  
14  20  1  524  522  316  2  -2  
14  20  1  533  522  316  2  -2  
14  20  1  541  522  316  2  -2  
14  20  1  552  522  316  2  -2  
14  20  1  558  522  316  2  -2  
14  20  1  569  522  316  2  -2  
14  20  1  575  522  316  2  -2  
14  20  1  586  522  316  2  -2  
14  20  1  591  522  316  2  -2  
14  20  1  601  522  316  2  -2  
14  20  1  609  522  316  2  -2  
14  20  1  615  522  316  2  -2  
14  20  1  623  522  316  2  -2  
14  20  1  632  522  316  2  -2  
14  20  1  641  522  316  2  -2  
14  20  1  651  522  316  2  -2  
14  20  1  657  522  316  2  -2  
14  20  1  667  522  316  2  -2  
14  20  1  674  519  316  2  -2  
14  20  1  683  512  316  2  -2  
14  20  1  691  506  316  2  -2  
14  20  1  701  494  316  2  -2  
14  20  1  709  481  316  2  -2  
14  20  1  719  467  316  2  -2  
14  20  1  724  438  316  2  -2  
14  20  1  735  438  316  2  -2  
14  20  1  740  409  315  2  -2  
14  20  1  752  409  315  2  -2  
14  20  1  757  393  311  3  -2  
14  20  1  768  393  311  3  -2  
14  20  1  774  386  310  3  -2  
14  20  1  783  386  310  3  -2  
14  20  1  790  386  310  3  -2  
14  20  2  801  386  310  3  -2  
14  20  2  809  386  310  3  -2  
14  20  2  818  386  310  3  -2  
14  20  2  824  386  310  3  -2  
14  20  2  835  385  310  3  -2  
14  20  2  841  384  310  3  -2  
14  20  2  851  382  310  3  -2  
14  20  2  857  381  310  3  -2  
14  20  2  868  381  310  3  -2  
14  20  2  875  379  310  3  -2  
14  20  2  883  379  310  3  -2  
14  20  2  891  379  310  3  -2  
14  20  2  901  379  310  3  -2  
14  20  2  909  379  310  3  -2  
14  20  2  918  379  310  3  -2  
14  20  2  924  378  310  3  -2  
14  20  2  933  378  310  3  -2  
14  20  2  941  378  310  3  -2  
14  20  2  952  378  310  3  -2  
14  20  2  957  378  310  3  -2  
14  20  2  968  378  310  3  -2  
14  20  2  975  378  310  3  -2  
14  20  2  985  378  310  3  -2  
14  20  2  991  378  310  3  -2  
14  20  2  1002  378  310  3  -2  
14  20  2  1007  378  310  3  -2  
14  20  2  1018  378  310  3  -2  
14  20  2  1025  378  310  3  -2  
14  20  2  1034  378  310  3  -2  
14  20  2  1041  378  310  3  -2  
14  20  2  1052  378  310  3  -2  
14  20  2  1059  378  310  3  -2  
14  20  2  1068  378  310  3  -2  
14  20  2  1074  378  310  3  -2  
14  20  2  1084  378  310  3  -2  
14  20  2  1092  378  310  3  -2  
14  20  2  1102  377  310  3  -2  
14  20  2  1107  377  310  3  -2  
14  20  2  1118  377  310  3  -2  
14  20  2  1124  377  310  3  -2  
14  20  2  1135  377  310  3  -2  
14  20  2  1141  375  310  3  -2  
14  20  2  1152  375  310  3  -2  
14  20  2  1159  375  310  3  -2  
14  20  2  1168  374  310  3  -2  
14  20  2  1175  374  310  3  -2  
14  20  2  1185  374  310  3  -2  
14  20  2  1191  373  310  3  -2  
14  20  2  1203  373  310  3  -2  
14  20  2  1209  373  310  3  -2  
14  20  2  1218  373  310  3  -2  
14  20  2  1225  373  310  3  -2  
14  20  2  1236  373  310  3  -2  
14  20  2  1241  373  310  3  -2  
14  20  2  1252  373  310  3  -2  
14  20  2  1259  373  310  3  -2  
14  20  2  1269  373  310  3  -2  
14  20  2  1275  373  310  3  -2  
14  20  2  1285  373  310  3  -2  
14  20  2  1291  373  310  3  -2  
14  20  2  1302  373  310  3  -2  
14  20  2  1309  373  310  3  -2  
14  20  2  1318  373  310  3  -2  
14  20  2  1325  373  310  3  -2  
14  20  2  1335  373  310  3  -2  
14  20  2  1341  373  310  3  -2  
14  20  2  1353  373  310  3  -2  
14  20  2  1360  373  310  3  -2  
14  20  2  1368  373  310  3  -2  
14  20  2  1376  373  310  3  -2  
14  20  2  1385  375  310  3  -2  
14  20  2  1392  378  310  3  -2  
14  20  2  1402  380  310  3  -2  
14  20  2  1409  384  310  3  -2  
14  20  2  1418  389  310  3  -2  
14  20  2  1426  395  310  3  -2  
14  20  2  1435  405  310  3  -2  
14  20  2  1442  414  310  3  -2  
14  20  2  1451  427  310  3  -2  
14  20  2  1458  441  310  3  -2  
14  20  2  1468  454  310  3  -2  
14  20  2  1475  469  310  3  -2  
14  20  2  1486  484  310  3  -2  
14  20  2  1492  494  310  3  -2  
14  20  2  1502  504  310  4  -2  
14  20  2  1509  509  310  4  -2  
14  20  2  1518  510  310  4  -2  
14  20  2  1525  510  310  4  -2  
14  20  2  1536  510  310  4  -2  
14  20  2  1541  512  310  4  -2  
14  20  2  1553  512  310  4  -2  
14  20  2  1558  512  310  4  -2  
14  20  2  1568  512  310  4  -2  
14  20  2  1576  514  310  4  -2  
14  20  2  1585  516  311  4  -2  
14  20  2  1592  517  311  4  -2  
14  20  2  1603  519  312  4  -2  
14  20  2  1610  519  312  4  -2  
14  20  2  1618  519  312  4  -2  
14  20  2  1624  519  312  4  -2  
14  20  2  1635  519  312  4  -2  
14  20  2  1643  519  312  4  -2  
14  20  2  1653  519  312  4  -2  
14  20  2  1658  519  312  4  -2  
14  20  2  1669  519  312  4  -2  
14  20  2  1675  519  312  4  -2  
14  20  2  1685  519  312  4  -2  
14  20  2  1693  519  312  4  -2  
14  20  2  1703  519  312  4  -2  
14  20  2  1709  519  312  4  -2  
14  20  2  1719  519  312  4  -2  
14  20  2  1726  519  312  4  -2  
14  20  2  1736  519  312  4  -2  
14  20  2  1742  519  312  4  -2  
14  20  2  1753  519  312  4  -2  
14  20  2  1759  519  312  4  -2  
14  20  2  1770  519  312  4  -2  
14  20  2  1776  516  312  4  -2  
14  20  2  1786  505  311  4  -2  
14  20  2  1793  494  310  4  -2  
14  20  3  1803  479  308  4  -2  
14  20  3  1809  465  307  4  -2  
14  20  3  1818  448  304  4  -2  
14  20  3  1826  433  304  4  -2  
14  20  3  1835  419  304  4  -2  
14  20  3  1842  405  304  4  -2  
