14  19  47  0  378  317  1  -2  
14  19  47  8  378  317  1  -2  
14  19  47  16  378  317  1  -2  
14  19  47  25  378  317  1  -2  
14  19  47  33  378  317  1  -2  
14  19  47  42  378  317  1  -2  
14  19  47  49  378  317  1  -2  
14  19  47  58  378  317  1  -2  
14  19  47  66  378  317  1  -2  
14  19  47  75  378  317  1  -2  
14  19  47  82  378  317  1  -2  
14  19  47  92  378  317  1  -2  
14  19  47  100  378  317  1  -2  
14  19  47  109  378  317  1  -2  
14  19  47  117  378  317  1  -2  
14  19  47  124  378  317  1  -2  
14  19  47  133  378  317  1  -2  
14  19  47  142  378  317  1  -2  
14  19  47  149  378  317  1  -2  
14  19  47  158  378  317  1  -2  
14  19  47  166  378  317  1  -2  
14  19  47  174  378  317  1  -2  
14  19  47  183  378  317  1  -2  
14  19  47  192  378  317  1  -2  
14  19  47  200  378  317  1  -2  
14  19  47  208  378  317  1  -2  
14  19  47  216  378  317  1  -2  
14  19  47  225  378  317  1  -2  
14  19  47  233  378  317  1  -2  
14  19  47  242  378  317  1  -2  
14  19  47  249  378  317  1  -2  
14  19  47  258  378  317  1  -2  
14  19  47  266  378  317  1  -2  
14  19  47  274  378  317  1  -2  
14  19  47  283  378  317  1  -2  
14  19  47  292  378  317  1  -2  
14  19  47  300  378  317  1  -2  
14  19  47  308  378  317  1  -2  
14  19  47  316  378  317  1  -2  
14  19  47  325  378  317  1  -2  
14  19  47  333  378  317  1  -2  
14  19  47  342  378  317  1  -2  
14  19  47  350  378  317  1  -2  
14  19  47  358  378  317  1  -2  
14  19  47  366  378  317  1  -2  
14  19  47  375  378  317  1  -2  
14  19  47  383  378  317  1  -2  
14  19  47  392  378  317  1  -2  
14  19  47  399  378  317  1  -2  
14  19  47  408  378  317  1  -2  
14  19  47  416  378  317  1  -2  
14  19  47  424  378  317  1  -2  
14  19  47  432  378  317  1  -2  
14  19  47  442  378  317  1  -2  
14  19  47  451  378  317  1  -2  
14  19  47  458  378  317  1  -2  
14  19  47  466  378  317  1  -2  
14  19  47  474  378  317  1  -2  
14  19  47  484  378  317  1  -2  
14  19  47  492  378  317  1  -2  
14  19  47  500  378  317  1  -2  
14  19  47  509  378  317  1  -2  
14  19  47  516  379  318  1  -2  
14  19  47  525  381  318  1  -2  
14  19  47  534  383  318  1  -2  
14  19  47  542  390  318  1  -2  
14  19  47  551  401  317  1  -2  
14  19  47  559  415  317  1  -2  
14  19  47  567  433  317  1  -2  
14  19  47  575  455  317  1  -2  
14  19  47  583  483  317  1  -2  
14  19  47  593  510  317  2  -2  
14  19  47  600  531  317  2  -2  
14  19  47  625  561  317  2  -2  
14  19  47  634  561  317  2  -2  
14  19  47  642  561  317  2  -2  
14  19  47  651  561  317  2  -2  
14  19  47  659  561  317  2  -2  
14  19  47  668  561  317  2  -2  
14  19  47  676  561  317  2  -2  
14  19  47  685  561  317  2  -2  
14  19  47  693  562  317  2  -2  
14  19  47  702  563  317  2  -2  
14  19  47  710  563  317  2  -2  
14  19  47  720  563  317  2  -2  
14  19  47  727  563  317  2  -2  
14  19  47  736  563  317  2  -2  
14  19  47  744  563  317  2  -2  
14  19  47  752  563  317  2  -2  
14  19  47  760  563  317  2  -2  
14  19  47  769  563  317  2  -2  
14  19  47  776  563  317  2  -2  
14  19  47  785  563  317  2  -2  
14  19  47  793  563  317  2  -2  
14  19  47  801  563  317  2  -2  
14  19  47  810  563  317  2  -2  
14  19  47  817  563  317  2  -2  
14  19  47  826  563  317  2  -2  
14  19  47  834  563  317  2  -2  
14  19  47  842  563  317  2  -2  
14  19  47  851  561  317  2  -2  
14  19  47  860  552  316  2  -2  
14  19  47  867  539  314  2  -2  
14  19  47  876  522  314  2  -2  
14  19  47  884  506  314  2  -2  
14  19  48  893  487  314  2  -2  
14  19  48  902  465  314  2  -2  
14  19  48  910  441  314  2  -2  
14  19  48  919  424  314  2  -2  
14  19  48  926  411  314  2  -2  
14  19  48  934  401  314  2  -2  
14  19  48  943  397  314  3  -2  
14  19  48  951  397  314  3  -2  
14  19  48  960  397  314  3  -2  
14  19  48  969  397  314  3  -2  
14  19  48  975  397  314  3  -2  
14  19  48  984  397  314  3  -2  
14  19  48  993  397  314  3  -2  
14  19  48  1001  397  314  3  -2  
14  19  48  1010  397  314  3  -2  
14  19  48  1017  397  314  3  -2  
14  19  48  1026  397  314  3  -2  
14  19  48  1035  397  314  3  -2  
14  19  48  1042  397  314  3  -2  
14  19  48  1051  397  314  3  -2  
14  19  48  1060  397  314  3  -2  
14  19  48  1069  397  314  3  -2  
14  19  48  1076  397  314  3  -2  
14  19  48  1084  397  314  3  -2  
14  19  48  1093  397  314  3  -2  
14  19  48  1100  397  314  3  -2  
14  19  48  1110  397  314  3  -2  
14  19  48  1118  397  314  3  -2  
14  19  48  1126  397  314  3  -2  
14  19  48  1134  397  314  3  -2  
14  19  48  1143  397  314  3  -2  
14  19  48  1151  397  314  3  -2  
14  19  48  1160  397  314  3  -2  
14  19  48  1167  397  314  3  -2  
14  19  48  1176  397  314  3  -2  
14  19  48  1185  397  314  3  -2  
14  19  48  1193  397  314  3  -2  
14  19  48  1202  397  314  3  -2  
14  19  48  1210  397  314  3  -2  
14  19  48  1218  397  314  3  -2  
14  19  48  1226  397  314  3  -2  
14  19  48  1234  397  314  3  -2  
14  19  48  1243  397  314  3  -2  
14  19  48  1251  397  314  3  -2  
14  19  48  1261  397  314  3  -2  
14  19  48  1269  397  314  3  -2  
14  19  48  1276  397  314  3  -2  
14  19  48  1284  397  314  3  -2  
14  19  48  1293  397  314  3  -2  
14  19  48  1302  397  314  3  -2  
14  19  48  1311  397  314  3  -2  
14  19  48  1317  397  314  3  -2  
14  19  48  1327  397  314  3  -2  
14  19  48  1334  397  314  3  -2  
14  19  48  1343  397  314  3  -2  
14  19  48  1351  397  314  3  -2  
14  19  48  1360  397  314  3  -2  
14  19  48  1368  397  314  3  -2  
14  19  48  1377  397  314  3  -2  
14  19  48  1385  397  314  3  -2  
14  19  48  1393  397  314  3  -2  
14  19  48  1402  397  314  3  -2  
14  19  48  1410  397  314  3  -2  
14  19  48  1419  397  314  3  -2  
14  19  48  1426  397  314  3  -2  
14  19  48  1435  397  314  3  -2  
14  19  48  1443  397  314  3  -2  
14  19  48  1451  397  314  3  -2  
14  19  48  1460  397  314  3  -2  
14  19  48  1469  397  314  3  -2  
14  19  48  1477  397  314  3  -2  
14  19  48  1484  397  314  3  -2  
14  19  48  1493  397  314  3  -2  
14  19  48  1502  397  314  3  -2  
14  19  48  1510  397  314  3  -2  
14  19  48  1519  397  314  3  -2  
14  19  48  1527  397  314  3  -2  
14  19  48  1535  397  314  3  -2  
14  19  48  1543  397  314  3  -2  
14  19  48  1553  398  314  3  -2  
14  19  48  1560  415  314  3  -2  
14  19  48  1569  415  314  3  -2  
14  19  48  1578  442  314  3  -2  
14  19  48  1585  459  314  3  -2  
14  19  48  1594  475  312  3  -2  
14  19  48  1602  487  312  3  -2  
14  19  48  1611  495  312  4  -2  
14  19  48  1620  500  312  4  -2  
14  19  48  1626  503  312  4  -2  
14  19  48  1636  504  312  4  -2  
14  19  48  1643  504  312  4  -2  
14  19  48  1652  504  312  4  -2  
14  19  48  1661  504  312  4  -2  
14  19  48  1669  505  312  4  -2  
14  19  48  1676  505  312  4  -2  
14  19  48  1684  506  312  4  -2  
14  19  48  1693  508  312  4  -2  
14  19  48  1702  512  312  4  -2  
14  19  48  1711  515  312  4  -2  
14  19  48  1717  520  312  4  -2  
14  19  48  1726  521  312  4  -2  
14  19  48  1736  522  312  4  -2  
14  19  48  1743  522  312  4  -2  
14  19  48  1752  522  312  4  -2  
14  19  48  1761  522  312  4  -2  
14  19  48  1769  522  312  4  -2  
14  19  48  1776  522  312  4  -2  
14  19  48  1785  522  312  4  -2  
14  19  48  1794  522  312  4  -2  
14  19  48  1802  522  312  4  -2  
14  19  48  1810  522  312  4  -2  
14  19  48  1819  522  312  4  -2  
14  19  48  1827  522  312  4  -2  
14  19  48  1836  522  312  4  -2  
14  19  48  1844  522  312  4  -2  
14  19  48  1853  522  312  4  -2  
14  19  48  1861  522  312  4  -2  
14  19  48  1869  522  312  4  -2  
14  19  48  1877  522  312  4  -2  
14  19  49  1886  522  313  4  -2  
14  19  49  1894  522  313  4  -2  
14  19  49  1903  522  313  4  -2  
14  19  49  1910  522  313  4  -2  
14  19  49  1919  521  313  4  -2  
14  19  49  1927  516  313  4  -2  
14  19  49  1936  506  313  4  -2  
14  19  49  1944  493  313  4  -2  
14  19  49  1953  478  313  4  -2  
14  19  49  1960  465  313  4  -2  
14  19  49  1970  450  313  4  -2  
14  19  49  1977  420  313  4  -2  
14  19  49  1986  420  313  4  -2  
14  19  49  1994  400  313  4  -2  
