9  46  45  0  377  319  1  -2  
9  46  45  9  377  319  1  -2  
9  46  45  17  377  319  1  -2  
9  46  45  28  377  319  1  -2  
9  46  45  36  377  319  1  -2  
9  46  45  46  377  319  1  -2  
9  46  45  54  377  319  1  -2  
9  46  45  63  377  319  1  -2  
9  46  45  73  377  319  1  -2  
9  46  45  81  377  319  1  -2  
9  46  45  91  377  319  1  -2  
9  46  45  99  377  319  1  -2  
9  46  45  109  377  319  1  -2  
9  46  45  118  377  319  1  -2  
9  46  45  128  377  319  1  -2  
9  46  45  135  377  319  1  -2  
9  46  45  145  377  319  1  -2  
9  46  45  153  378  319  1  -2  
9  46  45  162  378  319  1  -2  
9  46  45  170  378  319  1  -2  
9  46  45  180  378  319  1  -2  
9  46  45  189  383  318  1  -2  
9  46  45  198  388  318  1  -2  
9  46  45  208  394  317  1  -2  
9  46  45  215  401  316  1  -2  
9  46  45  226  410  313  1  -2  
9  46  45  232  418  313  1  -2  
9  46  45  240  428  312  1  -2  
9  46  45  248  438  312  1  -2  
9  46  45  258  450  312  1  -2  
9  46  45  265  463  312  1  -2  
9  46  45  272  476  312  1  -2  
9  46  45  282  485  312  1  -2  
9  46  45  289  502  312  2  -2  
9  46  45  299  502  312  2  -2  
9  46  45  309  512  312  2  -2  
9  46  45  316  516  312  2  -2  
9  46  46  327  518  312  2  -2  
9  46  46  335  520  312  2  -2  
9  46  46  345  523  312  2  -2  
9  46  46  352  523  313  2  -2  
9  46  46  361  523  313  2  -2  
9  46  46  371  524  313  2  -2  
9  46  46  380  524  313  2  -2  
9  46  46  389  525  313  2  -2  
9  46  46  398  526  313  2  -2  
9  46  46  408  527  313  2  -2  
9  46  46  416  529  313  2  -2  
9  46  46  426  531  313  2  -2  
9  46  46  434  533  313  2  -2  
9  46  46  443  536  313  2  -2  
9  46  46  451  537  314  2  -2  
9  46  46  460  538  314  2  -2  
9  46  46  469  538  314  2  -2  
9  46  46  478  538  314  2  -2  
9  46  46  484  538  314  2  -2  
9  46  46  494  538  314  2  -2  
9  46  46  501  538  314  2  -2  
9  46  46  511  538  314  2  -2  
9  46  46  518  538  314  2  -2  
9  46  46  528  539  315  2  -2  
9  46  46  535  539  315  2  -2  
9  46  46  544  539  315  2  -2  
9  46  46  551  539  315  2  -2  
9  46  46  562  539  315  2  -2  
9  46  46  568  539  315  2  -2  
9  46  46  578  539  316  2  -2  
9  46  46  584  539  316  2  -2  
9  46  46  594  539  316  2  -2  
9  46  46  601  539  316  2  -2  
9  46  46  610  539  316  2  -2  
9  46  46  618  539  316  2  -2  
9  46  46  628  539  316  2  -2  
9  46  46  635  539  316  2  -2  
9  46  46  645  539  316  2  -2  
9  46  46  653  538  316  2  -2  
9  46  46  661  537  316  2  -2  
9  46  46  668  537  316  2  -2  
9  46  46  678  537  317  2  -2  
9  46  46  686  536  317  2  -2  
9  46  46  694  533  317  2  -2  
9  46  46  701  533  317  2  -2  
9  46  46  711  531  317  2  -2  
9  46  46  718  528  318  2  -2  
9  46  46  728  525  318  2  -2  
9  46  46  735  517  320  2  -2  
9  46  46  745  510  321  2  -2  
9  46  46  751  498  323  2  -2  
9  46  46  761  491  323  2  -2  
9  46  46  767  481  324  2  -2  
9  46  46  778  471  324  2  -2  
9  46  46  786  459  324  2  -2  
9  46  46  794  448  324  2  -2  
9  46  46  802  441  324  2  -2  
9  46  46  810  431  324  2  -2  
9  46  46  818  424  324  2  -2  
9  46  46  828  420  324  2  -2  
9  46  46  835  416  324  2  -2  
9  46  46  844  416  324  2  -2  
9  46  46  851  415  324  2  -2  
9  46  46  861  412  324  2  -2  
9  46  46  869  411  324  2  -2  
9  46  46  878  407  324  2  -2  
9  46  46  885  403  324  2  -2  
9  46  46  895  397  324  3  -2  
9  46  46  901  390  324  3  -2  
9  46  46  911  385  324  3  -2  
9  46  46  918  381  324  3  -2  
9  46  46  928  378  324  3  -2  
9  46  46  936  378  324  3  -2  
9  46  46  944  378  324  3  -2  
9  46  46  951  378  324  3  -2  
9  46  46  961  378  324  3  -2  
9  46  46  968  378  324  3  -2  
9  46  46  978  378  324  3  -2  
9  46  46  984  378  324  3  -2  
9  46  46  994  378  324  3  -2  
9  46  46  1001  378  324  3  -2  
9  46  46  1011  378  324  3  -2  
9  46  46  1018  378  324  3  -2  
9  46  46  1028  378  324  3  -2  
9  46  46  1036  378  324  3  -2  
9  46  46  1044  378  324  3  -2  
9  46  46  1052  378  324  3  -2  
9  46  46  1060  378  324  3  -2  
9  46  46  1068  378  324  3  -2  
9  46  46  1078  378  324  3  -2  
9  46  46  1084  378  324  3  -2  
9  46  46  1094  378  324  3  -2  
9  46  46  1101  378  324  3  -2  
9  46  46  1111  378  324  3  -2  
9  46  46  1118  378  324  3  -2  
9  46  46  1128  378  324  3  -2  
9  46  46  1136  378  324  3  -2  
9  46  46  1144  378  324  3  -2  
9  46  46  1152  378  324  3  -2  
9  46  46  1161  378  324  3  -2  
9  46  46  1168  378  324  3  -2  
9  46  46  1178  378  324  3  -2  
9  46  46  1186  378  324  3  -2  
9  46  46  1194  378  324  3  -2  
9  46  46  1202  380  324  3  -2  
9  46  46  1211  383  324  3  -2  
9  46  46  1219  393  322  3  -2  
9  46  46  1228  393  322  3  -2  
9  46  46  1235  415  315  3  -2  
9  46  46  1244  426  314  3  -2  
9  46  46  1253  439  314  3  -2  
9  46  46  1261  451  314  3  -2  
9  46  46  1269  462  314  3  -2  
9  46  46  1278  474  314  3  -2  
9  46  46  1284  482  314  3  -2  
9  46  46  1294  487  314  3  -2  
9  46  46  1302  493  314  3  -2  
9  46  46  1311  496  314  4  -2  
9  46  46  1318  502  314  4  -2  
9  46  47  1328  504  315  4  -2  
9  46  47  1336  507  315  4  -2  
9  46  47  1344  511  315  4  -2  
9  46  47  1352  512  316  4  -2  
9  46  47  1361  515  316  4  -2  
9  46  47  1368  517  317  4  -2  
9  46  47  1378  517  317  4  -2  
9  46  47  1386  517  317  4  -2  
9  46  47  1394  518  317  4  -2  
9  46  47  1402  518  317  4  -2  
9  46  47  1411  518  317  4  -2  
9  46  47  1418  518  317  4  -2  
9  46  47  1428  518  317  4  -2  
9  46  47  1436  519  317  4  -2  
9  46  47  1444  519  317  4  -2  
9  46  47  1452  520  317  4  -2  
9  46  47  1460  520  317  4  -2  
9  46  47  1468  520  317  4  -2  
9  46  47  1478  520  317  4  -2  
9  46  47  1486  520  317  4  -2  
9  46  47  1494  520  317  4  -2  
9  46  47  1502  520  317  4  -2  
9  46  47  1510  520  317  4  -2  
9  46  47  1517  520  317  4  -2  
9  46  47  1527  520  317  4  -2  
9  46  47  1535  520  317  4  -2  
9  46  47  1543  519  317  4  -2  
9  46  47  1551  516  317  4  -2  
9  46  47  1560  512  317  4  -2  
9  46  47  1568  511  317  4  -2  
9  46  47  1577  506  317  4  -2  
9  46  47  1585  496  317  4  -2  
9  46  47  1594  487  317  4  -2  
9  46  47  1600  474  321  4  -2  
9  46  47  1610  462  321  4  -2  
9  46  47  1617  450  322  4  -2  
9  46  47  1627  440  323  4  -2  
9  46  47  1634  418  323  4  -2  
9  46  47  1643  418  323  4  -2  
9  46  47  1651  400  323  4  -2  
