15  0  6  0  367  322  1  -2  
15  0  6  7  367  322  1  -2  
15  0  6  16  367  322  1  -2  
15  0  6  25  367  322  1  -2  
15  0  6  32  367  322  1  -2  
15  0  6  40  367  322  1  -2  
15  0  6  50  367  322  1  -2  
15  0  6  59  367  322  1  -2  
15  0  6  68  367  322  1  -2  
15  0  6  75  367  322  1  -2  
15  0  6  84  367  322  1  -2  
15  0  6  93  367  322  1  -2  
15  0  6  102  367  322  1  -2  
15  0  6  113  367  322  1  -2  
15  0  6  119  367  322  1  -2  
15  0  6  128  367  322  1  -2  
15  0  6  135  367  322  1  -2  
15  0  6  144  367  322  1  -2  
15  0  6  152  367  322  1  -2  
15  0  6  160  367  322  1  -2  
15  0  6  170  367  322  1  -2  
15  0  6  177  367  322  1  -2  
15  0  6  185  367  322  1  -2  
15  0  6  193  367  322  1  -2  
15  0  6  202  367  322  1  -2  
15  0  6  210  367  322  1  -2  
15  0  6  220  367  322  1  -2  
15  0  6  228  367  322  1  -2  
15  0  6  235  367  322  1  -2  
15  0  6  245  367  322  1  -2  
15  0  6  252  367  322  1  -2  
15  0  6  262  367  322  1  -2  
15  0  6  270  367  322  1  -2  
15  0  6  277  367  322  1  -2  
15  0  6  285  367  322  1  -2  
15  0  6  293  367  322  1  -2  
15  0  6  302  367  322  1  -2  
15  0  6  311  367  322  1  -2  
15  0  6  318  367  322  1  -2  
15  0  6  328  367  322  1  -2  
15  0  6  335  367  322  1  -2  
15  0  6  344  367  322  1  -2  
15  0  6  353  367  322  1  -2  
15  0  6  360  367  322  1  -2  
15  0  6  370  367  322  1  -2  
15  0  6  378  367  322  1  -2  
15  0  6  386  367  322  1  -2  
15  0  6  394  367  322  1  -2  
15  0  6  402  367  322  1  -2  
15  0  6  410  367  322  1  -2  
15  0  6  420  367  322  1  -2  
15  0  6  429  367  322  1  -2  
15  0  6  436  367  322  1  -2  
15  0  7  443  367  322  1  -2  
15  0  7  452  367  322  1  -2  
15  0  7  461  367  322  1  -2  
15  0  7  470  367  322  1  -2  
15  0  7  477  370  322  1  -2  
15  0  7  486  370  322  1  -2  
15  0  7  493  377  322  1  -2  
15  0  7  503  377  322  1  -2  
15  0  7  512  386  322  1  -2  
15  0  7  520  391  322  1  -2  
15  0  7  528  398  322  1  -2  
15  0  7  535  405  322  1  -2  
15  0  7  545  411  322  1  -2  
15  0  7  551  420  322  1  -2  
15  0  7  562  427  322  1  -2  
15  0  7  570  433  322  1  -2  
15  0  7  578  440  322  1  -2  
15  0  7  585  450  322  1  -2  
15  0  7  595  459  322  1  -2  
15  0  7  603  467  322  1  -2  
15  0  7  611  477  322  1  -2  
15  0  7  618  489  322  1  -2  
15  0  7  626  500  322  2  -2  
15  0  7  634  514  322  2  -2  
15  0  7  644  529  322  2  -2  
15  0  7  651  540  322  2  -2  
15  0  7  659  549  322  2  -2  
15  0  7  669  554  322  2  -2  
15  0  7  677  555  322  2  -2  
15  0  7  684  555  322  2  -2  
15  0  7  694  555  322  2  -2  
15  0  7  701  555  322  2  -2  
15  0  7  709  555  322  2  -2  
15  0  7  719  555  322  2  -2  
15  0  7  727  555  322  2  -2  
15  0  7  734  555  322  2  -2  
15  0  7  744  555  322  2  -2  
15  0  7  752  555  322  2  -2  
15  0  7  759  555  322  2  -2  
15  0  7  769  555  322  2  -2  
15  0  7  778  555  322  2  -2  
15  0  7  785  555  322  2  -2  
15  0  7  794  555  322  2  -2  
15  0  7  801  555  322  2  -2  
15  0  7  811  555  322  2  -2  
15  0  7  819  549  322  2  -2  
15  0  7  827  544  322  2  -2  
15  0  7  835  535  322  2  -2  
15  0  7  844  524  322  2  -2  
15  0  7  852  510  322  2  -2  
15  0  7  859  496  322  2  -2  
15  0  7  869  472  320  2  -2  
15  0  7  879  453  317  2  -2  
15  0  7  885  417  317  2  -2  
15  0  7  894  400  314  2  -2  
15  0  7  901  390  313  3  -2  
15  0  7  911  382  313  3  -2  
15  0  7  919  373  313  3  -2  
15  0  7  929  368  313  3  -2  
15  0  7  936  366  313  3  -2  
15  0  7  946  366  313  3  -2  
15  0  7  951  366  313  3  -2  
15  0  7  961  366  313  3  -2  
15  0  7  969  366  313  3  -2  
15  0  7  979  366  313  3  -2  
15  0  7  986  366  313  3  -2  
15  0  7  996  366  313  3  -2  
15  0  7  1002  364  313  3  -2  
15  0  7  1011  363  313  3  -2  
15  0  7  1020  363  313  3  -2  
15  0  7  1031  362  313  3  -2  
15  0  7  1036  361  313  3  -2  
15  0  7  1046  361  313  3  -2  
15  0  7  1052  361  313  3  -2  
15  0  7  1063  361  313  3  -2  
15  0  7  1070  361  313  3  -2  
15  0  7  1080  361  313  3  -2  
15  0  7  1088  361  313  3  -2  
15  0  7  1099  361  313  3  -2  
15  0  7  1107  361  313  3  -2  
15  0  7  1115  361  313  3  -2  
15  0  7  1123  361  313  3  -2  
15  0  7  1131  361  313  3  -2  
15  0  7  1140  361  313  3  -2  
15  0  7  1149  361  313  3  -2  
15  0  7  1156  361  313  3  -2  
15  0  7  1164  361  313  3  -2  
15  0  7  1173  361  313  3  -2  
15  0  7  1181  361  313  3  -2  
15  0  7  1190  361  313  3  -2  
15  0  7  1199  361  313  3  -2  
15  0  7  1206  361  313  3  -2  
15  0  7  1214  361  313  3  -2  
15  0  7  1224  361  313  3  -2  
15  0  7  1231  361  313  3  -2  
15  0  7  1240  361  313  3  -2  
15  0  7  1249  361  313  3  -2  
15  0  7  1256  361  313  3  -2  
15  0  7  1265  361  313  3  -2  
15  0  7  1273  361  313  3  -2  
15  0  7  1282  361  313  3  -2  
15  0  7  1290  361  313  3  -2  
15  0  7  1299  361  313  3  -2  
15  0  7  1306  361  313  3  -2  
15  0  7  1316  361  313  3  -2  
15  0  7  1323  364  313  3  -2  
15  0  7  1331  376  316  3  -2  
15  0  7  1340  389  318  3  -2  
15  0  7  1348  408  323  3  -2  
15  0  7  1358  433  324  3  -2  
15  0  7  1365  498  334  3  -2  
15  0  7  1375  498  334  3  -2  
15  0  7  1382  563  343  3  -2  
15  0  7  1391  588  345  3  -2  
15  0  7  1400  603  349  3  -2  
15  0  7  1409  614  350  3  -2  
15  0  7  1415  619  350  3  -2  
15  0  7  1425  619  350  3  -2  
15  0  7  1434  619  350  3  -2  
15  0  8  1441  619  350  3  -2  
15  0  8  1449  619  350  3  -2  
15  0  8  1458  619  350  3  -2  
15  0  8  1466  617  350  3  -2  
15  0  8  1474  613  350  3  -2  
15  0  8  1484  608  350  3  -2  
15  0  8  1491  603  350  3  -2  
15  0  8  1500  595  350  3  -2  
15  0  8  1509  586  350  3  -2  
15  0  8  1516  576  350  3  -2  
15  0  8  1526  566  350  3  -2  
15  0  8  1533  540  350  3  -2  
15  0  8  1542  540  350  3  -2  
15  0  8  1550  512  350  3  -2  
15  0  8  1558  495  350  3  -2  
15  0  8  1567  480  350  3  -2  
15  0  8  1575  467  350  3  -2  
15  0  8  1584  452  349  3  -2  
15  0  8  1592  437  347  3  -2  
15  0  8  1601  425  346  3  -2  
15  0  8  1610  415  343  3  -2  
15  0  8  1618  408  342  3  -2  
15  0  8  1626  405  342  3  -2  
15  0  8  1635  404  342  3  -2  
15  0  8  1644  404  342  3  -2  
15  0  8  1650  404  342  3  -2  
15  0  8  1659  404  342  3  -2  
15  0  8  1667  404  342  3  -2  
15  0  8  1675  404  342  3  -2  
15  0  8  1684  404  342  3  -2  
15  0  8  1691  404  342  3  -2  
15  0  8  1701  404  342  3  -2  
15  0  8  1710  404  342  3  -2  
15  0  8  1718  404  342  3  -2  
15  0  8  1726  404  342  3  -2  
15  0  8  1735  404  342  3  -2  
15  0  8  1742  404  342  3  -2  
15  0  8  1752  404  342  3  -2  
15  0  8  1761  404  342  3  -2  
15  0  8  1769  404  342  3  -2  
15  0  8  1778  404  342  3  -2  
15  0  8  1785  404  342  3  -2  
15  0  8  1794  404  342  3  -2  
15  0  8  1801  404  342  3  -2  
15  0  8  1810  404  342  3  -2  
15  0  8  1818  404  342  3  -2  
15  0  8  1826  404  342  3  -2  
15  0  8  1835  404  342  3  -2  
15  0  8  1843  404  342  3  -2  
15  0  8  1851  404  342  3  -2  
15  0  8  1861  404  342  3  -2  
15  0  8  1869  404  342  3  -2  
15  0  8  1876  404  342  3  -2  
15  0  8  1885  404  342  3  -2  
15  0  8  1892  404  342  3  -2  
15  0  8  1901  404  342  3  -2  
15  0  8  1911  404  342  3  -2  
15  0  8  1919  404  342  3  -2  
15  0  8  1929  403  342  3  -2  
15  0  8  1935  401  342  3  -2  
15  0  8  1945  400  342  3  -2  
15  0  8  1952  400  342  3  -2  
15  0  8  1962  400  342  3  -2  
15  0  8  1969  400  342  3  -2  
15  0  8  1978  399  342  3  -2  
15  0  8  1985  397  342  3  -2  
15  0  8  1995  396  342  3  -2  
15  0  8  2002  395  342  3  -2  
15  0  8  2012  393  342  3  -2  
15  0  8  2020  392  342  3  -2  
15  0  8  2028  391  342  3  -2  
15  0  8  2035  391  342  3  -2  
15  0  8  2045  391  342  3  -2  
15  0  8  2053  391  342  3  -2  
15  0  8  2062  391  342  3  -2  
15  0  8  2069  391  342  3  -2  
15  0  8  2080  391  342  3  -2  
15  0  8  2086  391  342  3  -2  
15  0  8  2097  391  342  3  -2  
15  0  8  2103  391  342  3  -2  
15  0  8  2114  391  342  3  -2  
15  0  8  2121  391  342  3  -2  
15  0  8  2131  391  342  3  -2  
15  0  8  2138  391  342  3  -2  
15  0  8  2148  391  342  3  -2  
15  0  8  2153  391  342  3  -2  
15  0  8  2163  389  342  3  -2  
15  0  8  2171  389  342  3  -2  
15  0  8  2181  389  342  3  -2  
15  0  8  2188  388  342  3  -2  
15  0  8  2197  388  342  3  -2  
15  0  8  2204  387  342  3  -2  
15  0  8  2214  387  342  3  -2  
15  0  8  2221  387  342  3  -2  
15  0  8  2231  387  342  3  -2  
15  0  8  2238  386  343  3  -2  
15  0  8  2247  386  343  3  -2  
15  0  8  2255  385  343  3  -2  
15  0  8  2264  384  343  3  -2  
15  0  8  2272  384  343  3  -2  
15  0  8  2281  381  344  3  -2  
15  0  8  2288  381  344  3  -2  
15  0  8  2297  381  344  3  -2  
15  0  8  2304  381  344  3  -2  
15  0  8  2314  381  344  3  -2  
15  0  8  2321  381  344  3  -2  
15  0  8  2331  381  344  3  -2  
15  0  8  2338  381  344  3  -2  
15  0  8  2347  381  344  3  -2  
15  0  8  2355  381  344  3  -2  
15  0  8  2364  381  344  3  -2  
15  0  8  2370  381  344  3  -2  
15  0  8  2380  381  344  3  -2  
15  0  8  2387  381  344  3  -2  
15  0  8  2396  381  344  3  -2  
15  0  8  2404  380  344  3  -2  
15  0  8  2412  377  344  3  -2  
15  0  8  2420  377  344  3  -2  
15  0  8  2430  377  344  3  -2  
15  0  8  2436  377  344  3  -2  
15  0  9  2446  377  344  3  -2  
15  0  9  2453  377  344  3  -2  
15  0  9  2463  377  344  3  -2  
15  0  9  2470  377  344  3  -2  
15  0  9  2480  377  344  3  -2  
15  0  9  2487  377  344  3  -2  
15  0  9  2496  377  344  3  -2  
15  0  9  2504  377  344  3  -2  
15  0  9  2512  377  344  3  -2  
15  0  9  2521  377  344  3  -2  
15  0  9  2530  377  344  3  -2  
15  0  9  2537  377  344  3  -2  
15  0  9  2546  377  344  3  -2  
15  0  9  2554  377  344  3  -2  
15  0  9  2563  377  344  3  -2  
15  0  9  2570  377  344  3  -2  
15  0  9  2580  377  344  3  -2  
15  0  9  2586  377  344  3  -2  
15  0  9  2596  377  344  3  -2  
15  0  9  2604  377  344  3  -2  
15  0  9  2613  377  344  3  -2  
