15  0  19  0  364  327  1  -2  
15  0  19  10  364  327  1  -2  
15  0  19  18  364  327  1  -2  
15  0  19  26  364  327  1  -2  
15  0  19  34  364  327  1  -2  
15  0  19  42  364  327  1  -2  
15  0  19  51  364  327  1  -2  
15  0  19  59  364  327  1  -2  
15  0  19  67  364  327  1  -2  
15  0  19  76  364  327  1  -2  
15  0  19  85  364  327  1  -2  
15  0  19  92  364  327  1  -2  
15  0  19  101  364  327  1  -2  
15  0  19  109  364  327  1  -2  
15  0  19  118  364  327  1  -2  
15  0  19  127  364  327  1  -2  
15  0  19  134  364  327  1  -2  
15  0  19  143  364  327  1  -2  
15  0  19  151  364  327  1  -2  
15  0  19  159  364  327  1  -2  
15  0  19  168  364  327  1  -2  
15  0  19  176  364  327  1  -2  
15  0  19  186  364  327  1  -2  
15  0  19  194  364  327  1  -2  
15  0  19  201  364  327  1  -2  
15  0  19  210  364  327  1  -2  
15  0  19  217  364  327  1  -2  
15  0  19  226  364  327  1  -2  
15  0  19  234  364  327  1  -2  
15  0  19  242  364  327  1  -2  
15  0  19  251  364  327  1  -2  
15  0  19  259  364  327  1  -2  
15  0  19  267  364  327  1  -2  
15  0  19  277  364  327  1  -2  
15  0  19  284  364  327  1  -2  
15  0  19  292  364  327  1  -2  
15  0  19  300  364  327  1  -2  
15  0  19  309  364  327  1  -2  
15  0  19  318  364  327  1  -2  
15  0  19  326  364  327  1  -2  
15  0  19  334  364  327  1  -2  
15  0  19  342  364  327  1  -2  
15  0  19  352  364  327  1  -2  
15  0  19  360  364  327  1  -2  
15  0  19  368  364  327  1  -2  
15  0  19  377  364  327  1  -2  
15  0  19  386  364  327  1  -2  
15  0  19  393  364  327  1  -2  
15  0  19  401  364  327  1  -2  
15  0  19  410  364  327  1  -2  
15  0  19  418  364  327  1  -2  
15  0  19  427  364  327  1  -2  
15  0  19  436  364  327  1  -2  
15  0  19  443  364  327  1  -2  
15  0  19  451  364  327  1  -2  
15  0  19  460  364  327  1  -2  
15  0  19  468  364  327  1  -2  
15  0  19  477  364  327  1  -2  
15  0  19  485  364  327  1  -2  
15  0  19  493  364  326  1  -2  
15  0  19  501  366  326  1  -2  
15  0  19  510  368  326  1  -2  
15  0  19  517  372  326  1  -2  
15  0  19  527  376  326  1  -2  
15  0  19  536  382  326  1  -2  
15  0  19  543  389  326  1  -2  
15  0  19  552  397  326  1  -2  
15  0  19  560  407  326  1  -2  
15  0  19  568  419  326  1  -2  
15  0  19  578  434  326  1  -2  
15  0  19  585  449  326  1  -2  
15  0  19  593  464  326  1  -2  
15  0  19  602  482  326  1  -2  
15  0  19  610  495  326  1  -2  
15  0  19  618  508  326  2  -2  
15  0  19  630  518  326  2  -2  
15  0  19  635  534  326  2  -2  
15  0  19  644  534  326  2  -2  
15  0  19  653  537  326  2  -2  
15  0  19  661  543  326  2  -2  
15  0  19  670  545  326  2  -2  
15  0  19  678  546  326  2  -2  
15  0  20  686  549  326  2  -2  
15  0  20  694  550  326  2  -2  
15  0  20  702  551  326  2  -2  
15  0  20  711  551  326  2  -2  
15  0  20  719  551  326  2  -2  
15  0  20  728  551  326  2  -2  
15  0  20  737  551  326  2  -2  
15  0  20  744  551  326  2  -2  
15  0  20  752  551  326  2  -2  
15  0  20  760  551  326  2  -2  
15  0  20  769  551  326  2  -2  
15  0  20  777  551  326  2  -2  
15  0  20  787  551  326  2  -2  
15  0  20  794  551  326  2  -2  
15  0  20  802  551  326  2  -2  
15  0  20  810  551  326  2  -2  
15  0  20  819  551  326  2  -2  
15  0  20  828  551  326  2  -2  
15  0  20  837  551  326  2  -2  
15  0  20  844  551  326  2  -2  
15  0  20  853  551  326  2  -2  
15  0  20  862  549  326  2  -2  
15  0  20  870  539  322  2  -2  
15  0  20  879  512  320  2  -2  
15  0  20  887  497  320  2  -2  
15  0  20  894  481  320  2  -2  
15  0  20  903  464  320  2  -2  
15  0  20  913  449  320  2  -2  
15  0  20  920  434  320  2  -2  
15  0  20  929  423  320  2  -2  
15  0  20  937  412  320  2  -2  
15  0  20  944  406  320  2  -2  
15  0  20  952  401  320  2  -2  
15  0  20  961  394  320  3  -2  
15  0  20  969  390  320  3  -2  
15  0  20  979  388  320  3  -2  
15  0  20  987  386  320  3  -2  
15  0  20  994  386  320  3  -2  
15  0  20  1003  385  320  3  -2  
15  0  20  1012  385  320  3  -2  
15  0  20  1019  385  320  3  -2  
15  0  20  1028  385  320  3  -2  
15  0  20  1037  385  320  3  -2  
15  0  20  1051  385  320  3  -2  
15  0  20  1057  383  320  3  -2  
15  0  20  1066  380  320  3  -2  
15  0  20  1073  377  320  3  -2  
15  0  20  1082  376  320  3  -2  
15  0  20  1090  376  320  3  -2  
15  0  20  1099  376  320  3  -2  
15  0  20  1108  376  320  3  -2  
15  0  20  1115  376  320  3  -2  
15  0  20  1136  376  320  3  -2  
15  0  20  1145  375  320  3  -2  
15  0  20  1154  375  320  3  -2  
15  0  20  1164  375  320  3  -2  
15  0  20  1171  375  320  3  -2  
15  0  20  1181  375  320  3  -2  
15  0  20  1189  375  320  3  -2  
15  0  20  1199  375  320  3  -2  
15  0  20  1204  375  320  3  -2  
15  0  20  1214  375  320  3  -2  
15  0  20  1221  375  320  3  -2  
15  0  20  1231  375  320  3  -2  
15  0  20  1237  375  320  3  -2  
15  0  20  1248  375  320  3  -2  
15  0  20  1256  375  320  3  -2  
15  0  20  1265  375  320  3  -2  
15  0  20  1271  375  320  3  -2  
15  0  20  1281  375  320  3  -2  
15  0  20  1288  375  320  3  -2  
15  0  20  1298  375  320  3  -2  
15  0  20  1306  375  320  3  -2  
15  0  20  1316  375  320  3  -2  
15  0  20  1321  375  320  3  -2  
15  0  20  1332  375  320  3  -2  
15  0  20  1340  375  320  3  -2  
15  0  20  1351  375  320  3  -2  
15  0  20  1359  375  320  3  -2  
15  0  20  1368  375  320  3  -2  
15  0  20  1378  375  320  3  -2  
15  0  20  1386  375  320  3  -2  
15  0  20  1395  375  320  3  -2  
15  0  20  1403  375  320  3  -2  
15  0  20  1415  375  320  3  -2  
15  0  20  1421  375  320  3  -2  
15  0  20  1431  375  320  3  -2  
15  0  20  1440  376  321  3  -2  
15  0  20  1450  378  321  3  -2  
15  0  20  1458  383  321  3  -2  
15  0  20  1468  394  322  3  -2  
15  0  20  1476  402  322  3  -2  
15  0  20  1485  412  323  3  -2  
15  0  20  1494  422  323  3  -2  
15  0  20  1503  434  323  3  -2  
15  0  20  1513  456  323  3  -2  
15  0  20  1520  462  323  3  -2  
15  0  20  1530  469  323  3  -2  
15  0  20  1538  476  323  3  -2  
15  0  20  1547  481  323  3  -2  
15  0  20  1553  486  323  3  -2  
15  0  20  1562  495  323  4  -2  
15  0  20  1570  498  323  4  -2  
15  0  20  1580  505  323  4  -2  
15  0  20  1586  510  323  4  -2  
15  0  20  1597  513  323  4  -2  
15  0  20  1603  516  323  4  -2  
15  0  20  1610  520  323  4  -2  
15  0  20  1619  524  323  4  -2  
15  0  20  1630  526  323  4  -2  
15  0  20  1637  531  323  4  -2  
15  0  20  1648  531  323  4  -2  
15  0  20  1653  532  323  4  -2  
15  0  20  1664  532  323  4  -2  
15  0  20  1670  532  323  4  -2  
15  0  20  1680  532  323  4  -2  
15  0  21  1688  532  323  4  -2  
15  0  21  1697  532  323  4  -2  
15  0  21  1703  532  323  4  -2  
15  0  21  1713  532  323  4  -2  
15  0  21  1722  532  323  4  -2  
15  0  21  1731  532  323  4  -2  
15  0  21  1738  532  323  4  -2  
15  0  21  1747  532  323  4  -2  
15  0  21  1753  532  323  4  -2  
15  0  21  1764  532  323  4  -2  
15  0  21  1772  532  323  4  -2  
15  0  21  1781  532  323  4  -2  
15  0  21  1788  532  323  4  -2  
15  0  21  1797  530  323  4  -2  
15  0  21  1805  527  323  4  -2  
15  0  21  1814  522  323  4  -2  
15  0  21  1821  507  321  4  -2  
15  0  21  1831  507  321  4  -2  
15  0  21  1839  481  321  4  -2  
15  0  21  1849  468  321  4  -2  
15  0  21  1854  451  321  4  -2  
15  0  21  1866  435  321  4  -2  
15  0  21  1871  421  321  4  -2  
15  0  21  1881  409  319  4  -2  
15  0  21  1889  401  319  4  -2  
15  0  21  1900  393  319  5  -2  
15  0  21  1905  389  319  5  -2  
15  0  21  1916  384  319  5  -2  
15  0  21  1922  381  319  5  -2  
15  0  21  1932  381  319  5  -2  
15  0  21  1938  380  319  5  -2  
15  0  21  1949  378  319  5  -2  
15  0  21  1956  378  319  5  -2  
15  0  21  1965  378  319  5  -2  
15  0  21  1972  378  319  5  -2  
15  0  21  1981  377  319  5  -2  
15  0  21  1988  377  319  5  -2  
15  0  21  1999  377  319  5  -2  
15  0  21  2006  376  319  5  -2  
15  0  21  2015  376  319  5  -2  
15  0  21  2022  375  319  5  -2  
15  0  21  2032  375  319  5  -2  
15  0  21  2040  375  319  5  -2  
15  0  21  2048  375  319  5  -2  
15  0  21  2057  375  319  5  -2  
15  0  21  2066  375  319  5  -2  
15  0  21  2073  375  319  5  -2  
15  0  21  2081  375  319  5  -2  
15  0  21  2090  375  319  5  -2  
15  0  21  2098  375  319  5  -2  
15  0  21  2107  375  319  5  -2  
15  0  21  2115  375  319  5  -2  
15  0  21  2124  375  319  5  -2  
15  0  21  2131  375  319  5  -2  
15  0  21  2139  375  319  5  -2  
15  0  21  2149  375  319  5  -2  
15  0  21  2157  375  319  5  -2  
15  0  21  2165  375  319  5  -2  
15  0  21  2173  375  319  5  -2  
15  0  21  2181  375  319  5  -2  
15  0  21  2191  375  319  5  -2  
15  0  21  2198  375  319  5  -2  
15  0  21  2208  375  319  5  -2  
15  0  21  2215  375  319  5  -2  
15  0  21  2225  375  319  5  -2  
15  0  21  2232  375  319  5  -2  
15  0  21  2241  375  319  5  -2  
15  0  21  2249  375  319  5  -2  
15  0  21  2258  375  319  5  -2  
15  0  21  2267  375  319  5  -2  
15  0  21  2275  375  319  5  -2  
15  0  21  2284  375  319  5  -2  
15  0  21  2290  375  319  5  -2  
15  0  21  2299  375  319  5  -2  
15  0  21  2307  375  319  5  -2  
15  0  21  2316  375  319  5  -2  
15  0  21  2324  375  319  5  -2  
15  0  21  2333  375  319  5  -2  
15  0  21  2340  375  319  5  -2  
15  0  21  2350  375  319  5  -2  
