15  0  13  0  385  325  1  -2  
15  0  13  8  385  325  1  -2  
15  0  13  17  385  325  1  -2  
15  0  13  25  385  325  1  -2  
15  0  13  33  385  325  1  -2  
15  0  13  41  385  325  1  -2  
15  0  13  50  385  325  1  -2  
15  0  13  58  385  325  1  -2  
15  0  13  67  385  325  1  -2  
15  0  13  75  385  325  1  -2  
15  0  13  83  385  325  1  -2  
15  0  13  93  385  325  1  -2  
15  0  13  102  385  325  1  -2  
15  0  13  111  385  325  1  -2  
15  0  13  120  385  325  1  -2  
15  0  13  127  385  325  1  -2  
15  0  13  136  385  325  1  -2  
15  0  13  145  385  325  1  -2  
15  0  13  155  385  325  1  -2  
15  0  13  161  385  325  1  -2  
15  0  13  169  385  325  1  -2  
15  0  13  178  385  325  1  -2  
15  0  13  190  385  325  1  -2  
15  0  13  194  385  325  1  -2  
15  0  13  204  385  325  1  -2  
15  0  13  211  385  325  1  -2  
15  0  13  221  385  325  1  -2  
15  0  13  229  385  325  1  -2  
15  0  13  237  385  325  1  -2  
15  0  13  245  385  325  1  -2  
15  0  13  255  385  325  1  -2  
15  0  13  261  385  325  1  -2  
15  0  13  271  385  325  1  -2  
15  0  13  279  385  325  1  -2  
15  0  13  289  385  325  1  -2  
15  0  13  295  385  325  1  -2  
15  0  13  304  385  325  1  -2  
15  0  13  312  385  325  1  -2  
15  0  13  321  385  325  1  -2  
15  0  13  329  385  325  1  -2  
15  0  13  339  385  325  1  -2  
15  0  13  345  385  325  1  -2  
15  0  13  354  385  325  1  -2  
15  0  13  362  385  325  1  -2  
15  0  13  371  385  325  1  -2  
15  0  13  379  385  325  1  -2  
15  0  13  388  385  325  1  -2  
15  0  13  395  385  325  1  -2  
15  0  13  404  385  325  1  -2  
15  0  13  411  385  325  1  -2  
15  0  13  422  385  325  1  -2  
15  0  13  429  385  325  1  -2  
15  0  13  439  385  325  1  -2  
15  0  13  445  385  325  1  -2  
15  0  13  455  385  325  1  -2  
15  0  13  462  385  325  1  -2  
15  0  13  471  385  325  1  -2  
15  0  13  479  385  325  1  -2  
15  0  13  491  385  325  1  -2  
15  0  13  496  385  324  1  -2  
15  0  13  506  385  324  1  -2  
15  0  13  513  389  324  1  -2  
15  0  13  523  395  324  1  -2  
15  0  13  529  415  324  1  -2  
15  0  13  540  415  324  1  -2  
15  0  13  546  440  324  1  -2  
15  0  13  557  440  324  1  -2  
15  0  13  562  469  324  1  -2  
15  0  13  573  469  324  1  -2  
15  0  13  579  498  324  2  -2  
15  0  13  591  509  324  2  -2  
15  0  13  597  518  324  2  -2  
15  0  13  607  524  324  2  -2  
15  0  13  614  533  324  2  -2  
15  0  13  623  536  323  2  -2  
15  0  13  629  541  323  2  -2  
15  0  13  641  544  322  2  -2  
15  0  13  648  550  322  2  -2  
15  0  13  657  555  321  2  -2  
15  0  13  663  559  321  2  -2  
15  0  13  674  563  321  2  -2  
15  0  13  681  564  321  2  -2  
15  0  13  690  565  321  2  -2  
15  0  13  698  565  321  2  -2  
15  0  13  707  565  321  2  -2  
15  0  13  713  565  321  2  -2  
15  0  13  722  565  321  2  -2  
15  0  13  730  565  321  2  -2  
15  0  13  741  565  321  2  -2  
15  0  13  746  565  321  2  -2  
15  0  13  757  565  321  2  -2  
15  0  13  764  565  321  2  -2  
15  0  13  774  567  321  2  -2  
15  0  13  780  567  321  2  -2  
15  0  13  791  558  321  2  -2  
15  0  13  798  544  321  2  -2  
15  0  13  807  525  321  2  -2  
15  0  13  814  507  321  2  -2  
15  0  13  823  482  321  2  -2  
15  0  13  830  450  317  2  -2  
15  0  13  841  423  317  2  -2  
15  0  13  847  395  317  3  -2  
15  0  13  857  375  317  3  -2  
15  0  13  864  360  317  3  -2  
15  0  13  873  343  317  3  -2  
15  0  13  881  335  317  3  -2  
15  0  13  889  330  317  3  -2  
15  0  13  897  326  317  3  -2  
15  0  13  906  325  317  3  -2  
15  0  13  914  325  317  3  -2  
15  0  13  923  325  317  3  -2  
15  0  13  930  325  317  3  -2  
15  0  13  941  325  317  3  -2  
15  0  13  949  325  317  3  -2  
15  0  13  956  325  317  3  -2  
15  0  13  964  325  317  3  -2  
15  0  13  973  325  317  3  -2  
15  0  13  980  325  317  3  -2  
15  0  14  990  325  317  3  -2  
15  0  14  998  325  317  3  -2  
15  0  14  1006  325  317  3  -2  
15  0  14  1014  325  317  3  -2  
15  0  14  1023  325  317  3  -2  
15  0  14  1031  325  317  3  -2  
15  0  14  1040  325  317  3  -2  
15  0  14  1048  325  317  3  -2  
15  0  14  1057  325  317  3  -2  
15  0  14  1065  325  317  3  -2  
15  0  14  1073  325  317  3  -2  
15  0  14  1081  325  317  3  -2  
15  0  14  1090  325  317  3  -2  
15  0  14  1099  325  317  3  -2  
15  0  14  1107  325  317  3  -2  
15  0  14  1114  325  317  3  -2  
15  0  14  1123  325  317  3  -2  
15  0  14  1132  325  317  3  -2  
15  0  14  1140  325  317  3  -2  
15  0  14  1150  325  317  3  -2  
15  0  14  1160  325  317  3  -2  
15  0  14  1167  325  317  3  -2  
15  0  14  1175  325  317  3  -2  
15  0  14  1183  325  317  3  -2  
15  0  14  1192  325  317  3  -2  
15  0  14  1200  325  317  3  -2  
15  0  14  1209  325  317  3  -2  
15  0  14  1218  325  317  3  -2  
15  0  14  1224  325  317  3  -2  
15  0  14  1233  325  317  3  -2  
15  0  14  1242  325  317  3  -2  
15  0  14  1250  325  317  3  -2  
15  0  14  1259  325  317  3  -2  
15  0  14  1268  325  317  3  -2  
15  0  14  1275  325  317  3  -2  
15  0  14  1283  325  317  3  -2  
15  0  14  1293  326  317  3  -2  
15  0  14  1301  332  317  3  -2  
15  0  14  1308  344  318  3  -2  
15  0  14  1318  361  322  3  -2  
15  0  14  1326  379  322  3  -2  
15  0  14  1334  402  324  3  -2  
15  0  14  1343  433  326  3  -2  
15  0  14  1351  465  328  3  -2  
15  0  14  1360  496  328  3  -2  
15  0  14  1370  521  331  4  -2  
15  0  14  1377  546  333  4  -2  
15  0  14  1388  564  333  4  -2  
15  0  14  1396  576  333  4  -2  
15  0  14  1408  577  333  4  -2  
15  0  14  1414  577  333  4  -2  
15  0  14  1425  577  333  4  -2  
15  0  14  1433  577  333  4  -2  
15  0  14  1443  577  333  4  -2  
15  0  14  1452  577  333  4  -2  
15  0  14  1461  577  333  4  -2  
15  0  14  1472  577  333  4  -2  
15  0  14  1480  577  333  4  -2  
15  0  14  1492  575  333  4  -2  
15  0  14  1500  559  333  4  -2  
15  0  14  1509  546  333  4  -2  
15  0  14  1518  532  333  4  -2  
15  0  14  1527  517  333  4  -2  
15  0  14  1537  503  333  4  -2  
15  0  14  1545  484  333  4  -2  
15  0  14  1555  468  333  4  -2  
15  0  14  1563  450  333  4  -2  
15  0  14  1574  413  333  4  -2  
15  0  14  1582  398  332  4  -2  
15  0  14  1593  388  332  5  -2  
15  0  14  1603  378  331  5  -2  
15  0  14  1612  371  330  5  -2  
15  0  14  1623  371  330  5  -2  
15  0  14  1632  371  330  5  -2  
15  0  14  1643  371  330  5  -2  
15  0  14  1654  371  330  5  -2  
15  0  14  1661  371  330  5  -2  
15  0  14  1671  371  330  5  -2  
15  0  14  1678  371  330  5  -2  
15  0  14  1687  371  330  5  -2  
15  0  14  1695  371  330  5  -2  
15  0  14  1704  371  330  5  -2  
15  0  14  1711  371  330  5  -2  
15  0  14  1720  371  330  5  -2  
15  0  14  1728  371  330  5  -2  
15  0  14  1738  371  330  5  -2  
15  0  14  1745  371  330  5  -2  
15  0  14  1754  371  330  5  -2  
15  0  14  1761  371  330  5  -2  
15  0  14  1771  371  330  5  -2  
15  0  14  1778  371  330  5  -2  
15  0  14  1787  371  330  5  -2  
15  0  14  1795  371  330  5  -2  
15  0  14  1804  371  330  5  -2  
15  0  14  1810  371  330  5  -2  
15  0  14  1820  371  330  5  -2  
15  0  14  1828  371  330  5  -2  
15  0  14  1837  371  330  5  -2  
15  0  14  1845  371  330  5  -2  
15  0  14  1855  371  330  5  -2  
15  0  14  1861  371  330  5  -2  
15  0  14  1871  371  330  5  -2  
15  0  14  1878  371  330  5  -2  
15  0  14  1888  371  330  5  -2  
15  0  14  1895  371  330  5  -2  
15  0  14  1904  371  330  5  -2  
15  0  14  1911  371  330  5  -2  
15  0  14  1921  371  330  5  -2  
15  0  14  1928  371  330  5  -2  
15  0  14  1939  371  330  5  -2  
15  0  14  1946  371  330  5  -2  
15  0  14  1957  371  330  5  -2  
15  0  14  1965  371  330  5  -2  
15  0  14  1975  371  330  5  -2  
15  0  14  1985  371  330  5  -2  
15  0  15  1995  371  330  5  -2  
15  0  15  2005  371  330  5  -2  
15  0  15  2011  371  330  5  -2  
15  0  15  2022  371  330  5  -2  
15  0  15  2030  371  330  5  -2  
15  0  15  2041  371  330  5  -2  
15  0  15  2048  371  330  5  -2  
15  0  15  2059  371  330  5  -2  
15  0  15  2067  371  330  5  -2  
15  0  15  2075  371  330  5  -2  
15  0  15  2084  371  330  5  -2  
15  0  15  2095  371  330  5  -2  
15  0  15  2106  371  330  5  -2  
15  0  15  2113  371  330  5  -2  
15  0  15  2122  371  330  5  -2  
15  0  15  2130  371  330  5  -2  
15  0  15  2139  371  330  5  -2  
15  0  15  2147  371  330  5  -2  
15  0  15  2155  371  330  5  -2  
15  0  15  2163  371  330  5  -2  
15  0  15  2173  371  330  5  -2  
15  0  15  2180  371  330  5  -2  
15  0  15  2190  371  330  5  -2  
