14  19  4  0  358  319  1  -2  
14  19  4  10  358  319  1  -2  
14  19  4  17  358  319  1  -2  
14  19  4  28  358  319  1  -2  
14  19  4  34  358  319  1  -2  
14  19  4  42  358  319  1  -2  
14  19  4  50  358  319  1  -2  
14  19  4  60  358  319  1  -2  
14  19  4  67  358  319  1  -2  
14  19  4  77  358  319  1  -2  
14  19  4  83  358  319  1  -2  
14  19  4  94  358  319  1  -2  
14  19  4  99  358  319  1  -2  
14  19  4  110  358  319  1  -2  
14  19  4  117  358  319  1  -2  
14  19  4  127  358  319  1  -2  
14  19  4  132  358  319  1  -2  
14  19  4  143  358  319  1  -2  
14  19  4  149  358  319  1  -2  
14  19  4  159  358  319  1  -2  
14  19  4  166  358  319  1  -2  
14  19  4  174  358  319  1  -2  
14  19  4  183  358  319  1  -2  
14  19  4  193  358  319  1  -2  
14  19  4  199  358  319  1  -2  
14  19  4  210  358  319  1  -2  
14  19  4  218  358  319  1  -2  
14  19  4  225  358  319  1  -2  
14  19  4  232  358  319  1  -2  
14  19  4  242  358  319  1  -2  
14  19  4  249  358  319  1  -2  
14  19  4  259  358  319  1  -2  
14  19  4  267  358  319  1  -2  
14  19  4  276  358  319  1  -2  
14  19  4  282  358  319  1  -2  
14  19  4  291  358  319  1  -2  
14  19  4  299  358  319  1  -2  
14  19  4  309  358  319  1  -2  
14  19  4  316  358  319  1  -2  
14  19  4  326  358  319  1  -2  
14  19  4  333  358  319  1  -2  
14  19  4  342  358  319  1  -2  
14  19  4  349  358  318  1  -2  
14  19  4  359  359  317  1  -2  
14  19  4  366  363  317  1  -2  
14  19  4  376  369  317  1  -2  
14  19  4  383  379  317  1  -2  
14  19  4  393  386  317  1  -2  
14  19  4  399  396  317  1  -2  
14  19  4  410  406  317  1  -2  
14  19  4  416  431  317  1  -2  
14  19  4  426  431  317  1  -2  
14  19  4  434  453  317  1  -2  
14  19  4  444  463  317  1  -2  
14  19  4  450  468  317  1  -2  
14  19  4  461  473  317  1  -2  
14  19  4  468  478  317  1  -2  
14  19  4  477  482  317  1  -2  
14  19  4  484  486  317  1  -2  
14  19  4  493  491  317  1  -2  
14  19  4  500  496  317  2  -2  
14  19  4  510  503  317  2  -2  
14  19  4  516  511  317  2  -2  
14  19  4  526  523  317  2  -2  
14  19  4  533  533  317  2  -2  
14  19  4  543  540  317  2  -2  
14  19  4  550  543  317  2  -2  
14  19  4  560  544  317  2  -2  
14  19  4  568  544  317  2  -2  
14  19  4  576  544  317  2  -2  
14  19  4  584  544  317  2  -2  
14  19  4  592  544  317  2  -2  
14  19  4  600  544  317  2  -2  
14  19  4  610  544  317  2  -2  
14  19  4  617  544  317  2  -2  
14  19  4  627  544  317  2  -2  
14  19  4  633  544  317  2  -2  
14  19  4  642  544  317  2  -2  
14  19  4  650  544  317  2  -2  
14  19  4  660  544  317  2  -2  
14  19  4  667  544  317  2  -2  
14  19  4  676  544  317  2  -2  
14  19  4  683  544  317  2  -2  
14  19  4  693  544  317  2  -2  
14  19  4  700  544  317  2  -2  
14  19  4  711  544  317  2  -2  
14  19  4  717  544  317  2  -2  
14  19  4  727  544  317  2  -2  
14  19  4  733  544  317  2  -2  
14  19  4  743  544  317  2  -2  
14  19  4  750  544  317  2  -2  
14  19  4  760  544  317  2  -2  
14  19  4  767  544  317  2  -2  
14  19  4  776  544  317  2  -2  
14  19  4  784  536  317  2  -2  
14  19  4  793  531  317  2  -2  
14  19  4  800  522  317  2  -2  
14  19  4  810  512  317  2  -2  
14  19  4  817  492  317  2  -2  
14  19  4  826  492  317  2  -2  
14  19  4  834  467  317  2  -2  
14  19  4  842  454  317  2  -2  
14  19  4  852  441  317  2  -2  
14  19  4  861  429  317  2  -2  
14  19  4  868  417  317  2  -2  
14  19  4  876  406  317  2  -2  
14  19  4  883  394  317  3  -2  
14  19  4  893  385  316  3  -2  
14  19  4  900  377  316  3  -2  
14  19  4  910  370  315  3  -2  
14  19  4  916  367  313  3  -2  
14  19  4  926  366  313  3  -2  
14  19  4  934  366  313  3  -2  
14  19  5  943  366  313  3  -2  
14  19  5  950  366  313  3  -2  
14  19  5  960  366  313  3  -2  
14  19  5  968  366  313  3  -2  
14  19  5  976  366  313  3  -2  
14  19  5  984  366  313  3  -2  
14  19  5  992  366  313  3  -2  
14  19  5  1001  366  313  3  -2  
14  19  5  1010  366  313  3  -2  
14  19  5  1018  366  313  3  -2  
14  19  5  1027  366  313  3  -2  
14  19  5  1035  366  313  3  -2  
14  19  5  1042  366  313  3  -2  
14  19  5  1051  366  313  3  -2  
14  19  5  1060  366  313  3  -2  
14  19  5  1068  366  313  3  -2  
14  19  5  1076  366  313  3  -2  
14  19  5  1083  366  313  3  -2  
14  19  5  1093  366  313  3  -2  
14  19  5  1100  366  313  3  -2  
14  19  5  1110  366  313  3  -2  
14  19  5  1118  366  313  3  -2  
14  19  5  1126  366  313  3  -2  
14  19  5  1133  366  313  3  -2  
14  19  5  1142  366  313  3  -2  
14  19  5  1151  366  313  3  -2  
14  19  5  1160  366  313  3  -2  
14  19  5  1168  366  313  3  -2  
14  19  5  1177  366  313  3  -2  
14  19  5  1184  366  313  3  -2  
14  19  5  1192  366  313  3  -2  
14  19  5  1201  366  313  3  -2  
14  19  5  1210  366  313  3  -2  
14  19  5  1218  366  313  3  -2  
14  19  5  1225  366  313  3  -2  
14  19  5  1234  366  313  3  -2  
14  19  5  1242  366  313  3  -2  
14  19  5  1250  366  313  3  -2  
14  19  5  1260  366  313  3  -2  
14  19  5  1268  366  313  3  -2  
14  19  5  1277  366  313  3  -2  
14  19  5  1284  366  313  3  -2  
14  19  5  1292  366  313  3  -2  
14  19  5  1301  366  313  3  -2  
14  19  5  1309  366  313  3  -2  
14  19  5  1318  366  313  3  -2  
14  19  5  1325  366  313  3  -2  
14  19  5  1334  366  313  3  -2  
14  19  5  1342  366  313  3  -2  
14  19  5  1351  366  313  3  -2  
14  19  5  1360  366  313  3  -2  
14  19  5  1368  366  313  3  -2  
14  19  5  1376  366  313  3  -2  
14  19  5  1385  366  313  3  -2  
14  19  5  1392  366  313  3  -2  
14  19  5  1401  366  313  3  -2  
14  19  5  1409  366  313  3  -2  
14  19  5  1418  366  313  3  -2  
14  19  5  1427  366  313  3  -2  
14  19  5  1434  366  313  3  -2  
14  19  5  1442  366  313  3  -2  
14  19  5  1451  366  313  3  -2  
14  19  5  1460  366  313  3  -2  
14  19  5  1468  366  313  3  -2  
14  19  5  1475  369  313  3  -2  
14  19  5  1485  373  313  3  -2  
14  19  5  1493  374  313  3  -2  
14  19  5  1501  378  313  3  -2  
14  19  5  1510  383  313  3  -2  
14  19  5  1519  388  313  3  -2  
14  19  5  1527  395  313  3  -2  
14  19  5  1534  402  313  3  -2  
14  19  5  1544  410  313  3  -2  
14  19  5  1553  418  313  3  -2  
14  19  5  1560  428  313  3  -2  
14  19  5  1570  438  313  3  -2  
14  19  5  1578  448  313  3  -2  
14  19  5  1585  460  313  3  -2  
14  19  5  1593  470  313  3  -2  
14  19  5  1603  482  313  3  -2  
14  19  5  1612  499  313  4  -2  
14  19  5  1620  505  313  4  -2  
14  19  5  1629  512  313  4  -2  
14  19  5  1635  517  313  4  -2  
14  19  5  1645  521  313  4  -2  
14  19  5  1653  524  313  4  -2  
14  19  5  1661  525  313  4  -2  
14  19  5  1669  528  313  4  -2  
14  19  5  1678  529  313  4  -2  
14  19  5  1685  530  313  4  -2  
14  19  5  1695  533  313  4  -2  
14  19  5  1702  535  313  4  -2  
14  19  5  1711  540  314  4  -2  
14  19  5  1719  544  314  4  -2  
14  19  5  1729  547  314  4  -2  
14  19  5  1737  551  315  4  -2  
14  19  5  1744  552  315  4  -2  
14  19  5  1751  552  315  4  -2  
14  19  5  1761  552  315  4  -2  
14  19  5  1769  552  315  4  -2  
14  19  5  1778  552  315  4  -2  
14  19  5  1787  552  315  4  -2  
14  19  5  1795  552  315  4  -2  
14  19  5  1803  552  315  4  -2  
14  19  5  1811  552  315  4  -2  
14  19  5  1819  552  315  4  -2  
14  19  5  1828  552  315  4  -2  
14  19  5  1837  552  315  4  -2  
14  19  5  1846  552  315  4  -2  
14  19  5  1854  552  315  4  -2  
14  19  5  1864  552  315  4  -2  
14  19  5  1870  552  315  4  -2  
14  19  5  1878  552  315  4  -2  
14  19  5  1886  552  315  4  -2  
14  19  5  1894  552  315  4  -2  
14  19  5  1904  552  315  4  -2  
14  19  5  1913  552  315  4  -2  
14  19  5  1919  552  315  4  -2  
14  19  5  1929  552  315  4  -2  
14  19  5  1937  548  315  4  -2  
14  19  6  1943  542  315  4  -2  
14  19  6  1952  536  315  4  -2  
14  19  6  1962  526  315  4  -2  
14  19  6  1972  506  315  4  -2  
14  19  6  1979  498  315  4  -2  
14  19  6  1990  486  315  4  -2  
14  19  6  1995  475  315  4  -2  
14  19  6  2005  461  315  4  -2  
14  19  6  2012  448  315  4  -2  
14  19  6  2023  433  315  4  -2  
14  19  6  2029  420  315  4  -2  
14  19  6  2039  408  315  4  -2  
14  19  6  2047  400  315  4  -2  
