14  59  53  0  367  317  1  -2  
14  59  53  9  367  317  1  -2  
14  59  53  17  367  317  1  -2  
14  59  53  25  367  317  1  -2  
14  59  53  34  367  317  1  -2  
14  59  53  41  367  317  1  -2  
14  59  53  50  367  317  1  -2  
14  59  53  58  367  317  1  -2  
14  59  53  66  367  317  1  -2  
14  59  53  74  367  317  1  -2  
14  59  53  84  367  317  1  -2  
14  59  53  92  367  317  1  -2  
14  59  53  99  367  317  1  -2  
14  59  53  109  367  317  1  -2  
14  59  53  116  367  317  1  -2  
14  59  53  125  367  317  1  -2  
14  59  53  133  367  317  1  -2  
14  59  53  141  367  317  1  -2  
14  59  53  152  367  317  1  -2  
14  59  53  158  367  317  1  -2  
14  59  53  169  367  317  1  -2  
14  59  53  177  367  317  1  -2  
14  59  54  188  367  317  1  -2  
14  59  54  196  367  317  1  -2  
14  59  54  206  367  317  1  -2  
14  59  54  214  367  317  1  -2  
14  59  54  222  367  317  1  -2  
14  59  54  229  367  317  1  -2  
14  59  54  239  367  317  1  -2  
14  59  54  245  367  317  1  -2  
14  59  54  255  367  317  1  -2  
14  59  54  263  367  317  1  -2  
14  59  54  272  367  317  1  -2  
14  59  54  279  367  317  1  -2  
14  59  54  288  367  317  1  -2  
14  59  54  295  367  317  1  -2  
14  59  54  305  367  317  1  -2  
14  59  54  314  367  317  1  -2  
14  59  54  323  367  317  1  -2  
14  59  54  329  367  317  1  -2  
14  59  54  339  367  317  1  -2  
14  59  54  346  367  317  1  -2  
14  59  54  357  367  317  1  -2  
14  59  54  363  367  317  1  -2  
14  59  54  372  367  317  1  -2  
14  59  54  379  371  317  1  -2  
14  59  54  388  381  319  1  -2  
14  59  54  396  388  319  1  -2  
14  59  54  405  401  320  1  -2  
14  59  54  413  418  320  1  -2  
14  59  54  422  437  323  1  -2  
14  59  54  429  470  323  1  -2  
14  59  54  437  478  323  1  -2  
14  59  54  448  483  323  1  -2  
14  59  54  458  487  323  1  -2  
14  59  54  467  488  323  1  -2  
14  59  54  475  488  323  1  -2  
14  59  54  486  488  323  1  -2  
14  59  54  494  490  323  1  -2  
14  59  54  504  491  323  1  -2  
14  59  54  510  492  323  1  -2  
14  59  54  521  495  323  2  -2  
14  59  54  529  497  323  2  -2  
14  59  54  538  499  323  2  -2  
14  59  54  546  500  323  2  -2  
14  59  54  557  501  323  2  -2  
14  59  54  565  502  323  2  -2  
14  59  54  574  502  323  2  -2  
14  59  54  583  503  323  2  -2  
14  59  54  593  505  323  2  -2  
14  59  54  604  508  323  2  -2  
14  59  54  610  511  323  2  -2  
14  59  54  623  515  323  2  -2  
14  59  54  629  521  322  2  -2  
14  59  54  638  521  322  2  -2  
14  59  54  647  523  321  2  -2  
14  59  54  657  523  321  2  -2  
14  59  54  665  523  321  2  -2  
14  59  54  672  523  321  2  -2  
14  59  54  683  523  321  2  -2  
14  59  54  689  523  321  2  -2  
14  59  54  698  523  321  2  -2  
14  59  54  707  523  321  2  -2  
14  59  54  715  523  321  2  -2  
14  59  54  723  523  321  2  -2  
14  59  54  732  523  321  2  -2  
14  59  54  739  523  321  2  -2  
14  59  54  748  523  321  2  -2  
14  59  54  757  523  321  2  -2  
14  59  54  765  523  321  2  -2  
14  59  54  775  523  321  2  -2  
14  59  54  785  523  321  2  -2  
14  59  54  793  523  321  2  -2  
14  59  54  803  523  321  2  -2  
14  59  54  811  523  321  2  -2  
14  59  54  820  524  321  2  -2  
14  59  54  827  524  321  2  -2  
14  59  54  837  524  321  2  -2  
14  59  54  844  524  321  2  -2  
14  59  54  855  524  321  2  -2  
14  59  54  862  521  321  2  -2  
14  59  54  872  514  321  2  -2  
14  59  54  877  504  321  2  -2  
14  59  54  888  504  321  2  -2  
14  59  54  895  482  321  2  -2  
14  59  54  905  469  321  2  -2  
14  59  54  912  457  321  2  -2  
14  59  54  922  444  321  2  -2  
14  59  54  928  431  321  2  -2  
14  59  54  938  422  321  2  -2  
14  59  54  944  411  321  2  -2  
14  59  54  955  405  321  2  -2  
14  59  54  962  399  321  3  -2  
14  59  54  971  393  321  3  -2  
14  59  54  977  390  321  3  -2  
14  59  54  987  385  321  3  -2  
14  59  54  994  382  321  3  -2  
14  59  54  1004  380  321  3  -2  
14  59  54  1012  380  321  3  -2  
14  59  54  1021  377  321  3  -2  
14  59  54  1027  377  321  3  -2  
14  59  54  1037  377  321  3  -2  
14  59  54  1044  377  321  3  -2  
14  59  54  1055  377  321  3  -2  
14  59  54  1062  376  321  3  -2  
14  59  54  1071  374  321  3  -2  
14  59  54  1078  373  321  3  -2  
14  59  54  1088  372  321  3  -2  
14  59  54  1095  372  321  3  -2  
14  59  54  1105  371  321  3  -2  
14  59  54  1112  371  321  3  -2  
14  59  54  1122  371  321  3  -2  
14  59  54  1128  371  321  3  -2  
14  59  54  1137  371  321  3  -2  
14  59  54  1144  371  321  3  -2  
14  59  54  1155  371  321  3  -2  
14  59  54  1161  371  321  3  -2  
14  59  54  1171  371  321  3  -2  
14  59  54  1177  371  321  3  -2  
14  59  55  1187  371  321  3  -2  
14  59  55  1194  371  321  3  -2  
14  59  55  1206  371  321  3  -2  
14  59  55  1214  371  321  3  -2  
14  59  55  1223  371  321  3  -2  
14  59  55  1232  371  321  3  -2  
14  59  55  1240  371  321  3  -2  
14  59  55  1248  371  321  3  -2  
14  59  55  1256  371  321  3  -2  
14  59  55  1264  371  321  3  -2  
14  59  55  1273  371  321  3  -2  
14  59  55  1282  371  321  3  -2  
14  59  55  1290  371  321  3  -2  
14  59  55  1299  371  321  3  -2  
14  59  55  1306  371  321  3  -2  
14  59  55  1314  371  321  3  -2  
14  59  55  1324  371  321  3  -2  
14  59  55  1332  371  321  3  -2  
14  59  55  1339  371  321  3  -2  
14  59  55  1349  371  321  3  -2  
14  59  55  1357  371  321  3  -2  
14  59  55  1364  371  321  3  -2  
14  59  55  1374  371  321  3  -2  
14  59  55  1382  371  321  3  -2  
14  59  55  1390  371  321  3  -2  
14  59  55  1400  371  321  3  -2  
14  59  55  1408  371  321  3  -2  
14  59  55  1416  371  321  3  -2  
14  59  55  1425  371  321  3  -2  
14  59  55  1436  371  321  3  -2  
14  59  55  1443  371  321  3  -2  
14  59  55  1452  371  321  3  -2  
14  59  55  1460  370  321  3  -2  
14  59  55  1469  370  321  3  -2  
14  59  55  1477  370  323  3  -2  
14  59  55  1488  374  323  3  -2  
14  59  55  1496  389  323  3  -2  
14  59  55  1506  399  323  3  -2  
14  59  55  1513  414  323  3  -2  
14  59  55  1521  429  323  3  -2  
14  59  55  1530  444  323  3  -2  
14  59  55  1537  459  323  3  -2  
14  59  55  1546  474  323  3  -2  
14  59  55  1555  485  323  3  -2  
14  59  55  1563  497  323  4  -2  
14  59  55  1572  507  323  4  -2  
14  59  55  1579  514  323  4  -2  
14  59  55  1588  519  323  4  -2  
14  59  55  1595  520  323  4  -2  
14  59  55  1605  520  323  4  -2  
14  59  55  1614  520  323  4  -2  
14  59  55  1621  520  323  4  -2  
14  59  55  1629  520  323  4  -2  
14  59  55  1637  520  323  4  -2  
14  59  55  1646  520  323  4  -2  
14  59  55  1655  520  323  4  -2  
14  59  55  1663  520  323  4  -2  
14  59  55  1672  520  323  4  -2  
14  59  55  1680  520  323  4  -2  
14  59  55  1688  520  323  4  -2  
14  59  55  1696  520  323  4  -2  
14  59  55  1705  520  323  4  -2  
14  59  55  1713  520  323  4  -2  
14  59  55  1722  520  323  4  -2  
14  59  55  1729  522  323  4  -2  
14  59  55  1737  522  323  4  -2  
14  59  55  1747  523  323  4  -2  
14  59  55  1754  523  323  4  -2  
14  59  55  1763  523  323  4  -2  
14  59  55  1770  523  323  4  -2  
14  59  55  1779  523  323  4  -2  
14  59  55  1787  523  323  4  -2  
14  59  55  1796  521  322  4  -2  
14  59  55  1804  510  321  4  -2  
14  59  55  1814  491  318  4  -2  
14  59  55  1822  450  313  4  -2  
14  59  55  1832  432  313  4  -2  
14  59  55  1839  414  313  4  -2  
14  59  55  1848  397  313  5  -2  
14  59  55  1856  386  313  5  -2  
14  59  55  1865  376  313  5  -2  
14  59  55  1873  370  313  5  -2  
14  59  55  1881  368  313  5  -2  
14  59  55  1889  365  313  5  -2  
14  59  55  1897  361  313  5  -2  
14  59  55  1907  360  312  5  -2  
14  59  55  1914  357  312  5  -2  
14  59  55  1923  355  312  5  -2  
14  59  55  1931  355  312  5  -2  
14  59  55  1939  355  312  5  -2  
14  59  55  1948  355  312  5  -2  
14  59  55  1957  355  312  5  -2  
14  59  55  1965  355  312  5  -2  
14  59  55  1974  355  312  5  -2  
14  59  55  1982  355  312  5  -2  
14  59  55  1990  355  312  5  -2  
14  59  55  1998  355  312  5  -2  
14  59  55  2006  355  312  5  -2  
14  59  55  2015  355  312  5  -2  
14  59  55  2023  355  312  5  -2  
14  59  55  2031  355  312  5  -2  
14  59  55  2038  355  312  5  -2  
14  59  55  2047  355  312  5  -2  
14  59  55  2055  355  312  5  -2  
14  59  55  2064  355  312  5  -2  
14  59  55  2073  355  312  5  -2  
14  59  55  2081  355  312  5  -2  
14  59  55  2090  355  312  5  -2  
14  59  55  2097  355  312  5  -2  
14  59  55  2106  355  312  5  -2  
14  59  55  2114  355  312  5  -2  
14  59  55  2123  355  312  5  -2  
14  59  55  2131  355  312  5  -2  
14  59  55  2140  355  312  5  -2  
14  59  55  2147  355  312  5  -2  
14  59  55  2157  355  312  5  -2  
14  59  55  2165  355  312  5  -2  
14  59  55  2173  355  312  5  -2  
14  59  56  2181  355  312  5  -2  
14  59  56  2190  355  312  5  -2  
14  59  56  2197  355  312  5  -2  
14  59  56  2206  355  312  5  -2  
14  59  56  2214  355  312  5  -2  
14  59  56  2223  355  312  5  -2  
14  59  56  2231  355  312  5  -2  
14  59  56  2239  355  312  5  -2  
14  59  56  2247  355  312  5  -2  
14  59  56  2255  355  312  5  -2  
14  59  56  2264  355  312  5  -2  
14  59  56  2273  355  312  5  -2  
14  59  56  2280  355  312  5  -2  
14  59  56  2288  355  312  5  -2  
14  59  56  2297  355  312  5  -2  
14  59  56  2307  355  312  5  -2  
14  59  56  2314  355  312  5  -2  
14  59  56  2323  355  312  5  -2  
14  59  56  2331  355  312  5  -2  
14  59  56  2339  355  312  5  -2  
14  59  56  2348  355  312  5  -2  
14  59  56  2357  355  312  5  -2  
14  59  56  2365  355  312  5  -2  
