14  18  18  0  367  317  1  -2  
14  18  18  7  367  317  1  -2  
14  18  18  19  367  317  1  -2  
14  18  18  26  367  317  1  -2  
14  18  18  35  367  317  1  -2  
14  18  18  42  367  317  1  -2  
14  18  18  51  367  317  1  -2  
14  18  18  59  367  317  1  -2  
14  18  18  68  367  317  1  -2  
14  18  18  76  367  317  1  -2  
14  18  18  85  367  317  1  -2  
14  18  18  93  367  317  1  -2  
14  18  18  102  367  317  1  -2  
14  18  18  109  367  317  1  -2  
14  18  18  118  367  317  1  -2  
14  18  18  127  367  317  1  -2  
14  18  18  135  367  317  1  -2  
14  18  18  142  367  317  1  -2  
14  18  18  151  367  317  1  -2  
14  18  18  159  367  317  1  -2  
14  18  18  169  367  317  1  -2  
14  18  18  177  367  317  1  -2  
14  18  18  185  367  317  1  -2  
14  18  18  193  367  317  1  -2  
14  18  18  202  367  317  1  -2  
14  18  18  208  367  317  1  -2  
14  18  18  218  367  317  1  -2  
14  18  18  227  367  317  1  -2  
14  18  18  236  367  317  1  -2  
14  18  18  242  367  317  1  -2  
14  18  18  252  367  317  1  -2  
14  18  18  259  367  317  1  -2  
14  18  18  269  367  317  1  -2  
14  18  18  275  367  317  1  -2  
14  18  18  286  367  317  1  -2  
14  18  18  292  367  317  1  -2  
14  18  18  301  367  317  1  -2  
14  18  18  309  367  317  1  -2  
14  18  18  319  367  317  1  -2  
14  18  18  327  367  317  1  -2  
14  18  18  335  367  317  1  -2  
14  18  18  343  367  317  1  -2  
14  18  18  352  367  317  1  -2  
14  18  18  359  367  317  1  -2  
14  18  18  369  367  317  1  -2  
14  18  18  376  367  317  1  -2  
14  18  18  385  367  317  1  -2  
14  18  18  393  367  317  1  -2  
14  18  18  401  367  317  1  -2  
14  18  18  410  367  317  1  -2  
14  18  18  419  367  317  1  -2  
14  18  18  427  367  317  1  -2  
14  18  18  435  367  317  1  -2  
14  18  18  442  367  317  1  -2  
14  18  18  451  367  317  1  -2  
14  18  18  459  367  317  1  -2  
14  18  18  468  367  317  1  -2  
14  18  18  478  367  317  1  -2  
14  18  18  487  367  317  1  -2  
14  18  18  495  367  317  1  -2  
14  18  18  503  367  317  1  -2  
14  18  18  512  367  317  1  -2  
14  18  18  521  367  317  1  -2  
14  18  18  531  367  317  1  -2  
14  18  18  539  367  317  1  -2  
14  18  18  549  367  317  1  -2  
14  18  18  557  367  317  1  -2  
14  18  18  569  367  317  1  -2  
14  18  18  576  367  317  1  -2  
14  18  18  586  367  317  1  -2  
14  18  18  593  367  317  1  -2  
14  18  18  602  367  317  1  -2  
14  18  18  611  367  317  1  -2  
14  18  18  621  367  317  1  -2  
14  18  18  631  367  317  1  -2  
14  18  18  639  367  317  1  -2  
14  18  18  650  368  317  1  -2  
14  18  18  658  372  317  1  -2  
14  18  18  668  377  317  1  -2  
14  18  19  677  394  317  1  -2  
14  18  19  693  402  317  1  -2  
14  18  19  703  424  317  1  -2  
14  18  19  712  432  317  1  -2  
14  18  19  722  439  317  1  -2  
14  18  19  732  446  317  1  -2  
14  18  19  741  452  317  1  -2  
14  18  19  754  454  317  1  -2  
14  18  19  763  454  317  1  -2  
14  18  19  773  468  317  1  -2  
14  18  19  783  478  320  1  -2  
14  18  19  792  488  321  1  -2  
14  18  19  803  502  322  2  -2  
14  18  19  810  525  324  2  -2  
14  18  19  820  525  324  2  -2  
14  18  19  827  537  324  2  -2  
14  18  19  835  538  324  2  -2  
14  18  19  843  538  324  2  -2  
14  18  19  851  538  324  2  -2  
14  18  19  860  538  324  2  -2  
14  18  19  868  538  324  2  -2  
14  18  19  877  538  324  2  -2  
14  18  19  885  538  324  2  -2  
14  18  19  894  538  324  2  -2  
14  18  19  901  538  324  2  -2  
14  18  19  910  538  324  2  -2  
14  18  19  918  538  324  2  -2  
14  18  19  927  538  324  2  -2  
14  18  19  935  538  324  2  -2  
14  18  19  943  538  324  2  -2  
14  18  19  951  538  324  2  -2  
14  18  19  959  538  324  2  -2  
14  18  19  969  538  324  2  -2  
14  18  19  977  538  324  2  -2  
14  18  19  985  538  324  2  -2  
14  18  19  993  538  324  2  -2  
14  18  19  1001  538  324  2  -2  
14  18  19  1010  538  324  2  -2  
14  18  19  1018  538  324  2  -2  
14  18  19  1027  538  324  2  -2  
14  18  19  1035  538  324  2  -2  
14  18  19  1043  538  324  2  -2  
14  18  19  1051  538  324  2  -2  
14  18  19  1062  538  324  2  -2  
14  18  19  1069  538  324  2  -2  
14  18  19  1077  538  324  2  -2  
14  18  19  1087  538  324  2  -2  
14  18  19  1095  538  324  2  -2  
14  18  19  1102  538  324  2  -2  
14  18  19  1111  538  324  2  -2  
14  18  19  1119  538  324  2  -2  
14  18  19  1127  538  324  2  -2  
14  18  19  1137  538  324  2  -2  
14  18  19  1144  538  324  2  -2  
14  18  19  1153  538  324  2  -2  
14  18  19  1161  538  324  2  -2  
14  18  19  1171  537  324  2  -2  
14  18  19  1178  526  324  2  -2  
14  18  19  1187  526  324  2  -2  
14  18  19  1195  509  324  2  -2  
14  18  19  1204  502  324  2  -2  
14  18  19  1212  494  324  2  -2  
14  18  19  1221  484  324  2  -2  
14  18  19  1229  471  324  2  -2  
14  18  19  1239  457  324  2  -2  
14  18  19  1246  442  324  2  -2  
14  18  19  1255  429  324  2  -2  
14  18  19  1262  416  324  2  -2  
14  18  19  1271  404  324  2  -2  
14  18  19  1280  396  324  3  -2  
14  18  19  1288  387  324  3  -2  
14  18  19  1299  382  324  3  -2  
14  18  19  1304  377  324  3  -2  
14  18  19  1312  376  324  3  -2  
14  18  19  1321  376  324  3  -2  
14  18  19  1332  376  324  3  -2  
14  18  19  1338  376  324  3  -2  
14  18  19  1348  376  324  3  -2  
14  18  19  1355  376  324  3  -2  
14  18  19  1364  376  324  3  -2  
14  18  19  1371  376  324  3  -2  
14  18  19  1381  376  324  3  -2  
14  18  19  1388  376  324  3  -2  
14  18  19  1398  376  324  3  -2  
14  18  19  1405  376  324  3  -2  
14  18  19  1413  376  324  3  -2  
14  18  19  1422  376  324  3  -2  
14  18  19  1430  376  324  3  -2  
14  18  19  1437  376  324  3  -2  
14  18  19  1447  376  324  3  -2  
14  18  19  1455  376  324  3  -2  
14  18  19  1465  376  324  3  -2  
14  18  19  1471  376  324  3  -2  
14  18  19  1482  376  324  3  -2  
14  18  19  1488  376  324  3  -2  
14  18  19  1498  376  324  3  -2  
14  18  19  1506  376  324  3  -2  
14  18  19  1515  376  324  3  -2  
14  18  19  1521  376  324  3  -2  
14  18  19  1531  376  324  3  -2  
14  18  19  1539  376  324  3  -2  
14  18  19  1549  376  324  3  -2  
14  18  19  1555  376  324  3  -2  
14  18  19  1565  376  324  3  -2  
14  18  19  1571  376  324  3  -2  
14  18  19  1582  376  324  3  -2  
14  18  19  1589  376  324  3  -2  
14  18  19  1599  376  324  3  -2  
14  18  19  1606  376  324  3  -2  
14  18  19  1615  376  324  3  -2  
14  18  19  1621  376  324  3  -2  
14  18  19  1632  376  324  3  -2  
14  18  19  1639  376  324  3  -2  
14  18  19  1649  376  324  3  -2  
14  18  19  1656  376  324  3  -2  
14  18  19  1665  376  324  3  -2  
14  18  20  1672  376  324  3  -2  
14  18  20  1682  376  324  3  -2  
14  18  20  1690  376  324  3  -2  
14  18  20  1699  376  324  3  -2  
14  18  20  1706  376  324  3  -2  
14  18  20  1715  376  324  3  -2  
14  18  20  1723  376  324  3  -2  
14  18  20  1732  376  324  3  -2  
14  18  20  1739  376  324  3  -2  
14  18  20  1749  376  324  3  -2  
14  18  20  1757  376  324  3  -2  
14  18  20  1766  376  324  3  -2  
14  18  20  1774  376  324  3  -2  
14  18  20  1784  376  324  3  -2  
14  18  20  1789  376  324  3  -2  
14  18  20  1799  376  324  3  -2  
14  18  20  1807  376  324  3  -2  
14  18  20  1817  376  324  3  -2  
14  18  20  1824  376  324  3  -2  
14  18  20  1833  376  324  3  -2  
14  18  20  1840  376  324  3  -2  
14  18  20  1850  376  324  3  -2  
14  18  20  1858  376  324  3  -2  
14  18  20  1867  376  324  3  -2  
14  18  20  1873  376  324  3  -2  
14  18  20  1884  376  324  3  -2  
14  18  20  1890  376  324  3  -2  
14  18  20  1900  376  324  3  -2  
14  18  20  1908  377  324  3  -2  
14  18  20  1918  380  324  3  -2  
14  18  20  1923  382  324  3  -2  
14  18  20  1934  387  324  3  -2  
14  18  20  1940  391  324  3  -2  
14  18  20  1950  395  324  3  -2  
14  18  20  1957  400  324  3  -2  
14  18  20  1967  401  324  3  -2  
14  18  20  1975  404  324  3  -2  
14  18  20  1983  406  325  3  -2  
14  18  20  1991  407  325  3  -2  
14  18  20  2000  409  325  3  -2  
14  18  20  2008  414  325  3  -2  
14  18  20  2017  419  326  3  -2  
14  18  20  2025  424  326  3  -2  
14  18  20  2034  435  328  3  -2  
14  18  20  2040  462  332  3  -2  
14  18  20  2050  462  332  3  -2  
14  18  20  2059  484  334  3  -2  
14  18  20  2067  492  334  3  -2  
14  18  20  2075  495  334  3  -2  
14  18  20  2083  495  334  3  -2  
14  18  20  2092  495  334  3  -2  
14  18  20  2101  495  334  3  -2  
14  18  20  2107  495  334  3  -2  
14  18  20  2117  495  334  3  -2  
14  18  20  2125  495  334  3  -2  
14  18  20  2133  495  334  3  -2  
14  18  20  2140  495  334  3  -2  
14  18  20  2150  495  334  3  -2  
14  18  20  2158  497  334  3  -2  
14  18  20  2167  497  334  3  -2  
14  18  20  2175  497  334  3  -2  
14  18  20  2184  498  334  3  -2  
14  18  20  2192  498  334  3  -2  
14  18  20  2200  498  334  3  -2  
14  18  20  2207  498  334  3  -2  
14  18  20  2217  498  334  3  -2  
14  18  20  2225  499  334  3  -2  
14  18  20  2233  499  334  3  -2  
14  18  20  2241  501  334  4  -2  
14  18  20  2250  501  334  4  -2  
14  18  20  2258  504  334  4  -2  
14  18  20  2267  504  334  4  -2  
14  18  20  2275  510  334  4  -2  
14  18  20  2284  510  334  4  -2  
14  18  20  2291  511  334  4  -2  
14  18  20  2300  511  334  4  -2  
14  18  20  2308  511  334  4  -2  
14  18  20  2318  511  334  4  -2  
14  18  20  2325  511  334  4  -2  
14  18  20  2333  511  334  4  -2  
14  18  20  2341  511  334  4  -2  
14  18  20  2350  513  334  4  -2  
14  18  20  2358  513  334  4  -2  
14  18  20  2367  513  334  4  -2  
14  18  20  2375  513  334  4  -2  
14  18  20  2385  513  334  4  -2  
14  18  20  2393  513  334  4  -2  
14  18  20  2402  513  334  4  -2  
14  18  20  2410  513  334  4  -2  
14  18  20  2420  513  334  4  -2  
14  18  20  2428  513  334  4  -2  
14  18  20  2436  513  334  4  -2  
14  18  20  2444  514  334  4  -2  
14  18  20  2452  514  334  4  -2  
14  18  20  2460  514  334  4  -2  
14  18  20  2470  514  334  4  -2  
14  18  20  2478  514  334  4  -2  
14  18  20  2487  514  334  4  -2  
14  18  20  2496  514  334  4  -2  
14  18  20  2502  514  334  4  -2  
14  18  20  2511  514  334  4  -2  
14  18  20  2520  514  334  4  -2  
14  18  20  2528  514  334  4  -2  
14  18  20  2536  514  334  4  -2  
14  18  20  2544  514  334  4  -2  
14  18  20  2552  514  334  4  -2  
14  18  20  2561  514  334  4  -2  
14  18  20  2569  514  334  4  -2  
14  18  20  2577  514  334  4  -2  
14  18  20  2586  514  334  4  -2  
14  18  20  2597  514  334  4  -2  
14  18  20  2605  514  334  4  -2  
14  18  20  2615  514  334  4  -2  
14  18  20  2622  508  334  4  -2  
14  18  20  2632  496  333  4  -2  
14  18  20  2640  483  331  4  -2  
14  18  20  2650  471  330  4  -2  
14  18  20  2657  443  330  4  -2  
14  18  20  2668  443  330  4  -2  
14  18  21  2676  418  326  4  -2  
14  18  21  2684  406  325  4  -2  
