15  0  0  0  355  312  1  -2  
15  0  0  9  355  312  1  -2  
15  0  0  17  355  312  1  -2  
15  0  0  25  355  312  1  -2  
15  0  0  34  355  312  1  -2  
15  0  0  41  355  312  1  -2  
15  0  0  50  355  312  1  -2  
15  0  0  58  355  312  1  -2  
15  0  0  66  355  312  1  -2  
15  0  0  75  355  312  1  -2  
15  0  0  84  355  312  1  -2  
15  0  0  92  355  312  1  -2  
15  0  0  100  355  312  1  -2  
15  0  0  108  355  312  1  -2  
15  0  0  117  355  312  1  -2  
15  0  0  125  355  312  1  -2  
15  0  0  134  355  312  1  -2  
15  0  0  141  355  312  1  -2  
15  0  0  150  355  312  1  -2  
15  0  0  158  355  312  1  -2  
15  0  0  167  355  312  1  -2  
15  0  0  175  355  312  1  -2  
15  0  0  185  355  312  1  -2  
15  0  0  192  355  312  1  -2  
15  0  0  200  355  312  1  -2  
15  0  0  208  355  312  1  -2  
15  0  0  218  355  312  1  -2  
15  0  0  227  355  312  1  -2  
15  0  0  234  355  312  1  -2  
15  0  0  242  355  312  1  -2  
15  0  0  251  355  312  1  -2  
15  0  0  258  357  313  1  -2  
15  0  0  267  357  313  1  -2  
15  0  0  275  373  316  1  -2  
15  0  0  283  385  316  1  -2  
15  0  0  292  397  317  1  -2  
15  0  0  302  409  319  1  -2  
15  0  0  308  424  323  1  -2  
15  0  0  317  437  324  1  -2  
15  0  0  326  451  326  1  -2  
15  0  0  335  461  327  1  -2  
15  0  0  342  471  327  1  -2  
15  0  0  351  478  327  1  -2  
15  0  0  358  485  327  1  -2  
15  0  0  366  493  327  1  -2  
15  0  0  377  503  329  2  -2  
15  0  0  384  513  329  2  -2  
15  0  0  392  523  329  2  -2  
15  0  0  401  533  329  2  -2  
15  0  0  410  544  329  2  -2  
15  0  0  418  550  329  2  -2  
15  0  0  427  555  329  2  -2  
15  0  0  435  557  330  2  -2  
15  0  0  443  557  330  2  -2  
15  0  0  453  557  330  2  -2  
15  0  0  463  557  330  2  -2  
15  0  0  471  557  330  2  -2  
15  0  0  481  557  330  2  -2  
15  0  0  487  557  330  2  -2  
15  0  0  497  557  330  2  -2  
15  0  0  503  557  330  2  -2  
15  0  0  514  557  330  2  -2  
15  0  0  521  557  330  2  -2  
15  0  0  532  557  330  2  -2  
15  0  0  540  557  330  2  -2  
15  0  0  550  557  330  2  -2  
15  0  0  558  557  330  2  -2  
15  0  0  568  557  330  2  -2  
15  0  0  584  557  330  2  -2  
15  0  0  592  557  330  2  -2  
15  0  0  602  557  330  2  -2  
15  0  0  613  557  330  2  -2  
15  0  0  620  557  330  2  -2  
15  0  0  631  557  330  2  -2  
15  0  0  637  557  330  2  -2  
15  0  0  647  557  330  2  -2  
15  0  0  653  557  330  2  -2  
15  0  0  662  557  330  2  -2  
15  0  0  670  557  330  2  -2  
15  0  0  680  557  330  2  -2  
15  0  0  687  557  330  2  -2  
15  0  0  697  557  330  2  -2  
15  0  0  703  557  330  2  -2  
15  0  1  714  557  330  2  -2  
15  0  1  722  557  330  2  -2  
15  0  1  731  557  330  2  -2  
15  0  1  738  557  330  2  -2  
15  0  1  747  557  330  2  -2  
15  0  1  755  557  330  2  -2  
15  0  1  764  557  330  2  -2  
15  0  1  770  557  330  2  -2  
15  0  1  781  557  330  2  -2  
15  0  1  786  557  330  2  -2  
15  0  1  796  557  330  2  -2  
15  0  1  803  557  330  2  -2  
15  0  1  813  557  330  2  -2  
15  0  1  820  557  330  2  -2  
15  0  1  830  557  330  2  -2  
15  0  1  837  557  330  2  -2  
15  0  1  846  557  330  2  -2  
15  0  1  854  558  331  2  -2  
15  0  1  863  558  331  2  -2  
15  0  1  869  558  331  2  -2  
15  0  1  879  558  331  2  -2  
15  0  1  887  558  331  2  -2  
15  0  1  896  558  331  2  -2  
15  0  1  903  557  331  2  -2  
15  0  1  913  557  331  2  -2  
15  0  1  919  557  331  2  -2  
15  0  1  929  556  331  2  -2  
15  0  1  937  554  331  2  -2  
15  0  1  946  552  331  2  -2  
15  0  1  952  544  332  2  -2  
15  0  1  963  544  332  2  -2  
15  0  1  970  537  332  2  -2  
15  0  1  981  533  332  2  -2  
15  0  1  989  528  332  2  -2  
15  0  1  999  521  332  2  -2  
15  0  1  1008  513  332  2  -2  
15  0  1  1018  504  332  2  -2  
15  0  1  1026  493  332  2  -2  
15  0  1  1033  484  332  2  -2  
15  0  1  1041  473  332  2  -2  
15  0  1  1049  461  332  2  -2  
15  0  1  1058  448  332  2  -2  
15  0  1  1067  416  332  2  -2  
15  0  1  1076  401  332  2  -2  
15  0  1  1085  390  332  3  -2  
15  0  1  1092  380  332  3  -2  
15  0  1  1101  368  332  3  -2  
15  0  1  1109  361  332  3  -2  
15  0  1  1117  356  332  3  -2  
15  0  1  1126  353  332  3  -2  
15  0  1  1133  352  332  3  -2  
15  0  1  1142  352  332  3  -2  
15  0  1  1150  352  332  3  -2  
15  0  1  1157  352  332  3  -2  
15  0  1  1167  352  332  3  -2  
15  0  1  1176  352  332  3  -2  
15  0  1  1184  352  332  3  -2  
15  0  1  1192  352  332  3  -2  
15  0  1  1201  352  332  3  -2  
15  0  1  1210  352  332  3  -2  
15  0  1  1218  352  332  3  -2  
15  0  1  1226  352  332  3  -2  
15  0  1  1233  352  332  3  -2  
15  0  1  1242  352  332  3  -2  
15  0  1  1250  352  332  3  -2  
15  0  1  1260  352  332  3  -2  
15  0  1  1267  352  332  3  -2  
15  0  1  1276  352  332  3  -2  
15  0  1  1283  352  332  3  -2  
15  0  1  1292  352  332  3  -2  
15  0  1  1301  352  332  3  -2  
15  0  1  1308  352  332  3  -2  
15  0  1  1317  352  332  3  -2  
15  0  1  1326  352  332  3  -2  
15  0  1  1335  352  332  3  -2  
15  0  1  1342  352  332  3  -2  
15  0  1  1350  352  332  3  -2  
15  0  1  1360  352  332  3  -2  
15  0  1  1367  352  332  3  -2  
15  0  1  1376  352  332  3  -2  
15  0  1  1384  352  332  3  -2  
15  0  1  1393  352  332  3  -2  
15  0  1  1402  352  332  3  -2  
15  0  1  1411  352  332  3  -2  
15  0  1  1419  352  332  3  -2  
15  0  1  1430  352  332  3  -2  
15  0  1  1437  352  332  3  -2  
15  0  1  1449  352  332  3  -2  
15  0  1  1457  352  332  3  -2  
15  0  1  1466  352  332  3  -2  
15  0  1  1475  359  332  3  -2  
15  0  1  1483  382  332  3  -2  
15  0  1  1494  397  332  3  -2  
15  0  1  1501  414  332  3  -2  
15  0  1  1512  430  335  3  -2  
15  0  1  1518  444  335  3  -2  
15  0  1  1528  457  335  3  -2  
15  0  1  1536  469  335  3  -2  
15  0  1  1545  477  335  3  -2  
15  0  1  1552  487  336  3  -2  
15  0  1  1561  492  336  3  -2  
15  0  1  1568  495  336  3  -2  
15  0  1  1579  499  336  3  -2  
15  0  1  1587  503  336  4  -2  
15  0  1  1596  506  336  4  -2  
15  0  1  1603  506  336  4  -2  
15  0  1  1611  507  336  4  -2  
15  0  1  1618  507  336  4  -2  
15  0  1  1629  507  336  4  -2  
15  0  1  1637  509  336  4  -2  
15  0  1  1647  510  336  4  -2  
15  0  1  1652  511  336  4  -2  
15  0  1  1662  512  336  4  -2  
15  0  1  1669  514  336  4  -2  
15  0  1  1681  515  336  4  -2  
15  0  1  1687  515  336  4  -2  
15  0  1  1698  518  336  4  -2  
15  0  1  1705  519  336  4  -2  
15  0  1  1713  519  336  4  -2  
15  0  2  1720  519  336  4  -2  
15  0  2  1730  519  336  4  -2  
15  0  2  1738  519  336  4  -2  
15  0  2  1747  519  336  4  -2  
15  0  2  1755  519  336  4  -2  
15  0  2  1763  519  336  4  -2  
15  0  2  1770  519  336  4  -2  
15  0  2  1780  519  336  4  -2  
15  0  2  1787  519  336  4  -2  
15  0  2  1798  521  336  4  -2  
15  0  2  1805  523  336  4  -2  
15  0  2  1814  523  336  4  -2  
15  0  2  1821  525  336  4  -2  
15  0  2  1830  525  336  4  -2  
15  0  2  1837  526  336  4  -2  
15  0  2  1847  526  336  4  -2  
15  0  2  1855  526  336  4  -2  
15  0  2  1863  526  336  4  -2  
15  0  2  1871  526  336  4  -2  
15  0  2  1880  526  336  4  -2  
15  0  2  1887  526  336  4  -2  
15  0  2  1897  527  335  4  -2  
15  0  2  1904  527  335  4  -2  
15  0  2  1913  527  335  4  -2  
15  0  2  1921  527  335  4  -2  
15  0  2  1931  527  335  4  -2  
15  0  2  1938  527  335  4  -2  
15  0  2  1948  527  335  4  -2  
15  0  2  1956  527  335  4  -2  
15  0  2  1966  527  335  4  -2  
15  0  2  1976  527  335  4  -2  
15  0  2  1986  527  335  4  -2  
15  0  2  1994  527  335  4  -2  
15  0  2  2002  522  335  4  -2  
15  0  2  2011  516  335  4  -2  
15  0  2  2021  497  334  4  -2  
15  0  2  2032  484  333  4  -2  
15  0  2  2041  472  333  4  -2  
15  0  2  2050  460  333  4  -2  
15  0  2  2058  450  333  4  -2  
15  0  2  2067  439  333  4  -2  
15  0  2  2075  418  330  4  -2  
15  0  2  2084  408  330  4  -2  
15  0  2  2092  403  330  4  -2  
15  0  2  2101  398  330  4  -2  
15  0  2  2109  394  329  5  -2  
15  0  2  2116  389  329  5  -2  
15  0  2  2125  387  329  5  -2  
15  0  2  2134  386  329  5  -2  
15  0  2  2142  384  329  5  -2  
15  0  2  2150  382  329  5  -2  
15  0  2  2158  381  329  5  -2  
15  0  2  2166  380  329  5  -2  
15  0  2  2175  380  329  5  -2  
15  0  2  2183  379  329  5  -2  
15  0  2  2191  379  329  5  -2  
15  0  2  2200  379  329  5  -2  
15  0  2  2208  379  329  5  -2  
15  0  2  2217  379  329  5  -2  
15  0  2  2225  379  329  5  -2  
15  0  2  2233  379  329  5  -2  
15  0  2  2241  379  329  5  -2  
15  0  2  2249  379  329  5  -2  
15  0  2  2257  379  329  5  -2  
15  0  2  2266  379  329  5  -2  
15  0  2  2275  379  329  5  -2  
15  0  2  2283  379  329  5  -2  
15  0  2  2292  379  329  5  -2  
15  0  2  2301  377  329  5  -2  
15  0  2  2308  376  329  5  -2  
15  0  2  2316  376  329  5  -2  
15  0  2  2325  376  329  5  -2  
15  0  2  2334  375  329  5  -2  
15  0  2  2342  375  329  5  -2  
15  0  2  2351  375  329  5  -2  
15  0  2  2358  373  329  5  -2  
15  0  2  2366  373  329  5  -2  
15  0  2  2376  373  329  5  -2  
15  0  2  2382  371  329  5  -2  
15  0  2  2392  370  329  5  -2  
15  0  2  2401  370  329  5  -2  
15  0  2  2409  369  329  5  -2  
15  0  2  2417  369  329  5  -2  
15  0  2  2425  369  329  5  -2  
15  0  2  2434  369  329  5  -2  
15  0  2  2442  369  329  5  -2  
15  0  2  2449  369  329  5  -2  
15  0  2  2458  369  329  5  -2  
15  0  2  2466  369  329  5  -2  
15  0  2  2475  369  329  5  -2  
15  0  2  2483  369  329  5  -2  
15  0  2  2492  369  329  5  -2  
15  0  2  2500  369  329  5  -2  
15  0  2  2509  369  329  5  -2  
15  0  2  2517  369  329  5  -2  
15  0  2  2526  369  329  5  -2  
15  0  2  2533  369  329  5  -2  
15  0  2  2541  369  329  5  -2  
15  0  2  2550  369  329  5  -2  
15  0  2  2557  369  329  5  -2  
15  0  2  2565  369  329  5  -2  
15  0  2  2574  369  329  5  -2  
15  0  2  2582  369  329  5  -2  
15  0  2  2590  369  329  5  -2  
15  0  2  2600  369  329  5  -2  
15  0  2  2607  369  329  5  -2  
15  0  2  2616  369  329  5  -2  
