9  46  25  0  363  316  1  -2  
9  46  25  7  363  316  1  -2  
9  46  25  16  363  316  1  -2  
9  46  25  24  363  316  1  -2  
9  46  25  32  363  316  1  -2  
9  46  25  40  363  316  1  -2  
9  46  25  49  363  316  1  -2  
9  46  25  58  363  316  1  -2  
9  46  25  66  363  316  1  -2  
9  46  25  74  363  316  1  -2  
9  46  25  82  363  316  1  -2  
9  46  25  90  363  316  1  -2  
9  46  25  99  363  316  1  -2  
9  46  25  107  363  316  1  -2  
9  46  25  116  363  316  1  -2  
9  46  25  124  363  316  1  -2  
9  46  25  132  363  316  1  -2  
9  46  25  140  363  316  1  -2  
9  46  25  150  363  316  1  -2  
9  46  25  157  363  316  1  -2  
9  46  25  166  363  316  1  -2  
9  46  25  174  364  316  1  -2  
9  46  25  182  364  316  1  -2  
9  46  25  191  364  316  1  -2  
9  46  25  199  365  316  1  -2  
9  46  25  208  367  316  1  -2  
9  46  25  216  367  316  1  -2  
9  46  25  225  369  316  1  -2  
9  46  25  232  369  316  1  -2  
9  46  25  241  370  316  1  -2  
9  46  25  249  370  316  1  -2  
9  46  25  260  371  316  1  -2  
9  46  25  266  372  316  1  -2  
9  46  25  275  372  316  1  -2  
9  46  25  283  372  316  1  -2  
9  46  25  292  372  316  1  -2  
9  46  25  300  372  316  1  -2  
9  46  25  307  374  316  1  -2  
9  46  25  316  374  316  1  -2  
9  46  25  325  374  316  1  -2  
9  46  25  333  375  316  1  -2  
9  46  25  342  375  316  1  -2  
9  46  25  349  376  316  1  -2  
9  46  25  358  378  316  1  -2  
9  46  25  365  378  316  1  -2  
9  46  25  375  378  316  1  -2  
9  46  25  383  380  316  1  -2  
9  46  25  392  384  316  1  -2  
9  46  25  400  390  316  1  -2  
9  46  25  408  405  316  1  -2  
9  46  25  416  423  316  1  -2  
9  46  25  424  448  316  1  -2  
9  46  25  433  479  316  1  -2  
9  46  26  441  506  316  2  -2  
9  46  26  449  530  316  2  -2  
9  46  26  457  544  316  2  -2  
9  46  26  465  550  316  2  -2  
9  46  26  474  553  316  2  -2  
9  46  26  482  554  316  2  -2  
9  46  26  491  554  316  2  -2  
9  46  26  500  554  316  2  -2  
9  46  26  507  554  316  2  -2  
9  46  26  515  554  316  2  -2  
9  46  26  525  554  316  2  -2  
9  46  26  532  554  316  2  -2  
9  46  26  541  554  316  2  -2  
9  46  26  548  554  316  2  -2  
9  46  26  557  554  316  2  -2  
9  46  26  566  554  316  2  -2  
9  46  26  574  554  316  2  -2  
9  46  26  581  554  316  2  -2  
9  46  26  592  554  316  2  -2  
9  46  26  600  554  316  2  -2  
9  46  26  607  554  316  2  -2  
9  46  26  615  554  316  2  -2  
9  46  26  623  554  316  2  -2  
9  46  26  632  554  316  2  -2  
9  46  26  641  554  316  2  -2  
9  46  26  649  554  316  2  -2  
9  46  26  657  554  316  2  -2  
9  46  26  666  554  316  2  -2  
9  46  26  675  554  316  2  -2  
9  46  26  682  554  316  2  -2  
9  46  26  693  554  316  2  -2  
9  46  26  699  554  316  2  -2  
9  46  26  707  554  316  2  -2  
9  46  26  716  554  316  2  -2  
9  46  26  725  554  316  2  -2  
9  46  26  731  554  316  2  -2  
9  46  26  742  554  316  2  -2  
9  46  26  750  554  316  2  -2  
9  46  26  758  554  316  2  -2  
9  46  26  766  554  316  2  -2  
9  46  26  774  554  316  2  -2  
9  46  26  782  554  316  2  -2  
9  46  26  791  554  316  2  -2  
9  46  26  799  554  316  2  -2  
9  46  26  810  554  316  2  -2  
9  46  26  815  554  316  2  -2  
9  46  26  825  554  316  2  -2  
9  46  26  832  554  316  2  -2  
9  46  26  841  554  316  2  -2  
9  46  26  850  554  316  2  -2  
9  46  26  860  552  316  2  -2  
9  46  26  867  550  316  2  -2  
9  46  26  877  544  316  2  -2  
9  46  26  883  527  316  2  -2  
9  46  26  893  527  316  2  -2  
9  46  26  901  518  318  2  -2  
9  46  26  910  501  320  2  -2  
9  46  26  917  491  321  2  -2  
9  46  26  927  482  321  2  -2  
9  46  26  934  472  321  2  -2  
9  46  26  942  464  321  2  -2  
9  46  26  950  454  321  2  -2  
9  46  26  960  442  321  2  -2  
9  46  26  967  432  321  2  -2  
9  46  26  976  422  321  2  -2  
9  46  26  984  414  321  2  -2  
9  46  26  993  404  321  2  -2  
9  46  26  1000  398  321  3  -2  
9  46  26  1007  392  321  3  -2  
9  46  26  1016  389  321  3  -2  
9  46  26  1027  386  322  3  -2  
9  46  26  1032  386  322  3  -2  
9  46  26  1043  385  322  3  -2  
9  46  26  1051  385  322  3  -2  
9  46  26  1060  385  322  3  -2  
9  46  26  1066  385  322  3  -2  
9  46  26  1076  385  322  3  -2  
9  46  26  1083  385  322  3  -2  
9  46  26  1093  385  322  3  -2  
9  46  26  1100  384  322  3  -2  
9  46  26  1110  384  322  3  -2  
9  46  26  1117  383  322  3  -2  
9  46  26  1127  383  322  3  -2  
9  46  26  1133  383  322  3  -2  
9  46  26  1142  383  322  3  -2  
9  46  26  1150  383  322  3  -2  
9  46  26  1160  383  322  3  -2  
9  46  26  1167  383  322  3  -2  
9  46  26  1177  383  322  3  -2  
9  46  26  1184  383  322  3  -2  
9  46  26  1193  383  322  3  -2  
9  46  26  1200  383  322  3  -2  
9  46  26  1210  383  322  3  -2  
9  46  26  1217  383  322  3  -2  
9  46  26  1227  383  322  3  -2  
9  46  26  1233  383  322  3  -2  
9  46  26  1244  383  322  3  -2  
9  46  26  1251  383  322  3  -2  
9  46  26  1260  383  322  3  -2  
9  46  26  1266  383  322  3  -2  
9  46  26  1276  383  322  3  -2  
9  46  26  1283  383  322  3  -2  
9  46  26  1294  383  322  3  -2  
9  46  26  1301  383  322  3  -2  
9  46  26  1310  383  322  3  -2  
9  46  26  1317  383  322  3  -2  
9  46  26  1327  383  322  3  -2  
9  46  26  1334  383  322  3  -2  
9  46  26  1344  383  322  3  -2  
9  46  26  1351  383  322  3  -2  
9  46  26  1360  383  322  3  -2  
9  46  26  1366  383  322  3  -2  
9  46  26  1377  383  322  3  -2  
9  46  26  1383  383  322  3  -2  
9  46  26  1394  383  322  3  -2  
9  46  26  1402  383  322  3  -2  
9  46  26  1412  383  322  3  -2  
9  46  26  1417  383  322  3  -2  
9  46  26  1429  383  322  3  -2  
9  46  26  1434  397  322  3  -2  
9  46  27  1444  397  322  3  -2  
9  46  27  1451  409  322  3  -2  
9  46  27  1462  421  322  3  -2  
9  46  27  1469  437  322  3  -2  
9  46  27  1479  437  322  3  -2  
9  46  27  1486  454  322  3  -2  
9  46  27  1496  464  322  3  -2  
9  46  27  1502  473  322  3  -2  
9  46  27  1512  481  322  3  -2  
9  46  27  1520  488  322  3  -2  
9  46  27  1528  493  322  3  -2  
9  46  27  1536  496  322  4  -2  
9  46  27  1545  498  322  4  -2  
9  46  27  1552  501  322  4  -2  
9  46  27  1562  502  322  4  -2  
9  46  27  1570  504  322  4  -2  
9  46  27  1578  505  322  4  -2  
9  46  27  1586  506  322  4  -2  
9  46  27  1595  507  322  4  -2  
9  46  27  1602  507  322  4  -2  
9  46  27  1612  507  322  4  -2  
9  46  27  1618  507  322  4  -2  
9  46  27  1628  507  322  4  -2  
9  46  27  1635  507  322  4  -2  
9  46  27  1645  507  322  4  -2  
9  46  27  1651  508  322  4  -2  
9  46  27  1663  508  322  4  -2  
9  46  27  1670  509  322  4  -2  
9  46  27  1679  511  322  4  -2  
9  46  27  1686  512  322  4  -2  
9  46  27  1695  513  322  4  -2  
9  46  27  1702  513  322  4  -2  
9  46  27  1712  513  322  4  -2  
9  46  27  1718  513  322  4  -2  
9  46  27  1728  513  322  4  -2  
9  46  27  1735  513  322  4  -2  
9  46  27  1745  513  322  4  -2  
9  46  27  1752  513  322  4  -2  
9  46  27  1762  513  322  4  -2  
9  46  27  1769  515  322  4  -2  
9  46  27  1778  515  322  4  -2  
9  46  27  1785  515  322  4  -2  
9  46  27  1795  515  322  4  -2  
9  46  27  1803  515  322  4  -2  
9  46  27  1812  515  322  4  -2  
9  46  27  1820  515  322  4  -2  
9  46  27  1828  515  322  4  -2  
9  46  27  1835  515  322  4  -2  
9  46  27  1845  515  322  4  -2  
9  46  27  1852  515  322  4  -2  
9  46  27  1862  515  322  4  -2  
9  46  27  1868  515  322  4  -2  
9  46  27  1878  515  322  4  -2  
9  46  27  1885  515  322  4  -2  
9  46  27  1895  515  322  4  -2  
9  46  27  1903  515  322  4  -2  
9  46  27  1912  515  322  4  -2  
9  46  27  1920  515  322  4  -2  
9  46  27  1929  512  322  4  -2  
9  46  27  1936  507  322  4  -2  
9  46  27  1946  495  326  4  -2  
9  46  27  1954  483  328  4  -2  
9  46  27  1962  471  329  4  -2  
9  46  27  1971  456  333  4  -2  
9  46  27  1978  441  333  4  -2  
9  46  27  1986  428  335  4  -2  
9  46  27  1995  418  335  4  -2  
9  46  27  2004  409  335  4  -2  
9  46  27  2012  402  335  4  -2  
9  46  27  2022  399  335  4  -2  
