9  46  32  0  375  328  1  -2  
9  46  32  7  375  328  1  -2  
9  46  32  16  375  328  1  -2  
9  46  32  23  375  328  1  -2  
9  46  32  33  375  328  1  -2  
9  46  32  40  375  328  1  -2  
9  46  32  49  375  328  1  -2  
9  46  32  57  375  328  1  -2  
9  46  32  66  375  328  1  -2  
9  46  32  74  375  328  1  -2  
9  46  32  83  375  328  1  -2  
9  46  32  90  375  328  1  -2  
9  46  32  99  375  328  1  -2  
9  46  32  108  375  328  1  -2  
9  46  32  115  375  328  1  -2  
9  46  32  124  375  328  1  -2  
9  46  32  133  375  328  1  -2  
9  46  32  141  375  328  1  -2  
9  46  32  149  375  328  1  -2  
9  46  32  157  375  328  1  -2  
9  46  32  166  375  328  1  -2  
9  46  32  174  375  328  1  -2  
9  46  32  183  375  328  1  -2  
9  46  32  191  375  328  1  -2  
9  46  32  199  375  328  1  -2  
9  46  32  207  375  328  1  -2  
9  46  32  216  375  328  1  -2  
9  46  32  224  375  328  1  -2  
9  46  32  233  375  328  1  -2  
9  46  32  242  375  328  1  -2  
9  46  32  250  375  328  1  -2  
9  46  32  259  375  328  1  -2  
9  46  32  266  375  328  1  -2  
9  46  32  274  375  328  1  -2  
9  46  32  283  375  328  1  -2  
9  46  32  291  375  328  1  -2  
9  46  32  299  375  328  1  -2  
9  46  32  307  375  328  1  -2  
9  46  32  316  375  328  1  -2  
9  46  32  324  375  328  1  -2  
9  46  32  333  375  328  1  -2  
9  46  32  340  375  328  1  -2  
9  46  32  349  375  328  1  -2  
9  46  32  358  375  328  1  -2  
9  46  32  366  377  328  1  -2  
9  46  32  374  377  328  1  -2  
9  46  32  383  381  328  1  -2  
9  46  32  391  386  327  1  -2  
9  46  32  400  391  327  1  -2  
9  46  32  408  400  324  1  -2  
9  46  32  416  410  323  1  -2  
9  46  32  424  423  322  1  -2  
9  46  32  433  434  320  1  -2  
9  46  32  442  446  318  1  -2  
9  46  32  449  456  316  1  -2  
9  46  32  458  463  315  1  -2  
9  46  32  466  468  315  1  -2  
9  46  32  474  473  314  1  -2  
9  46  32  485  479  314  1  -2  
9  46  32  492  489  314  1  -2  
9  46  32  500  494  314  1  -2  
9  46  32  509  499  314  2  -2  
9  46  32  516  508  312  2  -2  
9  46  32  525  516  312  2  -2  
9  46  32  534  525  310  2  -2  
9  46  32  542  536  310  2  -2  
9  46  32  552  545  309  2  -2  
9  46  32  560  550  308  2  -2  
9  46  32  568  553  308  2  -2  
9  46  32  576  553  308  2  -2  
9  46  32  584  553  308  2  -2  
9  46  32  592  553  308  2  -2  
9  46  32  600  553  308  2  -2  
9  46  32  609  553  308  2  -2  
9  46  32  618  553  308  2  -2  
9  46  32  626  553  308  2  -2  
9  46  32  633  553  308  2  -2  
9  46  32  642  553  308  2  -2  
9  46  32  650  553  308  2  -2  
9  46  32  661  553  308  2  -2  
9  46  32  670  553  308  2  -2  
9  46  32  677  553  308  2  -2  
9  46  32  686  553  308  2  -2  
9  46  32  694  553  308  2  -2  
9  46  32  702  553  308  2  -2  
9  46  32  714  553  308  2  -2  
9  46  32  721  553  308  2  -2  
9  46  32  732  553  308  2  -2  
9  46  32  741  553  308  2  -2  
9  46  33  752  553  308  2  -2  
9  46  33  763  553  308  2  -2  
9  46  33  772  553  308  2  -2  
9  46  33  784  553  308  2  -2  
9  46  33  793  553  308  2  -2  
9  46  33  803  553  308  2  -2  
9  46  33  814  553  308  2  -2  
9  46  33  823  553  308  2  -2  
9  46  33  834  553  308  2  -2  
9  46  33  843  553  308  2  -2  
9  46  33  853  553  308  2  -2  
9  46  33  864  553  308  2  -2  
9  46  33  882  553  308  2  -2  
9  46  33  890  553  308  2  -2  
9  46  33  901  553  308  2  -2  
9  46  33  911  550  308  2  -2  
9  46  33  921  545  308  2  -2  
9  46  33  931  538  308  2  -2  
9  46  33  939  519  312  2  -2  
9  46  33  951  507  315  2  -2  
9  46  33  960  498  317  2  -2  
9  46  33  971  485  319  2  -2  
9  46  33  985  456  320  2  -2  
9  46  33  996  446  320  2  -2  
9  46  33  1005  434  320  2  -2  
9  46  33  1016  429  320  2  -2  
9  46  33  1026  426  320  2  -2  
9  46  33  1036  425  320  2  -2  
9  46  33  1058  421  320  2  -2  
9  46  33  1067  419  320  2  -2  
9  46  33  1077  417  320  2  -2  
9  46  33  1087  413  320  2  -2  
9  46  33  1098  410  320  2  -2  
9  46  33  1108  408  320  2  -2  
9  46  33  1118  401  320  2  -2  
9  46  33  1129  399  320  3  -2  
9  46  33  1138  395  320  3  -2  
9  46  33  1149  392  320  3  -2  
9  46  33  1165  391  320  3  -2  
9  46  33  1176  391  320  3  -2  
9  46  33  1187  391  320  3  -2  
9  46  33  1199  390  320  3  -2  
9  46  33  1207  388  320  3  -2  
9  46  33  1219  388  320  3  -2  
9  46  33  1238  384  321  3  -2  
9  46  33  1250  378  323  3  -2  
9  46  33  1257  378  323  3  -2  
9  46  33  1269  377  323  3  -2  
9  46  33  1280  376  323  3  -2  
9  46  33  1287  375  323  3  -2  
9  46  33  1299  375  323  3  -2  
9  46  33  1306  375  323  3  -2  
9  46  33  1316  375  323  3  -2  
9  46  33  1324  375  323  3  -2  
9  46  33  1334  375  323  3  -2  
9  46  33  1347  375  323  3  -2  
9  46  33  1355  375  323  3  -2  
9  46  33  1366  375  323  3  -2  
9  46  33  1373  375  323  3  -2  
9  46  33  1384  375  323  3  -2  
9  46  33  1395  375  323  3  -2  
9  46  33  1404  375  323  3  -2  
9  46  33  1416  375  323  3  -2  
9  46  33  1425  375  323  3  -2  
9  46  33  1435  375  323  3  -2  
9  46  33  1446  375  323  3  -2  
9  46  33  1454  375  323  3  -2  
9  46  33  1466  375  323  3  -2  
9  46  33  1475  375  323  3  -2  
9  46  33  1485  375  323  3  -2  
9  46  33  1496  375  323  3  -2  
9  46  33  1504  375  323  3  -2  
9  46  33  1514  375  323  3  -2  
9  46  33  1523  375  323  3  -2  
9  46  33  1534  375  323  3  -2  
9  46  33  1547  375  323  3  -2  
9  46  33  1554  375  323  3  -2  
9  46  33  1565  375  323  3  -2  
9  46  33  1573  377  323  3  -2  
9  46  33  1583  384  323  3  -2  
9  46  33  1591  391  323  3  -2  
9  46  33  1600  401  323  3  -2  
9  46  33  1610  407  323  3  -2  
9  46  33  1618  416  323  3  -2  
9  46  33  1629  437  323  3  -2  
9  46  33  1637  447  323  3  -2  
9  46  33  1647  456  323  3  -2  
9  46  33  1655  463  323  3  -2  
9  46  33  1666  469  323  3  -2  
9  46  33  1675  476  323  3  -2  
9  46  33  1684  485  323  3  -2  
9  46  33  1692  489  323  3  -2  
9  46  33  1700  494  323  3  -2  
9  46  33  1708  498  324  4  -2  
9  46  33  1717  499  324  4  -2  
9  46  33  1725  502  324  4  -2  
9  46  33  1734  503  324  4  -2  
9  46  33  1742  503  324  4  -2  
9  46  34  1749  503  324  4  -2  
9  46  34  1757  503  324  4  -2  
9  46  34  1766  503  324  4  -2  
9  46  34  1774  503  324  4  -2  
9  46  34  1783  503  324  4  -2  
9  46  34  1791  503  324  4  -2  
9  46  34  1801  503  324  4  -2  
9  46  34  1809  503  324  4  -2  
9  46  34  1817  503  324  4  -2  
9  46  34  1825  503  324  4  -2  
9  46  34  1834  503  324  4  -2  
9  46  34  1842  503  324  4  -2  
9  46  34  1851  503  324  4  -2  
9  46  34  1859  503  324  4  -2  
9  46  34  1867  503  324  4  -2  
9  46  34  1875  503  324  4  -2  
9  46  34  1883  503  324  4  -2  
9  46  34  1894  503  324  4  -2  
9  46  34  1902  503  324  4  -2  
9  46  34  1912  504  324  4  -2  
9  46  34  1921  504  324  4  -2  
9  46  34  1930  504  324  4  -2  
9  46  34  1937  504  324  4  -2  
9  46  34  1948  504  324  4  -2  
9  46  34  1954  504  324  4  -2  
9  46  34  1964  504  324  4  -2  
9  46  34  1972  504  324  4  -2  
9  46  34  1981  504  324  4  -2  
9  46  34  1989  504  324  4  -2  
9  46  34  1998  504  324  4  -2  
9  46  34  2006  504  324  4  -2  
9  46  34  2014  504  324  4  -2  
9  46  34  2022  504  324  4  -2  
9  46  34  2031  504  324  4  -2  
9  46  34  2040  504  324  4  -2  
9  46  34  2047  504  324  4  -2  
9  46  34  2055  504  324  4  -2  
9  46  34  2064  504  324  4  -2  
9  46  34  2072  504  324  4  -2  
9  46  34  2081  504  324  4  -2  
9  46  34  2090  504  324  4  -2  
9  46  34  2097  504  324  4  -2  
9  46  34  2106  502  324  4  -2  
9  46  34  2115  498  324  4  -2  
9  46  34  2123  480  326  4  -2  
9  46  34  2132  465  329  4  -2  
9  46  34  2140  446  332  4  -2  
9  46  34  2148  431  332  4  -2  
9  46  34  2157  418  332  4  -2  
9  46  34  2165  411  332  4  -2  
9  46  34  2173  401  332  4  -2  
