9  45  50  0  371  325  1  -2  
9  45  50  10  371  325  1  -2  
9  45  50  17  371  325  1  -2  
9  45  50  28  371  325  1  -2  
9  45  50  36  371  325  1  -2  
9  45  50  46  371  325  1  -2  
9  45  50  52  371  325  1  -2  
9  45  50  62  371  325  1  -2  
9  45  50  69  371  325  1  -2  
9  45  50  79  371  325  1  -2  
9  45  51  87  371  325  1  -2  
9  45  51  95  371  325  1  -2  
9  45  51  102  371  325  1  -2  
9  45  51  112  371  325  1  -2  
9  45  51  119  371  325  1  -2  
9  45  51  129  371  325  1  -2  
9  45  51  137  371  325  1  -2  
9  45  51  145  371  325  1  -2  
9  45  51  152  375  326  1  -2  
9  45  51  162  385  326  1  -2  
9  45  51  170  395  326  1  -2  
9  45  51  179  413  326  1  -2  
9  45  51  187  445  331  1  -2  
9  45  51  198  445  331  1  -2  
9  45  51  203  467  334  1  -2  
9  45  51  212  467  334  1  -2  
9  45  51  221  481  335  1  -2  
9  45  51  229  484  335  1  -2  
9  45  51  237  485  335  1  -2  
9  45  51  246  486  336  1  -2  
9  45  51  254  486  336  1  -2  
9  45  51  263  486  336  1  -2  
9  45  51  271  487  336  1  -2  
9  45  51  279  487  336  1  -2  
9  45  51  288  487  336  1  -2  
9  45  51  296  488  336  1  -2  
9  45  51  303  488  336  1  -2  
9  45  51  311  489  336  1  -2  
9  45  51  320  491  336  1  -2  
9  45  51  329  493  336  1  -2  
9  45  51  338  495  336  1  -2  
9  45  51  346  495  336  1  -2  
9  45  51  354  495  336  1  -2  
9  45  51  362  495  336  1  -2  
9  45  51  371  495  336  1  -2  
9  45  51  379  495  336  1  -2  
9  45  51  389  495  336  1  -2  
9  45  51  396  495  336  1  -2  
9  45  51  404  496  336  1  -2  
9  45  51  414  496  336  1  -2  
9  45  51  422  497  336  1  -2  
9  45  51  430  497  336  1  -2  
9  45  51  439  497  336  1  -2  
9  45  51  448  497  336  1  -2  
9  45  51  457  497  336  1  -2  
9  45  51  466  497  336  1  -2  
9  45  51  473  497  336  1  -2  
9  45  51  482  497  336  1  -2  
9  45  51  490  497  336  1  -2  
9  45  51  499  497  336  1  -2  
9  45  51  508  497  336  1  -2  
9  45  51  515  498  336  1  -2  
9  45  51  523  498  336  1  -2  
9  45  51  532  498  336  1  -2  
9  45  51  540  498  336  1  -2  
9  45  51  548  498  336  1  -2  
9  45  51  559  498  336  1  -2  
9  45  51  567  498  336  1  -2  
9  45  51  575  498  336  1  -2  
9  45  51  581  498  336  1  -2  
9  45  51  590  498  336  1  -2  
9  45  51  599  498  336  1  -2  
9  45  51  608  498  336  1  -2  
9  45  51  615  497  336  1  -2  
9  45  51  623  495  336  1  -2  
9  45  51  632  495  336  1  -2  
9  45  51  640  495  336  1  -2  
9  45  51  648  495  336  1  -2  
9  45  51  659  492  336  1  -2  
9  45  51  667  492  336  1  -2  
9  45  51  674  491  337  1  -2  
9  45  51  683  488  338  1  -2  
9  45  51  693  483  339  1  -2  
9  45  51  700  469  343  1  -2  
9  45  51  710  460  344  1  -2  
9  45  51  717  453  344  1  -2  
9  45  51  726  449  344  1  -2  
9  45  51  734  444  344  1  -2  
9  45  51  745  437  348  1  -2  
9  45  51  751  435  348  1  -2  
9  45  51  760  433  349  1  -2  
9  45  51  769  431  349  1  -2  
9  45  51  779  427  349  1  -2  
9  45  51  785  424  349  1  -2  
9  45  51  795  421  349  1  -2  
9  45  51  802  418  349  1  -2  
9  45  51  812  416  349  1  -2  
9  45  51  818  413  349  1  -2  
9  45  51  829  413  349  1  -2  
9  45  51  834  411  349  1  -2  
9  45  51  845  411  349  1  -2  
9  45  51  853  410  349  1  -2  
9  45  51  862  407  349  1  -2  
9  45  51  869  406  349  1  -2  
9  45  51  879  398  349  1  -2  
9  45  51  886  391  349  1  -2  
9  45  51  896  384  349  1  -2  
9  45  51  902  378  349  1  -2  
9  45  51  912  374  349  1  -2  
9  45  51  919  371  349  1  -2  
9  45  51  928  370  349  1  -2  
9  45  51  937  370  349  1  -2  
9  45  51  947  370  349  1  -2  
9  45  51  954  370  349  1  -2  
9  45  51  963  369  349  1  -2  
9  45  51  970  369  349  1  -2  
9  45  51  980  368  349  1  -2  
9  45  51  989  366  349  1  -2  
9  45  51  997  365  349  1  -2  
9  45  51  1004  363  349  1  -2  
9  45  51  1015  363  349  1  -2  
9  45  51  1022  362  349  1  -2  
9  45  51  1033  362  349  1  -2  
9  45  51  1040  362  349  1  -2  
9  45  51  1048  362  349  1  -2  
9  45  51  1059  362  349  1  -2  
9  45  51  1066  362  349  1  -2  
9  45  51  1074  362  349  1  -2  
9  45  52  1084  362  349  1  -2  
9  45  52  1093  359  349  1  -2  
9  45  52  1100  359  349  1  -2  
9  45  52  1110  359  349  1  -2  
9  45  52  1116  359  349  1  -2  
9  45  52  1127  359  349  1  -2  
9  45  52  1134  359  349  1  -2  
9  45  52  1144  359  349  1  -2  
9  45  52  1150  359  349  1  -2  
9  45  52  1160  359  349  1  -2  
9  45  52  1168  359  349  1  -2  
9  45  52  1177  359  349  1  -2  
9  45  52  1184  358  348  1  -2  
9  45  52  1194  358  348  1  -2  
9  45  52  1201  358  348  1  -2  
9  45  52  1210  358  348  1  -2  
9  45  52  1218  358  348  1  -2  
9  45  52  1227  358  348  1  -2  
9  45  52  1234  358  348  1  -2  
9  45  52  1245  358  348  1  -2  
9  45  52  1250  358  348  1  -2  
9  45  52  1261  358  348  1  -2  
9  45  52  1268  358  348  1  -2  
9  45  52  1277  358  348  1  -2  
9  45  52  1284  358  348  1  -2  
9  45  52  1294  358  348  1  -2  
9  45  52  1300  358  348  1  -2  
9  45  52  1311  358  348  1  -2  
9  45  52  1319  358  348  1  -2  
9  45  52  1328  358  348  1  -2  
9  45  52  1334  358  348  1  -2  
9  45  52  1344  358  348  1  -2  
9  45  52  1351  358  348  1  -2  
9  45  52  1361  358  348  1  -2  
9  45  52  1369  358  348  1  -2  
9  45  52  1379  358  348  1  -2  
9  45  52  1384  358  348  1  -2  
9  45  52  1395  358  348  1  -2  
9  45  52  1401  358  348  1  -2  
9  45  52  1411  358  348  1  -2  
9  45  52  1419  358  348  1  -2  
9  45  52  1428  358  348  1  -2  
9  45  52  1435  358  348  1  -2  
9  45  52  1445  358  348  1  -2  
9  45  52  1451  358  348  1  -2  
9  45  52  1461  358  348  1  -2  
9  45  52  1469  358  348  1  -2  
9  45  52  1478  358  348  1  -2  
9  45  52  1486  358  348  1  -2  
9  45  52  1494  358  348  1  -2  
9  45  52  1502  358  348  1  -2  
9  45  52  1511  358  348  1  -2  
9  45  52  1519  358  348  1  -2  
9  45  52  1528  358  348  1  -2  
9  45  52  1535  358  348  1  -2  
9  45  52  1544  358  348  1  -2  
9  45  52  1551  358  348  1  -2  
9  45  52  1561  358  348  1  -2  
9  45  52  1569  358  348  1  -2  
9  45  52  1578  358  348  1  -2  
9  45  52  1585  358  348  1  -2  
9  45  52  1594  358  348  1  -2  
9  45  52  1601  358  348  1  -2  
9  45  52  1611  358  348  1  -2  
9  45  52  1618  358  348  1  -2  
9  45  52  1628  358  348  1  -2  
9  45  52  1634  358  348  1  -2  
9  45  52  1644  358  348  1  -2  
9  45  52  1651  359  347  1  -2  
9  45  52  1661  359  347  1  -2  
9  45  52  1668  361  345  1  -2  
9  45  52  1678  364  343  1  -2  
9  45  52  1686  366  342  1  -2  
9  45  52  1695  372  339  1  -2  
9  45  52  1703  379  335  1  -2  
9  45  52  1711  385  332  1  -2  
9  45  52  1720  397  325  1  -2  
9  45  52  1729  411  317  1  -2  
9  45  52  1736  427  311  1  -2  
9  45  52  1744  440  305  1  -2  
9  45  52  1753  456  303  1  -2  
9  45  52  1762  469  299  1  -2  
9  45  52  1770  481  297  1  -2  
9  45  52  1779  491  296  1  -2  
9  45  52  1792  498  294  1  -2  
9  45  52  1801  505  292  2  -2  
9  45  52  1812  518  291  2  -2  
9  45  52  1821  536  290  2  -2  
9  45  52  1832  543  288  2  -2  
9  45  52  1843  549  287  2  -2  
9  45  52  1852  552  287  2  -2  
9  45  52  1863  553  287  2  -2  
9  45  52  1872  557  287  2  -2  
9  45  52  1880  557  287  2  -2  
9  45  52  1888  559  287  2  -2  
9  45  52  1897  559  287  2  -2  
9  45  52  1905  559  287  2  -2  
9  45  52  1915  559  287  2  -2  
9  45  52  1922  559  287  2  -2  
9  45  52  1931  559  287  2  -2  
9  45  52  1940  559  287  2  -2  
9  45  52  1951  559  287  2  -2  
9  45  52  1962  559  287  2  -2  
9  45  52  1970  559  287  2  -2  
9  45  52  1977  559  287  2  -2  
9  45  52  1985  559  287  2  -2  
9  45  52  1995  559  287  2  -2  
9  45  52  2003  559  287  2  -2  
9  45  52  2012  559  287  2  -2  
9  45  52  2019  559  287  2  -2  
9  45  52  2028  559  287  2  -2  
9  45  52  2036  559  287  2  -2  
9  45  52  2044  559  287  2  -2  
9  45  52  2051  559  287  2  -2  
9  45  52  2060  559  287  2  -2  
9  45  52  2068  559  287  2  -2  
9  45  52  2077  558  288  2  -2  
9  45  53  2085  558  288  2  -2  
9  45  53  2093  557  288  2  -2  
9  45  53  2101  555  290  2  -2  
9  45  53  2111  555  290  2  -2  
9  45  53  2119  554  291  2  -2  
9  45  53  2126  553  292  2  -2  
9  45  53  2136  550  294  2  -2  
9  45  53  2144  548  296  2  -2  
9  45  53  2152  543  300  2  -2  
9  45  53  2161  536  305  2  -2  
9  45  53  2169  530  309  2  -2  
9  45  53  2178  519  318  2  -2  
9  45  53  2186  512  322  2  -2  
9  45  53  2193  503  327  2  -2  
9  45  53  2202  495  331  2  -2  
9  45  53  2211  486  333  2  -2  
9  45  53  2218  475  337  2  -2  
9  45  53  2226  475  337  2  -2  
9  45  53  2236  469  337  2  -2  
9  45  53  2244  459  339  2  -2  
9  45  53  2252  458  339  2  -2  
9  45  53  2262  454  339  2  -2  
9  45  53  2271  450  339  2  -2  
9  45  53  2279  446  340  2  -2  
9  45  53  2288  441  340  2  -2  
9  45  53  2296  436  342  2  -2  
9  45  53  2305  433  342  2  -2  
9  45  53  2312  429  343  2  -2  
9  45  53  2321  426  343  2  -2  
9  45  53  2329  425  343  2  -2  
9  45  53  2338  422  343  2  -2  
9  45  53  2347  421  343  2  -2  
9  45  53  2356  410  343  2  -2  
9  45  53  2362  403  341  2  -2  
9  45  53  2372  403  341  2  -2  
9  45  53  2382  386  336  3  -2  
9  45  53  2391  382  336  3  -2  
9  45  53  2398  380  336  3  -2  
9  45  53  2408  380  336  3  -2  
9  45  53  2415  380  335  3  -2  
9  45  53  2424  380  335  3  -2  
9  45  53  2431  380  335  3  -2  
9  45  53  2441  380  335  3  -2  
9  45  53  2449  380  335  3  -2  
9  45  53  2459  380  335  3  -2  
9  45  53  2466  380  335  3  -2  
9  45  53  2475  379  335  3  -2  
9  45  53  2482  378  335  3  -2  
9  45  53  2492  378  335  3  -2  
9  45  53  2500  377  334  3  -2  
9  45  53  2508  375  334  3  -2  
9  45  53  2516  375  334  3  -2  
9  45  53  2525  375  334  3  -2  
9  45  53  2532  375  334  3  -2  
9  45  53  2543  375  334  3  -2  
9  45  53  2550  375  334  3  -2  
9  45  53  2560  375  334  3  -2  
9  45  53  2566  375  334  3  -2  
9  45  53  2577  375  334  3  -2  
9  45  53  2584  375  334  3  -2  
9  45  53  2593  375  334  3  -2  
9  45  53  2600  375  334  3  -2  
9  45  53  2610  375  334  3  -2  
9  45  53  2617  375  334  3  -2  
9  45  53  2627  375  334  3  -2  
9  45  53  2632  375  334  3  -2  
9  45  53  2643  375  334  3  -2  
9  45  53  2649  375  334  3  -2  
9  45  53  2660  375  334  3  -2  
