14  59  27  0  369  311  1  -2  
14  59  27  8  369  311  1  -2  
14  59  27  16  369  311  1  -2  
14  59  27  23  369  311  1  -2  
14  59  27  32  369  311  1  -2  
14  59  27  39  369  311  1  -2  
14  59  27  49  369  311  1  -2  
14  59  27  57  369  311  1  -2  
14  59  27  66  369  311  1  -2  
14  59  27  73  369  311  1  -2  
14  59  27  82  369  311  1  -2  
14  59  27  90  369  311  1  -2  
14  59  27  99  369  311  1  -2  
14  59  27  107  369  311  1  -2  
14  59  27  116  369  311  1  -2  
14  59  27  122  369  311  1  -2  
14  59  27  133  369  311  1  -2  
14  59  27  140  369  311  1  -2  
14  59  27  149  369  311  1  -2  
14  59  27  157  369  311  1  -2  
14  59  27  167  369  311  1  -2  
14  59  27  175  369  311  1  -2  
14  59  27  182  369  311  1  -2  
14  59  27  191  369  311  1  -2  
14  59  27  199  369  311  1  -2  
14  59  27  207  369  311  1  -2  
14  59  27  217  369  311  1  -2  
14  59  27  224  369  311  1  -2  
14  59  27  232  369  311  1  -2  
14  59  27  241  369  311  1  -2  
14  59  27  250  369  311  1  -2  
14  59  27  258  369  311  1  -2  
14  59  27  266  369  311  1  -2  
14  59  27  275  369  311  1  -2  
14  59  27  285  369  311  1  -2  
14  59  27  293  369  311  1  -2  
14  59  27  300  369  311  1  -2  
14  59  27  310  369  311  1  -2  
14  59  27  318  369  311  1  -2  
14  59  27  326  369  311  1  -2  
14  59  27  334  369  311  1  -2  
14  59  27  343  369  311  1  -2  
14  59  27  352  369  311  1  -2  
14  59  27  360  369  311  1  -2  
14  59  27  368  370  312  1  -2  
14  59  27  376  375  312  1  -2  
14  59  27  384  379  312  1  -2  
14  59  27  393  384  313  1  -2  
14  59  27  401  388  314  1  -2  
14  59  27  409  393  314  1  -2  
14  59  27  419  398  316  1  -2  
14  59  27  427  402  316  1  -2  
14  59  27  436  405  316  1  -2  
14  59  27  443  413  318  1  -2  
14  59  27  452  414  318  1  -2  
14  59  27  460  418  318  1  -2  
14  59  27  469  421  318  1  -2  
14  59  27  477  422  319  1  -2  
14  59  27  485  427  319  1  -2  
14  59  27  493  430  319  1  -2  
14  59  27  502  435  319  1  -2  
14  59  27  510  438  319  1  -2  
14  59  27  518  444  319  1  -2  
14  59  27  527  448  319  1  -2  
14  59  27  535  454  321  1  -2  
14  59  27  543  458  322  1  -2  
14  59  27  552  463  322  1  -2  
14  59  27  560  468  322  1  -2  
14  59  27  568  472  322  1  -2  
14  59  27  577  476  322  1  -2  
14  59  27  586  480  322  1  -2  
14  59  27  594  481  322  1  -2  
14  59  27  601  484  322  1  -2  
14  59  27  609  486  322  1  -2  
14  59  27  618  489  322  1  -2  
14  59  27  629  492  322  1  -2  
14  59  27  635  501  323  2  -2  
14  59  27  642  501  323  2  -2  
14  59  27  651  504  323  2  -2  
14  59  27  660  508  323  2  -2  
14  59  27  668  509  323  2  -2  
14  59  27  676  509  323  2  -2  
14  59  27  685  509  323  2  -2  
14  59  27  692  509  323  2  -2  
14  59  27  701  509  323  2  -2  
14  59  27  709  509  323  2  -2  
14  59  28  717  509  323  2  -2  
14  59  28  726  511  323  2  -2  
14  59  28  734  512  323  2  -2  
14  59  28  742  513  323  2  -2  
14  59  28  751  513  323  2  -2  
14  59  28  759  515  323  2  -2  
14  59  28  768  516  323  2  -2  
14  59  28  776  516  323  2  -2  
14  59  28  785  516  323  2  -2  
14  59  28  793  516  323  2  -2  
14  59  28  800  516  323  2  -2  
14  59  28  809  516  323  2  -2  
14  59  28  817  516  323  2  -2  
14  59  28  827  516  323  2  -2  
14  59  28  836  516  323  2  -2  
14  59  28  845  516  323  2  -2  
14  59  28  852  516  323  2  -2  
14  59  28  861  516  323  2  -2  
14  59  28  867  516  323  2  -2  
14  59  28  877  516  323  2  -2  
14  59  28  884  516  323  2  -2  
14  59  28  894  516  323  2  -2  
14  59  28  901  515  323  2  -2  
14  59  28  911  512  323  2  -2  
14  59  28  918  510  323  2  -2  
14  59  28  927  507  323  2  -2  
14  59  28  936  504  323  2  -2  
14  59  28  946  502  323  2  -2  
14  59  28  952  498  323  2  -2  
14  59  28  963  498  323  2  -2  
14  59  28  968  494  323  2  -2  
14  59  28  979  494  323  2  -2  
14  59  28  986  490  323  2  -2  
14  59  28  994  488  323  2  -2  
14  59  28  1002  485  323  2  -2  
14  59  28  1011  476  323  2  -2  
14  59  28  1019  476  323  2  -2  
14  59  28  1029  466  323  2  -2  
14  59  28  1035  461  323  2  -2  
14  59  28  1046  456  323  2  -2  
14  59  28  1055  449  323  2  -2  
14  59  28  1066  442  323  2  -2  
14  59  28  1073  434  323  2  -2  
14  59  28  1082  427  323  2  -2  
14  59  28  1091  409  323  2  -2  
14  59  28  1099  402  323  2  -2  
14  59  28  1108  397  323  3  -2  
14  59  28  1115  392  323  3  -2  
14  59  28  1124  387  323  3  -2  
14  59  28  1132  381  323  3  -2  
14  59  28  1141  378  323  3  -2  
14  59  28  1149  373  323  3  -2  
14  59  28  1157  369  323  3  -2  
14  59  28  1166  366  323  3  -2  
14  59  28  1175  365  323  3  -2  
14  59  28  1182  364  323  3  -2  
14  59  28  1190  362  323  3  -2  
14  59  28  1199  362  323  3  -2  
14  59  28  1207  362  323  3  -2  
14  59  28  1217  362  323  3  -2  
14  59  28  1226  362  323  3  -2  
14  59  28  1233  362  323  3  -2  
14  59  28  1241  362  323  3  -2  
14  59  28  1250  362  323  3  -2  
14  59  28  1258  362  323  3  -2  
14  59  28  1267  362  323  3  -2  
14  59  28  1275  362  323  3  -2  
14  59  28  1283  362  323  3  -2  
14  59  28  1292  362  323  3  -2  
14  59  28  1299  362  323  3  -2  
14  59  28  1309  362  323  3  -2  
14  59  28  1317  362  323  3  -2  
14  59  28  1326  362  323  3  -2  
14  59  28  1335  362  323  3  -2  
14  59  28  1342  362  323  3  -2  
14  59  28  1351  362  323  3  -2  
14  59  28  1359  362  323  3  -2  
14  59  28  1367  362  323  3  -2  
14  59  28  1377  362  323  3  -2  
14  59  28  1385  362  323  3  -2  
14  59  28  1394  362  323  3  -2  
14  59  28  1403  362  323  3  -2  
14  59  28  1412  362  323  3  -2  
14  59  28  1419  362  323  3  -2  
14  59  28  1429  362  323  3  -2  
14  59  28  1436  362  323  3  -2  
14  59  28  1446  362  323  3  -2  
14  59  28  1453  362  323  3  -2  
14  59  28  1463  362  323  3  -2  
14  59  28  1469  362  323  3  -2  
14  59  28  1479  362  323  3  -2  
14  59  28  1487  362  323  3  -2  
14  59  28  1496  362  323  3  -2  
14  59  28  1504  362  323  3  -2  
14  59  28  1513  362  323  3  -2  
14  59  28  1520  362  323  3  -2  
14  59  28  1530  362  323  3  -2  
14  59  28  1537  362  323  3  -2  
14  59  28  1546  362  323  3  -2  
14  59  28  1552  362  323  3  -2  
14  59  28  1563  362  323  3  -2  
14  59  28  1570  362  323  3  -2  
14  59  28  1579  362  323  3  -2  
14  59  28  1587  362  323  3  -2  
14  59  28  1597  362  323  3  -2  
14  59  28  1604  364  323  3  -2  
14  59  28  1614  369  323  3  -2  
14  59  28  1620  375  323  3  -2  
14  59  28  1631  381  323  3  -2  
14  59  28  1638  388  323  3  -2  
14  59  28  1648  395  323  3  -2  
14  59  28  1654  402  323  3  -2  
14  59  28  1665  412  323  3  -2  
14  59  28  1670  422  323  3  -2  
14  59  28  1681  432  323  3  -2  
14  59  28  1687  443  323  3  -2  
14  59  28  1698  457  323  3  -2  
14  59  28  1705  470  323  3  -2  
14  59  29  1714  483  323  3  -2  
14  59  29  1721  493  323  3  -2  
14  59  29  1731  503  323  4  -2  
14  59  29  1738  512  323  4  -2  
14  59  29  1748  512  323  4  -2  
14  59  29  1755  518  323  4  -2  
14  59  29  1764  518  323  4  -2  
14  59  29  1772  518  323  4  -2  
14  59  29  1781  518  323  4  -2  
14  59  29  1788  518  323  4  -2  
14  59  29  1798  518  323  4  -2  
14  59  29  1806  519  323  4  -2  
14  59  29  1815  519  323  4  -2  
14  59  29  1821  521  323  4  -2  
14  59  29  1832  523  323  4  -2  
14  59  29  1838  527  323  4  -2  
14  59  29  1848  531  323  4  -2  
14  59  29  1855  534  323  4  -2  
14  59  29  1864  535  323  4  -2  
14  59  29  1871  535  323  4  -2  
14  59  29  1881  535  323  4  -2  
14  59  29  1888  535  323  4  -2  
14  59  29  1898  536  323  4  -2  
14  59  29  1906  536  323  4  -2  
14  59  29  1915  535  321  4  -2  
14  59  29  1921  532  320  4  -2  
14  59  29  1931  527  320  4  -2  
14  59  29  1938  517  318  4  -2  
14  59  29  1948  517  318  4  -2  
14  59  29  1956  497  317  4  -2  
14  59  29  1965  482  316  4  -2  
14  59  29  1972  467  316  4  -2  
14  59  29  1981  449  316  4  -2  
14  59  29  1988  435  316  4  -2  
14  59  29  1998  420  316  4  -2  
14  59  29  2006  410  316  4  -2  
14  59  29  2014  402  316  4  -2  
14  59  29  2023  398  316  5  -2  
14  59  29  2031  393  316  5  -2  
14  59  29  2039  392  316  5  -2  
14  59  29  2048  392  316  5  -2  
14  59  29  2056  390  316  5  -2  
14  59  29  2065  390  316  5  -2  
14  59  29  2071  388  316  5  -2  
14  59  29  2081  384  316  5  -2  
14  59  29  2088  377  316  5  -2  
14  59  29  2098  370  316  5  -2  
14  59  29  2105  361  316  5  -2  
14  59  29  2114  358  316  5  -2  
14  59  29  2121  356  316  5  -2  
14  59  29  2131  353  316  5  -2  
14  59  29  2139  353  316  5  -2  
14  59  29  2149  353  316  5  -2  
14  59  29  2156  353  316  5  -2  
14  59  29  2164  353  316  5  -2  
14  59  29  2172  353  316  5  -2  
14  59  29  2181  353  316  5  -2  
14  59  29  2189  353  316  5  -2  
14  59  29  2198  353  316  5  -2  
14  59  29  2205  353  316  5  -2  
14  59  29  2214  353  316  5  -2  
14  59  29  2222  353  316  5  -2  
14  59  29  2231  353  316  5  -2  
14  59  29  2239  353  316  5  -2  
14  59  29  2248  353  316  5  -2  
14  59  29  2255  353  316  5  -2  
14  59  29  2264  353  316  5  -2  
14  59  29  2272  353  316  5  -2  
14  59  29  2281  353  316  5  -2  
14  59  29  2289  353  316  5  -2  
14  59  29  2298  353  316  5  -2  
14  59  29  2305  353  316  5  -2  
14  59  29  2314  353  316  5  -2  
14  59  29  2322  353  316  5  -2  
14  59  29  2331  353  316  5  -2  
14  59  29  2339  353  316  5  -2  
