9  45  58  0  377  315  1  -2  
9  45  58  7  377  315  1  -2  
9  45  58  15  377  315  1  -2  
9  45  58  24  377  315  1  -2  
9  45  58  32  377  315  1  -2  
9  45  58  40  377  315  1  -2  
9  45  58  49  377  315  1  -2  
9  45  58  56  377  315  1  -2  
9  45  58  65  377  315  1  -2  
9  45  58  73  377  315  1  -2  
9  45  58  82  378  315  1  -2  
9  45  58  91  379  315  1  -2  
9  45  58  98  387  315  1  -2  
9  45  58  107  395  315  1  -2  
9  45  58  117  405  315  1  -2  
9  45  58  126  417  315  1  -2  
9  45  58  136  427  315  1  -2  
9  45  58  149  439  315  1  -2  
9  45  58  157  463  315  1  -2  
9  45  58  167  478  315  1  -2  
9  45  58  175  492  315  1  -2  
9  45  58  185  505  315  2  -2  
9  45  58  194  517  315  2  -2  
9  45  58  203  529  315  2  -2  
9  45  58  211  532  315  2  -2  
9  45  58  221  534  315  2  -2  
9  45  58  231  534  315  2  -2  
9  45  58  239  535  315  2  -2  
9  45  58  249  535  315  2  -2  
9  45  58  257  536  316  2  -2  
9  45  58  266  536  316  2  -2  
9  45  58  276  536  316  2  -2  
9  45  58  285  536  316  2  -2  
9  45  58  296  536  316  2  -2  
9  45  58  304  536  316  2  -2  
9  45  58  314  536  316  2  -2  
9  45  58  322  536  316  2  -2  
9  45  58  332  536  316  2  -2  
9  45  58  338  536  316  2  -2  
9  45  58  350  536  316  2  -2  
9  45  58  357  536  316  2  -2  
9  45  58  365  536  316  2  -2  
9  45  58  374  536  316  2  -2  
9  45  58  383  536  316  2  -2  
9  45  58  392  536  316  2  -2  
9  45  58  401  536  316  2  -2  
9  45  58  408  536  316  2  -2  
9  45  58  416  536  316  2  -2  
9  45  58  424  536  316  2  -2  
9  45  58  432  536  316  2  -2  
9  45  58  442  536  316  2  -2  
9  45  58  451  536  316  2  -2  
9  45  58  458  536  316  2  -2  
9  45  58  466  536  316  2  -2  
9  45  58  474  536  316  2  -2  
9  45  58  482  536  316  2  -2  
9  45  58  490  536  316  2  -2  
9  45  58  501  536  316  2  -2  
9  45  58  508  536  316  2  -2  
9  45  58  517  536  316  2  -2  
9  45  58  525  533  318  2  -2  
9  45  58  533  528  319  2  -2  
9  45  58  542  520  322  2  -2  
9  45  58  551  508  325  2  -2  
9  45  58  558  498  328  2  -2  
9  45  58  567  483  332  2  -2  
9  45  58  575  469  335  2  -2  
9  45  59  584  457  336  2  -2  
9  45  59  592  447  337  2  -2  
9  45  59  600  435  337  2  -2  
9  45  59  609  425  337  2  -2  
9  45  59  617  415  337  2  -2  
9  45  59  625  404  337  2  -2  
9  45  59  633  385  333  3  -2  
9  45  59  643  385  333  3  -2  
9  45  59  651  376  332  3  -2  
9  45  59  658  372  332  3  -2  
9  45  59  668  371  332  3  -2  
9  45  59  675  370  332  3  -2  
9  45  59  684  370  332  3  -2  
9  45  59  692  367  332  3  -2  
9  45  59  701  367  332  3  -2  
9  45  59  708  366  332  3  -2  
9  45  59  717  364  332  3  -2  
9  45  59  725  364  332  3  -2  
9  45  59  733  364  332  3  -2  
9  45  59  742  364  332  3  -2  
9  45  59  750  362  332  3  -2  
9  45  59  759  359  332  3  -2  
9  45  59  766  356  332  3  -2  
9  45  59  776  354  332  3  -2  
9  45  59  784  353  332  3  -2  
9  45  59  792  352  332  3  -2  
9  45  59  801  352  332  3  -2  
9  45  59  809  352  332  3  -2  
9  45  59  817  352  332  3  -2  
9  45  59  826  352  332  3  -2  
9  45  59  833  352  332  3  -2  
9  45  59  843  352  332  3  -2  
9  45  59  852  352  332  3  -2  
9  45  59  864  352  332  3  -2  
9  45  59  872  352  332  3  -2  
9  45  59  882  352  332  3  -2  
9  45  59  889  352  332  3  -2  
9  45  59  898  352  332  3  -2  
9  45  59  906  352  332  3  -2  
9  45  59  915  352  332  3  -2  
9  45  59  923  352  332  3  -2  
9  45  59  931  352  332  3  -2  
9  45  59  940  352  332  3  -2  
9  45  59  948  352  332  3  -2  
9  45  59  955  352  332  3  -2  
9  45  59  965  352  332  3  -2  
9  45  59  973  352  331  3  -2  
9  45  59  981  352  331  3  -2  
9  45  59  990  352  331  3  -2  
9  45  59  998  353  330  3  -2  
9  45  59  1006  355  329  3  -2  
9  45  59  1014  357  328  3  -2  
9  45  59  1023  360  326  3  -2  
9  45  59  1032  365  326  3  -2  
9  45  59  1040  374  325  3  -2  
9  45  59  1050  386  324  3  -2  
9  45  59  1056  419  318  3  -2  
9  45  59  1065  419  318  3  -2  
9  45  59  1073  436  317  3  -2  
9  45  59  1081  449  317  3  -2  
9  45  59  1090  464  317  3  -2  
9  45  59  1099  479  317  3  -2  
9  45  59  1107  502  317  4  -2  
9  45  59  1115  509  317  4  -2  
9  45  59  1124  513  316  4  -2  
9  45  59  1132  515  316  4  -2  
9  45  59  1140  519  314  4  -2  
9  45  59  1148  520  314  4  -2  
9  45  59  1156  523  313  4  -2  
9  45  59  1165  523  313  4  -2  
9  45  59  1173  523  313  4  -2  
9  45  59  1183  523  313  4  -2  
9  45  59  1191  523  313  4  -2  
9  45  59  1198  523  313  4  -2  
9  45  59  1206  523  313  4  -2  
9  45  59  1215  523  313  4  -2  
9  45  59  1223  523  313  4  -2  
9  45  59  1232  524  313  4  -2  
9  45  59  1241  524  313  4  -2  
9  45  59  1248  524  313  4  -2  
9  45  59  1257  524  313  4  -2  
9  45  59  1265  524  313  4  -2  
9  45  59  1273  524  313  4  -2  
9  45  59  1283  524  313  4  -2  
9  45  59  1291  524  313  4  -2  
9  45  59  1298  524  313  4  -2  
9  45  59  1306  524  313  4  -2  
9  45  59  1315  524  313  4  -2  
9  45  59  1324  524  313  4  -2  
9  45  59  1333  524  313  4  -2  
9  45  59  1341  522  313  4  -2  
9  45  59  1349  519  314  4  -2  
9  45  59  1357  517  315  4  -2  
9  45  59  1365  512  316  4  -2  
9  45  59  1374  506  319  4  -2  
9  45  59  1383  503  320  4  -2  
9  45  59  1391  497  321  4  -2  
9  45  59  1398  491  324  4  -2  
9  45  59  1407  481  326  4  -2  
9  45  59  1416  471  327  4  -2  
9  45  59  1425  460  331  4  -2  
9  45  59  1433  450  331  4  -2  
9  45  59  1442  442  333  4  -2  
9  45  59  1449  425  333  4  -2  
9  45  59  1459  425  333  4  -2  
9  45  59  1466  408  333  4  -2  
9  45  59  1475  398  333  4  -2  
