14  17  47  0  380  324  1  -2  
14  17  47  7  380  324  1  -2  
14  17  47  17  380  324  1  -2  
14  17  47  25  380  324  1  -2  
14  17  47  32  380  324  1  -2  
14  17  47  41  380  324  1  -2  
14  17  47  50  380  324  1  -2  
14  17  47  58  380  324  1  -2  
14  17  47  68  380  324  1  -2  
14  17  47  75  380  324  1  -2  
14  17  47  83  380  324  1  -2  
14  17  47  92  380  324  1  -2  
14  17  47  102  380  324  1  -2  
14  17  47  110  380  324  1  -2  
14  17  47  120  380  324  1  -2  
14  17  47  128  380  324  1  -2  
14  17  47  137  380  324  1  -2  
14  17  47  143  380  324  1  -2  
14  17  47  153  380  324  1  -2  
14  17  47  160  380  324  1  -2  
14  17  47  171  380  324  1  -2  
14  17  47  177  380  324  1  -2  
14  17  47  188  380  324  1  -2  
14  17  47  196  380  324  1  -2  
14  17  47  205  380  324  1  -2  
14  17  47  211  380  324  1  -2  
14  17  47  221  380  324  1  -2  
14  17  47  228  380  324  1  -2  
14  17  47  239  380  324  1  -2  
14  17  47  245  380  324  1  -2  
14  17  47  255  380  324  1  -2  
14  17  47  262  380  324  1  -2  
14  17  47  271  380  324  1  -2  
14  17  47  279  380  324  1  -2  
14  17  47  289  380  324  1  -2  
14  17  47  295  380  324  1  -2  
14  17  47  305  380  324  1  -2  
14  17  47  312  380  324  1  -2  
14  17  47  322  380  324  1  -2  
14  17  47  330  380  324  1  -2  
14  17  47  339  380  324  1  -2  
14  17  47  345  380  324  1  -2  
14  17  47  355  380  324  1  -2  
14  17  47  362  380  324  1  -2  
14  17  47  371  380  324  1  -2  
14  17  47  379  380  324  1  -2  
14  17  47  388  380  324  1  -2  
14  17  47  396  380  324  1  -2  
14  17  47  404  380  324  1  -2  
14  17  47  412  380  324  1  -2  
14  17  47  421  380  324  1  -2  
14  17  47  430  380  324  1  -2  
14  17  47  438  380  324  1  -2  
14  17  47  447  380  324  1  -2  
14  17  47  454  380  324  1  -2  
14  17  47  462  380  324  1  -2  
14  17  47  471  384  324  1  -2  
14  17  47  480  404  324  1  -2  
14  17  47  488  416  324  1  -2  
14  17  48  497  426  324  1  -2  
14  17  48  505  436  324  1  -2  
14  17  48  512  446  324  1  -2  
14  17  48  522  453  324  1  -2  
14  17  48  530  458  324  1  -2  
14  17  48  539  460  324  1  -2  
14  17  48  546  462  324  1  -2  
14  17  48  555  464  324  1  -2  
14  17  48  563  465  324  1  -2  
14  17  48  572  466  324  1  -2  
14  17  48  580  468  324  1  -2  
14  17  48  589  471  325  1  -2  
14  17  48  597  476  326  1  -2  
14  17  48  605  488  330  1  -2  
14  17  48  612  502  331  2  -2  
14  17  48  622  517  333  2  -2  
14  17  48  629  533  334  2  -2  
14  17  48  639  545  337  2  -2  
14  17  48  647  556  338  2  -2  
14  17  48  654  559  339  2  -2  
14  17  48  663  560  339  2  -2  
14  17  48  672  560  339  2  -2  
14  17  48  680  560  339  2  -2  
14  17  48  689  560  339  2  -2  
14  17  48  697  560  339  2  -2  
14  17  48  704  560  339  2  -2  
14  17  48  713  560  339  2  -2  
14  17  48  721  560  339  2  -2  
14  17  48  729  560  339  2  -2  
14  17  48  738  560  339  2  -2  
14  17  48  747  560  339  2  -2  
14  17  48  754  560  339  2  -2  
14  17  48  764  560  339  2  -2  
14  17  48  772  560  339  2  -2  
14  17  48  780  560  339  2  -2  
14  17  48  789  560  339  2  -2  
14  17  48  797  560  339  2  -2  
14  17  48  805  560  339  2  -2  
14  17  48  814  560  339  2  -2  
14  17  48  823  560  339  2  -2  
14  17  48  832  557  338  2  -2  
14  17  48  842  555  338  2  -2  
14  17  48  852  550  338  2  -2  
14  17  48  859  545  337  2  -2  
14  17  48  870  538  336  2  -2  
14  17  48  878  526  336  2  -2  
14  17  48  886  510  334  2  -2  
14  17  48  893  459  329  2  -2  
14  17  48  904  459  329  2  -2  
14  17  48  910  401  329  2  -2  
14  17  48  920  401  329  2  -2  
14  17  48  928  362  329  3  -2  
14  17  48  938  347  329  3  -2  
14  17  48  946  334  328  3  -2  
14  17  48  955  327  328  3  -2  
14  17  48  967  324  328  3  -2  
14  17  48  976  324  328  3  -2  
14  17  48  984  324  328  3  -2  
14  17  48  991  324  328  3  -2  
14  17  48  1001  324  328  3  -2  
14  17  48  1008  324  328  3  -2  
14  17  48  1020  324  328  3  -2  
14  17  48  1028  324  328  3  -2  
14  17  48  1039  324  328  3  -2  
14  17  48  1048  324  328  3  -2  
14  17  48  1056  324  328  3  -2  
14  17  48  1064  324  328  3  -2  
14  17  48  1072  324  328  3  -2  
14  17  48  1081  324  328  3  -2  
14  17  48  1089  324  328  3  -2  
14  17  48  1098  324  328  3  -2  
14  17  48  1106  324  328  3  -2  
14  17  48  1115  324  328  3  -2  
14  17  48  1123  324  328  3  -2  
14  17  48  1132  324  328  3  -2  
14  17  48  1141  324  328  3  -2  
14  17  48  1149  324  328  3  -2  
14  17  48  1158  324  328  3  -2  
14  17  48  1165  324  328  3  -2  
14  17  48  1174  324  328  3  -2  
14  17  48  1182  324  328  3  -2  
14  17  48  1190  324  328  3  -2  
14  17  48  1200  324  328  3  -2  
14  17  48  1208  324  328  3  -2  
14  17  48  1217  324  328  3  -2  
14  17  48  1225  324  328  3  -2  
14  17  48  1234  324  328  3  -2  
14  17  48  1240  324  328  3  -2  
14  17  48  1249  324  328  3  -2  
14  17  48  1258  324  328  3  -2  
14  17  48  1266  324  328  3  -2  
14  17  48  1273  324  328  3  -2  
14  17  48  1284  324  328  3  -2  
14  17  48  1290  324  328  3  -2  
14  17  48  1299  324  328  3  -2  
14  17  48  1309  324  328  3  -2  
14  17  48  1317  324  328  3  -2  
14  17  48  1325  324  328  3  -2  
14  17  48  1335  324  328  3  -2  
14  17  48  1341  326  328  3  -2  
14  17  48  1351  326  328  3  -2  
14  17  48  1358  328  328  3  -2  
14  17  48  1369  331  328  3  -2  
14  17  48  1375  341  328  3  -2  
14  17  48  1384  349  328  3  -2  
14  17  48  1392  359  328  3  -2  
14  17  48  1402  372  328  3  -2  
14  17  48  1409  387  328  3  -2  
14  17  48  1419  402  328  3  -2  
14  17  48  1426  420  328  3  -2  
14  17  48  1437  435  328  3  -2  
14  17  48  1443  449  328  3  -2  
14  17  48  1453  460  328  3  -2  
14  17  48  1460  467  328  3  -2  
14  17  48  1470  472  328  3  -2  
14  17  48  1477  473  328  3  -2  
14  17  48  1487  473  328  3  -2  
14  17  49  1494  473  328  3  -2  
14  17  49  1503  473  328  3  -2  
14  17  49  1511  474  328  3  -2  
14  17  49  1520  475  328  3  -2  
14  17  49  1529  477  328  3  -2  
14  17  49  1537  482  328  3  -2  
14  17  49  1545  487  328  3  -2  
14  17  49  1553  489  328  3  -2  
14  17  49  1562  493  328  3  -2  
14  17  49  1571  494  328  3  -2  
14  17  49  1579  495  328  3  -2  
14  17  49  1587  495  328  3  -2  
14  17  49  1595  495  328  3  -2  
14  17  49  1603  495  328  3  -2  
14  17  49  1611  496  329  3  -2  
14  17  49  1621  496  329  3  -2  
14  17  49  1628  496  329  3  -2  
14  17  49  1637  496  329  3  -2  
14  17  49  1645  496  329  3  -2  
14  17  49  1653  496  329  3  -2  
14  17  49  1661  496  329  3  -2  
14  17  49  1670  496  329  3  -2  
14  17  49  1678  496  329  3  -2  
14  17  49  1687  496  329  3  -2  
14  17  49  1695  496  329  3  -2  
14  17  49  1703  496  329  3  -2  
14  17  49  1712  496  329  3  -2  
14  17  49  1720  498  329  4  -2  
14  17  49  1728  498  329  4  -2  
14  17  49  1739  501  329  4  -2  
14  17  49  1749  501  329  4  -2  
14  17  49  1760  503  329  4  -2  
14  17  49  1769  505  329  4  -2  
14  17  49  1777  506  329  4  -2  
14  17  49  1787  507  329  4  -2  
14  17  49  1793  507  329  4  -2  
14  17  49  1803  507  329  4  -2  
14  17  49  1811  508  329  4  -2  
14  17  49  1820  508  329  4  -2  
14  17  49  1828  508  329  4  -2  
14  17  49  1837  508  329  4  -2  
14  17  49  1843  508  329  4  -2  
14  17  49  1853  508  329  4  -2  
14  17  49  1861  508  329  4  -2  
14  17  49  1873  508  329  4  -2  
14  17  49  1886  508  329  4  -2  
14  17  49  1896  508  329  4  -2  
14  17  49  1906  508  329  4  -2  
14  17  49  1913  508  329  4  -2  
14  17  49  1921  508  329  4  -2  
14  17  49  1931  508  329  4  -2  
14  17  49  1939  508  329  4  -2  
14  17  49  1948  508  329  4  -2  
14  17  49  1955  507  329  4  -2  
14  17  49  1963  505  329  4  -2  
14  17  49  1972  501  329  4  -2  
14  17  49  1981  497  328  4  -2  
14  17  49  1989  490  327  4  -2  
14  17  49  1997  485  324  4  -2  
14  17  49  2006  479  323  4  -2  
14  17  49  2014  472  322  4  -2  
14  17  49  2022  467  321  4  -2  
14  17  49  2031  460  321  4  -2  
14  17  49  2039  451  318  4  -2  
14  17  49  2047  439  316  4  -2  
14  17  49  2057  432  316  4  -2  
14  17  49  2068  427  316  4  -2  
14  17  49  2075  423  316  4  -2  
14  17  49  2084  419  316  4  -2  
14  17  49  2092  418  316  4  -2  
14  17  49  2100  415  316  4  -2  
14  17  49  2108  414  316  4  -2  
14  17  49  2119  413  315  4  -2  
14  17  49  2124  411  315  4  -2  
14  17  49  2136  410  315  4  -2  
14  17  49  2141  407  314  4  -2  
14  17  49  2152  407  314  4  -2  
14  17  49  2160  405  313  4  -2  
14  17  49  2170  404  313  4  -2  
14  17  49  2177  403  312  4  -2  
14  17  49  2188  403  312  4  -2  
14  17  49  2194  401  312  4  -2  
