14  18  3  0  359  319  1  -2  
14  18  3  8  359  319  1  -2  
14  18  3  16  359  319  1  -2  
14  18  3  24  359  319  1  -2  
14  18  3  33  359  319  1  -2  
14  18  3  41  359  319  1  -2  
14  18  3  50  359  319  1  -2  
14  18  3  59  359  319  1  -2  
14  18  3  66  359  319  1  -2  
14  18  3  75  359  319  1  -2  
14  18  3  84  359  319  1  -2  
14  18  3  91  359  319  1  -2  
14  18  3  100  359  319  1  -2  
14  18  3  108  360  319  1  -2  
14  18  3  116  365  319  1  -2  
14  18  3  125  372  319  1  -2  
14  18  3  133  380  319  1  -2  
14  18  3  141  389  319  1  -2  
14  18  3  150  395  319  1  -2  
14  18  3  159  400  319  1  -2  
14  18  3  167  404  319  1  -2  
14  18  3  175  406  319  1  -2  
14  18  3  184  408  319  1  -2  
14  18  3  192  409  319  1  -2  
14  18  3  199  412  319  1  -2  
14  18  3  208  412  319  1  -2  
14  18  3  219  416  319  1  -2  
14  18  3  226  419  319  1  -2  
14  18  3  233  428  319  1  -2  
14  18  3  243  436  319  1  -2  
14  18  3  251  448  319  1  -2  
14  18  3  259  460  316  1  -2  
14  18  3  267  467  316  1  -2  
14  18  3  275  474  314  1  -2  
14  18  3  284  476  314  1  -2  
14  18  3  291  476  314  1  -2  
14  18  3  300  476  314  1  -2  
14  18  4  308  476  314  1  -2  
14  18  4  315  476  314  1  -2  
14  18  4  324  476  314  1  -2  
14  18  4  333  476  314  1  -2  
14  18  4  342  476  314  1  -2  
14  18  4  349  476  314  1  -2  
14  18  4  357  476  314  1  -2  
14  18  4  366  476  314  1  -2  
14  18  4  375  476  314  1  -2  
14  18  4  385  476  314  1  -2  
14  18  4  392  476  314  1  -2  
14  18  4  403  477  314  1  -2  
14  18  4  409  479  313  1  -2  
14  18  4  419  481  313  1  -2  
14  18  4  426  485  313  1  -2  
14  18  4  436  489  313  1  -2  
14  18  4  443  495  313  2  -2  
14  18  4  451  507  313  2  -2  
14  18  4  458  517  313  2  -2  
14  18  4  471  528  313  2  -2  
14  18  4  480  534  315  2  -2  
14  18  4  489  535  316  2  -2  
14  18  4  497  535  316  2  -2  
14  18  4  505  535  316  2  -2  
14  18  4  514  535  316  2  -2  
14  18  4  521  535  316  2  -2  
14  18  4  530  535  316  2  -2  
14  18  4  538  535  316  2  -2  
14  18  4  547  535  316  2  -2  
14  18  4  555  535  316  2  -2  
14  18  4  564  535  316  2  -2  
14  18  4  573  535  316  2  -2  
14  18  4  580  535  316  2  -2  
14  18  4  588  535  316  2  -2  
14  18  4  597  535  316  2  -2  
14  18  4  605  535  316  2  -2  
14  18  4  614  535  316  2  -2  
14  18  4  622  535  316  2  -2  
14  18  4  630  535  316  2  -2  
14  18  4  637  535  316  2  -2  
14  18  4  647  535  316  2  -2  
14  18  4  656  535  316  2  -2  
14  18  4  664  535  316  2  -2  
14  18  4  673  535  316  2  -2  
14  18  4  680  535  316  2  -2  
14  18  4  688  533  316  2  -2  
14  18  4  698  528  316  2  -2  
14  18  4  706  524  315  2  -2  
14  18  4  714  517  314  2  -2  
14  18  4  735  507  313  2  -2  
14  18  4  744  499  313  2  -2  
14  18  4  753  465  309  2  -2  
14  18  4  758  453  309  2  -2  
14  18  4  769  453  309  2  -2  
14  18  4  777  427  307  2  -2  
14  18  4  786  417  307  2  -2  
14  18  4  794  408  306  2  -2  
14  18  4  802  404  306  2  -2  
14  18  4  810  399  306  2  -2  
14  18  4  820  397  304  3  -2  
14  18  4  826  394  304  3  -2  
14  18  4  836  393  304  3  -2  
14  18  4  843  392  304  3  -2  
14  18  4  854  392  304  3  -2  
14  18  4  860  391  304  3  -2  
14  18  4  870  391  304  3  -2  
14  18  4  877  390  304  3  -2  
14  18  4  887  390  304  3  -2  
14  18  4  895  390  304  3  -2  
14  18  4  903  389  304  3  -2  
14  18  4  910  387  304  3  -2  
14  18  4  920  385  304  3  -2  
14  18  4  927  379  304  3  -2  
14  18  4  937  379  304  3  -2  
14  18  4  945  377  304  3  -2  
14  18  4  954  375  304  3  -2  
14  18  4  960  375  304  3  -2  
14  18  4  970  375  304  3  -2  
14  18  4  977  375  304  3  -2  
14  18  4  988  375  304  3  -2  
14  18  4  995  375  304  3  -2  
14  18  4  1004  375  304  3  -2  
14  18  4  1011  375  304  3  -2  
14  18  4  1021  375  304  3  -2  
14  18  4  1028  375  304  3  -2  
14  18  4  1037  375  304  3  -2  
14  18  4  1045  375  304  3  -2  
14  18  4  1054  375  304  3  -2  
14  18  4  1061  375  304  3  -2  
14  18  4  1071  375  304  3  -2  
14  18  4  1077  375  304  3  -2  
14  18  4  1087  375  304  3  -2  
14  18  4  1095  375  304  3  -2  
14  18  4  1105  375  304  3  -2  
14  18  4  1112  375  304  3  -2  
14  18  4  1121  375  304  3  -2  
14  18  4  1128  375  304  3  -2  
14  18  4  1138  375  304  3  -2  
14  18  4  1145  375  304  3  -2  
14  18  4  1155  375  304  3  -2  
14  18  4  1161  375  304  3  -2  
14  18  4  1171  375  304  3  -2  
14  18  4  1178  375  304  3  -2  
14  18  4  1187  375  304  3  -2  
14  18  4  1195  375  304  3  -2  
14  18  4  1205  375  304  3  -2  
14  18  4  1211  375  304  3  -2  
14  18  4  1221  375  304  3  -2  
14  18  4  1227  375  304  3  -2  
14  18  4  1237  375  304  3  -2  
14  18  4  1245  375  304  3  -2  
14  18  4  1254  375  304  3  -2  
14  18  4  1262  375  304  3  -2  
14  18  4  1271  375  304  3  -2  
14  18  4  1277  375  304  3  -2  
14  18  4  1287  375  304  3  -2  
14  18  4  1295  375  304  3  -2  
14  18  4  1305  375  304  3  -2  
14  18  5  1312  375  304  3  -2  
14  18  5  1320  375  304  3  -2  
14  18  5  1327  375  304  3  -2  
14  18  5  1337  375  304  3  -2  
14  18  5  1345  375  304  3  -2  
14  18  5  1354  375  304  3  -2  
14  18  5  1362  375  304  3  -2  
14  18  5  1371  375  304  3  -2  
14  18  5  1378  375  304  3  -2  
14  18  5  1389  375  304  3  -2  
14  18  5  1396  375  304  3  -2  
14  18  5  1405  375  304  3  -2  
14  18  5  1413  375  304  3  -2  
14  18  5  1421  375  304  3  -2  
14  18  5  1429  375  304  3  -2  
14  18  5  1437  375  304  3  -2  
14  18  5  1446  375  304  3  -2  
14  18  5  1454  375  304  3  -2  
14  18  5  1463  375  304  3  -2  
14  18  5  1471  375  304  3  -2  
14  18  5  1480  375  304  3  -2  
14  18  5  1488  375  304  3  -2  
14  18  5  1497  375  304  3  -2  
14  18  5  1504  375  304  3  -2  
14  18  5  1514  375  304  3  -2  
14  18  5  1521  375  304  3  -2  
14  18  5  1530  375  304  3  -2  
14  18  5  1538  375  304  3  -2  
14  18  5  1546  375  304  3  -2  
14  18  5  1555  375  304  3  -2  
14  18  5  1564  375  304  3  -2  
14  18  5  1571  375  304  3  -2  
14  18  5  1580  375  304  3  -2  
14  18  5  1587  375  304  3  -2  
14  18  5  1596  375  304  3  -2  
14  18  5  1605  377  304  3  -2  
14  18  5  1614  382  304  3  -2  
14  18  5  1622  389  304  3  -2  
14  18  5  1630  395  304  3  -2  
14  18  5  1638  405  304  3  -2  
14  18  5  1647  414  304  3  -2  
14  18  5  1655  421  304  3  -2  
14  18  5  1664  427  304  3  -2  
14  18  5  1673  436  304  3  -2  
14  18  5  1681  440  306  3  -2  
14  18  5  1688  444  306  3  -2  
14  18  5  1698  446  306  3  -2  
14  18  5  1707  450  306  3  -2  
14  18  5  1716  453  307  3  -2  
14  18  5  1723  462  309  3  -2  
14  18  5  1732  472  309  3  -2  
14  18  5  1741  483  312  3  -2  
14  18  5  1750  494  313  3  -2  
14  18  5  1757  506  316  4  -2  
14  18  5  1765  518  317  4  -2  
14  18  5  1775  525  318  4  -2  
14  18  5  1783  529  318  4  -2  
14  18  5  1791  530  318  4  -2  
14  18  5  1800  530  318  4  -2  
14  18  5  1809  530  318  4  -2  
14  18  5  1818  530  318  4  -2  
14  18  5  1825  530  318  4  -2  
14  18  5  1834  530  318  4  -2  
14  18  5  1841  530  318  4  -2  
14  18  5  1850  530  318  4  -2  
14  18  5  1858  530  318  4  -2  
14  18  5  1868  530  318  4  -2  
14  18  5  1875  530  318  4  -2  
14  18  5  1884  530  318  4  -2  
14  18  5  1891  530  318  4  -2  
14  18  5  1901  530  318  4  -2  
14  18  5  1907  530  318  4  -2  
14  18  5  1915  530  318  4  -2  
14  18  5  1925  530  318  4  -2  
14  18  5  1934  530  318  4  -2  
14  18  5  1940  530  318  4  -2  
14  18  5  1950  530  318  4  -2  
14  18  5  1958  530  318  4  -2  
14  18  5  1968  530  318  4  -2  
14  18  5  1977  530  318  4  -2  
14  18  5  1985  530  318  4  -2  
14  18  5  1993  530  318  4  -2  
14  18  5  2002  530  318  4  -2  
14  18  5  2009  530  318  4  -2  
14  18  5  2019  530  318  4  -2  
14  18  5  2026  530  318  4  -2  
14  18  5  2036  530  318  4  -2  
14  18  5  2043  530  318  4  -2  
14  18  5  2052  529  318  4  -2  
14  18  5  2059  520  318  4  -2  
14  18  5  2068  508  318  4  -2  
14  18  5  2075  497  318  4  -2  
14  18  5  2084  482  318  4  -2  
14  18  5  2092  465  318  4  -2  
14  18  5  2101  453  318  4  -2  
14  18  5  2109  443  318  4  -2  
14  18  5  2118  433  319  4  -2  
14  18  5  2126  426  322  4  -2  
14  18  5  2136  419  322  4  -2  
14  18  5  2142  410  323  4  -2  
14  18  5  2153  410  323  4  -2  
14  18  5  2160  406  323  4  -2  
14  18  5  2170  403  323  4  -2  
14  18  5  2176  400  323  4  -2  
