9  47  12  0  355  327  1  -2  
9  47  12  9  355  327  1  -2  
9  47  12  16  355  327  1  -2  
9  47  12  25  355  327  1  -2  
9  47  12  34  355  327  1  -2  
9  47  12  42  355  327  1  -2  
9  47  12  50  355  327  1  -2  
9  47  12  58  355  327  1  -2  
9  47  12  66  355  327  1  -2  
9  47  12  75  355  327  1  -2  
9  47  12  84  355  327  1  -2  
9  47  12  92  355  327  1  -2  
9  47  12  100  355  327  1  -2  
9  47  12  109  355  327  1  -2  
9  47  12  116  355  327  1  -2  
9  47  12  125  355  327  1  -2  
9  47  12  134  355  327  1  -2  
9  47  12  143  355  327  1  -2  
9  47  12  150  355  327  1  -2  
9  47  12  158  355  327  1  -2  
9  47  12  167  355  327  1  -2  
9  47  12  175  355  327  1  -2  
9  47  12  184  355  327  1  -2  
9  47  12  192  355  327  1  -2  
9  47  12  201  355  327  1  -2  
9  47  12  208  355  327  1  -2  
9  47  12  217  355  327  1  -2  
9  47  12  225  357  327  1  -2  
9  47  12  234  358  327  1  -2  
9  47  12  242  359  327  1  -2  
9  47  12  251  360  327  1  -2  
9  47  12  259  360  327  1  -2  
9  47  12  267  362  327  1  -2  
9  47  12  275  362  327  1  -2  
9  47  12  284  362  327  1  -2  
9  47  12  292  363  327  1  -2  
9  47  12  301  364  327  1  -2  
9  47  12  308  366  327  1  -2  
9  47  12  318  366  327  1  -2  
9  47  12  326  372  327  1  -2  
9  47  12  334  379  325  1  -2  
9  47  12  344  384  325  1  -2  
9  47  12  351  391  325  1  -2  
9  47  12  359  403  325  1  -2  
9  47  12  367  413  325  1  -2  
9  47  12  376  423  325  1  -2  
9  47  12  385  434  324  1  -2  
9  47  12  394  443  324  1  -2  
9  47  12  401  453  324  1  -2  
9  47  12  410  457  324  1  -2  
9  47  12  418  458  324  1  -2  
9  47  12  427  459  324  1  -2  
9  47  12  434  459  324  1  -2  
9  47  12  444  459  324  1  -2  
9  47  12  451  460  324  1  -2  
9  47  12  460  460  324  1  -2  
9  47  12  468  462  324  1  -2  
9  47  12  476  465  324  1  -2  
9  47  12  484  471  324  1  -2  
9  47  12  491  478  324  1  -2  
9  47  12  501  483  324  1  -2  
9  47  12  510  488  324  1  -2  
9  47  12  520  491  324  1  -2  
9  47  12  528  493  323  1  -2  
9  47  12  536  493  323  1  -2  
9  47  12  545  493  323  1  -2  
9  47  12  553  493  323  1  -2  
9  47  12  561  493  323  1  -2  
9  47  12  569  493  323  1  -2  
9  47  12  579  493  323  1  -2  
9  47  12  586  495  323  2  -2  
9  47  12  595  495  323  2  -2  
9  47  12  602  495  323  2  -2  
9  47  12  610  496  323  2  -2  
9  47  12  618  498  323  2  -2  
9  47  12  627  499  323  2  -2  
9  47  12  635  499  323  2  -2  
9  47  12  644  499  323  2  -2  
9  47  12  652  499  323  2  -2  
9  47  12  661  500  323  2  -2  
9  47  12  669  500  323  2  -2  
9  47  12  678  500  323  2  -2  
9  47  12  685  501  323  2  -2  
9  47  12  695  501  323  2  -2  
9  47  12  702  501  323  2  -2  
9  47  12  711  501  323  2  -2  
9  47  12  719  501  323  2  -2  
9  47  12  727  501  323  2  -2  
9  47  12  735  501  323  2  -2  
9  47  12  744  501  323  2  -2  
9  47  12  753  501  323  2  -2  
9  47  12  760  501  323  2  -2  
9  47  12  771  501  323  2  -2  
9  47  12  778  501  323  2  -2  
9  47  12  786  501  323  2  -2  
9  47  12  795  501  323  2  -2  
9  47  12  804  501  323  2  -2  
9  47  12  812  501  323  2  -2  
9  47  12  819  501  323  2  -2  
9  47  12  827  501  323  2  -2  
9  47  13  836  501  323  2  -2  
9  47  13  845  501  323  2  -2  
9  47  13  852  501  323  2  -2  
9  47  13  861  501  323  2  -2  
9  47  13  869  501  323  2  -2  
9  47  13  877  501  323  2  -2  
9  47  13  885  501  323  2  -2  
9  47  13  894  501  323  2  -2  
9  47  13  902  501  323  2  -2  
9  47  13  911  501  323  2  -2  
9  47  13  919  501  323  2  -2  
9  47  13  928  501  323  2  -2  
9  47  13  936  501  323  2  -2  
9  47  13  945  501  323  2  -2  
9  47  13  953  500  323  2  -2  
9  47  13  960  499  323  2  -2  
9  47  13  969  496  323  2  -2  
9  47  13  977  494  324  2  -2  
9  47  13  986  492  324  2  -2  
9  47  13  994  490  325  2  -2  
9  47  13  1005  487  325  2  -2  
9  47  13  1011  484  327  2  -2  
9  47  13  1019  475  329  2  -2  
9  47  13  1027  468  330  2  -2  
9  47  13  1037  455  333  2  -2  
9  47  13  1045  433  339  2  -2  
9  47  13  1052  412  345  2  -2  
9  47  13  1061  397  345  2  -2  
9  47  13  1071  383  348  2  -2  
9  47  13  1079  370  348  3  -2  
9  47  13  1087  367  348  3  -2  
9  47  13  1095  365  348  3  -2  
9  47  13  1105  363  348  3  -2  
9  47  13  1111  363  348  3  -2  
9  47  13  1122  363  348  3  -2  
9  47  13  1128  362  348  3  -2  
9  47  13  1136  362  348  3  -2  
9  47  13  1145  362  348  3  -2  
9  47  13  1153  361  348  3  -2  
9  47  13  1160  359  348  3  -2  
9  47  13  1171  357  348  3  -2  
9  47  13  1177  355  348  3  -2  
9  47  13  1186  353  348  3  -2  
9  47  13  1194  349  348  3  -2  
9  47  13  1204  349  348  3  -2  
9  47  13  1210  347  348  3  -2  
9  47  13  1220  347  348  3  -2  
9  47  13  1227  347  348  3  -2  
9  47  13  1236  347  348  3  -2  
9  47  13  1244  347  348  3  -2  
9  47  13  1254  347  348  3  -2  
9  47  13  1260  347  348  3  -2  
9  47  13  1270  347  348  3  -2  
9  47  13  1277  347  348  3  -2  
9  47  13  1287  347  348  3  -2  
9  47  13  1295  347  348  3  -2  
9  47  13  1304  347  348  3  -2  
9  47  13  1310  347  348  3  -2  
9  47  13  1321  347  348  3  -2  
9  47  13  1328  347  348  3  -2  
9  47  13  1338  347  348  3  -2  
9  47  13  1344  347  348  3  -2  
9  47  13  1355  347  348  3  -2  
9  47  13  1360  347  348  3  -2  
9  47  13  1370  347  348  3  -2  
9  47  13  1377  347  348  3  -2  
9  47  13  1386  347  348  3  -2  
9  47  13  1395  347  348  3  -2  
9  47  13  1404  347  348  3  -2  
9  47  13  1412  347  348  3  -2  
9  47  13  1421  347  348  3  -2  
9  47  13  1427  347  348  3  -2  
9  47  13  1436  347  348  3  -2  
9  47  13  1444  347  348  3  -2  
9  47  13  1456  348  348  3  -2  
9  47  13  1462  351  348  3  -2  
9  47  13  1472  355  345  3  -2  
9  47  13  1480  360  343  3  -2  
9  47  13  1489  368  339  3  -2  
9  47  13  1495  376  338  3  -2  
9  47  13  1505  387  334  3  -2  
9  47  13  1513  399  333  3  -2  
9  47  13  1522  414  331  3  -2  
9  47  13  1528  424  330  3  -2  
9  47  13  1540  433  329  3  -2  
9  47  13  1546  438  327  3  -2  
9  47  13  1556  440  327  3  -2  
9  47  13  1564  441  327  3  -2  
9  47  13  1574  444  327  3  -2  
9  47  13  1579  451  326  3  -2  
9  47  13  1590  451  326  3  -2  
9  47  13  1598  457  325  3  -2  
9  47  13  1608  461  325  3  -2  
9  47  13  1618  467  323  3  -2  
9  47  13  1627  474  321  3  -2  
9  47  13  1637  480  321  3  -2  
9  47  13  1646  485  320  3  -2  
9  47  13  1655  489  320  3  -2  
9  47  13  1662  490  320  3  -2  
9  47  13  1671  491  320  3  -2  
9  47  13  1677  491  320  3  -2  
9  47  13  1689  491  320  3  -2  
9  47  13  1695  491  320  3  -2  
9  47  13  1706  494  320  3  -2  
9  47  13  1713  495  320  4  -2  
9  47  13  1722  498  320  4  -2  
9  47  13  1729  500  320  4  -2  
9  47  13  1739  502  320  4  -2  
9  47  13  1746  505  320  4  -2  
9  47  13  1756  508  320  4  -2  
9  47  13  1762  508  320  4  -2  
9  47  13  1772  510  320  4  -2  
9  47  13  1779  510  320  4  -2  
9  47  13  1790  510  320  4  -2  
9  47  13  1795  511  320  4  -2  
9  47  13  1806  511  320  4  -2  
9  47  13  1814  511  320  4  -2  
9  47  13  1823  512  320  4  -2  
9  47  14  1829  512  320  4  -2  
9  47  14  1839  512  320  4  -2  
9  47  14  1846  512  320  4  -2  
9  47  14  1856  512  320  4  -2  
9  47  14  1862  512  320  4  -2  
9  47  14  1873  512  320  4  -2  
9  47  14  1879  512  320  4  -2  
9  47  14  1889  512  320  4  -2  
9  47  14  1896  512  320  4  -2  
9  47  14  1906  512  320  4  -2  
9  47  14  1914  512  320  4  -2  
9  47  14  1923  512  320  4  -2  
9  47  14  1931  512  320  4  -2  
9  47  14  1939  512  320  4  -2  
9  47  14  1946  512  320  4  -2  
9  47  14  1956  512  320  4  -2  
9  47  14  1964  512  320  4  -2  
9  47  14  1974  512  320  4  -2  
9  47  14  1980  512  320  4  -2  
9  47  14  1989  512  320  4  -2  
9  47  14  1997  512  320  4  -2  
9  47  14  2007  512  320  4  -2  
9  47  14  2014  512  320  4  -2  
9  47  14  2023  512  320  4  -2  
9  47  14  2029  512  320  4  -2  
9  47  14  2039  512  320  4  -2  
9  47  14  2047  512  320  4  -2  
9  47  14  2056  512  320  4  -2  
9  47  14  2064  512  320  4  -2  
9  47  14  2073  512  320  4  -2  
9  47  14  2080  512  320  4  -2  
9  47  14  2090  507  320  4  -2  
9  47  14  2096  503  320  4  -2  
9  47  14  2107  497  317  4  -2  
9  47  14  2114  483  316  4  -2  
9  47  14  2123  467  316  4  -2  
9  47  14  2129  455  316  4  -2  
9  47  14  2139  447  316  4  -2  
9  47  14  2146  440  316  4  -2  
9  47  14  2156  437  316  4  -2  
9  47  14  2164  430  316  4  -2  
9  47  14  2173  423  316  4  -2  
9  47  14  2180  419  316  4  -2  
9  47  14  2190  416  315  4  -2  
9  47  14  2196  412  315  4  -2  
9  47  14  2207  412  315  4  -2  
9  47  14  2214  402  314  4  -2  
