15  0  39  0  364  316  1  -2  
15  0  39  8  364  316  1  -2  
15  0  39  18  364  316  1  -2  
15  0  39  25  364  316  1  -2  
15  0  39  33  364  316  1  -2  
15  0  39  42  364  316  1  -2  
15  0  39  51  364  316  1  -2  
15  0  39  59  364  316  1  -2  
15  0  39  71  364  316  1  -2  
15  0  39  78  364  316  1  -2  
15  0  39  88  364  316  1  -2  
15  0  39  93  364  316  1  -2  
15  0  39  104  364  316  1  -2  
15  0  39  111  364  316  1  -2  
15  0  39  120  364  316  1  -2  
15  0  39  128  364  316  1  -2  
15  0  39  138  364  316  1  -2  
15  0  39  145  364  316  1  -2  
15  0  39  153  364  316  1  -2  
15  0  39  161  364  316  1  -2  
15  0  39  171  364  316  1  -2  
15  0  39  178  364  316  1  -2  
15  0  39  188  364  316  1  -2  
15  0  39  194  364  316  1  -2  
15  0  39  203  364  316  1  -2  
15  0  39  209  364  316  1  -2  
15  0  39  220  364  316  1  -2  
15  0  39  228  364  316  1  -2  
15  0  39  237  364  316  1  -2  
15  0  39  244  364  316  1  -2  
15  0  39  255  364  316  1  -2  
15  0  39  260  364  316  1  -2  
15  0  39  272  364  316  1  -2  
15  0  39  278  364  316  1  -2  
15  0  39  288  364  316  1  -2  
15  0  39  294  364  316  1  -2  
15  0  40  305  364  316  1  -2  
15  0  40  311  364  316  1  -2  
15  0  40  321  364  316  1  -2  
15  0  40  328  364  316  1  -2  
15  0  40  337  364  316  1  -2  
15  0  40  344  364  316  1  -2  
15  0  40  354  364  316  1  -2  
15  0  40  361  364  316  1  -2  
15  0  40  373  364  316  1  -2  
15  0  40  380  364  316  1  -2  
15  0  40  390  364  316  1  -2  
15  0  40  398  364  316  1  -2  
15  0  40  406  364  316  1  -2  
15  0  40  414  364  316  1  -2  
15  0  40  423  364  316  1  -2  
15  0  40  430  364  316  1  -2  
15  0  40  439  364  316  1  -2  
15  0  40  448  364  316  1  -2  
15  0  40  456  364  316  1  -2  
15  0  40  464  364  316  1  -2  
15  0  40  471  364  316  1  -2  
15  0  40  481  364  316  1  -2  
15  0  40  489  364  316  1  -2  
15  0  40  498  364  316  1  -2  
15  0  40  506  364  316  1  -2  
15  0  40  513  364  316  1  -2  
15  0  40  522  364  316  1  -2  
15  0  40  531  364  316  1  -2  
15  0  40  539  364  316  1  -2  
15  0  40  548  364  316  1  -2  
15  0  40  555  364  316  1  -2  
15  0  40  564  364  316  1  -2  
15  0  40  572  364  316  1  -2  
15  0  40  581  364  316  1  -2  
15  0  40  589  364  316  1  -2  
15  0  40  598  367  316  1  -2  
15  0  40  607  371  316  1  -2  
15  0  40  614  375  316  1  -2  
15  0  40  622  380  317  1  -2  
15  0  40  631  387  318  1  -2  
15  0  40  640  394  318  1  -2  
15  0  40  648  401  319  1  -2  
15  0  40  657  411  322  1  -2  
15  0  40  664  433  324  1  -2  
15  0  40  672  443  324  1  -2  
15  0  40  681  443  324  1  -2  
15  0  40  689  467  330  1  -2  
15  0  40  699  479  330  1  -2  
15  0  40  706  492  331  1  -2  
15  0  40  715  502  332  2  -2  
15  0  40  722  511  335  2  -2  
15  0  40  731  516  335  2  -2  
15  0  40  738  521  335  2  -2  
15  0  40  747  525  335  2  -2  
15  0  40  755  529  335  2  -2  
15  0  40  763  531  335  2  -2  
15  0  40  771  532  335  2  -2  
15  0  40  779  533  335  2  -2  
15  0  40  788  533  335  2  -2  
15  0  40  799  533  335  2  -2  
15  0  40  805  533  335  2  -2  
15  0  40  813  533  335  2  -2  
15  0  40  822  533  335  2  -2  
15  0  40  830  533  335  2  -2  
15  0  40  839  534  335  2  -2  
15  0  40  847  534  335  2  -2  
15  0  40  857  534  335  2  -2  
15  0  40  866  534  335  2  -2  
15  0  40  872  534  335  2  -2  
15  0  40  881  534  335  2  -2  
15  0  40  890  534  335  2  -2  
15  0  40  898  534  335  2  -2  
15  0  40  907  534  335  2  -2  
15  0  40  916  534  335  2  -2  
15  0  40  925  527  335  2  -2  
15  0  40  932  517  335  2  -2  
15  0  40  940  505  335  2  -2  
15  0  40  948  494  335  2  -2  
15  0  40  957  482  335  2  -2  
15  0  40  964  470  335  2  -2  
15  0  40  973  459  335  2  -2  
15  0  40  981  446  335  2  -2  
15  0  40  990  432  335  2  -2  
15  0  40  999  419  335  2  -2  
15  0  40  1008  406  335  2  -2  
15  0  40  1016  392  335  3  -2  
15  0  40  1025  387  336  3  -2  
15  0  40  1032  382  336  3  -2  
15  0  40  1042  376  336  3  -2  
15  0  40  1050  373  336  3  -2  
15  0  40  1058  370  336  3  -2  
15  0  40  1066  368  336  3  -2  
15  0  40  1074  366  336  3  -2  
15  0  40  1082  364  336  3  -2  
15  0  40  1090  363  336  3  -2  
15  0  40  1098  362  337  3  -2  
15  0  40  1107  360  337  3  -2  
15  0  40  1114  358  337  3  -2  
15  0  40  1123  356  337  3  -2  
15  0  40  1133  353  337  3  -2  
15  0  40  1140  353  337  3  -2  
15  0  40  1148  352  337  3  -2  
15  0  40  1158  352  337  3  -2  
15  0  40  1166  352  337  3  -2  
15  0  40  1174  352  337  3  -2  
15  0  40  1182  352  337  3  -2  
15  0  40  1190  352  337  3  -2  
15  0  40  1198  352  337  3  -2  
15  0  40  1207  352  337  3  -2  
15  0  40  1218  352  337  3  -2  
15  0  40  1225  352  337  3  -2  
15  0  40  1232  352  337  3  -2  
15  0  40  1241  352  337  3  -2  
15  0  40  1248  352  337  3  -2  
15  0  40  1258  352  337  3  -2  
15  0  40  1266  352  337  3  -2  
15  0  40  1274  352  337  3  -2  
15  0  40  1282  352  337  3  -2  
15  0  40  1291  352  337  3  -2  
15  0  41  1299  352  337  3  -2  
15  0  41  1307  352  337  3  -2  
15  0  41  1318  352  337  3  -2  
15  0  41  1326  352  337  3  -2  
15  0  41  1334  352  337  3  -2  
15  0  41  1341  352  337  3  -2  
15  0  41  1349  352  337  3  -2  
15  0  41  1358  352  337  3  -2  
15  0  41  1366  352  337  3  -2  
15  0  41  1375  352  337  3  -2  
15  0  41  1382  352  337  3  -2  
15  0  41  1391  352  337  3  -2  
15  0  41  1399  352  337  3  -2  
15  0  41  1408  352  337  3  -2  
15  0  41  1416  352  337  3  -2  
15  0  41  1425  353  337  3  -2  
15  0  41  1433  355  337  3  -2  
15  0  41  1442  357  337  3  -2  
15  0  41  1450  360  337  3  -2  
15  0  41  1458  362  339  3  -2  
15  0  41  1466  367  339  3  -2  
15  0  41  1474  371  340  3  -2  
15  0  41  1482  376  340  3  -2  
15  0  41  1491  383  341  3  -2  
15  0  41  1499  391  343  3  -2  
15  0  41  1508  400  343  3  -2  
15  0  41  1516  412  345  3  -2  
15  0  41  1524  420  345  3  -2  
15  0  41  1532  432  345  3  -2  
15  0  41  1542  444  345  3  -2  
15  0  41  1549  452  345  3  -2  
15  0  41  1558  462  345  3  -2  
15  0  41  1568  474  347  3  -2  
15  0  41  1576  489  349  3  -2  
15  0  41  1585  498  349  3  -2  
15  0  41  1591  505  349  3  -2  
15  0  41  1602  510  349  3  -2  
15  0  41  1608  513  349  3  -2  
15  0  41  1616  518  349  3  -2  
15  0  41  1626  521  349  4  -2  
15  0  41  1636  525  349  4  -2  
15  0  41  1642  530  349  4  -2  
15  0  41  1651  534  349  4  -2  
15  0  41  1659  537  349  4  -2  
15  0  41  1669  538  349  4  -2  
15  0  41  1677  539  349  4  -2  
15  0  41  1686  539  349  4  -2  
15  0  41  1693  541  349  4  -2  
15  0  41  1703  541  349  4  -2  
15  0  41  1709  542  349  4  -2  
15  0  41  1719  542  349  4  -2  
15  0  41  1727  542  349  4  -2  
15  0  41  1736  542  349  4  -2  
15  0  41  1743  542  349  4  -2  
15  0  41  1753  542  349  4  -2  
15  0  41  1759  542  349  4  -2  
15  0  41  1770  542  349  4  -2  
15  0  41  1777  542  349  4  -2  
15  0  41  1786  542  349  4  -2  
15  0  41  1792  542  349  4  -2  
15  0  41  1804  542  349  4  -2  
15  0  41  1811  542  349  4  -2  
15  0  41  1821  542  349  4  -2  
15  0  41  1828  542  349  4  -2  
15  0  41  1838  542  349  4  -2  
15  0  41  1844  542  349  4  -2  
15  0  41  1854  542  349  4  -2  
15  0  41  1862  542  349  4  -2  
15  0  41  1871  542  349  4  -2  
15  0  41  1878  542  349  4  -2  
15  0  41  1888  542  349  4  -2  
15  0  41  1896  541  349  4  -2  
15  0  41  1904  541  349  4  -2  
15  0  41  1912  539  349  4  -2  
15  0  41  1922  539  349  4  -2  
15  0  41  1929  535  349  4  -2  
15  0  41  1938  533  349  4  -2  
15  0  41  1945  528  349  4  -2  
15  0  41  1954  523  349  4  -2  
15  0  41  1962  519  349  4  -2  
15  0  41  1971  514  349  4  -2  
15  0  41  1978  509  349  4  -2  
15  0  41  1988  502  349  4  -2  
15  0  41  1997  495  347  4  -2  
15  0  41  2005  491  347  4  -2  
15  0  41  2013  483  347  4  -2  
15  0  41  2021  475  347  4  -2  
15  0  41  2029  468  347  4  -2  
15  0  41  2038  460  347  4  -2  
15  0  41  2046  453  347  4  -2  
15  0  41  2054  448  347  4  -2  
15  0  41  2061  444  347  4  -2  
15  0  41  2071  439  347  4  -2  
15  0  41  2079  436  347  4  -2  
15  0  41  2088  431  347  4  -2  
15  0  41  2096  425  347  4  -2  
15  0  41  2104  422  347  4  -2  
15  0  41  2113  419  347  4  -2  
15  0  41  2121  415  347  4  -2  
15  0  41  2129  411  347  4  -2  
15  0  41  2139  409  347  4  -2  
15  0  41  2145  405  347  4  -2  
15  0  41  2154  401  347  4  -2  
15  0  41  2163  397  347  4  -2  
15  0  41  2171  395  347  4  -2  
15  0  41  2179  391  346  4  -2  
15  0  41  2188  387  346  4  -2  
15  0  41  2196  385  346  4  -2  
15  0  41  2204  383  346  4  -2  
15  0  41  2213  382  346  4  -2  
15  0  41  2221  382  346  4  -2  
15  0  41  2230  381  346  5  -2  
15  0  41  2240  381  346  5  -2  
15  0  41  2248  379  345  5  -2  
15  0  41  2255  379  345  5  -2  
15  0  41  2264  379  345  5  -2  
15  0  41  2273  378  345  5  -2  
15  0  41  2281  378  345  5  -2  
15  0  41  2290  376  345  5  -2  
15  0  42  2298  375  345  5  -2  
15  0  42  2305  374  345  5  -2  
15  0  42  2314  374  345  5  -2  
15  0  42  2322  374  345  5  -2  
15  0  42  2331  374  345  5  -2  
15  0  42  2339  374  345  5  -2  
15  0  42  2348  374  345  5  -2  
15  0  42  2357  374  345  5  -2  
15  0  42  2366  374  345  5  -2  
15  0  42  2375  374  345  5  -2  
15  0  42  2386  374  345  5  -2  
15  0  42  2394  374  345  5  -2  
15  0  42  2404  374  345  5  -2  
15  0  42  2411  374  345  5  -2  
15  0  42  2420  374  345  5  -2  
15  0  42  2429  374  345  5  -2  
15  0  42  2438  374  345  5  -2  
15  0  42  2446  374  345  5  -2  
15  0  42  2454  374  345  5  -2  
15  0  42  2461  374  345  5  -2  
15  0  42  2471  374  345  5  -2  
15  0  42  2478  374  345  5  -2  
15  0  42  2487  374  345  5  -2  
15  0  42  2494  374  345  5  -2  
15  0  42  2503  374  345  5  -2  
15  0  42  2511  374  345  5  -2  
15  0  42  2519  374  345  5  -2  
15  0  42  2528  374  345  5  -2  
15  0  42  2537  374  345  5  -2  
15  0  42  2543  374  345  5  -2  
15  0  42  2553  374  345  5  -2  
15  0  42  2562  374  345  5  -2  
15  0  42  2570  374  345  5  -2  
15  0  42  2578  374  345  5  -2  
15  0  42  2587  374  345  5  -2  
15  0  42  2595  374  345  5  -2  
15  0  42  2604  374  345  5  -2  
15  0  42  2611  374  345  5  -2  
15  0  42  2620  374  345  5  -2  
15  0  42  2628  374  345  5  -2  
15  0  42  2637  374  345  5  -2  
15  0  42  2644  374  345  5  -2  
15  0  42  2653  374  345  5  -2  
15  0  42  2662  374  345  5  -2  
15  0  42  2670  374  345  5  -2  
15  0  42  2678  374  345  5  -2  
