14  19  25  0  362  312  1  -2  
14  19  25  7  362  312  1  -2  
14  19  25  16  362  312  1  -2  
14  19  25  23  362  312  1  -2  
14  19  25  34  362  312  1  -2  
14  19  25  40  362  312  1  -2  
14  19  25  51  362  312  1  -2  
14  19  25  58  362  312  1  -2  
14  19  25  67  362  312  1  -2  
14  19  25  74  362  312  1  -2  
14  19  25  84  362  312  1  -2  
14  19  25  90  362  312  1  -2  
14  19  25  101  362  312  1  -2  
14  19  25  108  362  312  1  -2  
14  19  25  116  362  312  1  -2  
14  19  25  125  362  312  1  -2  
14  19  25  134  362  312  1  -2  
14  19  25  140  362  312  1  -2  
14  19  25  151  362  312  1  -2  
14  19  25  158  362  312  1  -2  
14  19  25  167  362  312  1  -2  
14  19  25  175  362  312  1  -2  
14  19  25  184  362  312  1  -2  
14  19  25  191  362  312  1  -2  
14  19  25  201  362  312  1  -2  
14  19  25  206  362  312  1  -2  
14  19  25  218  362  312  1  -2  
14  19  25  225  362  312  1  -2  
14  19  25  234  362  312  1  -2  
14  19  25  241  362  312  1  -2  
14  19  25  251  362  312  1  -2  
14  19  25  258  362  312  1  -2  
14  19  25  267  362  312  1  -2  
14  19  25  275  362  312  1  -2  
14  19  25  284  362  312  1  -2  
14  19  25  291  362  312  1  -2  
14  19  25  301  362  312  1  -2  
14  19  25  308  362  312  1  -2  
14  19  25  317  362  312  1  -2  
14  19  25  323  362  312  1  -2  
14  19  25  335  362  312  1  -2  
14  19  25  341  363  312  1  -2  
14  19  25  351  364  312  1  -2  
14  19  25  358  366  312  1  -2  
14  19  25  367  370  312  1  -2  
14  19  25  375  376  312  1  -2  
14  19  25  384  383  312  1  -2  
14  19  25  391  393  312  1  -2  
14  19  25  399  403  315  1  -2  
14  19  25  407  417  315  1  -2  
14  19  25  417  432  315  1  -2  
14  19  25  425  443  315  1  -2  
14  19  25  434  453  315  1  -2  
14  19  25  441  465  315  1  -2  
14  19  25  452  465  315  1  -2  
14  19  25  457  476  315  1  -2  
14  19  25  468  476  315  1  -2  
14  19  25  475  483  315  1  -2  
14  19  25  485  485  315  1  -2  
14  19  25  491  485  315  1  -2  
14  19  25  502  487  315  1  -2  
14  19  25  508  488  315  1  -2  
14  19  25  518  489  315  1  -2  
14  19  25  525  491  315  1  -2  
14  19  25  535  491  315  1  -2  
14  19  25  541  491  315  1  -2  
14  19  25  551  492  315  1  -2  
14  19  25  558  492  315  1  -2  
14  19  25  568  492  315  1  -2  
14  19  25  574  493  316  1  -2  
14  19  25  585  495  316  2  -2  
14  19  25  591  497  316  2  -2  
14  19  25  601  502  316  2  -2  
14  19  25  608  507  317  2  -2  
14  19  25  618  516  317  2  -2  
14  19  25  625  523  318  2  -2  
14  19  25  635  530  320  2  -2  
14  19  25  641  539  321  2  -2  
14  19  25  651  539  321  2  -2  
14  19  25  658  539  321  2  -2  
14  19  25  668  539  321  2  -2  
14  19  25  675  539  321  2  -2  
14  19  25  685  539  321  2  -2  
14  19  25  691  539  321  2  -2  
14  19  25  701  539  321  2  -2  
14  19  25  708  539  321  2  -2  
14  19  25  716  539  321  2  -2  
14  19  25  724  539  321  2  -2  
14  19  25  734  539  321  2  -2  
14  19  25  740  539  321  2  -2  
14  19  25  750  539  321  2  -2  
14  19  25  757  539  321  2  -2  
14  19  25  767  539  321  2  -2  
14  19  25  774  539  321  2  -2  
14  19  25  783  539  321  2  -2  
14  19  25  791  539  321  2  -2  
14  19  25  800  539  321  2  -2  
14  19  25  808  539  321  2  -2  
14  19  25  817  539  321  2  -2  
14  19  25  824  539  321  2  -2  
14  19  25  834  539  321  2  -2  
14  19  26  844  539  321  2  -2  
14  19  26  852  539  321  2  -2  
14  19  26  860  539  321  2  -2  
14  19  26  869  539  321  2  -2  
14  19  26  876  539  321  2  -2  
14  19  26  885  539  321  2  -2  
14  19  26  894  539  321  2  -2  
14  19  26  903  539  321  2  -2  
14  19  26  910  539  321  2  -2  
14  19  26  920  539  321  2  -2  
14  19  26  928  539  321  2  -2  
14  19  26  936  539  321  2  -2  
14  19  26  944  539  321  2  -2  
14  19  26  954  539  321  2  -2  
14  19  26  960  539  321  2  -2  
14  19  26  969  539  321  2  -2  
14  19  26  977  539  321  2  -2  
14  19  26  985  539  321  2  -2  
14  19  26  995  539  321  2  -2  
14  19  26  1004  539  321  2  -2  
14  19  26  1011  539  321  2  -2  
14  19  26  1019  539  321  2  -2  
14  19  26  1028  539  321  2  -2  
14  19  26  1036  539  321  2  -2  
14  19  26  1045  539  321  2  -2  
14  19  26  1054  539  321  2  -2  
14  19  26  1061  539  321  2  -2  
14  19  26  1069  539  321  2  -2  
14  19  26  1077  539  321  2  -2  
14  19  26  1085  539  321  2  -2  
14  19  26  1094  539  321  2  -2  
14  19  26  1103  539  321  2  -2  
14  19  26  1112  539  321  2  -2  
14  19  26  1119  539  321  2  -2  
14  19  26  1128  539  321  2  -2  
14  19  26  1136  539  321  2  -2  
14  19  26  1144  539  321  2  -2  
14  19  26  1153  539  321  2  -2  
14  19  26  1160  539  321  2  -2  
14  19  26  1168  539  321  2  -2  
14  19  26  1177  539  321  2  -2  
14  19  26  1186  538  321  2  -2  
14  19  26  1195  537  321  2  -2  
14  19  26  1203  536  321  2  -2  
14  19  26  1212  535  321  2  -2  
14  19  26  1220  532  321  2  -2  
14  19  26  1228  528  321  2  -2  
14  19  26  1236  526  321  2  -2  
14  19  26  1245  522  321  2  -2  
14  19  26  1253  518  321  2  -2  
14  19  26  1261  513  321  2  -2  
14  19  26  1269  506  321  2  -2  
14  19  26  1277  498  321  2  -2  
14  19  26  1285  490  321  2  -2  
14  19  26  1295  481  321  2  -2  
14  19  26  1304  471  321  2  -2  
14  19  26  1311  463  321  2  -2  
14  19  26  1320  453  321  2  -2  
14  19  26  1328  444  321  2  -2  
14  19  26  1337  433  321  2  -2  
14  19  26  1346  423  321  2  -2  
14  19  26  1354  416  321  2  -2  
14  19  26  1362  405  321  2  -2  
14  19  26  1370  404  321  2  -2  
14  19  26  1378  402  321  2  -2  
14  19  26  1386  402  321  2  -2  
14  19  26  1395  402  321  2  -2  
14  19  26  1403  402  321  2  -2  
14  19  26  1412  402  321  2  -2  
14  19  26  1420  401  321  2  -2  
14  19  26  1427  401  321  2  -2  
14  19  26  1437  401  321  2  -2  
14  19  26  1446  398  321  3  -2  
14  19  26  1454  396  321  3  -2  
14  19  26  1465  393  321  3  -2  
14  19  26  1470  389  321  3  -2  
14  19  26  1478  388  321  3  -2  
14  19  26  1486  385  321  3  -2  
14  19  26  1496  384  321  3  -2  
14  19  26  1504  384  321  3  -2  
14  19  26  1513  384  321  3  -2  
14  19  26  1520  384  321  3  -2  
14  19  26  1530  384  321  3  -2  
14  19  26  1537  383  321  3  -2  
14  19  26  1546  383  321  3  -2  
14  19  26  1554  383  321  3  -2  
14  19  26  1564  383  321  3  -2  
14  19  26  1570  383  321  3  -2  
14  19  26  1580  383  321  3  -2  
14  19  26  1588  383  321  3  -2  
14  19  26  1595  381  321  3  -2  
14  19  26  1605  381  321  3  -2  
14  19  26  1614  381  321  3  -2  
14  19  26  1620  381  321  3  -2  
14  19  26  1630  381  321  3  -2  
14  19  26  1637  381  321  3  -2  
14  19  26  1646  381  321  3  -2  
14  19  26  1654  381  321  3  -2  
14  19  26  1664  381  321  3  -2  
14  19  26  1670  381  321  3  -2  
14  19  26  1680  381  321  3  -2  
14  19  26  1687  381  321  3  -2  
14  19  26  1696  381  321  3  -2  
14  19  26  1704  381  321  3  -2  
14  19  26  1715  381  321  3  -2  
14  19  26  1721  381  321  3  -2  
14  19  26  1730  381  321  3  -2  
14  19  26  1738  381  321  3  -2  
14  19  26  1748  381  321  3  -2  
14  19  26  1755  386  322  3  -2  
14  19  26  1764  398  323  3  -2  
14  19  26  1771  411  326  3  -2  
14  19  26  1779  432  328  3  -2  
14  19  26  1788  454  331  3  -2  
14  19  26  1797  477  334  3  -2  
14  19  26  1805  497  334  3  -2  
14  19  26  1814  516  334  4  -2  
14  19  26  1821  529  334  4  -2  
14  19  26  1831  541  334  4  -2  
14  19  27  1838  546  335  4  -2  
14  19  27  1849  548  335  4  -2  
14  19  27  1854  548  335  4  -2  
14  19  27  1864  548  335  4  -2  
14  19  27  1871  548  335  4  -2  
14  19  27  1879  548  335  4  -2  
14  19  27  1887  548  335  4  -2  
14  19  27  1898  548  335  4  -2  
14  19  27  1905  548  335  4  -2  
14  19  27  1915  548  335  4  -2  
14  19  27  1921  550  335  4  -2  
14  19  27  1931  550  335  4  -2  
14  19  27  1939  551  336  4  -2  
14  19  27  1947  551  336  4  -2  
14  19  27  1955  551  336  4  -2  
14  19  27  1966  551  336  4  -2  
14  19  27  1971  551  336  4  -2  
14  19  27  1981  551  336  4  -2  
14  19  27  1988  551  336  4  -2  
14  19  27  1998  551  336  4  -2  
14  19  27  2005  551  336  4  -2  
14  19  27  2015  551  336  4  -2  
14  19  27  2023  551  336  4  -2  
14  19  27  2032  551  336  4  -2  
14  19  27  2038  551  336  4  -2  
14  19  27  2048  551  336  4  -2  
14  19  27  2056  551  336  4  -2  
14  19  27  2065  551  336  4  -2  
14  19  27  2073  551  336  4  -2  
14  19  27  2082  551  336  4  -2  
14  19  27  2090  551  336  4  -2  
14  19  27  2097  551  336  4  -2  
14  19  27  2106  551  336  4  -2  
14  19  27  2115  551  336  4  -2  
14  19  27  2123  551  336  4  -2  
14  19  27  2132  551  336  4  -2  
14  19  27  2138  551  336  4  -2  
14  19  27  2149  551  336  4  -2  
14  19  27  2157  551  336  4  -2  
14  19  27  2167  551  336  4  -2  
14  19  27  2172  551  336  4  -2  
14  19  27  2182  551  336  4  -2  
14  19  27  2188  551  336  4  -2  
14  19  27  2199  551  336  4  -2  
14  19  27  2207  551  336  4  -2  
14  19  27  2217  551  336  4  -2  
14  19  27  2222  551  336  4  -2  
14  19  27  2233  551  336  4  -2  
14  19  27  2239  551  336  4  -2  
14  19  27  2249  551  336  4  -2  
14  19  27  2256  551  336  4  -2  
14  19  27  2267  551  336  4  -2  
14  19  27  2274  551  336  4  -2  
14  19  27  2283  551  336  4  -2  
14  19  27  2289  551  336  4  -2  
14  19  27  2300  551  336  4  -2  
14  19  27  2306  551  336  4  -2  
14  19  27  2317  551  336  4  -2  
14  19  27  2324  551  336  4  -2  
14  19  27  2333  551  336  4  -2  
14  19  27  2339  551  336  4  -2  
14  19  27  2349  551  336  4  -2  
14  19  27  2357  551  336  4  -2  
14  19  27  2367  551  336  4  -2  
14  19  27  2374  551  335  4  -2  
14  19  27  2383  551  335  4  -2  
14  19  27  2390  550  334  4  -2  
14  19  27  2400  547  334  4  -2  
14  19  27  2406  543  333  4  -2  
14  19  27  2417  541  333  4  -2  
14  19  27  2424  534  330  4  -2  
14  19  27  2433  530  330  4  -2  
14  19  27  2440  523  329  4  -2  
14  19  27  2448  516  329  4  -2  
14  19  27  2456  507  328  4  -2  
14  19  27  2466  499  327  4  -2  
14  19  27  2472  486  324  4  -2  
14  19  27  2482  486  324  4  -2  
14  19  27  2490  476  323  4  -2  
14  19  27  2499  472  322  4  -2  
14  19  27  2506  463  321  4  -2  
14  19  27  2517  455  320  4  -2  
14  19  27  2524  446  319  4  -2  
14  19  27  2533  433  317  4  -2  
14  19  27  2540  421  315  4  -2  
14  19  27  2549  410  312  4  -2  
