11  14  29  0  367  322  1  -2  
11  14  29  8  367  322  1  -2  
11  14  29  16  367  322  1  -2  
11  14  29  25  367  322  1  -2  
11  14  29  32  367  322  1  -2  
11  14  29  43  367  322  1  -2  
11  14  29  48  367  322  1  -2  
11  14  29  58  367  322  1  -2  
11  14  29  65  367  322  1  -2  
11  14  29  75  367  322  1  -2  
11  14  29  82  367  322  1  -2  
11  14  29  91  367  322  1  -2  
11  14  29  98  367  322  1  -2  
11  14  29  108  367  322  1  -2  
11  14  29  116  367  322  1  -2  
11  14  29  125  367  322  1  -2  
11  14  29  132  367  322  1  -2  
11  14  29  141  367  322  1  -2  
11  14  29  149  367  322  1  -2  
11  14  29  158  367  322  1  -2  
11  14  29  167  367  322  1  -2  
11  14  29  176  367  322  1  -2  
11  14  29  182  367  322  1  -2  
11  14  29  190  367  322  1  -2  
11  14  29  199  367  322  1  -2  
11  14  29  208  367  322  1  -2  
11  14  29  216  367  322  1  -2  
11  14  29  225  367  322  1  -2  
11  14  29  232  367  322  1  -2  
11  14  29  240  367  322  1  -2  
11  14  29  249  367  322  1  -2  
11  14  29  258  368  321  1  -2  
11  14  29  266  369  321  1  -2  
11  14  29  276  370  321  1  -2  
11  14  29  282  373  321  1  -2  
11  14  29  293  375  320  1  -2  
11  14  29  299  377  320  1  -2  
11  14  29  309  379  320  1  -2  
11  14  29  316  381  319  1  -2  
11  14  29  326  386  319  1  -2  
11  14  29  333  391  319  1  -2  
11  14  29  341  397  319  1  -2  
11  14  29  349  403  319  1  -2  
11  14  29  358  413  319  1  -2  
11  14  29  366  423  319  1  -2  
11  14  29  376  433  319  1  -2  
11  14  29  383  442  319  1  -2  
11  14  29  393  450  319  1  -2  
11  14  29  399  462  319  1  -2  
11  14  29  411  462  319  1  -2  
11  14  29  417  473  319  1  -2  
11  14  29  426  476  319  1  -2  
11  14  29  432  480  319  1  -2  
11  14  29  443  483  319  1  -2  
11  14  29  450  485  319  1  -2  
11  14  29  460  487  319  1  -2  
11  14  29  466  488  319  1  -2  
11  14  29  476  489  319  1  -2  
11  14  29  482  490  319  1  -2  
11  14  29  493  491  319  1  -2  
11  14  29  499  493  319  1  -2  
11  14  30  510  494  319  1  -2  
11  14  30  517  494  319  1  -2  
11  14  30  526  495  319  2  -2  
11  14  30  532  498  319  2  -2  
11  14  30  541  498  319  2  -2  
11  14  30  549  501  319  2  -2  
11  14  30  558  501  319  2  -2  
11  14  30  567  501  319  2  -2  
11  14  30  576  502  319  2  -2  
11  14  30  582  502  319  2  -2  
11  14  30  593  502  319  2  -2  
11  14  30  599  502  319  2  -2  
11  14  30  610  502  319  2  -2  
11  14  30  616  503  319  2  -2  
11  14  30  626  503  319  2  -2  
11  14  30  633  503  319  2  -2  
11  14  30  643  503  319  2  -2  
11  14  30  649  503  319  2  -2  
11  14  30  659  503  319  2  -2  
11  14  30  667  503  319  2  -2  
11  14  30  676  503  319  2  -2  
11  14  30  682  503  319  2  -2  
11  14  30  692  503  319  2  -2  
11  14  30  699  503  319  2  -2  
11  14  30  709  503  319  2  -2  
11  14  30  717  503  319  2  -2  
11  14  30  726  503  319  2  -2  
11  14  30  734  503  320  2  -2  
11  14  30  743  503  321  2  -2  
11  14  30  749  501  322  2  -2  
11  14  30  760  501  323  2  -2  
11  14  30  766  497  324  2  -2  
11  14  30  776  497  324  2  -2  
11  14  30  783  497  324  2  -2  
11  14  30  793  497  324  2  -2  
11  14  30  799  494  326  2  -2  
11  14  30  810  494  326  2  -2  
11  14  30  817  491  326  2  -2  
11  14  30  826  489  327  2  -2  
11  14  30  834  485  327  2  -2  
11  14  30  843  480  327  2  -2  
11  14  30  850  473  327  2  -2  
11  14  30  860  465  327  2  -2  
11  14  30  867  458  327  2  -2  
11  14  30  876  449  327  2  -2  
11  14  30  883  441  327  2  -2  
11  14  30  893  434  327  2  -2  
11  14  30  899  428  327  2  -2  
11  14  30  910  421  327  2  -2  
11  14  30  917  417  327  2  -2  
11  14  30  926  411  327  2  -2  
11  14  30  933  406  327  2  -2  
11  14  30  943  402  327  2  -2  
11  14  30  950  397  327  3  -2  
11  14  30  960  392  327  3  -2  
11  14  30  967  381  327  3  -2  
11  14  30  977  381  327  3  -2  
11  14  30  983  371  327  3  -2  
11  14  30  993  371  327  3  -2  
11  14  30  999  362  327  3  -2  
11  14  30  1010  362  327  3  -2  
11  14  30  1016  357  327  3  -2  
11  14  30  1027  357  327  3  -2  
11  14  30  1034  354  327  3  -2  
11  14  30  1043  353  327  3  -2  
11  14  30  1050  352  327  3  -2  
11  14  30  1060  351  327  3  -2  
11  14  30  1067  350  327  3  -2  
11  14  30  1077  350  327  3  -2  
11  14  30  1082  350  327  3  -2  
11  14  30  1093  350  327  3  -2  
11  14  30  1099  350  327  3  -2  
11  14  30  1109  350  327  3  -2  
11  14  30  1117  350  327  3  -2  
11  14  30  1127  350  327  3  -2  
11  14  30  1133  350  327  3  -2  
11  14  30  1143  350  327  3  -2  
11  14  30  1151  350  327  3  -2  
11  14  30  1160  350  327  3  -2  
11  14  30  1167  350  327  3  -2  
11  14  30  1177  350  327  3  -2  
11  14  30  1182  350  327  3  -2  
11  14  30  1194  350  327  3  -2  
11  14  30  1199  350  327  3  -2  
11  14  30  1210  350  327  3  -2  
11  14  30  1217  350  327  3  -2  
11  14  30  1227  350  327  3  -2  
11  14  30  1233  350  327  3  -2  
11  14  30  1243  350  327  3  -2  
11  14  30  1251  350  327  3  -2  
11  14  30  1260  350  327  3  -2  
11  14  30  1267  350  327  3  -2  
11  14  30  1277  350  327  3  -2  
11  14  30  1283  350  327  3  -2  
11  14  30  1293  350  327  3  -2  
11  14  30  1299  350  327  3  -2  
11  14  30  1309  353  327  3  -2  
11  14  30  1317  355  327  3  -2  
11  14  30  1327  360  326  3  -2  
11  14  30  1333  365  325  3  -2  
11  14  30  1343  370  325  3  -2  
11  14  30  1349  376  324  3  -2  
11  14  30  1360  386  324  3  -2  
11  14  30  1368  393  322  3  -2  
11  14  30  1377  403  322  3  -2  
11  14  30  1383  418  322  3  -2  
11  14  30  1393  418  322  3  -2  
11  14  30  1399  435  322  3  -2  
11  14  30  1410  435  322  3  -2  
11  14  30  1418  447  322  3  -2  
11  14  30  1427  455  322  3  -2  
11  14  30  1434  458  322  3  -2  
11  14  30  1443  462  322  3  -2  
11  14  30  1450  465  322  3  -2  
11  14  30  1460  467  322  3  -2  
11  14  30  1467  471  322  3  -2  
11  14  30  1477  474  322  3  -2  
11  14  30  1483  476  322  3  -2  
11  14  30  1493  479  322  3  -2  
11  14  31  1501  480  322  3  -2  
11  14  31  1510  482  322  3  -2  
11  14  31  1517  484  322  3  -2  
11  14  31  1527  484  322  3  -2  
11  14  31  1534  487  322  3  -2  
11  14  31  1543  488  322  3  -2  
11  14  31  1550  491  322  3  -2  
11  14  31  1560  492  322  3  -2  
11  14  31  1568  495  322  4  -2  
11  14  31  1577  496  321  4  -2  
11  14  31  1583  498  320  4  -2  
11  14  31  1594  498  320  4  -2  
11  14  31  1600  498  320  4  -2  
11  14  31  1610  498  320  4  -2  
11  14  31  1617  498  320  4  -2  
11  14  31  1627  498  320  4  -2  
11  14  31  1634  498  320  4  -2  
11  14  31  1643  498  320  4  -2  
11  14  31  1650  498  320  4  -2  
11  14  31  1658  498  320  4  -2  
11  14  31  1667  498  320  4  -2  
11  14  31  1676  498  320  4  -2  
11  14  31  1682  498  320  4  -2  
11  14  31  1692  498  320  4  -2  
11  14  31  1698  498  320  4  -2  
11  14  31  1709  498  320  4  -2  
11  14  31  1716  498  320  4  -2  
11  14  31  1726  498  320  4  -2  
11  14  31  1732  498  320  4  -2  
11  14  31  1742  498  320  4  -2  
11  14  31  1749  498  320  4  -2  
11  14  31  1759  498  320  4  -2  
11  14  31  1766  498  320  4  -2  
11  14  31  1776  498  320  4  -2  
11  14  31  1783  496  321  4  -2  
11  14  31  1792  496  321  4  -2  
11  14  31  1800  489  323  4  -2  
11  14  31  1809  489  323  4  -2  
11  14  31  1817  480  323  4  -2  
11  14  31  1826  476  323  4  -2  
11  14  31  1833  471  323  4  -2  
11  14  31  1842  466  323  4  -2  
11  14  31  1850  461  323  4  -2  
11  14  31  1859  454  323  4  -2  
11  14  31  1866  449  323  4  -2  
11  14  31  1876  442  323  4  -2  
11  14  31  1882  434  323  4  -2  
11  14  31  1893  427  323  4  -2  
11  14  31  1900  420  323  4  -2  
11  14  31  1909  414  323  4  -2  
11  14  31  1916  408  323  4  -2  
11  14  31  1926  403  323  4  -2  
