11  14  22  0  367  333  1  -2  
11  14  22  9  367  333  1  -2  
11  14  22  17  367  333  1  -2  
11  14  22  26  367  333  1  -2  
11  14  22  33  367  333  1  -2  
11  14  22  42  367  333  1  -2  
11  14  22  50  367  333  1  -2  
11  14  22  59  367  333  1  -2  
11  14  22  66  367  333  1  -2  
11  14  22  76  367  333  1  -2  
11  14  22  83  367  333  1  -2  
11  14  22  92  367  333  1  -2  
11  14  22  100  367  333  1  -2  
11  14  22  108  367  333  1  -2  
11  14  22  116  367  333  1  -2  
11  14  22  126  367  333  1  -2  
11  14  22  133  367  333  1  -2  
11  14  22  142  367  333  1  -2  
11  14  22  150  367  333  1  -2  
11  14  22  158  367  333  1  -2  
11  14  22  167  367  333  1  -2  
11  14  22  176  367  333  1  -2  
11  14  22  184  367  333  1  -2  
11  14  22  192  367  333  1  -2  
11  14  22  200  367  333  1  -2  
11  14  22  209  367  333  1  -2  
11  14  22  216  367  333  1  -2  
11  14  22  226  367  333  1  -2  
11  14  22  234  369  333  1  -2  
11  14  22  242  370  333  1  -2  
11  14  22  250  373  333  1  -2  
11  14  23  259  375  332  1  -2  
11  14  23  266  377  332  1  -2  
11  14  23  276  381  331  1  -2  
11  14  23  284  385  329  1  -2  
11  14  23  292  391  329  1  -2  
11  14  23  300  396  329  1  -2  
11  14  23  309  403  328  1  -2  
11  14  23  316  408  327  1  -2  
11  14  23  326  415  327  1  -2  
11  14  23  334  422  327  1  -2  
11  14  23  342  435  327  1  -2  
11  14  23  350  440  327  1  -2  
11  14  23  359  446  327  1  -2  
11  14  23  366  451  327  1  -2  
11  14  23  376  453  327  1  -2  
11  14  23  384  457  327  1  -2  
11  14  23  392  461  327  1  -2  
11  14  23  400  465  327  1  -2  
11  14  23  409  470  327  1  -2  
11  14  23  416  471  327  1  -2  
11  14  23  426  474  327  1  -2  
11  14  23  434  477  327  1  -2  
11  14  23  442  479  327  1  -2  
11  14  23  451  480  327  1  -2  
11  14  23  459  481  327  1  -2  
11  14  23  466  483  327  1  -2  
11  14  23  476  485  327  1  -2  
11  14  23  484  486  327  1  -2  
11  14  23  492  488  327  1  -2  
11  14  23  500  491  327  1  -2  
11  14  23  509  492  327  1  -2  
11  14  23  517  493  327  1  -2  
11  14  23  526  495  327  1  -2  
11  14  23  534  496  327  1  -2  
11  14  23  542  496  327  1  -2  
11  14  23  550  496  327  1  -2  
11  14  23  559  497  327  2  -2  
11  14  23  568  497  327  2  -2  
11  14  23  576  498  327  2  -2  
11  14  23  584  498  327  2  -2  
11  14  23  592  499  327  2  -2  
11  14  23  600  499  327  2  -2  
11  14  23  608  500  327  2  -2  
11  14  23  617  500  327  2  -2  
11  14  23  626  500  327  2  -2  
11  14  23  634  500  327  2  -2  
11  14  23  642  500  327  2  -2  
11  14  23  650  500  327  2  -2  
11  14  23  658  500  327  2  -2  
11  14  23  667  500  327  2  -2  
11  14  23  676  500  327  2  -2  
11  14  23  684  500  327  2  -2  
11  14  23  692  500  327  2  -2  
11  14  23  700  500  327  2  -2  
11  14  23  709  500  327  2  -2  
11  14  23  717  500  327  2  -2  
11  14  23  726  500  327  2  -2  
11  14  23  735  500  327  2  -2  
11  14  23  742  500  327  2  -2  
11  14  23  750  496  328  2  -2  
11  14  23  759  491  329  2  -2  
11  14  23  768  488  331  2  -2  
11  14  23  776  481  331  2  -2  
11  14  23  784  474  332  2  -2  
11  14  23  792  468  332  2  -2  
11  14  23  800  461  332  2  -2  
11  14  23  809  454  332  2  -2  
11  14  23  817  446  332  2  -2  
11  14  23  826  439  332  2  -2  
11  14  23  835  432  332  2  -2  
11  14  23  843  427  332  2  -2  
11  14  23  850  422  332  2  -2  
11  14  23  859  417  332  2  -2  
11  14  23  867  412  332  2  -2  
11  14  23  876  406  332  2  -2  
11  14  23  884  401  332  2  -2  
11  14  23  892  394  332  3  -2  
11  14  23  900  389  332  3  -2  
11  14  23  908  384  332  3  -2  
11  14  23  917  379  332  3  -2  
11  14  23  926  376  332  3  -2  
11  14  23  934  372  332  3  -2  
11  14  23  942  371  332  3  -2  
11  14  23  950  367  331  3  -2  
11  14  23  958  367  331  3  -2  
11  14  23  968  364  331  3  -2  
11  14  23  976  363  331  3  -2  
11  14  23  984  362  331  3  -2  
11  14  23  992  360  331  3  -2  
11  14  23  1000  356  331  3  -2  
11  14  23  1009  354  331  3  -2  
11  14  23  1017  354  330  3  -2  
11  14  23  1026  354  330  3  -2  
11  14  23  1035  354  330  3  -2  
11  14  23  1042  354  330  3  -2  
11  14  23  1050  354  330  3  -2  
11  14  23  1059  354  330  3  -2  
11  14  23  1067  354  330  3  -2  
11  14  23  1076  354  330  3  -2  
11  14  23  1085  354  330  3  -2  
11  14  23  1093  354  330  3  -2  
11  14  23  1100  354  330  3  -2  
11  14  23  1108  354  330  3  -2  
11  14  23  1117  354  330  3  -2  
11  14  23  1127  354  330  3  -2  
11  14  23  1135  352  330  3  -2  
11  14  23  1142  352  330  3  -2  
11  14  23  1150  352  330  3  -2  
11  14  23  1159  352  330  3  -2  
11  14  23  1167  352  330  3  -2  
11  14  23  1176  352  330  3  -2  
11  14  23  1185  352  330  3  -2  
11  14  23  1192  352  330  3  -2  
11  14  23  1200  352  330  3  -2  
11  14  23  1208  352  330  3  -2  
11  14  23  1218  352  330  3  -2  
11  14  23  1226  352  330  3  -2  
11  14  23  1235  352  330  3  -2  
11  14  23  1242  352  330  3  -2  
11  14  23  1251  352  330  3  -2  
11  14  24  1259  352  330  3  -2  
11  14  24  1267  352  330  3  -2  
11  14  24  1276  352  330  3  -2  
11  14  24  1285  352  330  3  -2  
11  14  24  1292  355  328  3  -2  
11  14  24  1300  359  327  3  -2  
11  14  24  1309  366  326  3  -2  
11  14  24  1317  373  325  3  -2  
11  14  24  1327  385  322  3  -2  
11  14  24  1335  408  321  3  -2  
11  14  24  1343  423  321  3  -2  
11  14  24  1352  437  321  3  -2  
11  14  24  1360  450  321  3  -2  
11  14  24  1375  458  321  3  -2  
11  14  24  1381  468  321  3  -2  
11  14  24  1392  475  321  3  -2  
11  14  24  1397  484  321  3  -2  
11  14  24  1407  484  321  3  -2  
11  14  24  1414  488  321  3  -2  
11  14  24  1424  489  321  3  -2  
11  14  24  1431  495  321  4  -2  
11  14  24  1440  497  321  4  -2  
11  14  24  1447  501  321  4  -2  
11  14  24  1457  503  321  4  -2  
11  14  24  1463  506  321  4  -2  
11  14  24  1473  508  321  4  -2  
11  14  24  1480  511  321  4  -2  
11  14  24  1491  512  321  4  -2  
11  14  24  1497  515  321  4  -2  
11  14  24  1506  517  321  4  -2  
11  14  24  1514  519  321  4  -2  
11  14  24  1523  521  321  4  -2  
11  14  24  1531  522  321  4  -2  
11  14  24  1541  523  321  4  -2  
11  14  24  1547  525  321  4  -2  
11  14  24  1556  526  321  4  -2  
11  14  24  1564  526  321  4  -2  
11  14  24  1574  526  321  4  -2  
11  14  24  1581  526  321  4  -2  
11  14  24  1591  526  321  4  -2  
11  14  24  1598  526  321  4  -2  
11  14  24  1608  526  321  4  -2  
11  14  24  1614  526  321  4  -2  
11  14  24  1624  526  321  4  -2  
11  14  24  1632  526  321  4  -2  
11  14  24  1640  526  321  4  -2  
11  14  24  1648  526  321  4  -2  
11  14  24  1658  526  321  4  -2  
11  14  24  1664  526  321  4  -2  
11  14  24  1674  526  321  4  -2  
11  14  24  1680  526  321  4  -2  
11  14  24  1691  525  322  4  -2  
11  14  24  1697  523  323  4  -2  
11  14  24  1707  521  324  4  -2  
11  14  24  1715  519  325  4  -2  
11  14  24  1724  514  327  4  -2  
11  14  24  1730  509  327  4  -2  
11  14  24  1741  504  327  4  -2  
11  14  24  1747  497  327  4  -2  
11  14  24  1757  492  327  4  -2  
11  14  24  1765  485  327  4  -2  
11  14  24  1774  478  327  4  -2  
11  14  24  1782  466  327  4  -2  
11  14  24  1791  466  327  4  -2  
11  14  24  1798  454  327  4  -2  
11  14  24  1807  454  327  4  -2  
11  14  24  1815  444  327  4  -2  
11  14  24  1825  439  327  4  -2  
11  14  24  1831  435  327  4  -2  
11  14  24  1841  428  325  4  -2  
11  14  24  1848  425  325  4  -2  
11  14  24  1858  419  324  4  -2  
11  14  24  1865  414  324  4  -2  
11  14  24  1875  410  323  4  -2  
11  14  24  1881  408  323  4  -2  
11  14  24  1890  404  322  4  -2  
11  14  24  1898  401  322  4  -2  
11  14  24  1907  400  322  4  -2  
