16  17  3  0  376  311  1  -2  
16  17  3  8  376  311  1  -2  
16  17  3  16  376  311  1  -2  
16  17  3  26  376  311  1  -2  
16  17  3  34  376  311  1  -2  
16  17  3  42  376  311  1  -2  
16  17  3  51  376  311  1  -2  
16  17  3  59  376  311  1  -2  
16  17  3  67  376  311  1  -2  
16  17  3  75  376  311  1  -2  
16  17  3  84  376  311  1  -2  
16  17  3  93  376  311  1  -2  
16  17  3  100  376  311  1  -2  
16  17  3  108  376  311  1  -2  
16  17  3  115  376  311  1  -2  
16  17  3  125  376  311  1  -2  
16  17  3  133  377  311  1  -2  
16  17  3  142  384  311  1  -2  
16  17  3  150  391  311  1  -2  
16  17  3  158  401  311  1  -2  
16  17  3  166  412  311  1  -2  
16  17  3  174  422  311  1  -2  
16  17  3  183  436  311  1  -2  
16  17  3  191  446  311  1  -2  
16  17  3  200  452  311  1  -2  
16  17  3  208  459  311  1  -2  
16  17  3  215  463  311  1  -2  
16  17  4  224  464  311  1  -2  
16  17  4  233  465  311  1  -2  
16  17  4  242  466  311  1  -2  
16  17  4  249  466  311  1  -2  
16  17  4  258  466  311  1  -2  
16  17  4  268  466  311  1  -2  
16  17  4  276  466  311  1  -2  
16  17  4  283  466  311  1  -2  
16  17  4  292  466  311  1  -2  
16  17  4  300  467  311  1  -2  
16  17  4  309  469  311  1  -2  
16  17  4  316  470  311  1  -2  
16  17  4  325  470  311  1  -2  
16  17  4  333  471  311  1  -2  
16  17  4  342  471  311  1  -2  
16  17  4  350  473  311  1  -2  
16  17  4  358  473  311  1  -2  
16  17  4  367  475  311  1  -2  
16  17  4  374  478  311  1  -2  
16  17  4  383  483  311  1  -2  
16  17  4  391  486  312  1  -2  
16  17  4  399  489  313  1  -2  
16  17  4  408  492  313  1  -2  
16  17  4  416  493  313  1  -2  
16  17  4  424  493  313  1  -2  
16  17  4  433  493  313  1  -2  
16  17  4  442  493  313  1  -2  
16  17  4  450  493  313  1  -2  
16  17  4  458  493  313  1  -2  
16  17  4  467  493  313  1  -2  
16  17  4  475  493  313  1  -2  
16  17  4  483  493  313  1  -2  
16  17  4  493  493  313  1  -2  
16  17  4  499  495  313  2  -2  
16  17  4  508  495  313  2  -2  
16  17  4  516  495  314  2  -2  
16  17  4  526  495  314  2  -2  
16  17  4  533  495  314  2  -2  
16  17  4  542  496  315  2  -2  
16  17  4  550  496  315  2  -2  
16  17  4  558  496  315  2  -2  
16  17  4  566  496  315  2  -2  
16  17  4  575  497  315  2  -2  
16  17  4  582  497  315  2  -2  
16  17  4  592  497  315  2  -2  
16  17  4  600  498  315  2  -2  
16  17  4  608  499  315  2  -2  
16  17  4  617  499  315  2  -2  
16  17  4  625  499  315  2  -2  
16  17  4  633  500  315  2  -2  
16  17  4  641  500  315  2  -2  
16  17  4  649  501  315  2  -2  
16  17  4  658  501  315  2  -2  
16  17  4  667  502  315  2  -2  
16  17  4  674  502  315  2  -2  
16  17  4  684  503  315  2  -2  
16  17  4  691  503  315  2  -2  
16  17  4  700  503  315  2  -2  
16  17  4  708  503  315  2  -2  
16  17  4  716  503  315  2  -2  
16  17  4  725  503  315  2  -2  
16  17  4  733  503  315  2  -2  
16  17  4  744  503  315  2  -2  
16  17  4  750  503  315  2  -2  
16  17  4  758  503  315  2  -2  
16  17  4  767  503  315  2  -2  
16  17  4  774  503  315  2  -2  
16  17  4  784  503  315  2  -2  
16  17  4  791  503  315  2  -2  
16  17  4  800  503  315  2  -2  
16  17  4  808  503  315  2  -2  
16  17  4  817  503  315  2  -2  
16  17  4  825  503  315  2  -2  
16  17  4  833  503  315  2  -2  
16  17  4  842  503  315  2  -2  
16  17  4  850  503  315  2  -2  
16  17  4  858  503  315  2  -2  
16  17  4  866  502  315  2  -2  
16  17  4  876  501  315  2  -2  
16  17  4  884  500  315  2  -2  
16  17  4  892  496  315  2  -2  
16  17  4  900  496  315  2  -2  
16  17  4  908  491  315  2  -2  
16  17  4  918  487  315  2  -2  
16  17  4  925  482  315  2  -2  
16  17  4  934  478  315  2  -2  
16  17  4  943  472  315  2  -2  
16  17  4  950  467  315  2  -2  
16  17  4  958  460  315  2  -2  
16  17  4  966  453  315  2  -2  
16  17  4  974  448  315  2  -2  
16  17  4  984  440  315  2  -2  
16  17  4  992  433  315  2  -2  
16  17  4  1000  429  315  2  -2  
16  17  4  1007  424  316  2  -2  
16  17  4  1016  420  316  2  -2  
16  17  4  1025  416  317  2  -2  
16  17  4  1034  413  317  2  -2  
16  17  4  1042  409  317  2  -2  
16  17  4  1050  407  317  2  -2  
16  17  4  1058  403  319  2  -2  
16  17  4  1067  400  319  2  -2  
16  17  4  1075  399  320  3  -2  
16  17  4  1084  396  321  3  -2  
16  17  4  1093  395  321  3  -2  
16  17  4  1100  391  322  3  -2  
16  17  4  1109  388  324  3  -2  
16  17  4  1118  384  325  3  -2  
16  17  4  1126  381  326  3  -2  
16  17  4  1134  379  326  3  -2  
16  17  4  1143  376  327  3  -2  
16  17  4  1150  376  327  3  -2  
16  17  4  1159  376  327  3  -2  
16  17  4  1167  375  327  3  -2  
16  17  4  1175  375  327  3  -2  
16  17  4  1184  375  327  3  -2  
16  17  4  1191  375  327  3  -2  
16  17  4  1200  375  327  3  -2  
16  17  4  1208  375  327  3  -2  
16  17  4  1216  375  327  3  -2  
16  17  5  1225  375  327  3  -2  
16  17  5  1234  375  327  3  -2  
16  17  5  1243  375  327  3  -2  
16  17  5  1250  375  327  3  -2  
16  17  5  1260  375  327  3  -2  
16  17  5  1267  375  327  3  -2  
16  17  5  1274  375  327  3  -2  
16  17  5  1284  375  327  3  -2  
16  17  5  1293  375  327  3  -2  
16  17  5  1301  375  327  3  -2  
16  17  5  1308  375  327  3  -2  
16  17  5  1316  375  327  3  -2  
16  17  5  1325  375  327  3  -2  
16  17  5  1333  375  327  3  -2  
16  17  5  1343  375  327  3  -2  
16  17  5  1350  375  327  3  -2  
16  17  5  1359  375  327  3  -2  
16  17  5  1367  375  327  3  -2  
16  17  5  1375  375  327  3  -2  
16  17  5  1384  375  328  3  -2  
16  17  5  1393  380  328  3  -2  
16  17  5  1400  386  328  3  -2  
16  17  5  1409  392  328  3  -2  
16  17  5  1417  401  328  3  -2  
16  17  5  1426  407  328  3  -2  
16  17  5  1434  416  328  3  -2  
16  17  5  1443  428  328  3  -2  
16  17  5  1450  438  328  3  -2  
16  17  5  1458  451  328  3  -2  
16  17  5  1467  464  328  3  -2  
16  17  5  1477  476  328  3  -2  
16  17  5  1484  496  328  3  -2  
16  17  5  1493  496  328  3  -2  
16  17  5  1501  510  328  4  -2  
16  17  5  1508  511  329  4  -2  
16  17  5  1517  511  329  4  -2  
16  17  5  1526  511  329  4  -2  
16  17  5  1534  511  329  4  -2  
16  17  5  1543  511  329  4  -2  
16  17  5  1551  511  329  4  -2  
16  17  5  1558  511  329  4  -2  
16  17  5  1566  511  329  4  -2  
16  17  5  1576  511  329  4  -2  
16  17  5  1584  511  329  4  -2  
16  17  5  1591  511  329  4  -2  
16  17  5  1600  511  329  4  -2  
16  17  5  1609  511  329  4  -2  
16  17  5  1617  511  329  4  -2  
16  17  5  1625  511  329  4  -2  
16  17  5  1635  511  329  4  -2  
16  17  5  1643  511  329  4  -2  
16  17  5  1651  511  329  4  -2  
16  17  5  1659  511  329  4  -2  
16  17  5  1667  511  329  4  -2  
16  17  5  1676  511  329  4  -2  
16  17  5  1684  511  329  4  -2  
16  17  5  1693  511  329  4  -2  
16  17  5  1702  511  329  4  -2  
16  17  5  1709  511  329  4  -2  
16  17  5  1718  511  329  4  -2  
16  17  5  1726  511  329  4  -2  
16  17  5  1734  506  329  4  -2  
16  17  5  1743  499  329  4  -2  
16  17  5  1752  487  329  4  -2  
16  17  5  1759  475  328  4  -2  
16  17  5  1767  462  328  4  -2  
16  17  5  1777  449  328  4  -2  
16  17  5  1784  436  328  4  -2  
16  17  5  1793  422  328  4  -2  
16  17  5  1802  414  328  4  -2  
16  17  5  1810  405  328  4  -2  
16  17  5  1817  399  328  4  -2  
16  17  5  1826  394  328  5  -2  
16  17  5  1834  388  328  5  -2  
16  17  5  1842  385  328  5  -2  
16  17  5  1850  383  328  5  -2  
16  17  5  1857  379  328  5  -2  
16  17  5  1866  378  328  5  -2  
16  17  5  1876  376  328  5  -2  
16  17  5  1884  372  328  5  -2  
16  17  5  1892  371  328  5  -2  
16  17  5  1900  370  328  5  -2  
16  17  5  1908  370  328  5  -2  
16  17  5  1916  370  328  5  -2  
16  17  5  1925  370  328  5  -2  
16  17  5  1934  370  328  5  -2  
16  17  5  1943  370  328  5  -2  
16  17  5  1951  370  328  5  -2  
16  17  5  1957  370  328  5  -2  
16  17  5  1968  370  328  5  -2  
16  17  5  1976  370  328  5  -2  
16  17  5  1983  370  328  5  -2  
16  17  5  1993  370  328  5  -2  
16  17  5  2000  370  328  5  -2  
16  17  5  2008  370  328  5  -2  
16  17  5  2017  370  328  5  -2  
16  17  5  2026  370  328  5  -2  
16  17  5  2034  370  328  5  -2  
16  17  5  2044  370  328  5  -2  
16  17  5  2050  370  328  5  -2  
16  17  5  2059  370  328  5  -2  
16  17  5  2068  370  328  5  -2  
16  17  5  2076  370  328  5  -2  
16  17  5  2083  370  328  5  -2  
16  17  5  2092  370  328  5  -2  
16  17  5  2101  370  328  5  -2  
16  17  5  2109  370  328  5  -2  
16  17  5  2116  370  328  5  -2  
16  17  5  2126  370  328  5  -2  
16  17  5  2134  370  328  5  -2  
