12  8  33  0  385  316  1  -2  
12  8  33  9  385  316  1  -2  
12  8  33  17  385  316  1  -2  
12  8  33  25  385  316  1  -2  
12  8  33  33  385  316  1  -2  
12  8  33  42  385  316  1  -2  
12  8  33  50  385  316  1  -2  
12  8  33  60  385  316  1  -2  
12  8  33  67  385  316  1  -2  
12  8  33  76  385  316  1  -2  
12  8  33  84  385  316  1  -2  
12  8  33  92  385  316  1  -2  
12  8  33  100  385  316  1  -2  
12  8  33  110  385  316  1  -2  
12  8  33  117  385  316  1  -2  
12  8  33  125  385  316  1  -2  
12  8  33  133  385  316  1  -2  
12  8  33  143  385  316  1  -2  
12  8  33  150  385  316  1  -2  
12  8  33  160  385  316  1  -2  
12  8  33  167  385  316  1  -2  
12  8  33  176  385  316  1  -2  
12  8  33  184  385  316  1  -2  
12  8  33  192  385  316  1  -2  
12  8  33  200  386  316  1  -2  
12  8  33  210  388  316  1  -2  
12  8  33  217  390  316  1  -2  
12  8  33  226  393  316  1  -2  
12  8  33  235  395  316  1  -2  
12  8  33  243  399  317  1  -2  
12  8  33  250  402  317  1  -2  
12  8  33  260  406  318  1  -2  
12  8  33  267  409  318  1  -2  
12  8  33  276  416  320  1  -2  
12  8  33  284  419  320  1  -2  
12  8  33  293  427  320  1  -2  
12  8  33  301  434  320  1  -2  
12  8  33  310  439  320  1  -2  
12  8  33  317  446  321  1  -2  
12  8  33  326  454  321  1  -2  
12  8  33  334  461  321  1  -2  
12  8  33  342  464  322  1  -2  
12  8  33  352  470  323  1  -2  
12  8  33  360  477  323  1  -2  
12  8  33  367  480  325  1  -2  
12  8  33  376  483  325  1  -2  
12  8  33  384  488  325  1  -2  
12  8  33  392  492  325  1  -2  
12  8  33  401  496  325  2  -2  
12  8  33  410  499  325  2  -2  
12  8  33  417  502  325  2  -2  
12  8  33  426  507  325  2  -2  
12  8  33  434  511  325  2  -2  
12  8  33  442  514  325  2  -2  
12  8  33  450  516  325  2  -2  
12  8  33  460  520  325  2  -2  
12  8  33  467  524  325  2  -2  
12  8  33  476  529  325  2  -2  
12  8  34  485  530  325  2  -2  
12  8  34  494  534  325  2  -2  
12  8  34  503  537  325  2  -2  
12  8  34  510  539  325  2  -2  
12  8  34  518  539  325  2  -2  
12  8  34  527  540  325  2  -2  
12  8  34  534  541  325  2  -2  
12  8  34  543  541  325  2  -2  
12  8  34  551  541  325  2  -2  
12  8  34  560  541  325  2  -2  
12  8  34  567  541  325  2  -2  
12  8  34  577  541  325  2  -2  
12  8  34  584  541  325  2  -2  
12  8  34  592  541  325  2  -2  
12  8  34  600  541  325  2  -2  
12  8  34  610  541  325  2  -2  
12  8  34  617  541  325  2  -2  
12  8  34  626  541  325  2  -2  
12  8  34  634  541  325  2  -2  
12  8  34  642  541  325  2  -2  
12  8  34  650  541  325  2  -2  
12  8  34  660  541  325  2  -2  
12  8  34  667  541  325  2  -2  
12  8  34  676  541  325  2  -2  
12  8  34  684  541  325  2  -2  
12  8  34  693  541  325  2  -2  
12  8  34  701  541  325  2  -2  
12  8  34  711  541  325  2  -2  
12  8  34  719  541  325  2  -2  
12  8  34  726  541  325  2  -2  
12  8  34  735  541  325  2  -2  
12  8  34  742  541  325  2  -2  
12  8  34  750  541  325  2  -2  
12  8  34  760  541  325  2  -2  
12  8  34  767  541  325  2  -2  
12  8  34  776  541  325  2  -2  
12  8  34  784  541  325  2  -2  
12  8  34  793  539  325  2  -2  
12  8  34  801  536  326  2  -2  
12  8  34  810  535  326  2  -2  
12  8  34  819  533  327  2  -2  
12  8  34  827  530  327  2  -2  
12  8  34  834  528  329  2  -2  
12  8  34  843  527  329  2  -2  
12  8  34  851  524  329  2  -2  
12  8  34  860  524  329  2  -2  
12  8  34  870  521  329  2  -2  
12  8  34  876  520  329  2  -2  
12  8  34  886  516  329  2  -2  
12  8  34  894  512  329  2  -2  
12  8  34  903  511  329  2  -2  
12  8  34  911  507  329  2  -2  
12  8  34  921  502  329  2  -2  
12  8  34  926  500  329  2  -2  
12  8  34  935  500  329  2  -2  
12  8  34  944  498  329  2  -2  
12  8  34  952  494  329  2  -2  
12  8  34  960  492  329  2  -2  
12  8  34  970  489  329  2  -2  
12  8  34  977  485  329  2  -2  
12  8  34  985  482  329  2  -2  
12  8  34  993  478  329  2  -2  
12  8  34  1003  475  329  2  -2  
12  8  34  1011  472  329  2  -2  
12  8  34  1019  471  329  2  -2  
12  8  34  1026  468  329  2  -2  
12  8  34  1037  467  329  2  -2  
12  8  34  1043  463  329  2  -2  
12  8  34  1052  460  329  2  -2  
12  8  34  1060  459  329  2  -2  
12  8  34  1070  456  329  2  -2  
12  8  34  1076  453  329  2  -2  
12  8  34  1084  449  329  2  -2  
12  8  34  1092  449  329  2  -2  
12  8  34  1102  446  329  2  -2  
12  8  34  1110  444  329  2  -2  
12  8  34  1120  441  329  2  -2  
12  8  34  1126  436  329  2  -2  
12  8  34  1134  436  329  2  -2  
12  8  34  1144  432  329  2  -2  
12  8  34  1154  426  329  2  -2  
12  8  34  1161  423  329  2  -2  
12  8  34  1168  418  329  2  -2  
12  8  34  1177  413  329  2  -2  
12  8  34  1185  410  329  2  -2  
12  8  34  1193  405  329  2  -2  
12  8  34  1202  400  329  2  -2  
12  8  34  1211  397  329  3  -2  
12  8  34  1220  394  329  3  -2  
12  8  34  1227  391  329  3  -2  
12  8  34  1237  389  329  3  -2  
12  8  34  1244  387  329  3  -2  
12  8  34  1252  384  329  3  -2  
12  8  34  1260  382  329  3  -2  
12  8  34  1270  382  329  3  -2  
12  8  34  1276  381  329  3  -2  
12  8  34  1287  381  329  3  -2  
12  8  34  1293  381  329  3  -2  
12  8  34  1304  381  329  3  -2  
12  8  34  1311  381  329  3  -2  
12  8  34  1320  381  329  3  -2  
12  8  34  1329  381  329  3  -2  
12  8  34  1337  381  329  3  -2  
12  8  34  1343  381  329  3  -2  
12  8  34  1354  381  329  3  -2  
12  8  34  1361  381  329  3  -2  
12  8  34  1370  381  329  3  -2  
12  8  34  1377  381  329  3  -2  
12  8  34  1387  381  329  3  -2  
12  8  34  1393  381  329  3  -2  
12  8  34  1404  381  329  3  -2  
12  8  34  1410  381  329  3  -2  
12  8  34  1421  381  329  3  -2  
12  8  34  1427  381  329  3  -2  
12  8  34  1437  381  329  3  -2  
12  8  34  1444  380  329  3  -2  
12  8  34  1455  381  329  3  -2  
12  8  34  1461  381  329  3  -2  
12  8  34  1470  383  329  3  -2  
12  8  34  1476  385  329  3  -2  
12  8  35  1487  385  329  3  -2  
12  8  35  1494  389  329  3  -2  
12  8  35  1504  389  329  3  -2  
12  8  35  1511  390  329  3  -2  
12  8  35  1520  392  329  3  -2  
12  8  35  1528  393  329  3  -2  
12  8  35  1537  394  329  3  -2  
12  8  35  1544  396  328  3  -2  
12  8  35  1554  398  328  3  -2  
12  8  35  1560  402  328  3  -2  
12  8  35  1571  405  328  3  -2  
12  8  35  1577  407  328  3  -2  
12  8  35  1586  410  328  3  -2  
12  8  35  1593  411  328  3  -2  
12  8  35  1603  416  328  3  -2  
12  8  35  1611  419  328  3  -2  
12  8  35  1621  420  328  3  -2  
12  8  35  1626  424  328  3  -2  
12  8  35  1636  429  326  3  -2  
12  8  35  1644  432  326  3  -2  
12  8  35  1653  438  326  3  -2  
12  8  35  1661  444  326  3  -2  
12  8  35  1671  452  326  3  -2  
12  8  35  1677  463  326  3  -2  
12  8  35  1686  463  326  3  -2  
12  8  35  1694  472  326  3  -2  
12  8  35  1704  472  326  3  -2  
12  8  35  1710  476  326  3  -2  
12  8  35  1719  476  326  3  -2  
12  8  35  1727  480  326  3  -2  
12  8  35  1736  484  326  3  -2  
12  8  35  1744  488  326  3  -2  
12  8  35  1754  491  326  3  -2  
12  8  35  1761  494  326  3  -2  
12  8  35  1771  497  326  4  -2  
12  8  35  1777  498  326  4  -2  
12  8  35  1786  499  326  4  -2  
12  8  35  1794  499  326  4  -2  
12  8  35  1803  501  326  4  -2  
12  8  35  1810  501  326  4  -2  
12  8  35  1821  501  326  4  -2  
12  8  35  1827  501  326  4  -2  
12  8  35  1837  502  326  4  -2  
12  8  35  1843  502  326  4  -2  
12  8  35  1854  502  326  4  -2  
12  8  35  1861  502  326  4  -2  
12  8  35  1871  502  326  4  -2  
12  8  35  1877  502  326  4  -2  
12  8  35  1887  502  326  4  -2  
12  8  35  1893  502  326  4  -2  
12  8  35  1904  502  326  4  -2  
12  8  35  1910  502  326  4  -2  
12  8  35  1921  502  326  4  -2  
12  8  35  1928  504  325  4  -2  
12  8  35  1937  504  325  4  -2  
12  8  35  1944  504  325  4  -2  
12  8  35  1954  504  325  4  -2  
12  8  35  1960  505  325  4  -2  
12  8  35  1971  505  325  4  -2  
12  8  35  1978  506  325  4  -2  
12  8  35  1987  506  325  4  -2  
12  8  35  1994  507  324  4  -2  
12  8  35  2004  508  324  4  -2  
12  8  35  2009  510  324  4  -2  
12  8  35  2021  510  324  4  -2  
12  8  35  2027  510  324  4  -2  
12  8  35  2037  510  324  4  -2  
12  8  35  2044  510  324  4  -2  
12  8  35  2054  510  324  4  -2  
12  8  35  2060  510  324  4  -2  
12  8  35  2071  511  324  4  -2  
12  8  35  2077  512  324  4  -2  
12  8  35  2087  512  324  4  -2  
12  8  35  2094  512  324  4  -2  
12  8  35  2104  512  324  4  -2  
12  8  35  2111  512  324  4  -2  
12  8  35  2121  512  324  4  -2  
12  8  35  2128  512  324  4  -2  
12  8  35  2137  512  324  4  -2  
12  8  35  2144  510  324  4  -2  
12  8  35  2154  505  324  4  -2  
12  8  35  2161  498  324  4  -2  
12  8  35  2171  493  324  4  -2  
12  8  35  2177  487  324  4  -2  
12  8  35  2187  481  324  4  -2  
12  8  35  2195  474  324  4  -2  
12  8  35  2204  467  324  4  -2  
12  8  35  2211  460  324  4  -2  
12  8  35  2221  457  324  4  -2  
12  8  35  2227  452  324  4  -2  
12  8  35  2237  448  324  4  -2  
12  8  35  2244  445  324  4  -2  
12  8  35  2254  443  324  4  -2  
12  8  35  2261  440  324  4  -2  
12  8  35  2271  436  324  4  -2  
12  8  35  2277  429  324  4  -2  
12  8  35  2287  429  324  4  -2  
12  8  35  2294  421  324  4  -2  
12  8  35  2304  421  324  4  -2  
12  8  35  2311  414  324  4  -2  
12  8  35  2321  413  324  4  -2  
12  8  35  2327  413  324  4  -2  
12  8  35  2337  413  324  4  -2  
12  8  35  2345  413  324  4  -2  
12  8  35  2353  413  324  4  -2  
12  8  35  2361  413  324  4  -2  
12  8  35  2371  413  324  4  -2  
12  8  35  2378  413  324  4  -2  
12  8  35  2387  413  324  4  -2  
12  8  35  2394  413  324  4  -2  
12  8  35  2404  413  324  4  -2  
12  8  35  2411  413  324  4  -2  
12  8  35  2421  413  324  4  -2  
12  8  35  2428  413  324  4  -2  
12  8  35  2437  413  324  4  -2  
12  8  35  2445  413  324  4  -2  
12  8  35  2454  413  324  4  -2  
12  8  35  2461  412  324  4  -2  
12  8  35  2471  412  324  4  -2  
12  8  35  2477  412  324  4  -2  
12  8  36  2487  412  324  4  -2  
12  8  36  2495  412  324  4  -2  
12  8  36  2504  412  324  4  -2  
12  8  36  2511  410  324  4  -2  
12  8  36  2521  408  324  4  -2  
12  8  36  2528  407  324  4  -2  
12  8  36  2537  404  325  4  -2  
12  8  36  2545  402  325  4  -2  
12  8  36  2554  401  325  4  -2  
12  8  36  2561  401  325  4  -2  
12  8  36  2571  401  325  4  -2  
12  8  36  2578  401  325  4  -2  
12  8  36  2587  401  325  4  -2  
12  8  36  2594  400  325  4  -2  
