16  16  32  0  378  316  1  -2  
16  16  32  8  378  316  1  -2  
16  16  32  16  378  316  1  -2  
16  16  32  26  378  316  1  -2  
16  16  32  32  378  316  1  -2  
16  16  32  41  378  316  1  -2  
16  16  32  49  378  316  1  -2  
16  16  32  58  378  316  1  -2  
16  16  32  66  378  316  1  -2  
16  16  32  74  378  316  1  -2  
16  16  32  84  378  316  1  -2  
16  16  32  92  378  315  1  -2  
16  16  32  100  378  315  1  -2  
16  16  32  109  379  315  1  -2  
16  16  32  117  380  315  1  -2  
16  16  32  126  385  315  1  -2  
16  16  32  134  392  315  1  -2  
16  16  32  141  402  315  1  -2  
16  16  32  150  412  315  1  -2  
16  16  32  158  424  315  1  -2  
16  16  32  168  437  315  1  -2  
16  16  32  175  453  315  1  -2  
16  16  32  183  465  315  1  -2  
16  16  32  192  477  315  1  -2  
16  16  32  200  487  315  1  -2  
16  16  32  208  492  315  1  -2  
16  16  32  216  496  315  2  -2  
16  16  32  225  496  315  2  -2  
16  16  32  235  497  315  2  -2  
16  16  32  242  497  315  2  -2  
16  16  32  249  497  315  2  -2  
16  16  32  259  498  315  2  -2  
16  16  32  266  500  315  2  -2  
16  16  32  276  504  315  2  -2  
16  16  32  284  510  315  2  -2  
16  16  32  292  514  315  2  -2  
16  16  32  301  516  315  2  -2  
16  16  32  308  516  315  2  -2  
16  16  32  316  516  315  2  -2  
16  16  32  325  516  315  2  -2  
16  16  32  333  516  315  2  -2  
16  16  32  342  516  315  2  -2  
16  16  32  351  516  315  2  -2  
16  16  32  358  516  315  2  -2  
16  16  32  367  516  315  2  -2  
16  16  32  375  516  315  2  -2  
16  16  32  384  516  315  2  -2  
16  16  32  391  516  315  2  -2  
16  16  32  399  516  315  2  -2  
16  16  32  407  516  315  2  -2  
16  16  32  417  516  315  2  -2  
16  16  32  424  516  315  2  -2  
16  16  32  433  515  315  2  -2  
16  16  32  441  514  315  2  -2  
16  16  32  448  511  315  2  -2  
16  16  32  458  509  315  2  -2  
16  16  32  467  508  315  2  -2  
16  16  32  474  506  315  2  -2  
16  16  32  484  506  315  2  -2  
16  16  32  491  503  315  2  -2  
16  16  32  500  502  315  2  -2  
16  16  32  508  498  315  2  -2  
16  16  32  517  494  315  2  -2  
16  16  32  525  492  315  2  -2  
16  16  32  533  486  318  2  -2  
16  16  32  542  482  318  2  -2  
16  16  32  550  474  319  2  -2  
16  16  32  559  467  321  2  -2  
16  16  32  567  460  321  2  -2  
16  16  32  576  453  323  2  -2  
16  16  32  582  443  323  2  -2  
16  16  32  591  436  324  2  -2  
16  16  32  600  429  324  2  -2  
16  16  33  607  424  324  2  -2  
16  16  33  617  419  324  2  -2  
16  16  33  625  414  324  2  -2  
16  16  33  633  410  324  2  -2  
16  16  33  641  406  324  2  -2  
16  16  33  651  403  324  2  -2  
16  16  33  658  400  324  2  -2  
16  16  33  667  397  324  3  -2  
16  16  33  675  391  326  3  -2  
16  16  33  683  391  326  3  -2  
16  16  33  691  389  326  3  -2  
16  16  33  700  389  326  3  -2  
16  16  33  707  389  326  3  -2  
16  16  33  717  389  326  3  -2  
16  16  33  725  389  326  3  -2  
16  16  33  734  389  326  3  -2  
16  16  33  741  389  326  3  -2  
16  16  33  749  389  326  3  -2  
16  16  33  759  389  326  3  -2  
16  16  33  768  389  326  3  -2  
16  16  33  776  389  326  3  -2  
16  16  33  783  389  326  3  -2  
16  16  33  791  389  326  3  -2  
16  16  33  800  388  326  3  -2  
16  16  33  808  387  326  3  -2  
16  16  33  817  385  328  3  -2  
16  16  33  826  384  328  3  -2  
16  16  33  833  384  328  3  -2  
16  16  33  842  384  328  3  -2  
16  16  33  850  384  328  3  -2  
16  16  33  858  384  328  3  -2  
16  16  33  866  384  328  3  -2  
16  16  33  875  384  328  3  -2  
16  16  33  883  384  328  3  -2  
16  16  33  892  384  328  3  -2  
16  16  33  900  384  328  3  -2  
16  16  33  908  384  328  3  -2  
16  16  33  917  384  328  3  -2  
16  16  33  925  384  328  3  -2  
16  16  33  933  384  328  3  -2  
16  16  33  942  384  328  3  -2  
16  16  33  950  384  328  3  -2  
16  16  33  958  384  328  3  -2  
16  16  33  966  384  328  3  -2  
16  16  33  975  384  328  3  -2  
16  16  33  983  384  328  3  -2  
16  16  33  991  384  328  3  -2  
16  16  33  1000  384  328  3  -2  
16  16  33  1008  384  328  3  -2  
16  16  33  1017  384  328  3  -2  
16  16  33  1026  384  328  3  -2  
16  16  33  1033  384  328  3  -2  
16  16  33  1042  384  328  3  -2  
16  16  33  1051  384  328  3  -2  
16  16  33  1058  384  328  3  -2  
16  16  33  1067  384  328  3  -2  
16  16  33  1076  384  328  3  -2  
16  16  33  1085  390  328  3  -2  
16  16  33  1092  395  328  3  -2  
16  16  33  1099  403  328  3  -2  
16  16  33  1109  412  328  3  -2  
16  16  33  1117  424  330  3  -2  
16  16  33  1126  434  331  3  -2  
16  16  33  1134  446  331  3  -2  
16  16  33  1142  456  331  3  -2  
16  16  33  1150  464  334  3  -2  
16  16  33  1158  473  334  3  -2  
16  16  33  1167  478  334  3  -2  
16  16  33  1176  481  334  3  -2  
16  16  33  1183  483  334  3  -2  
16  16  33  1191  485  334  3  -2  
16  16  33  1200  488  334  3  -2  
16  16  33  1209  488  334  3  -2  
16  16  33  1218  492  334  3  -2  
16  16  33  1226  493  334  3  -2  
16  16  33  1234  496  334  3  -2  
16  16  33  1242  497  334  3  -2  
16  16  33  1251  500  334  4  -2  
16  16  33  1258  503  334  4  -2  
16  16  33  1267  503  334  4  -2  
16  16  33  1276  505  334  4  -2  
16  16  33  1283  505  334  4  -2  
16  16  33  1292  505  334  4  -2  
16  16  33  1300  505  334  4  -2  
16  16  33  1308  505  334  4  -2  
16  16  33  1316  505  334  4  -2  
16  16  33  1326  505  334  4  -2  
16  16  33  1333  505  334  4  -2  
16  16  33  1342  505  334  4  -2  
16  16  33  1350  505  334  4  -2  
16  16  33  1358  505  334  4  -2  
16  16  33  1368  505  334  4  -2  
16  16  33  1376  505  334  4  -2  
16  16  33  1383  506  334  4  -2  
16  16  33  1393  506  334  4  -2  
16  16  33  1401  506  334  4  -2  
16  16  33  1408  507  334  4  -2  
16  16  33  1417  507  334  4  -2  
16  16  33  1425  508  334  4  -2  
16  16  33  1432  508  334  4  -2  
16  16  33  1441  509  335  4  -2  
16  16  33  1450  509  335  4  -2  
16  16  33  1458  509  335  4  -2  
16  16  33  1467  511  335  4  -2  
16  16  33  1476  511  335  4  -2  
16  16  33  1483  511  335  4  -2  
16  16  33  1492  511  335  4  -2  
16  16  33  1501  511  335  4  -2  
16  16  33  1508  511  335  4  -2  
16  16  33  1518  511  335  4  -2  
16  16  33  1526  511  335  4  -2  
16  16  33  1533  511  335  4  -2  
16  16  33  1542  511  335  4  -2  
16  16  33  1550  511  335  4  -2  
16  16  33  1559  511  335  4  -2  
16  16  33  1567  511  335  4  -2  
16  16  33  1576  511  335  4  -2  
16  16  33  1583  511  335  4  -2  
16  16  33  1592  511  335  4  -2  
16  16  33  1600  511  335  4  -2  
16  16  34  1608  511  335  4  -2  
16  16  34  1618  511  335  4  -2  
16  16  34  1626  511  335  4  -2  
16  16  34  1633  511  335  4  -2  
16  16  34  1641  511  335  4  -2  
16  16  34  1651  511  335  4  -2  
16  16  34  1659  511  335  4  -2  
16  16  34  1668  511  335  4  -2  
16  16  34  1676  511  335  4  -2  
16  16  34  1683  511  335  4  -2  
16  16  34  1692  511  335  4  -2  
16  16  34  1700  511  335  4  -2  
16  16  34  1708  511  335  4  -2  
16  16  34  1718  511  335  4  -2  
16  16  34  1726  511  335  4  -2  
16  16  34  1735  509  335  4  -2  
16  16  34  1743  507  335  4  -2  
16  16  34  1751  505  335  4  -2  
16  16  34  1758  501  335  4  -2  
16  16  34  1768  496  335  4  -2  
16  16  34  1776  489  335  4  -2  
16  16  34  1783  479  335  4  -2  
16  16  34  1792  464  335  4  -2  
16  16  34  1801  449  335  4  -2  
16  16  34  1809  434  335  4  -2  
16  16  34  1818  416  335  4  -2  
16  16  34  1826  400  335  4  -2  
16  16  34  1833  388  335  5  -2  
16  16  34  1842  380  335  5  -2  
16  16  34  1852  371  334  5  -2  
16  16  34  1859  367  334  5  -2  
16  16  34  1868  367  334  5  -2  
16  16  34  1876  367  334  5  -2  
16  16  34  1883  367  334  5  -2  
16  16  34  1892  367  334  5  -2  
16  16  34  1900  367  334  5  -2  
16  16  34  1909  367  334  5  -2  
16  16  34  1918  367  334  5  -2  
16  16  34  1926  367  334  5  -2  
16  16  34  1934  367  334  5  -2  
16  16  34  1942  367  334  5  -2  
16  16  34  1950  367  334  5  -2  
16  16  34  1960  367  334  5  -2  
16  16  34  1968  367  334  5  -2  
16  16  34  1976  367  334  5  -2  
16  16  34  1985  367  334  5  -2  
16  16  34  1993  367  334  5  -2  
16  16  34  2001  367  334  5  -2  
16  16  34  2008  367  334  5  -2  
16  16  34  2018  367  334  5  -2  
16  16  34  2026  367  334  5  -2  
16  16  34  2033  367  334  5  -2  
16  16  34  2042  367  334  5  -2  
16  16  34  2051  367  334  5  -2  
16  16  34  2060  367  334  5  -2  
16  16  34  2068  367  334  5  -2  
16  16  34  2076  367  334  5  -2  
16  16  34  2084  367  334  5  -2  
16  16  34  2093  367  334  5  -2  
16  16  34  2102  367  334  5  -2  
16  16  34  2112  367  334  5  -2  
16  16  34  2119  367  334  5  -2  
16  16  34  2128  367  334  5  -2  
16  16  34  2134  367  334  5  -2  
16  16  34  2144  367  334  5  -2  
