12  6  52  0  349  295  1  -2  
12  6  52  7  349  295  1  -2  
12  6  52  15  349  295  1  -2  
12  6  52  23  349  295  1  -2  
12  6  52  32  349  295  1  -2  
12  6  52  40  349  295  1  -2  
12  6  52  48  349  295  1  -2  
12  6  53  58  349  295  1  -2  
12  6  53  65  349  295  1  -2  
12  6  53  73  349  295  1  -2  
12  6  53  82  349  295  1  -2  
12  6  53  90  349  295  1  -2  
12  6  53  98  349  295  1  -2  
12  6  53  107  349  295  1  -2  
12  6  53  115  349  295  1  -2  
12  6  53  123  349  296  1  -2  
12  6  53  132  349  296  1  -2  
12  6  53  140  349  296  1  -2  
12  6  53  148  349  296  1  -2  
12  6  53  157  349  296  1  -2  
12  6  53  165  349  296  1  -2  
12  6  53  173  349  296  1  -2  
12  6  53  182  349  296  1  -2  
12  6  53  192  349  296  1  -2  
12  6  53  201  349  296  1  -2  
12  6  53  208  349  296  1  -2  
12  6  53  216  349  296  1  -2  
12  6  53  224  349  296  1  -2  
12  6  53  232  349  296  1  -2  
12  6  53  240  349  296  1  -2  
12  6  53  248  349  296  1  -2  
12  6  53  258  349  296  1  -2  
12  6  53  268  349  296  1  -2  
12  6  53  276  349  296  1  -2  
12  6  53  287  349  296  1  -2  
12  6  53  293  349  296  1  -2  
12  6  53  305  349  296  1  -2  
12  6  53  312  349  296  1  -2  
12  6  53  321  349  296  1  -2  
12  6  53  330  349  296  1  -2  
12  6  53  339  349  296  1  -2  
12  6  53  347  349  296  1  -2  
12  6  53  355  349  296  1  -2  
12  6  53  365  349  296  1  -2  
12  6  53  373  349  296  1  -2  
12  6  53  384  349  296  1  -2  
12  6  53  392  349  296  1  -2  
12  6  53  403  349  296  1  -2  
12  6  53  411  349  296  1  -2  
12  6  53  421  349  296  1  -2  
12  6  53  430  349  296  1  -2  
12  6  53  439  349  296  1  -2  
12  6  53  448  349  296  1  -2  
12  6  53  457  349  296  1  -2  
12  6  53  467  349  296  1  -2  
12  6  53  475  349  296  1  -2  
12  6  53  488  349  296  1  -2  
12  6  53  495  349  296  1  -2  
12  6  53  504  349  296  1  -2  
12  6  53  513  349  296  1  -2  
12  6  53  523  349  296  1  -2  
12  6  53  533  349  296  1  -2  
12  6  53  541  349  296  1  -2  
12  6  53  551  349  296  1  -2  
12  6  53  560  349  296  1  -2  
12  6  53  570  349  296  1  -2  
12  6  53  578  349  296  1  -2  
12  6  53  587  349  296  1  -2  
12  6  53  596  350  296  1  -2  
12  6  53  605  350  296  1  -2  
12  6  53  612  350  296  1  -2  
12  6  53  622  350  296  1  -2  
12  6  53  631  350  296  1  -2  
12  6  53  639  350  296  1  -2  
12  6  53  649  350  296  1  -2  
12  6  53  658  350  296  1  -2  
12  6  53  669  350  296  1  -2  
12  6  53  677  350  296  1  -2  
12  6  53  687  350  296  1  -2  
12  6  53  694  350  296  1  -2  
12  6  53  703  350  296  1  -2  
12  6  53  711  350  296  1  -2  
12  6  53  722  350  296  1  -2  
12  6  53  730  350  296  1  -2  
12  6  53  739  350  296  1  -2  
12  6  53  747  350  296  1  -2  
12  6  53  756  350  296  1  -2  
12  6  53  765  350  296  1  -2  
12  6  53  773  350  296  1  -2  
12  6  53  783  350  296  1  -2  
12  6  53  791  350  296  1  -2  
12  6  53  802  350  296  1  -2  
12  6  53  809  350  296  1  -2  
12  6  53  819  350  296  1  -2  
12  6  53  826  350  296  1  -2  
12  6  53  837  350  296  1  -2  
12  6  53  846  350  296  1  -2  
12  6  53  855  350  296  1  -2  
12  6  53  865  350  296  1  -2  
12  6  53  873  350  296  1  -2  
