11  13  9  0  366  301  1  -2  
11  13  9  9  366  301  1  -2  
11  13  9  17  366  302  1  -2  
11  13  9  25  366  302  1  -2  
11  13  9  33  366  302  1  -2  
11  13  9  43  366  303  1  -2  
11  13  9  50  366  303  1  -2  
11  13  9  58  366  303  1  -2  
11  13  9  66  366  303  1  -2  
11  13  9  74  366  303  1  -2  
11  13  9  84  366  303  1  -2  
11  13  9  92  366  303  1  -2  
11  13  9  100  366  303  1  -2  
11  13  9  107  367  304  1  -2  
11  13  9  116  367  304  1  -2  
11  13  9  125  367  304  1  -2  
11  13  9  133  368  304  1  -2  
11  13  9  143  368  304  1  -2  
11  13  9  150  368  304  1  -2  
11  13  9  159  369  304  1  -2  
11  13  9  167  369  304  1  -2  
11  13  9  175  371  304  1  -2  
11  13  9  184  372  304  1  -2  
11  13  9  190  379  304  1  -2  
11  13  9  200  379  304  1  -2  
11  13  9  209  394  305  1  -2  
11  13  9  218  406  305  1  -2  
11  13  9  226  416  306  1  -2  
11  13  9  234  428  309  1  -2  
11  13  9  244  438  310  1  -2  
11  13  9  254  446  310  1  -2  
11  13  9  262  453  310  1  -2  
11  13  9  271  458  310  1  -2  
11  13  9  280  464  310  1  -2  
11  13  9  288  466  310  1  -2  
11  13  9  295  467  310  1  -2  
11  13  9  305  468  310  1  -2  
11  13  9  311  469  310  1  -2  
11  13  9  322  469  310  1  -2  
11  13  9  328  471  310  1  -2  
11  13  9  339  473  310  1  -2  
11  13  9  345  476  311  1  -2  
11  13  9  355  479  311  1  -2  
11  13  9  363  484  311  1  -2  
11  13  9  372  491  311  1  -2  
11  13  9  379  500  311  2  -2  
11  13  9  389  506  311  2  -2  
11  13  9  395  515  311  2  -2  
11  13  9  405  520  311  2  -2  
11  13  9  411  524  311  2  -2  
11  13  9  423  527  311  2  -2  
11  13  9  428  528  311  2  -2  
11  13  9  439  528  311  2  -2  
11  13  9  446  528  311  2  -2  
11  13  9  455  528  311  2  -2  
11  13  9  463  528  311  2  -2  
11  13  9  473  528  311  2  -2  
11  13  9  479  528  311  2  -2  
11  13  9  489  528  311  2  -2  
11  13  9  496  528  311  2  -2  
11  13  9  505  528  311  2  -2  
11  13  9  513  528  311  2  -2  
11  13  9  523  528  311  2  -2  
11  13  9  528  528  311  2  -2  
11  13  9  539  528  311  2  -2  
11  13  9  546  528  311  2  -2  
11  13  9  556  528  311  2  -2  
11  13  9  563  528  311  2  -2  
11  13  9  573  528  311  2  -2  
11  13  9  580  528  311  2  -2  
11  13  9  589  528  311  2  -2  
11  13  9  596  528  311  2  -2  
11  13  9  606  527  312  2  -2  
11  13  9  614  526  314  2  -2  
11  13  9  623  525  314  2  -2  
11  13  9  630  525  314  2  -2  
11  13  9  639  524  315  2  -2  
11  13  9  646  522  315  2  -2  
11  13  9  656  520  316  2  -2  
11  13  9  662  514  316  2  -2  
11  13  9  674  514  316  2  -2  
11  13  9  680  507  318  2  -2  
11  13  9  690  503  318  2  -2  
11  13  9  696  498  319  2  -2  
11  13  9  707  493  319  2  -2  
11  13  9  713  490  320  2  -2  
11  13  9  723  483  320  2  -2  
11  13  9  730  480  321  2  -2  
11  13  9  740  476  321  2  -2  
11  13  9  747  471  323  2  -2  
11  13  9  756  467  323  2  -2  
11  13  9  764  463  323  2  -2  
11  13  9  773  460  323  2  -2  
11  13  9  780  457  323  2  -2  
11  13  9  789  452  323  2  -2  
11  13  9  796  448  323  2  -2  
11  13  10  806  443  323  2  -2  
11  13  10  814  439  323  2  -2  
11  13  10  823  437  323  2  -2  
11  13  10  829  433  323  2  -2  
11  13  10  839  428  323  2  -2  
11  13  10  846  424  323  2  -2  
11  13  10  856  418  323  2  -2  
11  13  10  864  409  323  2  -2  
11  13  10  873  409  323  2  -2  
11  13  10  880  403  323  2  -2  
11  13  10  890  400  323  2  -2  
11  13  10  897  398  323  3  -2  
11  13  10  907  395  323  3  -2  
11  13  10  914  394  323  3  -2  
11  13  10  924  393  323  3  -2  
11  13  10  930  392  323  3  -2  
11  13  10  940  392  323  3  -2  
11  13  10  946  392  323  3  -2  
11  13  10  956  392  323  3  -2  
11  13  10  964  391  323  3  -2  
11  13  10  974  391  323  3  -2  
11  13  10  980  391  323  3  -2  
11  13  10  989  390  323  3  -2  
11  13  10  996  390  323  3  -2  
11  13  10  1006  389  323  3  -2  
11  13  10  1014  388  323  3  -2  
11  13  10  1023  387  323  3  -2  
11  13  10  1030  387  323  3  -2  
11  13  10  1040  387  323  3  -2  
11  13  10  1046  387  323  3  -2  
11  13  10  1056  387  323  3  -2  
11  13  10  1063  385  323  3  -2  
11  13  10  1073  385  323  3  -2  
11  13  10  1080  385  323  3  -2  
11  13  10  1089  385  323  3  -2  
11  13  10  1097  385  323  3  -2  
11  13  10  1106  385  323  3  -2  
11  13  10  1115  385  323  3  -2  
11  13  10  1123  385  323  3  -2  
11  13  10  1130  385  323  3  -2  
11  13  10  1139  385  323  3  -2  
11  13  10  1146  385  323  3  -2  
11  13  10  1156  385  323  3  -2  
11  13  10  1164  385  323  3  -2  
11  13  10  1173  385  323  3  -2  
11  13  10  1180  385  323  3  -2  
11  13  10  1189  385  323  3  -2  
11  13  10  1197  385  323  3  -2  
11  13  10  1206  385  323  3  -2  
11  13  10  1214  385  323  3  -2  
11  13  10  1223  385  323  3  -2  
11  13  10  1230  385  323  3  -2  
11  13  10  1239  385  323  3  -2  
11  13  10  1247  385  323  3  -2  
11  13  10  1256  385  323  3  -2  
11  13  10  1264  387  323  3  -2  
11  13  10  1273  390  323  3  -2  
11  13  10  1280  397  323  3  -2  
11  13  10  1289  397  323  3  -2  
11  13  10  1297  409  323  3  -2  
11  13  10  1307  414  323  3  -2  
11  13  10  1314  422  323  3  -2  
11  13  10  1323  431  323  3  -2  
11  13  10  1331  436  323  3  -2  
11  13  10  1340  443  323  3  -2  
11  13  10  1347  448  323  3  -2  
11  13  10  1356  454  322  3  -2  
11  13  10  1364  459  322  3  -2  
11  13  10  1373  465  322  3  -2  
11  13  10  1380  471  322  3  -2  
11  13  10  1389  476  322  3  -2  
11  13  10  1397  480  322  3  -2  
11  13  10  1406  486  322  3  -2  
11  13  10  1414  491  322  3  -2  
11  13  10  1423  495  322  4  -2  
11  13  10  1430  500  322  4  -2  
11  13  10  1439  503  322  4  -2  
11  13  10  1448  505  322  4  -2  
11  13  10  1456  508  322  4  -2  
11  13  10  1465  508  322  4  -2  
11  13  10  1473  513  321  4  -2  
11  13  10  1481  513  321  4  -2  
11  13  10  1489  516  321  4  -2  
11  13  10  1497  517  320  4  -2  
11  13  10  1507  518  320  4  -2  
11  13  10  1515  521  318  4  -2  
11  13  10  1523  521  318  4  -2  
11  13  10  1530  521  318  4  -2  
11  13  10  1539  521  318  4  -2  
11  13  10  1547  521  318  4  -2  
11  13  10  1556  521  318  4  -2  
11  13  10  1564  521  318  4  -2  
11  13  10  1573  521  318  4  -2  
11  13  10  1580  521  318  4  -2  
11  13  10  1589  521  318  4  -2  
11  13  10  1597  521  318  4  -2  
11  13  10  1606  521  318  4  -2  
11  13  10  1615  521  318  4  -2  
11  13  10  1623  521  318  4  -2  
11  13  10  1630  521  318  4  -2  
11  13  10  1639  521  318  4  -2  
11  13  10  1646  521  318  4  -2  
11  13  10  1656  521  320  4  -2  
11  13  10  1665  520  321  4  -2  
11  13  10  1673  514  324  4  -2  
11  13  10  1680  511  325  4  -2  
11  13  10  1690  511  325  4  -2  
11  13  10  1698  501  328  4  -2  
11  13  10  1707  496  328  4  -2  
11  13  10  1715  492  329  4  -2  
11  13  10  1723  485  329  4  -2  
11  13  10  1731  478  330  4  -2  
11  13  10  1739  473  330  4  -2  
11  13  10  1748  466  330  4  -2  
11  13  10  1756  458  330  4  -2  
11  13  10  1764  452  330  4  -2  
11  13  10  1772  447  330  4  -2  
11  13  10  1781  442  330  4  -2  
11  13  10  1789  437  330  4  -2  
11  13  11  1797  434  330  4  -2  
11  13  11  1805  429  330  4  -2  
11  13  11  1813  426  330  4  -2  
11  13  11  1822  422  330  4  -2  
11  13  11  1830  420  330  4  -2  
11  13  11  1838  417  330  4  -2  
11  13  11  1847  413  330  4  -2  
11  13  11  1856  409  330  4  -2  
11  13  11  1864  407  330  4  -2  
11  13  11  1872  403  330  4  -2  
11  13  11  1879  401  330  4  -2  
11  13  11  1889  401  330  4  -2  
11  13  11  1898  398  330  4  -2  
11  13  11  1906  397  330  4  -2  
