16  16  19  0  376  314  1  -2  
16  16  19  8  376  314  1  -2  
16  16  19  17  376  314  1  -2  
16  16  19  24  376  314  1  -2  
16  16  19  33  376  314  1  -2  
16  16  19  42  376  314  1  -2  
16  16  19  50  376  314  1  -2  
16  16  19  58  376  314  1  -2  
16  16  19  67  376  314  1  -2  
16  16  19  75  376  314  1  -2  
16  16  19  83  376  314  1  -2  
16  16  19  93  376  314  1  -2  
16  16  19  101  376  314  1  -2  
16  16  19  109  376  314  1  -2  
16  16  19  117  376  314  1  -2  
16  16  19  126  376  314  1  -2  
16  16  19  133  376  314  1  -2  
16  16  19  142  376  314  1  -2  
16  16  19  150  376  314  1  -2  
16  16  19  159  376  314  1  -2  
16  16  19  167  376  314  1  -2  
16  16  19  176  376  314  1  -2  
16  16  19  183  376  314  1  -2  
16  16  19  193  378  313  1  -2  
16  16  19  202  382  313  1  -2  
16  16  19  211  388  313  1  -2  
16  16  19  219  396  315  1  -2  
16  16  19  227  404  315  1  -2  
16  16  19  235  414  316  1  -2  
16  16  19  243  424  317  1  -2  
16  16  19  253  433  318  1  -2  
16  16  19  260  438  318  1  -2  
16  16  19  269  445  321  1  -2  
16  16  19  277  451  322  1  -2  
16  16  19  287  456  322  1  -2  
16  16  19  294  460  323  1  -2  
16  16  19  302  465  324  1  -2  
16  16  19  311  465  324  1  -2  
16  16  19  318  471  324  1  -2  
16  16  19  326  471  324  1  -2  
16  16  19  335  474  325  1  -2  
16  16  19  345  476  325  1  -2  
16  16  19  354  477  325  1  -2  
16  16  19  361  478  325  1  -2  
16  16  19  369  479  325  1  -2  
16  16  19  376  481  325  1  -2  
16  16  19  385  486  326  1  -2  
16  16  19  394  487  326  1  -2  
16  16  20  402  488  326  1  -2  
16  16  20  410  490  326  1  -2  
16  16  20  418  493  326  1  -2  
16  16  20  427  493  326  1  -2  
16  16  20  435  494  326  1  -2  
16  16  20  444  495  326  1  -2  
16  16  20  452  495  326  1  -2  
16  16  20  460  495  326  1  -2  
16  16  20  468  496  327  1  -2  
16  16  20  477  496  327  1  -2  
16  16  20  485  496  327  1  -2  
16  16  20  494  496  327  1  -2  
16  16  20  502  497  327  2  -2  
16  16  20  512  499  327  2  -2  
16  16  20  521  506  327  2  -2  
16  16  20  527  508  327  2  -2  
16  16  20  538  510  327  2  -2  
16  16  20  544  512  327  2  -2  
16  16  20  553  512  327  2  -2  
16  16  20  561  512  327  2  -2  
16  16  20  570  512  327  2  -2  
16  16  20  577  512  327  2  -2  
16  16  20  585  512  327  2  -2  
16  16  20  594  512  327  2  -2  
16  16  20  602  512  327  2  -2  
16  16  20  610  512  327  2  -2  
16  16  20  619  512  327  2  -2  
16  16  20  627  512  327  2  -2  
16  16  20  635  512  327  2  -2  
16  16  20  644  512  327  2  -2  
16  16  20  653  512  327  2  -2  
16  16  20  660  512  327  2  -2  
16  16  20  670  512  327  2  -2  
16  16  20  677  512  327  2  -2  
16  16  20  685  512  327  2  -2  
16  16  20  694  512  327  2  -2  
16  16  20  703  512  327  2  -2  
16  16  20  711  512  327  2  -2  
16  16  20  720  512  327  2  -2  
16  16  20  727  512  327  2  -2  
16  16  20  737  512  327  2  -2  
16  16  20  744  512  327  2  -2  
16  16  20  754  512  327  2  -2  
16  16  20  761  512  327  2  -2  
16  16  20  768  512  327  2  -2  
16  16  20  777  511  327  2  -2  
16  16  20  785  507  327  2  -2  
16  16  20  794  505  327  2  -2  
16  16  20  804  504  327  2  -2  
16  16  20  809  503  327  2  -2  
16  16  20  820  501  327  2  -2  
16  16  20  827  500  327  2  -2  
16  16  20  837  499  327  2  -2  
16  16  20  844  498  327  2  -2  
16  16  20  854  496  328  2  -2  
16  16  20  860  493  328  2  -2  
16  16  20  870  485  330  2  -2  
16  16  20  877  479  330  2  -2  
16  16  20  887  472  330  2  -2  
16  16  20  894  462  330  2  -2  
16  16  20  905  455  330  2  -2  
16  16  20  912  446  330  2  -2  
16  16  20  920  444  330  2  -2  
16  16  20  928  440  330  2  -2  
16  16  20  938  436  330  2  -2  
16  16  20  943  434  330  2  -2  
16  16  20  954  431  331  2  -2  
16  16  20  962  428  331  2  -2  
16  16  20  971  423  331  2  -2  
16  16  20  977  419  332  2  -2  
16  16  20  987  412  332  2  -2  
16  16  20  992  406  332  2  -2  
16  16  20  1003  399  332  2  -2  
16  16  20  1011  389  333  3  -2  
16  16  20  1021  379  333  3  -2  
16  16  20  1027  370  336  3  -2  
16  16  20  1036  364  337  3  -2  
16  16  20  1044  359  337  3  -2  
16  16  20  1053  358  337  3  -2  
16  16  20  1061  358  337  3  -2  
16  16  20  1071  358  337  3  -2  
16  16  20  1077  358  337  3  -2  
16  16  20  1086  358  337  3  -2  
16  16  20  1094  358  337  3  -2  
16  16  20  1103  358  337  3  -2  
16  16  20  1111  358  337  3  -2  
16  16  20  1121  358  337  3  -2  
16  16  20  1127  358  337  3  -2  
16  16  20  1138  358  337  3  -2  
16  16  20  1144  358  337  3  -2  
16  16  20  1153  358  337  3  -2  
16  16  20  1161  358  337  3  -2  
16  16  20  1171  358  337  3  -2  
16  16  20  1177  358  337  3  -2  
16  16  20  1186  358  337  3  -2  
16  16  20  1194  358  337  3  -2  
16  16  20  1205  358  337  3  -2  
16  16  20  1212  358  337  3  -2  
16  16  20  1224  358  337  3  -2  
16  16  20  1231  358  337  3  -2  
16  16  20  1240  358  337  3  -2  
16  16  20  1249  358  337  3  -2  
16  16  20  1257  361  337  3  -2  
16  16  20  1266  367  338  3  -2  
16  16  20  1275  376  338  3  -2  
16  16  20  1283  387  338  3  -2  
16  16  20  1291  399  338  3  -2  
16  16  20  1299  412  338  3  -2  
16  16  20  1308  424  338  3  -2  
16  16  20  1316  437  339  3  -2  
16  16  20  1324  449  341  3  -2  
16  16  20  1333  461  342  3  -2  
16  16  20  1342  471  343  3  -2  
16  16  20  1350  490  343  3  -2  
16  16  20  1357  497  344  3  -2  
16  16  20  1367  497  344  3  -2  
16  16  20  1376  507  344  3  -2  
16  16  20  1384  511  344  4  -2  
16  16  20  1392  516  345  4  -2  
16  16  21  1400  517  345  4  -2  
16  16  21  1408  523  348  4  -2  
16  16  21  1416  524  348  4  -2  
16  16  21  1424  525  348  4  -2  
16  16  21  1433  526  348  4  -2  
16  16  21  1442  526  348  4  -2  
16  16  21  1449  526  348  4  -2  
16  16  21  1457  526  348  4  -2  
16  16  21  1466  526  348  4  -2  
16  16  21  1474  526  348  4  -2  
16  16  21  1482  526  348  4  -2  
16  16  21  1491  526  348  4  -2  
16  16  21  1500  526  348  4  -2  
16  16  21  1507  526  348  4  -2  
16  16  21  1516  526  348  4  -2  
16  16  21  1524  526  348  4  -2  
16  16  21  1533  526  348  4  -2  
16  16  21  1542  526  348  4  -2  
16  16  21  1549  526  348  4  -2  
16  16  21  1558  526  348  4  -2  
16  16  21  1566  526  348  4  -2  
16  16  21  1573  526  348  4  -2  
16  16  21  1582  526  348  4  -2  
16  16  21  1591  526  348  4  -2  
16  16  21  1600  526  348  4  -2  
16  16  21  1609  526  348  4  -2  
16  16  21  1616  526  348  4  -2  
16  16  21  1625  526  348  4  -2  
16  16  21  1633  524  348  4  -2  
16  16  21  1642  519  348  4  -2  
16  16  21  1649  511  348  4  -2  
16  16  21  1657  506  348  4  -2  
16  16  21  1666  500  348  4  -2  
16  16  21  1674  495  348  4  -2  
16  16  21  1683  490  348  4  -2  
16  16  21  1692  486  348  4  -2  
16  16  21  1700  479  348  4  -2  
16  16  21  1708  470  348  4  -2  
16  16  21  1717  460  348  4  -2  
16  16  21  1726  447  348  4  -2  
16  16  21  1733  435  348  4  -2  
16  16  21  1742  427  348  4  -2  
16  16  21  1749  410  348  4  -2  
16  16  21  1758  410  348  4  -2  
16  16  21  1767  406  348  4  -2  
16  16  21  1776  405  348  4  -2  
16  16  21  1784  404  348  4  -2  
16  16  21  1792  403  348  4  -2  
16  16  21  1800  402  348  4  -2  
16  16  21  1809  400  348  4  -2  
16  16  21  1817  398  348  4  -2  
16  16  21  1825  396  348  4  -2  
16  16  21  1833  394  348  4  -2  
16  16  21  1842  392  348  4  -2  
16  16  21  1849  389  348  4  -2  
16  16  21  1858  388  348  4  -2  
16  16  21  1867  385  348  4  -2  
16  16  21  1875  384  348  4  -2  
16  16  21  1883  384  348  4  -2  
16  16  21  1892  382  348  4  -2  
16  16  21  1901  381  348  4  -2  
16  16  21  1908  381  348  4  -2  
16  16  21  1916  381  348  4  -2  
16  16  21  1924  381  348  4  -2  
16  16  21  1933  381  348  4  -2  
16  16  21  1942  381  348  4  -2  
16  16  21  1950  381  348  4  -2  
16  16  21  1958  381  348  4  -2  
16  16  21  1966  381  348  4  -2  
16  16  21  1974  381  348  4  -2  
16  16  21  1984  381  348  4  -2  
16  16  21  1992  381  348  4  -2  
16  16  21  2000  381  348  4  -2  
16  16  21  2008  381  348  4  -2  
16  16  21  2016  381  348  4  -2  
16  16  21  2024  381  348  4  -2  
16  16  21  2033  381  348  4  -2  
16  16  21  2042  381  348  4  -2  
16  16  21  2049  381  348  4  -2  
16  16  21  2058  381  348  4  -2  
16  16  21  2066  381  348  4  -2  
16  16  21  2075  381  348  4  -2  
16  16  21  2083  381  348  4  -2  
16  16  21  2092  381  348  4  -2  
16  16  21  2100  381  348  4  -2  
16  16  21  2107  381  348  4  -2  
16  16  21  2117  381  348  4  -2  
16  16  21  2125  381  348  4  -2  
16  16  21  2134  381  348  4  -2  
16  16  21  2142  381  348  4  -2  
16  16  21  2151  381  348  4  -2  
16  16  21  2158  381  348  4  -2  
16  16  21  2167  381  348  4  -2  
16  16  21  2174  381  348  4  -2  
16  16  21  2183  381  348  4  -2  
16  16  21  2192  381  348  4  -2  
