12  6  20  0  361  326  1  -2  
12  6  20  7  361  326  1  -2  
12  6  20  17  361  326  1  -2  
12  6  20  24  361  326  1  -2  
12  6  20  34  361  326  1  -2  
12  6  20  42  361  326  1  -2  
12  6  20  51  361  326  1  -2  
12  6  20  59  361  326  1  -2  
12  6  20  68  361  326  1  -2  
12  6  20  78  361  326  1  -2  
12  6  20  88  361  326  1  -2  
12  6  20  96  361  326  1  -2  
12  6  20  106  361  326  1  -2  
12  6  20  115  361  326  1  -2  
12  6  20  125  361  326  1  -2  
12  6  20  135  361  326  1  -2  
12  6  20  144  361  326  1  -2  
12  6  20  154  361  326  1  -2  
12  6  20  163  361  326  1  -2  
12  6  20  173  361  326  1  -2  
12  6  20  181  361  326  1  -2  
12  6  20  190  361  326  1  -2  
12  6  20  199  361  326  1  -2  
12  6  20  211  361  326  1  -2  
12  6  20  221  361  326  1  -2  
12  6  20  229  361  326  1  -2  
12  6  20  239  361  326  1  -2  
12  6  20  247  361  326  1  -2  
12  6  20  256  361  326  1  -2  
12  6  20  266  361  326  1  -2  
12  6  20  275  361  326  1  -2  
12  6  20  282  361  326  1  -2  
12  6  20  291  361  326  1  -2  
12  6  20  298  361  326  1  -2  
12  6  20  307  361  326  1  -2  
12  6  20  315  361  326  1  -2  
12  6  20  323  361  326  1  -2  
12  6  20  332  361  326  1  -2  
12  6  20  342  361  326  1  -2  
12  6  20  350  361  326  1  -2  
12  6  20  357  361  326  1  -2  
12  6  20  365  361  326  1  -2  
12  6  20  373  361  326  1  -2  
12  6  20  384  361  326  1  -2  
12  6  20  391  361  326  1  -2  
12  6  20  399  361  326  1  -2  
12  6  20  408  361  326  1  -2  
12  6  20  417  362  326  1  -2  
12  6  20  424  362  326  1  -2  
12  6  20  433  365  326  1  -2  
12  6  20  442  369  326  1  -2  
12  6  20  450  370  326  1  -2  
12  6  20  458  375  326  1  -2  
12  6  20  466  380  326  1  -2  
12  6  20  475  385  326  1  -2  
12  6  20  485  392  326  1  -2  
12  6  20  493  407  326  1  -2  
12  6  20  501  413  326  1  -2  
12  6  20  510  413  326  1  -2  
12  6  20  517  422  326  1  -2  
12  6  20  526  423  326  1  -2  
12  6  20  535  425  326  1  -2  
12  6  20  544  427  326  1  -2  
12  6  20  555  430  326  1  -2  
12  6  20  564  433  326  1  -2  
12  6  20  573  438  327  1  -2  
12  6  20  581  455  328  1  -2  
12  6  20  591  465  329  1  -2  
12  6  20  600  476  332  1  -2  
12  6  20  609  484  333  1  -2  
12  6  20  619  491  334  1  -2  
12  6  20  627  496  334  1  -2  
12  6  20  639  500  335  1  -2  
12  6  20  647  503  337  2  -2  
12  6  20  656  504  337  2  -2  
12  6  20  664  505  337  2  -2  
12  6  20  675  505  337  2  -2  
12  6  20  681  505  337  2  -2  
12  6  20  691  507  337  2  -2  
12  6  20  701  508  337  2  -2  
12  6  20  708  508  337  2  -2  
12  6  20  717  508  337  2  -2  
12  6  20  726  510  337  2  -2  
12  6  20  735  511  337  2  -2  
12  6  21  744  512  337  2  -2  
12  6  21  752  513  337  2  -2  
12  6  21  759  513  337  2  -2  
12  6  21  769  513  337  2  -2  
12  6  21  777  514  337  2  -2  
12  6  21  788  514  337  2  -2  
12  6  21  797  514  337  2  -2  
12  6  21  807  514  337  2  -2  
12  6  21  815  514  337  2  -2  
12  6  21  824  514  337  2  -2  
12  6  21  832  514  337  2  -2  
12  6  21  841  514  337  2  -2  
12  6  21  848  514  337  2  -2  
12  6  21  858  515  337  2  -2  
12  6  21  866  515  337  2  -2  
12  6  21  874  515  337  2  -2  
12  6  21  882  515  337  2  -2  
12  6  21  891  515  337  2  -2  
12  6  21  898  515  337  2  -2  
12  6  21  907  515  337  2  -2  
12  6  21  916  515  337  2  -2  
12  6  21  924  515  337  2  -2  
12  6  21  935  515  337  2  -2  
12  6  21  942  515  337  2  -2  
12  6  21  953  515  337  2  -2  
12  6  21  958  515  337  2  -2  
12  6  21  968  515  337  2  -2  
12  6  21  975  515  337  2  -2  
12  6  21  985  515  337  2  -2  
12  6  21  992  515  337  2  -2  
12  6  21  1002  515  337  2  -2  
12  6  21  1010  514  337  2  -2  
12  6  21  1019  507  337  2  -2  
12  6  21  1026  500  337  2  -2  
12  6  21  1036  494  337  2  -2  
12  6  21  1043  484  337  2  -2  
12  6  21  1052  477  337  2  -2  
12  6  21  1060  472  337  2  -2  
12  6  21  1072  467  337  2  -2  
12  6  21  1078  458  337  2  -2  
12  6  21  1088  454  337  2  -2  
12  6  21  1095  452  337  2  -2  
12  6  21  1105  450  337  2  -2  
12  6  21  1113  448  337  2  -2  
12  6  21  1123  446  337  2  -2  
12  6  21  1134  443  337  2  -2  
12  6  21  1143  433  337  2  -2  
12  6  21  1153  424  337  2  -2  
12  6  21  1160  418  337  2  -2  
12  6  21  1170  412  337  2  -2  
12  6  21  1178  409  337  2  -2  
12  6  21  1187  408  337  2  -2  
12  6  21  1195  408  337  2  -2  
12  6  21  1205  408  337  2  -2  
12  6  21  1211  408  337  2  -2  
12  6  21  1221  408  337  2  -2  
12  6  21  1227  408  337  2  -2  
12  6  21  1238  408  337  2  -2  
12  6  21  1245  408  337  2  -2  
12  6  21  1255  408  337  2  -2  
12  6  21  1263  408  337  2  -2  
12  6  21  1271  408  337  2  -2  
12  6  21  1278  408  337  2  -2  
12  6  21  1287  408  337  2  -2  
12  6  21  1296  408  337  2  -2  
12  6  21  1305  408  337  2  -2  
12  6  21  1312  408  337  2  -2  
12  6  21  1320  408  337  2  -2  
12  6  21  1327  408  337  2  -2  
12  6  21  1336  408  337  2  -2  
12  6  21  1344  408  337  2  -2  
12  6  21  1354  408  337  2  -2  
12  6  21  1362  408  337  2  -2  
12  6  21  1370  408  337  2  -2  
12  6  21  1379  408  337  2  -2  
12  6  21  1387  408  337  2  -2  
12  6  21  1395  408  337  2  -2  
12  6  21  1404  408  337  2  -2  
12  6  21  1411  408  337  2  -2  
12  6  21  1420  408  337  2  -2  
12  6  21  1428  408  337  2  -2  
12  6  21  1436  408  337  2  -2  
12  6  21  1445  408  337  2  -2  
12  6  21  1453  408  337  2  -2  
12  6  21  1462  408  337  2  -2  
12  6  21  1470  408  337  2  -2  
12  6  21  1479  408  337  2  -2  
12  6  21  1486  408  337  2  -2  
12  6  21  1494  408  337  2  -2  
12  6  21  1504  408  337  2  -2  
12  6  21  1512  408  337  2  -2  
12  6  21  1521  408  337  2  -2  
12  6  21  1529  408  337  2  -2  
12  6  21  1536  408  337  2  -2  
12  6  21  1546  408  337  2  -2  
12  6  21  1553  408  337  2  -2  
12  6  21  1562  408  337  2  -2  
12  6  21  1570  408  337  2  -2  
12  6  21  1579  408  337  2  -2  
12  6  21  1587  408  337  2  -2  
12  6  21  1594  408  337  2  -2  
12  6  21  1603  408  337  2  -2  
12  6  21  1612  408  337  2  -2  
12  6  21  1620  408  337  2  -2  
12  6  21  1629  408  337  2  -2  
12  6  21  1637  407  337  2  -2  
12  6  21  1645  407  337  2  -2  
12  6  21  1654  407  337  2  -2  
12  6  21  1662  407  337  2  -2  
12  6  21  1670  407  337  2  -2  
12  6  21  1680  407  337  2  -2  
12  6  21  1688  405  337  2  -2  
12  6  21  1698  403  337  2  -2  
12  6  21  1707  401  337  2  -2  
12  6  21  1715  400  337  2  -2  
12  6  21  1724  400  337  2  -2  
12  6  21  1733  399  337  2  -2  
12  6  21  1741  399  337  2  -2  
12  6  22  1748  399  337  2  -2  
12  6  22  1757  399  337  2  -2  
12  6  22  1767  399  337  2  -2  
12  6  22  1774  399  337  2  -2  
12  6  22  1784  399  337  2  -2  
12  6  22  1791  399  337  2  -2  
12  6  22  1801  399  337  2  -2  
12  6  22  1809  399  337  2  -2  
12  6  22  1820  399  337  2  -2  
12  6  22  1825  399  337  2  -2  
12  6  22  1835  399  337  2  -2  
12  6  22  1843  399  337  2  -2  
12  6  22  1853  399  337  2  -2  
12  6  22  1860  399  337  2  -2  
12  6  22  1871  399  337  2  -2  
12  6  22  1877  399  337  2  -2  
12  6  22  1887  399  337  2  -2  
12  6  22  1894  399  337  2  -2  
12  6  22  1904  399  337  2  -2  
12  6  22  1914  399  337  2  -2  
12  6  22  1922  399  337  2  -2  
12  6  22  1933  399  337  2  -2  
12  6  22  1939  399  337  2  -2  
12  6  22  1947  399  337  2  -2  
12  6  22  1956  399  337  2  -2  
12  6  22  1964  399  337  2  -2  
12  6  22  1973  399  337  2  -2  
12  6  22  1981  399  337  2  -2  
12  6  22  1990  399  337  2  -2  
12  6  22  1997  399  337  2  -2  
12  6  22  2007  399  337  2  -2  
12  6  22  2017  399  337  2  -2  
12  6  22  2026  399  337  2  -2  
12  6  22  2037  399  337  2  -2  
12  6  22  2044  399  337  2  -2  
12  6  22  2053  399  337  2  -2  
12  6  22  2059  399  337  2  -2  
12  6  22  2069  399  337  2  -2  
12  6  22  2076  399  337  2  -2  
12  6  22  2086  399  337  2  -2  
12  6  22  2093  399  337  2  -2  
12  6  22  2105  399  337  2  -2  
12  6  22  2113  396  337  2  -2  
12  6  22  2120  395  337  2  -2  
12  6  22  2128  391  337  3  -2  
12  6  22  2138  390  337  3  -2  
12  6  22  2146  388  336  3  -2  
12  6  22  2156  388  336  3  -2  
12  6  22  2164  387  336  3  -2  
12  6  22  2174  386  336  3  -2  
12  6  22  2184  383  336  3  -2  
12  6  22  2191  379  336  3  -2  
12  6  22  2201  374  334  3  -2  
12  6  22  2208  370  333  3  -2  
12  6  22  2218  367  333  3  -2  
12  6  22  2224  366  333  3  -2  
12  6  22  2234  366  333  3  -2  
12  6  22  2242  366  333  3  -2  
12  6  22  2252  366  333  3  -2  
12  6  22  2258  366  333  3  -2  
12  6  22  2268  366  333  3  -2  
12  6  22  2276  366  333  3  -2  
12  6  22  2285  366  333  3  -2  
12  6  22  2292  366  333  3  -2  
12  6  22  2301  366  333  3  -2  
12  6  22  2307  366  333  3  -2  
12  6  22  2318  366  333  3  -2  
12  6  22  2325  366  333  3  -2  
12  6  22  2334  366  333  3  -2  
12  6  22  2342  366  333  3  -2  
12  6  22  2351  366  333  3  -2  
12  6  22  2358  366  333  3  -2  
12  6  22  2368  366  333  3  -2  
12  6  22  2376  366  333  3  -2  
12  6  22  2386  366  333  3  -2  
12  6  22  2392  366  333  3  -2  
12  6  22  2401  366  333  3  -2  
12  6  22  2410  366  333  3  -2  
12  6  22  2419  366  333  3  -2  
12  6  22  2425  366  333  3  -2  
12  6  22  2436  367  333  3  -2  
12  6  22  2443  368  333  3  -2  
12  6  22  2453  369  333  3  -2  
12  6  22  2460  372  333  3  -2  
12  6  22  2469  372  333  3  -2  
12  6  22  2477  372  333  3  -2  
12  6  22  2486  373  333  3  -2  
12  6  22  2493  373  333  3  -2  
12  6  22  2503  375  333  3  -2  
12  6  22  2510  375  333  3  -2  
12  6  22  2520  375  333  3  -2  
12  6  22  2527  376  333  3  -2  
12  6  22  2536  377  333  3  -2  
12  6  22  2543  377  333  3  -2  
12  6  22  2553  378  333  3  -2  
12  6  22  2560  378  333  3  -2  
12  6  22  2569  378  333  3  -2  
12  6  22  2575  378  333  3  -2  
12  6  22  2586  378  333  3  -2  
12  6  22  2592  378  333  3  -2  
12  6  22  2603  378  333  3  -2  
12  6  22  2610  378  333  3  -2  
12  6  22  2619  378  333  3  -2  
12  6  22  2627  378  333  3  -2  
12  6  22  2636  378  333  3  -2  
12  6  22  2644  378  333  3  -2  
12  6  22  2653  378  333  3  -2  
12  6  22  2661  378  333  3  -2  
12  6  22  2669  378  333  3  -2  
12  6  22  2677  378  333  3  -2  
12  6  22  2686  378  333  3  -2  
12  6  22  2694  378  333  3  -2  
12  6  22  2703  378  333  3  -2  
12  6  22  2711  378  333  3  -2  
12  6  22  2719  378  333  3  -2  
12  6  22  2727  378  333  3  -2  
12  6  22  2736  379  333  3  -2  
12  6  23  2744  380  333  3  -2  
12  6  23  2753  384  333  3  -2  
12  6  23  2759  388  333  3  -2  
12  6  23  2769  392  333  3  -2  
12  6  23  2777  394  333  3  -2  
12  6  23  2787  399  333  3  -2  
12  6  23  2793  403  333  3  -2  
12  6  23  2803  409  333  3  -2  
12  6  23  2811  415  333  3  -2  
12  6  23  2819  425  333  3  -2  
12  6  23  2827  433  333  3  -2  
12  6  23  2837  445  333  3  -2  
12  6  23  2846  470  333  3  -2  
12  6  23  2855  481  333  3  -2  
12  6  23  2866  490  333  3  -2  
12  6  23  2874  496  333  3  -2  
12  6  23  2884  505  333  4  -2  
12  6  23  2892  512  333  4  -2  
12  6  23  2902  517  333  4  -2  
12  6  23  2907  529  336  4  -2  
12  6  23  2918  529  336  4  -2  
12  6  23  2925  535  336  4  -2  
12  6  23  2936  536  337  4  -2  
12  6  23  2943  536  337  4  -2  
12  6  23  2953  536  337  4  -2  
12  6  23  2958  536  337  4  -2  
12  6  23  2970  536  337  4  -2  
12  6  23  2978  536  337  4  -2  
12  6  23  2988  536  337  4  -2  
12  6  23  2997  536  337  4  -2  
12  6  23  3007  536  337  4  -2  
12  6  23  3016  536  337  4  -2  
12  6  23  3024  536  337  4  -2  
12  6  23  3035  536  337  4  -2  
12  6  23  3041  536  337  4  -2  
12  6  23  3051  534  337  4  -2  
12  6  23  3059  526  337  4  -2  
12  6  23  3068  515  337  4  -2  
12  6  23  3074  486  337  4  -2  
12  6  23  3085  486  337  4  -2  
12  6  23  3093  453  337  4  -2  
12  6  23  3102  437  337  4  -2  
12  6  23  3109  420  337  4  -2  
12  6  23  3118  405  337  4  -2  
