12  6  45  0  375  307  1  -2  
12  6  45  9  375  307  1  -2  
12  6  45  16  375  307  1  -2  
12  6  45  25  375  307  1  -2  
12  6  45  34  375  307  1  -2  
12  6  45  41  375  307  1  -2  
12  6  45  50  375  307  1  -2  
12  6  45  59  375  307  1  -2  
12  6  45  66  375  307  1  -2  
12  6  45  75  375  307  1  -2  
12  6  45  84  375  307  1  -2  
12  6  45  91  375  307  1  -2  
12  6  45  100  375  307  1  -2  
12  6  45  109  375  307  1  -2  
12  6  45  116  375  307  1  -2  
12  6  45  126  375  307  1  -2  
12  6  45  135  375  307  1  -2  
12  6  45  143  375  307  1  -2  
12  6  45  152  375  307  1  -2  
12  6  45  159  375  307  1  -2  
12  6  45  166  375  307  1  -2  
12  6  45  175  375  307  1  -2  
12  6  45  183  375  307  1  -2  
12  6  45  191  375  307  1  -2  
12  6  45  200  375  307  1  -2  
12  6  45  208  375  307  1  -2  
12  6  45  216  375  307  1  -2  
12  6  45  226  375  307  1  -2  
12  6  45  235  375  307  1  -2  
12  6  45  242  375  307  1  -2  
12  6  45  250  375  307  1  -2  
12  6  45  258  375  307  1  -2  
12  6  45  267  375  307  1  -2  
12  6  45  275  375  307  1  -2  
12  6  45  285  375  307  1  -2  
12  6  45  292  375  307  1  -2  
12  6  45  302  375  307  1  -2  
12  6  45  309  375  307  1  -2  
12  6  45  317  375  307  1  -2  
12  6  45  326  375  307  1  -2  
12  6  45  335  375  307  1  -2  
12  6  45  342  377  307  1  -2  
12  6  45  352  381  307  1  -2  
12  6  45  360  386  307  1  -2  
12  6  45  367  396  307  1  -2  
12  6  45  376  410  310  1  -2  
12  6  45  387  431  313  1  -2  
12  6  45  395  467  317  1  -2  
12  6  45  401  467  317  1  -2  
12  6  45  409  482  320  1  -2  
12  6  45  420  501  321  2  -2  
12  6  45  427  529  327  2  -2  
12  6  45  436  543  327  2  -2  
12  6  45  444  543  327  2  -2  
12  6  45  452  557  330  2  -2  
12  6  45  460  559  330  2  -2  
12  6  45  470  562  331  2  -2  
12  6  45  478  563  331  2  -2  
12  6  45  488  564  331  2  -2  
12  6  45  495  566  331  2  -2  
12  6  45  506  567  331  2  -2  
12  6  45  512  567  331  2  -2  
12  6  45  524  567  331  2  -2  
12  6  45  532  568  331  2  -2  
12  6  45  540  568  331  2  -2  
12  6  45  548  568  331  2  -2  
12  6  45  559  568  331  2  -2  
12  6  45  569  568  331  2  -2  
12  6  45  578  568  331  2  -2  
12  6  45  590  568  331  2  -2  
12  6  45  598  568  331  2  -2  
12  6  45  609  568  331  2  -2  
12  6  45  620  568  331  2  -2  
12  6  45  626  568  331  2  -2  
12  6  45  636  568  331  2  -2  
12  6  45  642  568  331  2  -2  
12  6  45  653  568  331  2  -2  
12  6  45  660  568  331  2  -2  
12  6  45  670  568  331  2  -2  
12  6  45  676  568  331  2  -2  
12  6  45  686  568  331  2  -2  
12  6  45  694  568  331  2  -2  
12  6  45  702  568  331  2  -2  
12  6  45  709  568  331  2  -2  
12  6  45  717  568  331  2  -2  
12  6  45  726  568  331  2  -2  
12  6  45  736  568  331  2  -2  
12  6  45  742  568  331  2  -2  
12  6  45  753  568  331  2  -2  
12  6  45  759  568  331  2  -2  
12  6  45  768  568  331  2  -2  
12  6  45  776  568  331  2  -2  
12  6  45  786  568  331  2  -2  
12  6  45  792  568  331  2  -2  
12  6  45  801  568  331  2  -2  
12  6  45  809  568  331  2  -2  
12  6  45  817  568  331  2  -2  
12  6  45  827  568  331  2  -2  
12  6  45  836  568  331  2  -2  
12  6  45  842  568  331  2  -2  
12  6  45  852  568  331  2  -2  
12  6  45  859  568  331  2  -2  
12  6  45  866  568  331  2  -2  
12  6  45  875  568  331  2  -2  
12  6  46  886  568  331  2  -2  
12  6  46  892  568  331  2  -2  
12  6  46  901  568  331  2  -2  
12  6  46  909  568  331  2  -2  
12  6  46  919  568  331  2  -2  
12  6  46  925  568  331  2  -2  
12  6  46  935  568  331  2  -2  
12  6  46  941  568  331  2  -2  
12  6  46  952  568  331  2  -2  
12  6  46  958  568  331  2  -2  
12  6  46  969  568  331  2  -2  
12  6  46  975  568  331  2  -2  
12  6  46  987  568  331  2  -2  
12  6  46  993  568  331  2  -2  
12  6  46  1003  568  331  2  -2  
12  6  46  1011  569  331  2  -2  
12  6  46  1019  569  331  2  -2  
12  6  46  1026  569  331  2  -2  
12  6  46  1036  569  331  2  -2  
12  6  46  1044  569  331  2  -2  
12  6  46  1054  569  331  2  -2  
12  6  46  1061  568  331  2  -2  
12  6  46  1070  567  331  2  -2  
12  6  46  1077  563  331  2  -2  
12  6  46  1087  559  331  2  -2  
12  6  46  1095  554  330  2  -2  
12  6  46  1105  549  330  2  -2  
12  6  46  1113  544  330  2  -2  
12  6  46  1121  540  329  2  -2  
12  6  46  1128  536  329  2  -2  
12  6  46  1137  533  329  2  -2  
12  6  46  1145  529  327  2  -2  
12  6  46  1155  527  327  2  -2  
12  6  46  1161  517  327  2  -2  
12  6  46  1171  517  327  2  -2  
12  6  46  1180  506  326  2  -2  
12  6  46  1188  496  326  2  -2  
12  6  46  1196  489  324  2  -2  
12  6  46  1205  479  323  2  -2  
12  6  46  1213  468  321  2  -2  
12  6  46  1221  458  319  2  -2  
12  6  46  1229  451  318  2  -2  
12  6  46  1238  441  318  2  -2  
12  6  46  1246  433  317  2  -2  
12  6  46  1255  425  315  2  -2  
12  6  46  1263  417  315  2  -2  
12  6  46  1270  410  315  2  -2  
12  6  46  1278  403  315  2  -2  
12  6  46  1288  398  315  3  -2  
12  6  46  1295  393  315  3  -2  
12  6  46  1306  386  315  3  -2  
12  6  46  1312  378  315  3  -2  
12  6  46  1321  371  315  3  -2  
12  6  46  1329  364  315  3  -2  
12  6  46  1338  358  315  3  -2  
12  6  46  1346  354  315  3  -2  
12  6  46  1354  350  315  3  -2  
12  6  46  1364  348  315  3  -2  
12  6  46  1371  345  315  3  -2  
12  6  46  1380  344  315  3  -2  
12  6  46  1389  343  315  3  -2  
12  6  46  1395  343  315  3  -2  
12  6  46  1404  343  315  3  -2  
12  6  46  1413  343  315  3  -2  
12  6  46  1420  343  315  3  -2  
12  6  46  1429  343  315  3  -2  
12  6  46  1437  343  315  3  -2  
12  6  46  1446  343  315  3  -2  
12  6  46  1454  343  315  3  -2  
12  6  46  1463  343  315  3  -2  
12  6  46  1470  343  315  3  -2  
12  6  46  1480  343  315  3  -2  
12  6  46  1487  343  315  3  -2  
12  6  46  1497  343  315  3  -2  
12  6  46  1505  343  315  3  -2  
12  6  46  1513  343  315  3  -2  
12  6  46  1521  343  315  3  -2  
12  6  46  1529  343  315  3  -2  
12  6  46  1538  343  315  3  -2  
12  6  46  1547  343  315  3  -2  
12  6  46  1554  343  315  3  -2  
12  6  46  1564  343  315  3  -2  
12  6  46  1572  343  315  3  -2  
12  6  46  1580  343  315  3  -2  
12  6  46  1588  343  315  3  -2  
12  6  46  1598  343  315  3  -2  
12  6  46  1607  343  315  3  -2  
12  6  46  1615  342  314  3  -2  
12  6  46  1622  342  313  3  -2  
12  6  46  1630  344  312  3  -2  
12  6  46  1640  350  310  3  -2  
12  6  46  1648  357  309  3  -2  
12  6  46  1657  363  309  3  -2  
12  6  46  1665  369  309  3  -2  
12  6  46  1672  374  309  3  -2  
12  6  46  1682  379  309  3  -2  
12  6  46  1689  383  309  3  -2  
12  6  46  1699  388  309  3  -2  
12  6  46  1708  393  309  3  -2  
12  6  46  1718  408  309  3  -2  
12  6  46  1726  418  309  3  -2  
12  6  46  1736  430  309  3  -2  
12  6  46  1744  443  309  3  -2  
12  6  46  1754  455  309  3  -2  
12  6  46  1763  465  309  3  -2  
12  6  46  1773  482  310  3  -2  
12  6  46  1782  486  310  3  -2  
12  6  46  1792  487  310  3  -2  
12  6  46  1802  490  310  3  -2  
12  6  46  1811  491  310  3  -2  
12  6  46  1822  493  310  3  -2  
12  6  46  1830  494  310  3  -2  
12  6  46  1838  495  310  4  -2  
12  6  46  1846  495  310  4  -2  
12  6  46  1854  497  310  4  -2  
12  6  46  1863  498  310  4  -2  
12  6  46  1870  498  310  4  -2  
12  6  46  1880  498  310  4  -2  
12  6  47  1888  498  310  4  -2  
12  6  47  1896  499  310  4  -2  
12  6  47  1904  500  310  4  -2  
12  6  47  1912  501  310  4  -2  
12  6  47  1920  502  310  4  -2  
12  6  47  1928  502  310  4  -2  
12  6  47  1938  503  309  4  -2  
12  6  47  1946  503  309  4  -2  
12  6  47  1954  503  309  4  -2  
12  6  47  1963  503  309  4  -2  
12  6  47  1971  503  309  4  -2  
12  6  47  1981  503  309  4  -2  
12  6  47  1989  503  309  4  -2  
12  6  47  1998  504  309  4  -2  
12  6  47  2006  505  309  4  -2  
12  6  47  2014  506  309  4  -2  
12  6  47  2023  506  309  4  -2  
12  6  47  2030  508  309  4  -2  
12  6  47  2040  508  309  4  -2  
12  6  47  2048  509  309  4  -2  
12  6  47  2057  509  309  4  -2  
12  6  47  2067  509  309  4  -2  
12  6  47  2073  509  309  4  -2  
12  6  47  2082  509  309  4  -2  
12  6  47  2091  509  309  4  -2  
12  6  47  2099  509  309  4  -2  
12  6  47  2108  509  309  4  -2  
12  6  47  2116  509  309  4  -2  
12  6  47  2124  509  309  4  -2  
12  6  47  2132  509  309  4  -2  
12  6  47  2141  509  309  4  -2  
12  6  47  2149  509  309  4  -2  
12  6  47  2157  509  309  4  -2  
12  6  47  2167  509  309  4  -2  
12  6  47  2175  509  309  4  -2  
12  6  47  2184  509  309  4  -2  
12  6  47  2190  509  309  4  -2  
12  6  47  2199  509  309  4  -2  
12  6  47  2208  509  309  4  -2  
12  6  47  2219  509  309  4  -2  
12  6  47  2227  509  309  4  -2  
12  6  47  2239  505  309  4  -2  
12  6  47  2247  501  309  4  -2  
12  6  47  2257  497  309  4  -2  
12  6  47  2268  492  310  4  -2  
12  6  47  2276  490  310  4  -2  
12  6  47  2286  483  311  4  -2  
12  6  47  2295  480  311  4  -2  
12  6  47  2306  476  311  4  -2  
12  6  47  2315  473  311  4  -2  
12  6  47  2325  469  311  4  -2  
12  6  47  2335  462  311  4  -2  
12  6  47  2343  459  311  4  -2  
12  6  47  2352  456  311  4  -2  
12  6  47  2358  452  311  4  -2  
12  6  47  2368  449  311  4  -2  
12  6  47  2375  444  311  4  -2  
12  6  47  2385  440  311  4  -2  
12  6  47  2393  435  311  4  -2  
12  6  47  2402  431  311  4  -2  
12  6  47  2410  426  311  4  -2  
12  6  47  2426  419  311  4  -2  
12  6  47  2437  406  311  4  -2  
