16  16  0  0  384  314  1  -2  
16  16  0  5  384  314  1  -2  
16  16  0  14  384  314  1  -2  
16  16  0  22  384  314  1  -2  
16  16  0  32  384  314  1  -2  
16  16  0  38  384  314  1  -2  
16  16  0  50  384  314  1  -2  
16  16  0  56  384  314  1  -2  
16  16  0  66  384  314  1  -2  
16  16  0  72  384  314  1  -2  
16  16  0  83  384  314  1  -2  
16  16  0  89  384  314  1  -2  
16  16  0  99  384  314  1  -2  
16  16  0  107  384  314  1  -2  
16  16  0  115  384  314  1  -2  
16  16  0  122  384  314  1  -2  
16  16  0  131  384  314  1  -2  
16  16  0  139  384  314  1  -2  
16  16  0  149  384  314  1  -2  
16  16  0  156  387  314  1  -2  
16  16  0  166  391  314  1  -2  
16  16  0  173  395  314  1  -2  
16  16  0  182  402  316  1  -2  
16  16  0  189  407  316  1  -2  
16  16  0  199  414  317  1  -2  
16  16  0  207  421  317  1  -2  
16  16  0  216  430  320  1  -2  
16  16  0  223  437  321  1  -2  
16  16  0  232  442  321  1  -2  
16  16  0  239  449  322  1  -2  
16  16  0  250  454  323  1  -2  
16  16  0  255  458  323  1  -2  
16  16  0  266  463  323  1  -2  
16  16  0  273  468  323  1  -2  
16  16  0  282  470  323  1  -2  
16  16  0  289  473  323  1  -2  
16  16  0  300  477  323  1  -2  
16  16  0  307  480  324  1  -2  
16  16  0  316  483  325  1  -2  
16  16  0  322  485  325  1  -2  
16  16  0  333  486  325  1  -2  
16  16  0  339  488  325  1  -2  
16  16  0  349  488  325  1  -2  
16  16  0  357  488  325  1  -2  
16  16  0  365  489  325  1  -2  
16  16  0  373  489  325  1  -2  
16  16  0  382  490  325  1  -2  
16  16  0  389  490  325  1  -2  
16  16  0  399  491  325  1  -2  
16  16  0  406  491  325  1  -2  
16  16  0  416  491  325  1  -2  
16  16  0  422  491  325  1  -2  
16  16  0  432  491  325  1  -2  
16  16  0  439  491  325  1  -2  
16  16  0  450  491  325  1  -2  
16  16  0  457  491  325  1  -2  
16  16  0  466  491  325  1  -2  
16  16  0  472  491  325  1  -2  
16  16  0  482  491  325  1  -2  
16  16  0  489  491  325  1  -2  
16  16  0  499  493  325  1  -2  
16  16  0  506  494  325  1  -2  
16  16  0  516  494  325  1  -2  
16  16  0  522  494  325  1  -2  
16  16  0  532  497  325  2  -2  
16  16  0  539  497  325  2  -2  
16  16  0  550  497  325  2  -2  
16  16  0  558  497  325  2  -2  
16  16  0  567  497  325  2  -2  
16  16  0  574  498  326  2  -2  
16  16  0  582  498  326  2  -2  
16  16  0  590  499  326  2  -2  
16  16  0  599  499  326  2  -2  
16  16  1  608  499  326  2  -2  
16  16  1  615  499  326  2  -2  
16  16  1  623  499  326  2  -2  
16  16  1  632  499  326  2  -2  
16  16  1  641  499  326  2  -2  
16  16  1  649  499  326  2  -2  
16  16  1  657  499  326  2  -2  
16  16  1  665  499  326  2  -2  
16  16  1  674  499  326  2  -2  
16  16  1  682  499  326  2  -2  
16  16  1  691  499  326  2  -2  
16  16  1  700  499  326  2  -2  
16  16  1  707  499  326  2  -2  
16  16  1  715  499  326  2  -2  
16  16  1  723  499  326  2  -2  
16  16  1  732  499  326  2  -2  
16  16  1  740  499  326  2  -2  
16  16  1  749  499  326  2  -2  
16  16  1  757  499  326  2  -2  
16  16  1  765  499  326  2  -2  
16  16  1  774  499  326  2  -2  
16  16  1  782  499  326  2  -2  
16  16  1  792  499  326  2  -2  
16  16  1  801  499  326  2  -2  
16  16  1  810  499  326  2  -2  
16  16  1  818  499  326  2  -2  
16  16  1  827  499  326  2  -2  
16  16  1  835  501  326  2  -2  
16  16  1  843  503  326  2  -2  
16  16  1  851  504  326  2  -2  
16  16  1  859  505  326  2  -2  
16  16  1  867  505  326  2  -2  
16  16  1  876  505  326  2  -2  
16  16  1  884  505  326  2  -2  
16  16  1  896  505  326  2  -2  
16  16  1  902  505  326  2  -2  
16  16  1  910  505  326  2  -2  
16  16  1  919  505  326  2  -2  
16  16  1  927  505  326  2  -2  
16  16  1  937  505  326  2  -2  
16  16  1  944  505  326  2  -2  
16  16  1  952  505  326  2  -2  
16  16  1  960  505  326  2  -2  
16  16  1  969  505  326  2  -2  
16  16  1  977  505  326  2  -2  
16  16  1  985  505  326  2  -2  
16  16  1  994  505  326  2  -2  
16  16  1  1002  505  326  2  -2  
16  16  1  1010  505  326  2  -2  
16  16  1  1019  505  326  2  -2  
16  16  1  1027  505  326  2  -2  
16  16  1  1035  503  326  2  -2  
16  16  1  1043  501  326  2  -2  
16  16  1  1051  498  327  2  -2  
16  16  1  1061  496  327  2  -2  
16  16  1  1068  488  327  2  -2  
16  16  1  1076  485  327  2  -2  
16  16  1  1084  480  327  2  -2  
16  16  1  1094  473  327  2  -2  
16  16  1  1103  468  327  2  -2  
16  16  1  1111  463  327  2  -2  
16  16  1  1120  457  327  2  -2  
16  16  1  1130  451  327  2  -2  
16  16  1  1139  446  327  2  -2  
16  16  1  1149  440  327  2  -2  
16  16  1  1157  433  327  2  -2  
16  16  1  1164  430  327  2  -2  
16  16  1  1174  427  327  2  -2  
16  16  1  1181  426  327  2  -2  
16  16  1  1190  422  327  2  -2  
16  16  1  1198  419  327  2  -2  
16  16  1  1208  417  327  2  -2  
16  16  1  1217  413  327  2  -2  
16  16  1  1226  410  327  2  -2  
16  16  1  1235  407  327  2  -2  
16  16  1  1247  405  327  2  -2  
16  16  1  1256  402  327  2  -2  
16  16  1  1267  401  327  2  -2  
16  16  1  1276  400  327  2  -2  
16  16  1  1284  400  327  2  -2  
16  16  1  1294  400  327  2  -2  
16  16  1  1303  400  327  2  -2  
16  16  1  1312  400  327  2  -2  
16  16  1  1320  400  327  2  -2  
16  16  1  1329  400  327  2  -2  
16  16  1  1337  400  327  2  -2  
16  16  1  1347  400  327  2  -2  
16  16  1  1353  400  327  2  -2  
16  16  1  1362  400  327  2  -2  
16  16  1  1370  400  327  2  -2  
16  16  1  1380  400  327  2  -2  
16  16  1  1387  395  327  3  -2  
16  16  1  1398  395  327  3  -2  
16  16  1  1404  385  327  3  -2  
16  16  1  1414  377  327  3  -2  
16  16  1  1421  370  328  3  -2  
16  16  1  1431  364  331  3  -2  
16  16  1  1439  360  331  3  -2  
16  16  1  1448  359  331  3  -2  
16  16  1  1455  359  331  3  -2  
16  16  1  1464  359  331  3  -2  
16  16  1  1471  359  331  3  -2  
16  16  1  1481  359  331  3  -2  
16  16  1  1488  359  331  3  -2  
16  16  1  1498  359  331  3  -2  
16  16  1  1504  359  331  3  -2  
16  16  1  1514  359  331  3  -2  
16  16  1  1521  359  331  3  -2  
16  16  1  1531  359  331  3  -2  
16  16  1  1539  359  331  3  -2  
16  16  1  1549  359  331  3  -2  
16  16  1  1555  359  331  3  -2  
16  16  1  1564  359  331  3  -2  
16  16  1  1571  359  331  3  -2  
16  16  1  1581  359  331  3  -2  
16  16  1  1589  359  331  3  -2  
16  16  1  1598  359  331  3  -2  
16  16  2  1606  359  331  3  -2  
16  16  2  1615  360  332  3  -2  
16  16  2  1623  369  332  3  -2  
16  16  2  1631  377  333  3  -2  
16  16  2  1640  391  336  3  -2  
16  16  2  1648  406  336  3  -2  
16  16  2  1655  422  336  3  -2  
16  16  2  1664  439  336  3  -2  
16  16  2  1672  456  337  3  -2  
16  16  2  1681  469  337  3  -2  
16  16  2  1689  484  337  3  -2  
16  16  2  1698  496  339  3  -2  
16  16  2  1706  506  340  4  -2  
16  16  2  1714  514  340  4  -2  
16  16  2  1722  518  340  4  -2  
16  16  2  1731  521  340  4  -2  
16  16  2  1739  522  340  4  -2  
16  16  2  1748  523  340  4  -2  
16  16  2  1757  524  340  4  -2  
16  16  2  1763  524  340  4  -2  
16  16  2  1773  524  340  4  -2  
16  16  2  1781  524  340  4  -2  
16  16  2  1789  524  340  4  -2  
16  16  2  1798  524  340  4  -2  
16  16  2  1807  524  340  4  -2  
16  16  2  1816  524  340  4  -2  
16  16  2  1823  524  340  4  -2  
16  16  2  1831  524  340  4  -2  
16  16  2  1840  524  340  4  -2  
16  16  2  1849  524  340  4  -2  
16  16  2  1859  524  340  4  -2  
16  16  2  1867  524  340  4  -2  
16  16  2  1876  524  340  4  -2  
16  16  2  1883  524  340  4  -2  
16  16  2  1891  524  340  4  -2  
16  16  2  1900  524  340  4  -2  
16  16  2  1909  524  340  4  -2  
16  16  2  1918  524  340  4  -2  
16  16  2  1926  524  340  4  -2  
16  16  2  1933  524  340  4  -2  
16  16  2  1943  524  340  4  -2  
16  16  2  1951  523  340  4  -2  
16  16  2  1960  522  340  4  -2  
16  16  2  1968  521  340  4  -2  
16  16  2  1975  520  340  4  -2  
16  16  2  1983  519  340  4  -2  
16  16  2  1992  518  340  4  -2  
16  16  2  2000  516  340  4  -2  
16  16  2  2008  513  340  4  -2  
16  16  2  2017  509  340  4  -2  
16  16  2  2026  502  340  4  -2  
16  16  2  2034  494  340  4  -2  
16  16  2  2042  482  340  4  -2  
16  16  2  2051  469  340  4  -2  
16  16  2  2059  457  340  4  -2  
16  16  2  2068  449  340  4  -2  
16  16  2  2076  439  340  4  -2  
16  16  2  2084  432  340  4  -2  
16  16  2  2093  421  342  4  -2  
16  16  2  2102  416  342  4  -2  
16  16  2  2111  411  343  4  -2  
16  16  2  2117  404  343  4  -2  
16  16  2  2126  397  343  4  -2  
16  16  2  2134  391  343  4  -2  
16  16  2  2146  388  343  4  -2  
16  16  2  2155  385  343  5  -2  
16  16  2  2166  384  343  5  -2  
16  16  2  2175  384  343  5  -2  
16  16  2  2185  384  343  5  -2  
16  16  2  2196  384  343  5  -2  
16  16  2  2213  384  343  5  -2  
16  16  2  2223  382  343  5  -2  
16  16  2  2235  382  343  5  -2  
16  16  2  2246  382  343  5  -2  
16  16  2  2255  382  343  5  -2  
16  16  2  2266  382  343  5  -2  
16  16  2  2275  382  343  5  -2  
16  16  2  2286  382  343  5  -2  
16  16  2  2296  382  343  5  -2  
16  16  2  2305  382  343  5  -2  
16  16  2  2321  382  343  5  -2  
16  16  2  2334  382  343  5  -2  
16  16  2  2343  382  343  5  -2  
16  16  2  2352  382  343  5  -2  
16  16  2  2362  382  343  5  -2  
16  16  2  2368  382  343  5  -2  
16  16  2  2379  382  343  5  -2  
16  16  2  2386  382  343  5  -2  
16  16  2  2397  382  343  5  -2  
16  16  2  2403  382  343  5  -2  
16  16  2  2413  382  343  5  -2  
16  16  2  2421  382  343  5  -2  
16  16  2  2430  382  343  5  -2  
16  16  2  2438  382  343  5  -2  
16  16  2  2447  382  343  5  -2  
16  16  2  2455  382  343  5  -2  
16  16  2  2464  382  343  5  -2  
16  16  2  2471  382  343  5  -2  
16  16  2  2481  382  343  5  -2  
16  16  2  2488  382  343  5  -2  
16  16  2  2498  382  343  5  -2  
