16  15  47  0  381  315  1  -2  
16  15  47  9  381  315  1  -2  
16  15  47  18  381  315  1  -2  
16  15  47  25  381  315  1  -2  
16  15  47  34  381  315  1  -2  
16  15  47  43  381  315  1  -2  
16  15  47  51  381  315  1  -2  
16  15  47  59  381  315  1  -2  
16  15  47  69  381  315  1  -2  
16  15  47  75  381  315  1  -2  
16  15  47  84  381  315  1  -2  
16  15  47  93  381  315  1  -2  
16  15  47  100  381  315  1  -2  
16  15  47  109  381  315  1  -2  
16  15  47  118  381  315  1  -2  
16  15  47  127  381  315  1  -2  
16  15  47  134  381  315  1  -2  
16  15  47  142  381  315  1  -2  
16  15  47  151  381  315  1  -2  
16  15  47  159  381  314  1  -2  
16  15  47  168  382  314  1  -2  
16  15  47  177  386  314  1  -2  
16  15  47  186  391  314  1  -2  
16  15  47  193  396  314  1  -2  
16  15  47  202  401  314  1  -2  
16  15  47  208  408  314  1  -2  
16  15  47  219  416  316  1  -2  
16  15  47  227  422  317  1  -2  
16  15  47  234  432  318  1  -2  
16  15  47  243  439  319  1  -2  
16  15  47  250  443  319  1  -2  
16  15  47  259  448  320  1  -2  
16  15  47  269  452  320  1  -2  
16  15  47  276  454  320  1  -2  
16  15  47  285  459  320  1  -2  
16  15  47  293  465  320  1  -2  
16  15  47  300  468  320  1  -2  
16  15  47  310  475  322  1  -2  
16  15  47  318  479  322  1  -2  
16  15  47  327  485  323  1  -2  
16  15  47  334  493  323  1  -2  
16  15  48  345  500  325  2  -2  
16  15  48  353  513  326  2  -2  
16  15  48  361  519  326  2  -2  
16  15  48  370  528  328  2  -2  
16  15  48  378  531  328  2  -2  
16  15  48  387  534  329  2  -2  
16  15  48  394  534  329  2  -2  
16  15  48  403  534  329  2  -2  
16  15  48  411  534  329  2  -2  
16  15  48  419  534  329  2  -2  
16  15  48  428  534  329  2  -2  
16  15  48  437  534  329  2  -2  
16  15  48  445  535  329  2  -2  
16  15  48  453  535  329  2  -2  
16  15  48  461  535  329  2  -2  
16  15  48  469  535  329  2  -2  
16  15  48  478  535  329  2  -2  
16  15  48  487  536  330  2  -2  
16  15  48  494  536  330  2  -2  
16  15  48  503  536  330  2  -2  
16  15  48  511  536  330  2  -2  
16  15  48  519  536  330  2  -2  
16  15  48  528  536  330  2  -2  
16  15  48  537  536  330  2  -2  
16  15  48  546  536  330  2  -2  
16  15  48  553  536  330  2  -2  
16  15  48  561  536  330  2  -2  
16  15  48  570  536  330  2  -2  
16  15  48  578  536  330  2  -2  
16  15  48  588  536  330  2  -2  
16  15  48  596  536  330  2  -2  
16  15  48  603  536  330  2  -2  
16  15  48  612  536  330  2  -2  
16  15  48  620  536  330  2  -2  
16  15  48  628  536  330  2  -2  
16  15  48  637  536  330  2  -2  
16  15  48  645  536  330  2  -2  
16  15  48  653  536  330  2  -2  
16  15  48  661  536  330  2  -2  
16  15  48  669  536  330  2  -2  
16  15  48  678  536  330  2  -2  
16  15  48  687  535  330  2  -2  
16  15  48  696  535  330  2  -2  
16  15  48  704  531  330  2  -2  
16  15  48  711  530  330  2  -2  
16  15  48  720  529  330  2  -2  
16  15  48  730  528  330  2  -2  
16  15  48  738  527  330  2  -2  
16  15  48  748  525  329  2  -2  
16  15  48  756  525  329  2  -2  
16  15  48  766  524  329  2  -2  
16  15  48  774  523  329  2  -2  
16  15  48  783  523  329  2  -2  
16  15  48  791  521  329  2  -2  
16  15  48  802  519  329  2  -2  
16  15  48  811  513  329  2  -2  
16  15  48  820  511  329  2  -2  
16  15  48  829  508  329  2  -2  
16  15  48  838  505  329  2  -2  
16  15  48  846  504  329  2  -2  
16  15  48  856  501  329  2  -2  
16  15  48  866  497  329  2  -2  
16  15  48  873  494  329  2  -2  
16  15  48  883  492  329  2  -2  
16  15  48  890  488  329  2  -2  
16  15  48  899  483  329  2  -2  
16  15  48  906  479  329  2  -2  
16  15  48  916  474  329  2  -2  
16  15  48  922  471  329  2  -2  
16  15  48  932  469  329  2  -2  
16  15  48  939  465  329  2  -2  
16  15  48  950  462  329  2  -2  
16  15  48  956  457  329  2  -2  
16  15  48  966  454  329  2  -2  
16  15  48  973  447  329  2  -2  
16  15  48  982  439  329  2  -2  
16  15  48  989  434  329  2  -2  
16  15  48  1000  429  329  2  -2  
16  15  48  1007  422  329  2  -2  
16  15  48  1016  422  329  2  -2  
16  15  48  1022  417  329  2  -2  
16  15  48  1033  417  329  2  -2  
16  15  48  1040  409  329  2  -2  
16  15  48  1049  404  329  2  -2  
16  15  48  1056  400  329  2  -2  
16  15  48  1065  395  329  3  -2  
16  15  48  1072  393  329  3  -2  
16  15  48  1083  389  329  3  -2  
16  15  48  1089  386  329  3  -2  
16  15  48  1100  386  329  3  -2  
16  15  48  1107  386  329  3  -2  
16  15  48  1116  386  329  3  -2  
16  15  48  1122  386  329  3  -2  
16  15  48  1132  386  329  3  -2  
16  15  48  1138  386  329  3  -2  
16  15  48  1150  386  329  3  -2  
16  15  48  1157  386  329  3  -2  
16  15  48  1165  386  329  3  -2  
16  15  48  1172  386  329  3  -2  
16  15  48  1181  386  329  3  -2  
16  15  48  1189  386  329  3  -2  
16  15  48  1199  386  329  3  -2  
16  15  48  1207  386  329  3  -2  
16  15  48  1215  386  329  3  -2  
16  15  48  1222  386  329  3  -2  
16  15  48  1233  386  329  3  -2  
16  15  48  1239  386  329  3  -2  
16  15  48  1249  386  329  3  -2  
16  15  48  1257  386  329  3  -2  
16  15  48  1266  386  329  3  -2  
16  15  48  1273  386  329  3  -2  
16  15  48  1283  386  329  3  -2  
16  15  48  1290  386  329  3  -2  
16  15  48  1300  389  329  3  -2  
16  15  48  1307  396  329  3  -2  
16  15  48  1316  409  329  3  -2  
16  15  48  1323  424  329  3  -2  
16  15  48  1333  441  329  3  -2  
16  15  48  1339  465  331  3  -2  
16  15  49  1349  483  332  3  -2  
16  15  49  1356  501  332  4  -2  
16  15  49  1366  519  332  4  -2  
16  15  49  1372  532  332  4  -2  
16  15  49  1383  543  333  4  -2  
16  15  49  1389  551  336  4  -2  
16  15  49  1400  553  336  4  -2  
16  15  49  1406  553  336  4  -2  
16  15  49  1417  553  336  4  -2  
16  15  49  1422  553  336  4  -2  
16  15  49  1433  553  336  4  -2  
16  15  49  1439  553  336  4  -2  
16  15  49  1449  553  336  4  -2  
16  15  49  1458  553  336  4  -2  
16  15  49  1466  553  336  4  -2  
16  15  49  1474  553  336  4  -2  
16  15  49  1484  553  336  4  -2  
16  15  49  1489  553  336  4  -2  
16  15  49  1500  553  336  4  -2  
16  15  49  1508  553  336  4  -2  
16  15  49  1518  553  336  4  -2  
16  15  49  1523  553  336  4  -2  
16  15  49  1534  553  336  4  -2  
16  15  49  1541  553  336  4  -2  
16  15  49  1550  553  336  4  -2  
16  15  49  1558  553  336  4  -2  
16  15  49  1567  553  336  4  -2  
16  15  49  1573  553  336  4  -2  
16  15  49  1583  553  336  4  -2  
16  15  49  1591  553  336  4  -2  
16  15  49  1600  553  336  4  -2  
16  15  49  1608  552  336  4  -2  
16  15  49  1616  548  336  4  -2  
16  15  49  1623  545  336  4  -2  
16  15  49  1633  545  336  4  -2  
16  15  49  1641  543  336  4  -2  
16  15  49  1650  540  336  4  -2  
16  15  49  1657  537  336  4  -2  
16  15  49  1667  535  336  4  -2  
16  15  49  1674  530  336  4  -2  
16  15  49  1683  526  336  4  -2  
16  15  49  1691  521  336  4  -2  
16  15  49  1700  515  336  4  -2  
16  15  49  1706  511  336  4  -2  
16  15  49  1716  506  336  4  -2  
16  15  49  1724  502  336  4  -2  
16  15  49  1733  497  336  4  -2  
16  15  49  1740  493  336  4  -2  
16  15  49  1750  487  336  4  -2  
16  15  49  1758  480  336  4  -2  
16  15  49  1767  470  336  4  -2  
16  15  49  1774  450  336  4  -2  
16  15  49  1783  450  336  4  -2  
16  15  49  1790  435  336  4  -2  
16  15  49  1800  435  336  4  -2  
16  15  49  1807  426  336  4  -2  
16  15  49  1816  425  336  4  -2  
16  15  49  1824  423  336  4  -2  
16  15  49  1833  421  336  4  -2  
16  15  49  1841  419  336  4  -2  
16  15  49  1851  415  336  4  -2  
16  15  49  1858  410  336  4  -2  
16  15  49  1867  407  336  4  -2  
16  15  49  1875  402  336  4  -2  
16  15  49  1882  400  336  4  -2  
16  15  49  1891  398  336  4  -2  
16  15  49  1900  395  336  4  -2  
16  15  49  1908  395  336  4  -2  
16  15  49  1916  395  336  4  -2  
16  15  49  1925  394  336  4  -2  
16  15  49  1933  393  336  4  -2  
16  15  49  1941  392  336  5  -2  
16  15  49  1949  391  336  5  -2  
16  15  49  1958  389  336  5  -2  
16  15  49  1966  387  336  5  -2  
16  15  49  1975  386  336  5  -2  
16  15  49  1983  382  336  5  -2  
16  15  49  1992  381  336  5  -2  
16  15  49  2000  379  336  5  -2  
16  15  49  2008  378  336  5  -2  
16  15  49  2016  378  336  5  -2  
16  15  49  2025  378  336  5  -2  
16  15  49  2032  378  336  5  -2  
16  15  49  2041  378  336  5  -2  
16  15  49  2049  378  336  5  -2  
16  15  49  2058  378  336  5  -2  
16  15  49  2067  377  336  5  -2  
16  15  49  2076  377  336  5  -2  
16  15  49  2083  375  336  5  -2  
16  15  49  2091  375  336  5  -2  
16  15  49  2100  375  336  5  -2  
16  15  49  2108  375  336  5  -2  
16  15  49  2116  375  336  5  -2  
16  15  49  2125  375  336  5  -2  
16  15  49  2134  375  336  5  -2  
16  15  49  2142  375  336  5  -2  
16  15  49  2152  375  336  5  -2  
16  15  49  2160  375  336  5  -2  
16  15  49  2169  375  336  5  -2  
16  15  49  2177  375  336  5  -2  
16  15  49  2186  375  336  5  -2  
16  15  49  2195  375  336  5  -2  
16  15  49  2204  375  336  5  -2  
16  15  49  2213  375  336  5  -2  
16  15  49  2221  375  336  5  -2  
16  15  49  2232  375  336  5  -2  
16  15  49  2239  375  336  5  -2  
16  15  49  2250  375  336  5  -2  
16  15  49  2257  375  336  5  -2  
