12  7  48  0  370  314  1  -2  
12  7  48  10  370  314  1  -2  
12  7  48  16  370  314  1  -2  
12  7  48  26  370  314  1  -2  
12  7  48  32  370  314  1  -2  
12  7  48  43  370  314  1  -2  
12  7  48  49  370  314  1  -2  
12  7  48  59  370  314  1  -2  
12  7  48  66  370  314  1  -2  
12  7  48  76  370  314  1  -2  
12  7  48  84  370  314  1  -2  
12  7  48  93  370  314  1  -2  
12  7  48  100  370  314  1  -2  
12  7  48  109  370  314  1  -2  
12  7  48  116  370  314  1  -2  
12  7  48  127  370  314  1  -2  
12  7  48  133  370  314  1  -2  
12  7  48  143  370  314  1  -2  
12  7  48  150  370  314  1  -2  
12  7  48  159  370  314  1  -2  
12  7  48  166  370  314  1  -2  
12  7  48  176  370  314  1  -2  
12  7  48  184  370  314  1  -2  
12  7  48  193  370  314  1  -2  
12  7  48  199  370  314  1  -2  
12  7  48  209  370  314  1  -2  
12  7  48  215  370  314  1  -2  
12  7  48  227  370  314  1  -2  
12  7  48  234  370  314  1  -2  
12  7  48  243  370  314  1  -2  
12  7  48  250  370  314  1  -2  
12  7  48  260  370  314  1  -2  
12  7  48  266  370  314  1  -2  
12  7  48  276  370  314  1  -2  
12  7  48  284  370  314  1  -2  
12  7  48  293  370  314  1  -2  
12  7  48  299  370  314  1  -2  
12  7  48  309  370  314  1  -2  
12  7  48  316  370  314  1  -2  
12  7  48  326  370  314  1  -2  
12  7  48  333  370  314  1  -2  
12  7  48  343  370  314  1  -2  
12  7  48  349  370  314  1  -2  
12  7  48  359  370  314  1  -2  
12  7  48  366  370  314  1  -2  
12  7  48  377  370  314  1  -2  
12  7  48  384  370  314  1  -2  
12  7  48  393  370  314  1  -2  
12  7  48  400  370  314  1  -2  
12  7  48  409  372  314  1  -2  
12  7  48  416  372  314  1  -2  
12  7  48  427  373  314  1  -2  
12  7  48  434  376  314  1  -2  
12  7  48  442  381  314  1  -2  
12  7  48  448  389  314  1  -2  
12  7  48  458  398  314  1  -2  
12  7  48  465  405  314  1  -2  
12  7  48  476  416  315  1  -2  
12  7  48  482  423  316  1  -2  
12  7  48  492  435  319  1  -2  
12  7  48  499  444  320  1  -2  
12  7  48  508  452  320  1  -2  
12  7  48  515  461  320  1  -2  
12  7  48  525  469  322  1  -2  
12  7  48  533  476  322  1  -2  
12  7  48  542  485  323  1  -2  
12  7  48  548  504  325  2  -2  
12  7  48  559  504  325  2  -2  
12  7  48  565  519  325  2  -2  
12  7  48  576  519  325  2  -2  
12  7  48  583  529  325  2  -2  
12  7  48  592  531  325  2  -2  
12  7  48  599  533  325  2  -2  
12  7  48  609  535  325  2  -2  
12  7  48  616  537  325  2  -2  
12  7  48  627  538  325  2  -2  
12  7  48  632  539  325  2  -2  
12  7  48  642  540  325  2  -2  
12  7  48  649  541  325  2  -2  
12  7  48  658  542  325  2  -2  
12  7  48  665  543  325  2  -2  
12  7  48  676  543  325  2  -2  
12  7  48  683  543  325  2  -2  
12  7  48  692  543  325  2  -2  
12  7  48  698  543  325  2  -2  
12  7  49  708  543  325  2  -2  
12  7  49  716  543  325  2  -2  
12  7  49  726  543  325  2  -2  
12  7  49  733  543  325  2  -2  
12  7  49  742  543  325  2  -2  
12  7  49  749  543  325  2  -2  
12  7  49  759  543  325  2  -2  
12  7  49  765  543  325  2  -2  
12  7  49  776  543  325  2  -2  
12  7  49  783  543  325  2  -2  
12  7  49  792  543  325  2  -2  
12  7  49  801  543  325  2  -2  
12  7  49  808  543  325  2  -2  
12  7  49  815  543  325  2  -2  
12  7  49  826  543  325  2  -2  
12  7  49  834  543  325  2  -2  
12  7  49  842  543  325  2  -2  
12  7  49  850  543  325  2  -2  
12  7  49  858  543  325  2  -2  
12  7  49  866  543  325  2  -2  
12  7  49  876  543  325  2  -2  
12  7  49  884  543  325  2  -2  
12  7  49  892  543  325  2  -2  
12  7  49  899  543  325  2  -2  
12  7  49  908  543  325  2  -2  
12  7  49  916  543  325  2  -2  
12  7  49  926  543  325  2  -2  
12  7  49  933  543  325  2  -2  
12  7  49  942  543  325  2  -2  
12  7  49  949  543  325  2  -2  
12  7  49  958  543  325  2  -2  
12  7  49  966  543  325  2  -2  
12  7  49  976  543  325  2  -2  
12  7  49  984  543  325  2  -2  
12  7  49  992  543  325  2  -2  
12  7  49  999  543  325  2  -2  
12  7  49  1008  543  325  2  -2  
12  7  49  1016  543  325  2  -2  
12  7  49  1025  543  325  2  -2  
12  7  49  1034  543  325  2  -2  
12  7  49  1042  543  325  2  -2  
12  7  49  1049  543  325  2  -2  
12  7  49  1058  543  325  2  -2  
12  7  49  1066  542  325  2  -2  
12  7  49  1075  540  325  2  -2  
12  7  49  1084  535  324  2  -2  
12  7  49  1091  533  324  2  -2  
12  7  49  1099  526  324  2  -2  
12  7  49  1108  523  324  2  -2  
12  7  49  1116  518  321  2  -2  
12  7  49  1126  516  320  2  -2  
12  7  49  1134  511  320  2  -2  
12  7  49  1143  500  319  2  -2  
12  7  49  1151  496  318  2  -2  
12  7  49  1159  491  318  2  -2  
12  7  49  1166  487  318  2  -2  
12  7  49  1176  484  318  2  -2  
12  7  49  1183  479  318  2  -2  
12  7  49  1192  475  318  2  -2  
12  7  49  1199  469  318  2  -2  
12  7  49  1209  462  318  2  -2  
12  7  49  1217  453  318  2  -2  
12  7  49  1226  443  318  2  -2  
12  7  49  1233  432  318  2  -2  
12  7  49  1242  422  318  2  -2  
12  7  49  1250  410  318  2  -2  
12  7  49  1258  398  318  3  -2  
12  7  49  1267  390  316  3  -2  
12  7  49  1275  383  315  3  -2  
12  7  49  1284  376  315  3  -2  
12  7  49  1292  373  314  3  -2  
12  7  49  1300  370  314  3  -2  
12  7  49  1308  369  314  3  -2  
12  7  49  1316  366  312  3  -2  
12  7  49  1326  364  311  3  -2  
12  7  49  1334  360  311  3  -2  
12  7  49  1341  360  311  3  -2  
12  7  49  1349  357  311  3  -2  
12  7  49  1359  356  311  3  -2  
12  7  49  1366  354  311  3  -2  
12  7  49  1375  354  311  3  -2  
12  7  49  1384  354  311  3  -2  
12  7  49  1392  354  311  3  -2  
12  7  49  1400  354  311  3  -2  
12  7  49  1409  354  311  3  -2  
12  7  49  1416  354  311  3  -2  
12  7  49  1426  354  311  3  -2  
12  7  49  1434  364  311  3  -2  
12  7  49  1442  385  312  3  -2  
12  7  49  1449  430  316  3  -2  
12  7  49  1459  501  334  4  -2  
12  7  49  1466  561  346  4  -2  
12  7  49  1476  623  353  4  -2  
12  7  49  1484  670  364  4  -2  
12  7  49  1493  713  373  4  -2  
12  7  49  1501  738  374  4  -2  
12  7  49  1509  748  377  4  -2  
12  7  49  1517  752  378  4  -2  
12  7  49  1526  752  378  4  -2  
12  7  49  1533  752  378  4  -2  
12  7  49  1542  753  378  4  -2  
12  7  49  1550  753  378  4  -2  
12  7  49  1559  753  378  4  -2  
12  7  49  1567  753  378  4  -2  
12  7  49  1576  753  378  4  -2  
12  7  49  1584  753  378  4  -2  
12  7  49  1593  753  378  4  -2  
12  7  49  1601  753  378  4  -2  
12  7  49  1609  753  378  4  -2  
12  7  49  1617  753  378  4  -2  
12  7  49  1626  751  378  4  -2  
12  7  49  1635  747  377  4  -2  
12  7  49  1643  744  377  4  -2  
12  7  49  1651  740  376  4  -2  
12  7  49  1659  735  376  4  -2  
12  7  49  1667  733  375  4  -2  
12  7  49  1675  729  373  4  -2  
12  7  49  1684  729  373  4  -2  
12  7  49  1693  726  373  4  -2  
12  7  49  1702  726  373  4  -2  
12  7  50  1710  723  373  4  -2  
12  7  50  1719  719  372  4  -2  
12  7  50  1727  717  372  4  -2  
12  7  50  1736  712  372  4  -2  
12  7  50  1744  709  371  4  -2  
12  7  50  1754  707  369  4  -2  
12  7  50  1761  702  368  4  -2  
12  7  50  1770  696  368  4  -2  
12  7  50  1778  693  368  4  -2  
12  7  50  1787  683  366  4  -2  
12  7  50  1796  680  365  4  -2  
12  7  50  1806  676  364  4  -2  
12  7  50  1813  672  363  4  -2  
12  7  50  1824  669  362  4  -2  
12  7  50  1829  663  362  4  -2  
12  7  50  1840  663  362  4  -2  
12  7  50  1847  652  358  4  -2  
12  7  50  1857  646  357  4  -2  
12  7  50  1864  636  357  4  -2  
12  7  50  1875  626  356  4  -2  
12  7  50  1881  616  355  4  -2  
12  7  50  1892  607  355  4  -2  
12  7  50  1898  599  352  4  -2  
12  7  50  1908  592  351  4  -2  
12  7  50  1916  583  350  4  -2  
12  7  50  1926  574  346  4  -2  
12  7  50  1932  567  346  4  -2  
12  7  50  1942  557  346  4  -2  
12  7  50  1949  547  345  4  -2  
12  7  50  1960  542  345  4  -2  
12  7  50  1967  523  345  4  -2  
12  7  50  1976  515  344  4  -2  
12  7  50  1985  505  342  4  -2  
12  7  50  1993  493  342  4  -2  
12  7  50  2001  484  340  4  -2  
12  7  50  2009  471  340  4  -2  
12  7  50  2018  457  337  4  -2  
12  7  50  2026  444  337  4  -2  
12  7  50  2036  427  333  4  -2  
12  7  50  2043  415  332  4  -2  
12  7  50  2053  401  332  4  -2  
