11  13  56  0  357  332  1  -2  
11  13  56  9  357  332  1  -2  
11  13  56  15  357  332  1  -2  
11  13  56  23  357  332  1  -2  
11  13  56  32  357  332  1  -2  
11  13  56  41  357  332  1  -2  
11  13  56  49  357  332  1  -2  
11  13  56  57  357  332  1  -2  
11  13  56  66  357  332  1  -2  
11  13  56  74  357  332  1  -2  
11  13  56  82  357  332  1  -2  
11  13  56  90  357  332  1  -2  
11  13  56  98  357  332  1  -2  
11  13  56  107  357  332  1  -2  
11  13  56  115  357  332  1  -2  
11  13  56  123  357  332  1  -2  
11  13  56  133  357  332  1  -2  
11  13  56  140  357  332  1  -2  
11  13  56  149  357  332  1  -2  
11  13  56  157  357  332  1  -2  
11  13  56  166  357  332  1  -2  
11  13  56  174  357  332  1  -2  
11  13  56  182  357  332  1  -2  
11  13  56  191  357  332  1  -2  
11  13  56  199  357  332  1  -2  
11  13  56  207  357  332  1  -2  
11  13  56  216  357  331  1  -2  
11  13  56  224  357  331  1  -2  
11  13  56  234  357  331  1  -2  
11  13  56  240  357  331  1  -2  
11  13  56  249  357  331  1  -2  
11  13  56  257  357  331  1  -2  
11  13  56  266  361  331  1  -2  
11  13  56  274  364  331  1  -2  
11  13  56  282  368  330  1  -2  
11  13  56  291  373  330  1  -2  
11  13  56  299  382  329  1  -2  
11  13  56  307  387  329  1  -2  
11  13  56  316  397  329  1  -2  
11  13  56  326  419  329  1  -2  
11  13  56  334  432  329  1  -2  
11  13  56  342  447  329  1  -2  
11  13  56  349  459  329  1  -2  
11  13  56  358  470  329  1  -2  
11  13  56  366  477  329  1  -2  
11  13  56  375  482  329  1  -2  
11  13  56  383  488  329  1  -2  
11  13  56  391  491  329  1  -2  
11  13  56  399  492  329  1  -2  
11  13  56  409  494  328  1  -2  
11  13  56  416  497  328  2  -2  
11  13  56  426  500  327  2  -2  
11  13  56  434  501  327  2  -2  
11  13  56  442  504  327  2  -2  
11  13  56  449  506  327  2  -2  
11  13  56  457  508  326  2  -2  
11  13  56  467  512  326  2  -2  
11  13  56  475  514  326  2  -2  
11  13  56  483  515  326  2  -2  
11  13  56  491  517  325  2  -2  
11  13  56  501  517  325  2  -2  
11  13  56  508  519  324  2  -2  
11  13  56  516  519  324  2  -2  
11  13  56  524  519  324  2  -2  
11  13  56  533  519  324  2  -2  
11  13  56  542  519  324  2  -2  
11  13  56  550  519  324  2  -2  
11  13  56  558  519  324  2  -2  
11  13  56  566  519  324  2  -2  
11  13  56  575  519  324  2  -2  
11  13  56  584  519  324  2  -2  
11  13  56  592  519  324  2  -2  
11  13  56  600  520  322  2  -2  
11  13  56  607  520  322  2  -2  
11  13  56  616  520  322  2  -2  
11  13  56  625  520  322  2  -2  
11  13  56  633  520  322  2  -2  
11  13  56  642  520  322  2  -2  
11  13  56  650  520  322  2  -2  
11  13  56  660  521  321  2  -2  
11  13  56  667  521  321  2  -2  
11  13  56  676  521  321  2  -2  
11  13  56  683  521  321  2  -2  
11  13  56  692  521  321  2  -2  
11  13  56  699  521  321  2  -2  
11  13  56  708  521  321  2  -2  
11  13  56  716  521  321  2  -2  
11  13  56  725  521  321  2  -2  
11  13  57  734  518  323  2  -2  
11  13  57  743  510  326  2  -2  
11  13  57  751  505  329  2  -2  
11  13  57  759  496  332  2  -2  
11  13  57  767  485  334  2  -2  
11  13  57  776  473  337  2  -2  
11  13  57  784  462  338  2  -2  
11  13  57  791  451  341  2  -2  
11  13  57  800  441  341  2  -2  
11  13  57  809  433  343  2  -2  
11  13  57  817  422  343  2  -2  
11  13  57  827  415  345  2  -2  
11  13  57  834  408  347  2  -2  
11  13  57  842  405  347  2  -2  
11  13  57  850  400  347  2  -2  
11  13  57  858  394  348  2  -2  
11  13  57  867  390  349  2  -2  
11  13  57  876  385  349  2  -2  
11  13  57  884  381  349  2  -2  
11  13  57  893  381  349  2  -2  
11  13  57  901  377  349  2  -2  
11  13  57  911  376  349  2  -2  
11  13  57  918  375  349  2  -2  
11  13  57  926  374  349  2  -2  
11  13  57  935  372  349  3  -2  
11  13  57  944  369  349  3  -2  
11  13  57  951  369  349  3  -2  
11  13  57  959  367  349  3  -2  
11  13  57  967  366  349  3  -2  
11  13  57  976  364  349  3  -2  
11  13  57  985  363  349  3  -2  
11  13  57  992  362  349  3  -2  
11  13  57  1002  362  349  3  -2  
11  13  57  1011  361  349  3  -2  
11  13  57  1017  361  349  3  -2  
11  13  57  1026  360  349  3  -2  
11  13  57  1035  360  349  3  -2  
11  13  57  1042  360  349  3  -2  
11  13  57  1051  360  349  3  -2  
11  13  57  1059  360  349  3  -2  
11  13  57  1067  360  349  3  -2  
11  13  57  1076  360  349  3  -2  
11  13  57  1085  360  349  3  -2  
11  13  57  1092  360  349  3  -2  
11  13  57  1101  360  349  3  -2  
11  13  57  1110  360  349  3  -2  
11  13  57  1117  360  349  3  -2  
11  13  57  1127  360  349  3  -2  
11  13  57  1137  360  349  3  -2  
11  13  57  1143  360  349  3  -2  
11  13  57  1151  360  349  3  -2  
11  13  57  1160  360  349  3  -2  
11  13  57  1167  360  349  3  -2  
11  13  57  1176  360  349  3  -2  
11  13  57  1185  360  349  3  -2  
11  13  57  1193  360  349  3  -2  
11  13  57  1201  360  349  3  -2  
11  13  57  1210  360  349  3  -2  
11  13  57  1220  362  349  3  -2  
11  13  57  1227  366  348  3  -2  
11  13  57  1237  366  347  3  -2  
11  13  57  1244  374  346  3  -2  
11  13  57  1251  374  346  3  -2  
11  13  57  1260  381  345  3  -2  
11  13  57  1270  399  343  3  -2  
11  13  57  1277  409  341  3  -2  
11  13  57  1287  417  340  3  -2  
11  13  57  1295  429  339  3  -2  
11  13  57  1304  441  339  3  -2  
11  13  57  1311  451  339  3  -2  
11  13  57  1319  463  339  3  -2  
11  13  57  1327  476  339  3  -2  
11  13  57  1337  486  339  3  -2  
11  13  57  1344  494  339  3  -2  
11  13  57  1351  499  339  3  -2  
11  13  57  1360  503  339  3  -2  
11  13  57  1369  505  339  4  -2  
11  13  57  1377  509  339  4  -2  
11  13  57  1387  511  339  4  -2  
11  13  57  1395  514  339  4  -2  
11  13  57  1404  517  339  4  -2  
11  13  57  1410  517  339  4  -2  
11  13  57  1419  520  339  4  -2  
11  13  57  1427  521  339  4  -2  
11  13  57  1437  523  339  4  -2  
11  13  57  1445  526  337  4  -2  
11  13  57  1454  526  337  4  -2  
11  13  57  1460  529  336  4  -2  
11  13  57  1471  529  336  4  -2  
11  13  57  1477  529  336  4  -2  
11  13  57  1487  529  336  4  -2  
11  13  57  1494  530  335  4  -2  
11  13  57  1504  530  335  4  -2  
11  13  57  1510  530  335  4  -2  
11  13  57  1521  530  335  4  -2  
11  13  57  1527  530  335  4  -2  
11  13  57  1537  530  335  4  -2  
11  13  57  1543  530  335  4  -2  
11  13  57  1553  530  335  4  -2  
11  13  57  1560  530  335  4  -2  
11  13  57  1569  530  335  4  -2  
11  13  57  1577  526  335  4  -2  
11  13  57  1587  525  335  4  -2  
11  13  57  1595  522  335  4  -2  
11  13  57  1604  520  335  4  -2  
11  13  57  1610  516  335  4  -2  
11  13  57  1619  513  335  4  -2  
11  13  57  1627  510  336  4  -2  
11  13  57  1637  505  336  4  -2  
11  13  57  1645  490  338  4  -2  
11  13  57  1655  481  340  4  -2  
11  13  57  1661  471  340  4  -2  
11  13  57  1671  464  340  4  -2  
11  13  57  1677  458  340  4  -2  
11  13  57  1688  447  340  4  -2  
11  13  57  1695  441  340  4  -2  
11  13  57  1705  436  340  4  -2  
11  13  57  1712  429  340  4  -2  
11  13  57  1721  424  340  4  -2  
11  13  57  1727  418  340  4  -2  
11  13  58  1737  415  340  4  -2  
11  13  58  1745  411  340  4  -2  
11  13  58  1754  408  340  4  -2  
11  13  58  1760  406  340  4  -2  
11  13  58  1770  403  340  4  -2  
11  13  58  1777  402  340  4  -2  
11  13  58  1787  400  340  4  -2  
11  13  58  1794  398  340  4  -2  
11  13  58  1803  398  340  4  -2  
11  13  58  1811  395  340  4  -2  
11  13  58  1820  394  340  4  -2  
11  13  58  1828  390  340  4  -2  
