12  8  8  0  369  320  1  -2  
12  8  8  9  369  320  1  -2  
12  8  8  17  369  320  1  -2  
12  8  8  25  369  320  1  -2  
12  8  8  33  369  320  1  -2  
12  8  8  43  369  320  1  -2  
12  8  8  50  369  320  1  -2  
12  8  8  58  369  320  1  -2  
12  8  8  66  369  320  1  -2  
12  8  8  75  369  320  1  -2  
12  8  8  84  369  320  1  -2  
12  8  8  92  369  320  1  -2  
12  8  8  99  369  320  1  -2  
12  8  8  107  369  320  1  -2  
12  8  8  115  369  320  1  -2  
12  8  8  124  369  320  1  -2  
12  8  8  132  369  320  1  -2  
12  8  8  141  369  320  1  -2  
12  8  8  149  369  320  1  -2  
12  8  8  157  369  320  1  -2  
12  8  9  166  370  320  1  -2  
12  8  9  174  377  320  1  -2  
12  8  9  182  383  320  1  -2  
12  8  9  190  393  320  1  -2  
12  8  9  200  403  320  1  -2  
12  8  9  209  435  321  1  -2  
12  8  9  217  452  321  1  -2  
12  8  9  224  468  325  1  -2  
12  8  9  234  482  325  1  -2  
12  8  9  243  492  325  1  -2  
12  8  9  251  500  325  2  -2  
12  8  9  260  503  325  2  -2  
12  8  9  266  504  325  2  -2  
12  8  9  274  505  325  2  -2  
12  8  9  282  506  325  2  -2  
12  8  9  292  508  325  2  -2  
12  8  9  301  509  325  2  -2  
12  8  9  309  510  325  2  -2  
12  8  9  316  510  324  2  -2  
12  8  9  324  513  324  2  -2  
12  8  9  332  513  324  2  -2  
12  8  9  342  514  324  2  -2  
12  8  9  350  514  324  2  -2  
12  8  9  359  517  324  2  -2  
12  8  9  367  517  324  2  -2  
12  8  9  376  519  324  2  -2  
12  8  9  383  519  324  2  -2  
12  8  9  390  519  324  2  -2  
12  8  9  399  519  324  2  -2  
12  8  9  409  520  324  2  -2  
12  8  9  416  520  324  2  -2  
12  8  9  424  520  324  2  -2  
12  8  9  433  520  324  2  -2  
12  8  9  443  520  324  2  -2  
12  8  9  451  520  324  2  -2  
12  8  9  460  520  324  2  -2  
12  8  9  467  520  324  2  -2  
12  8  9  477  520  324  2  -2  
12  8  9  483  520  324  2  -2  
12  8  9  493  520  324  2  -2  
12  8  9  500  520  324  2  -2  
12  8  9  509  520  324  2  -2  
12  8  9  516  520  324  2  -2  
12  8  9  526  520  324  2  -2  
12  8  9  532  520  324  2  -2  
12  8  9  544  520  324  2  -2  
12  8  9  551  520  324  2  -2  
12  8  9  559  520  324  2  -2  
12  8  9  566  520  324  2  -2  
12  8  9  576  520  324  2  -2  
12  8  9  582  520  324  2  -2  
12  8  9  593  520  324  2  -2  
12  8  9  599  520  324  2  -2  
12  8  9  609  520  324  2  -2  
12  8  9  616  520  324  2  -2  
12  8  9  626  520  324  2  -2  
12  8  9  632  520  324  2  -2  
12  8  9  643  520  324  2  -2  
12  8  9  650  520  324  2  -2  
12  8  9  659  520  324  2  -2  
12  8  9  666  520  324  2  -2  
12  8  9  676  519  324  2  -2  
12  8  9  684  517  324  2  -2  
12  8  9  693  515  324  2  -2  
12  8  9  701  512  324  2  -2  
12  8  9  709  509  324  2  -2  
12  8  9  717  504  324  2  -2  
12  8  9  724  501  324  2  -2  
12  8  9  733  496  324  2  -2  
12  8  9  744  491  324  2  -2  
12  8  9  751  485  324  2  -2  
12  8  9  760  479  324  2  -2  
12  8  9  766  472  324  2  -2  
12  8  9  774  465  324  2  -2  
12  8  9  783  455  324  2  -2  
12  8  9  795  447  324  2  -2  
12  8  9  801  433  324  2  -2  
12  8  9  810  428  324  2  -2  
12  8  9  816  425  323  2  -2  
12  8  9  827  420  323  2  -2  
12  8  9  834  416  323  2  -2  
12  8  9  844  411  321  2  -2  
12  8  9  853  406  321  2  -2  
12  8  9  860  401  321  2  -2  
12  8  9  868  396  321  3  -2  
12  8  9  878  391  321  3  -2  
12  8  9  885  385  321  3  -2  
12  8  9  894  382  321  3  -2  
12  8  9  901  377  321  3  -2  
12  8  9  909  372  321  3  -2  
12  8  9  917  368  321  3  -2  
12  8  9  928  363  321  3  -2  
12  8  9  935  356  321  3  -2  
12  8  9  945  356  321  3  -2  
12  8  9  953  352  321  3  -2  
12  8  9  963  352  321  3  -2  
12  8  9  969  351  321  3  -2  
12  8  9  979  351  321  3  -2  
12  8  9  985  351  321  3  -2  
12  8  9  996  351  321  3  -2  
12  8  9  1002  351  321  3  -2  
12  8  9  1011  351  321  3  -2  
12  8  9  1019  351  321  3  -2  
12  8  9  1029  351  321  3  -2  
12  8  9  1035  351  321  3  -2  
12  8  9  1045  351  321  3  -2  
12  8  9  1053  351  321  3  -2  
12  8  9  1063  351  321  3  -2  
12  8  9  1070  351  321  3  -2  
12  8  9  1079  351  321  3  -2  
12  8  9  1086  351  321  3  -2  
12  8  9  1096  351  321  3  -2  
12  8  9  1103  351  321  3  -2  
12  8  9  1113  351  321  3  -2  
12  8  9  1119  351  321  3  -2  
12  8  9  1129  351  321  3  -2  
12  8  9  1135  351  321  3  -2  
12  8  9  1145  351  321  3  -2  
12  8  9  1152  351  321  3  -2  
12  8  10  1163  351  321  3  -2  
12  8  10  1170  353  321  3  -2  
12  8  10  1179  358  321  3  -2  
12  8  10  1187  363  321  3  -2  
12  8  10  1196  370  321  3  -2  
12  8  10  1203  378  322  3  -2  
12  8  10  1213  388  322  3  -2  
12  8  10  1219  396  325  3  -2  
12  8  10  1229  401  327  3  -2  
12  8  10  1236  408  327  3  -2  
12  8  10  1245  413  328  3  -2  
12  8  10  1252  419  328  3  -2  
12  8  10  1263  424  328  3  -2  
12  8  10  1270  428  329  3  -2  
12  8  10  1279  431  329  3  -2  
12  8  10  1286  439  331  3  -2  
12  8  10  1296  445  332  3  -2  
12  8  10  1303  451  332  3  -2  
12  8  10  1313  455  333  3  -2  
12  8  10  1321  467  333  3  -2  
12  8  10  1329  471  333  3  -2  
12  8  10  1335  475  333  3  -2  
12  8  10  1346  475  333  3  -2  
12  8  10  1353  482  333  3  -2  
12  8  10  1363  487  334  3  -2  
12  8  10  1370  492  334  3  -2  
12  8  10  1379  498  334  3  -2  
12  8  10  1387  504  334  4  -2  
12  8  10  1396  507  334  4  -2  
12  8  10  1403  511  334  4  -2  
12  8  10  1412  512  334  4  -2  
12  8  10  1420  512  334  4  -2  
12  8  10  1429  513  334  4  -2  
12  8  10  1436  513  334  4  -2  
12  8  10  1445  514  334  4  -2  
12  8  10  1453  516  334  4  -2  
12  8  10  1462  516  334  4  -2  
12  8  10  1469  517  334  4  -2  
12  8  10  1479  518  334  4  -2  
12  8  10  1485  518  334  4  -2  
12  8  10  1495  518  334  4  -2  
12  8  10  1503  519  334  4  -2  
12  8  10  1513  519  334  4  -2  
12  8  10  1519  523  334  4  -2  
12  8  10  1529  523  334  4  -2  
12  8  10  1535  523  334  4  -2  
12  8  10  1545  523  334  4  -2  
12  8  10  1553  523  334  4  -2  
12  8  10  1562  523  334  4  -2  
12  8  10  1570  523  334  4  -2  
12  8  10  1579  523  334  4  -2  
12  8  10  1585  523  334  4  -2  
12  8  10  1595  523  334  4  -2  
12  8  10  1603  523  334  4  -2  
12  8  10  1612  523  334  4  -2  
12  8  10  1620  523  334  4  -2  
12  8  10  1629  523  334  4  -2  
12  8  10  1635  523  334  4  -2  
12  8  10  1645  523  334  4  -2  
12  8  10  1653  523  334  4  -2  
12  8  10  1662  519  334  4  -2  
12  8  10  1669  515  334  4  -2  
12  8  10  1679  509  334  4  -2  
12  8  10  1687  497  334  4  -2  
12  8  10  1696  487  334  4  -2  
12  8  10  1703  479  334  4  -2  
12  8  10  1713  470  334  4  -2  
12  8  10  1719  455  334  4  -2  
12  8  10  1729  455  334  4  -2  
12  8  10  1736  444  332  4  -2  
12  8  10  1746  444  332  4  -2  
12  8  10  1753  438  332  4  -2  
12  8  10  1763  434  332  4  -2  
12  8  10  1770  429  331  4  -2  
12  8  10  1779  424  331  4  -2  
12  8  10  1787  420  330  4  -2  
12  8  10  1796  415  330  4  -2  
12  8  10  1804  412  330  4  -2  
12  8  10  1813  408  330  4  -2  
12  8  10  1820  403  330  4  -2  
12  8  10  1829  398  330  4  -2  
