12  7  55  0  369  315  1  -2  
12  7  55  7  369  315  1  -2  
12  7  55  17  369  315  1  -2  
12  7  55  24  369  315  1  -2  
12  7  55  33  369  315  1  -2  
12  7  55  41  369  315  1  -2  
12  7  55  50  369  315  1  -2  
12  7  55  57  369  315  1  -2  
12  7  55  67  369  315  1  -2  
12  7  55  73  369  315  1  -2  
12  7  55  83  369  315  1  -2  
12  7  55  91  369  315  1  -2  
12  7  55  100  369  315  1  -2  
12  7  55  107  369  315  1  -2  
12  7  55  117  369  315  1  -2  
12  7  55  125  369  315  1  -2  
12  7  55  133  369  315  1  -2  
12  7  55  141  369  315  1  -2  
12  7  55  150  369  315  1  -2  
12  7  55  158  369  315  1  -2  
12  7  55  167  369  315  1  -2  
12  7  55  175  369  315  1  -2  
12  7  55  183  369  315  1  -2  
12  7  55  191  369  315  1  -2  
12  7  55  200  369  315  1  -2  
12  7  55  207  369  315  1  -2  
12  7  55  217  370  315  1  -2  
12  7  55  225  372  315  1  -2  
12  7  55  233  377  315  1  -2  
12  7  55  241  381  315  1  -2  
12  7  55  250  388  317  1  -2  
12  7  55  257  393  317  1  -2  
12  7  55  268  402  319  1  -2  
12  7  55  275  422  320  1  -2  
12  7  55  284  422  320  1  -2  
12  7  55  291  443  325  1  -2  
12  7  55  300  455  328  1  -2  
12  7  55  308  467  330  1  -2  
12  7  55  317  477  330  1  -2  
12  7  55  325  485  332  1  -2  
12  7  55  334  491  333  1  -2  
12  7  55  342  498  333  1  -2  
12  7  55  350  503  333  2  -2  
12  7  55  357  506  333  2  -2  
12  7  55  368  509  333  2  -2  
12  7  55  375  513  333  2  -2  
12  7  55  383  516  333  2  -2  
12  7  55  391  517  333  2  -2  
12  7  55  400  520  333  2  -2  
12  7  55  407  521  333  2  -2  
12  7  55  417  524  333  2  -2  
12  7  55  425  525  333  2  -2  
12  7  55  433  526  333  2  -2  
12  7  55  441  529  333  2  -2  
12  7  55  450  530  333  2  -2  
12  7  55  457  530  333  2  -2  
12  7  55  467  532  333  2  -2  
12  7  55  475  533  333  2  -2  
12  7  55  484  533  333  2  -2  
12  7  55  491  533  333  2  -2  
12  7  55  500  533  333  2  -2  
12  7  55  508  533  333  2  -2  
12  7  55  518  533  333  2  -2  
12  7  55  524  533  333  2  -2  
12  7  55  533  533  333  2  -2  
12  7  55  541  533  333  2  -2  
12  7  55  550  533  333  2  -2  
12  7  55  558  533  333  2  -2  
12  7  55  567  534  333  2  -2  
12  7  55  575  534  333  2  -2  
12  7  55  584  534  333  2  -2  
12  7  55  591  534  333  2  -2  
12  7  55  600  535  333  2  -2  
12  7  55  608  535  333  2  -2  
12  7  55  617  535  333  2  -2  
12  7  55  625  535  333  2  -2  
12  7  55  633  535  333  2  -2  
12  7  55  641  535  333  2  -2  
12  7  55  649  535  333  2  -2  
12  7  55  657  535  333  2  -2  
12  7  55  666  535  333  2  -2  
12  7  55  675  535  333  2  -2  
12  7  55  683  534  335  2  -2  
12  7  56  690  533  336  2  -2  
12  7  56  699  533  336  2  -2  
12  7  56  706  527  336  2  -2  
12  7  56  716  527  336  2  -2  
12  7  56  725  521  337  2  -2  
12  7  56  733  518  337  2  -2  
12  7  56  741  513  337  2  -2  
12  7  56  749  511  337  2  -2  
12  7  56  757  509  337  2  -2  
12  7  56  766  505  337  2  -2  
12  7  56  775  503  337  2  -2  
12  7  56  784  500  337  2  -2  
12  7  56  791  496  337  2  -2  
12  7  56  801  492  337  2  -2  
12  7  56  808  487  337  2  -2  
12  7  56  816  482  337  2  -2  
12  7  56  825  479  337  2  -2  
12  7  56  833  472  337  2  -2  
12  7  56  841  471  337  2  -2  
12  7  56  849  466  337  2  -2  
12  7  56  858  462  336  2  -2  
12  7  56  867  461  336  2  -2  
12  7  56  876  458  336  2  -2  
12  7  56  884  455  336  2  -2  
12  7  56  891  453  336  2  -2  
12  7  56  900  449  336  2  -2  
12  7  56  909  445  336  2  -2  
12  7  56  916  440  336  2  -2  
12  7  56  925  436  336  2  -2  
12  7  56  933  431  336  2  -2  
12  7  56  941  430  336  2  -2  
12  7  56  950  425  336  2  -2  
12  7  56  958  421  336  2  -2  
12  7  56  967  420  336  2  -2  
12  7  56  975  416  336  2  -2  
12  7  56  983  412  336  2  -2  
12  7  56  992  408  336  2  -2  
12  7  56  1001  403  336  2  -2  
12  7  56  1008  398  336  2  -2  
12  7  56  1017  391  336  3  -2  
12  7  56  1026  386  336  3  -2  
12  7  56  1035  381  336  3  -2  
12  7  56  1044  371  336  3  -2  
12  7  56  1050  369  336  3  -2  
12  7  56  1059  369  336  3  -2  
12  7  56  1069  367  336  3  -2  
12  7  56  1076  366  336  3  -2  
12  7  56  1085  366  336  3  -2  
12  7  56  1093  365  336  3  -2  
12  7  56  1101  364  336  3  -2  
12  7  56  1109  363  336  3  -2  
12  7  56  1118  363  336  3  -2  
12  7  56  1126  362  336  3  -2  
12  7  56  1135  362  336  3  -2  
12  7  56  1142  362  336  3  -2  
12  7  56  1151  362  336  3  -2  
12  7  56  1159  362  336  3  -2  
12  7  56  1167  362  336  3  -2  
12  7  56  1176  362  336  3  -2  
12  7  56  1185  362  336  3  -2  
12  7  56  1193  364  336  3  -2  
12  7  56  1201  373  336  3  -2  
12  7  56  1210  383  336  3  -2  
12  7  56  1218  395  336  3  -2  
12  7  56  1226  413  336  3  -2  
12  7  56  1235  428  336  3  -2  
12  7  56  1243  463  336  3  -2  
12  7  56  1252  477  336  3  -2  
12  7  56  1261  494  337  3  -2  
12  7  56  1268  502  337  4  -2  
12  7  56  1277  514  337  4  -2  
12  7  56  1286  518  337  4  -2  
12  7  56  1294  519  337  4  -2  
12  7  56  1302  523  337  4  -2  
12  7  56  1310  525  337  4  -2  
12  7  56  1318  526  337  4  -2  
12  7  56  1326  529  336  4  -2  
12  7  56  1335  532  335  4  -2  
12  7  56  1344  537  335  4  -2  
12  7  56  1353  542  335  4  -2  
12  7  56  1360  549  335  4  -2  
12  7  56  1369  553  335  4  -2  
12  7  56  1378  558  335  4  -2  
12  7  56  1385  559  335  4  -2  
12  7  56  1394  562  335  4  -2  
12  7  56  1401  562  335  4  -2  
12  7  56  1409  563  335  4  -2  
12  7  56  1417  563  335  4  -2  
12  7  56  1428  563  335  4  -2  
12  7  56  1436  563  335  4  -2  
12  7  56  1444  563  335  4  -2  
12  7  56  1451  563  335  4  -2  
12  7  56  1460  563  335  4  -2  
12  7  56  1469  563  335  4  -2  
12  7  56  1477  563  335  4  -2  
12  7  56  1485  562  335  4  -2  
12  7  56  1493  557  336  4  -2  
12  7  56  1502  551  337  4  -2  
12  7  56  1511  541  337  4  -2  
12  7  56  1518  535  337  4  -2  
12  7  56  1527  529  337  4  -2  
12  7  56  1535  523  337  4  -2  
12  7  56  1544  518  337  4  -2  
12  7  56  1552  512  337  4  -2  
12  7  56  1560  507  337  4  -2  
12  7  56  1568  500  337  4  -2  
12  7  56  1578  495  337  4  -2  
12  7  56  1586  490  337  4  -2  
12  7  56  1595  486  337  4  -2  
12  7  56  1603  484  337  4  -2  
12  7  56  1611  478  337  4  -2  
12  7  56  1618  478  337  4  -2  
12  7  56  1628  473  337  4  -2  
12  7  56  1636  466  336  4  -2  
12  7  56  1645  461  336  4  -2  
12  7  56  1653  456  335  4  -2  
12  7  56  1661  451  335  4  -2  
12  7  56  1670  445  334  4  -2  
12  7  56  1679  438  332  4  -2  
12  7  57  1686  437  332  4  -2  
12  7  57  1695  433  332  4  -2  
12  7  57  1703  430  332  4  -2  
12  7  57  1711  428  331  4  -2  
12  7  57  1720  426  331  4  -2  
12  7  57  1728  423  330  4  -2  
12  7  57  1736  421  330  4  -2  
12  7  57  1747  418  330  4  -2  
12  7  57  1754  414  329  4  -2  
12  7  57  1764  407  326  4  -2  
