16  15  34  0  360  320  1  -2  
16  15  34  8  360  320  1  -2  
16  15  34  17  360  320  1  -2  
16  15  34  24  360  320  1  -2  
16  15  34  32  360  320  1  -2  
16  15  34  41  360  320  1  -2  
16  15  34  49  360  320  1  -2  
16  15  34  59  360  320  1  -2  
16  15  34  67  360  320  1  -2  
16  15  34  76  360  320  1  -2  
16  15  34  85  360  320  1  -2  
16  15  34  96  360  320  1  -2  
16  15  34  103  360  320  1  -2  
16  15  34  113  360  320  1  -2  
16  15  34  121  360  320  1  -2  
16  15  34  129  360  320  1  -2  
16  15  34  137  360  320  1  -2  
16  15  34  147  362  320  1  -2  
16  15  34  154  369  321  1  -2  
16  15  34  163  369  321  1  -2  
16  15  34  170  379  322  1  -2  
16  15  34  179  379  322  1  -2  
16  15  34  188  385  323  1  -2  
16  15  34  197  397  323  1  -2  
16  15  34  203  403  323  1  -2  
16  15  34  214  403  323  1  -2  
16  15  34  220  411  323  1  -2  
16  15  34  229  412  323  1  -2  
16  15  34  238  414  323  1  -2  
16  15  34  247  415  323  1  -2  
16  15  34  254  417  323  1  -2  
16  15  34  262  420  324  1  -2  
16  15  34  272  423  325  1  -2  
16  15  34  280  424  325  1  -2  
16  15  34  288  428  326  1  -2  
16  15  34  298  433  327  1  -2  
16  15  34  306  437  327  1  -2  
16  15  34  314  442  327  1  -2  
16  15  34  320  449  328  1  -2  
16  15  34  331  456  331  1  -2  
16  15  34  338  467  332  1  -2  
16  15  34  349  477  333  1  -2  
16  15  34  356  499  334  1  -2  
16  15  34  365  504  337  2  -2  
16  15  34  370  508  337  2  -2  
16  15  34  381  508  337  2  -2  
16  15  34  388  509  337  2  -2  
16  15  34  398  509  337  2  -2  
16  15  34  404  509  337  2  -2  
16  15  34  415  509  337  2  -2  
16  15  34  422  509  337  2  -2  
16  15  34  432  509  337  2  -2  
16  15  34  438  512  337  2  -2  
16  15  34  448  515  337  2  -2  
16  15  34  455  519  337  2  -2  
16  15  34  463  525  337  2  -2  
16  15  34  471  528  337  2  -2  
16  15  34  481  529  337  2  -2  
16  15  34  488  529  337  2  -2  
16  15  34  498  529  337  2  -2  
16  15  34  506  529  337  2  -2  
16  15  34  515  529  337  2  -2  
16  15  34  521  529  337  2  -2  
16  15  34  531  529  337  2  -2  
16  15  34  538  529  337  2  -2  
16  15  34  548  529  337  2  -2  
16  15  34  555  529  337  2  -2  
16  15  34  565  529  337  2  -2  
16  15  34  572  529  337  2  -2  
16  15  34  581  529  337  2  -2  
16  15  34  589  529  337  2  -2  
16  15  34  599  529  337  2  -2  
16  15  34  606  529  337  2  -2  
16  15  34  616  528  337  2  -2  
16  15  34  621  527  337  2  -2  
16  15  34  631  526  337  2  -2  
16  15  34  639  524  337  2  -2  
16  15  35  648  523  337  2  -2  
16  15  35  655  521  337  2  -2  
16  15  35  665  519  337  2  -2  
16  15  35  672  516  337  2  -2  
16  15  35  681  512  337  2  -2  
16  15  35  689  507  337  2  -2  
16  15  35  698  503  337  2  -2  
16  15  35  705  497  337  2  -2  
16  15  35  715  488  337  2  -2  
16  15  35  722  478  337  2  -2  
16  15  35  732  472  337  2  -2  
16  15  35  739  453  337  2  -2  
16  15  35  749  453  337  2  -2  
16  15  35  757  441  337  2  -2  
16  15  35  767  433  337  2  -2  
16  15  35  774  428  337  2  -2  
16  15  35  783  426  337  2  -2  
16  15  35  791  423  337  2  -2  
16  15  35  799  423  337  2  -2  
16  15  35  808  423  337  2  -2  
16  15  35  817  422  337  2  -2  
16  15  35  824  421  337  2  -2  
16  15  35  833  420  337  2  -2  
16  15  35  840  418  337  2  -2  
16  15  35  850  413  337  2  -2  
16  15  35  858  408  337  2  -2  
16  15  35  868  401  337  2  -2  
16  15  35  874  386  337  3  -2  
16  15  35  882  386  337  3  -2  
16  15  35  892  379  337  3  -2  
16  15  35  900  375  337  3  -2  
16  15  35  908  374  337  3  -2  
16  15  35  917  374  337  3  -2  
16  15  35  924  374  337  3  -2  
16  15  35  932  374  337  3  -2  
16  15  35  942  374  337  3  -2  
16  15  35  949  374  337  3  -2  
16  15  35  958  374  337  3  -2  
16  15  35  967  374  337  3  -2  
16  15  35  975  373  337  3  -2  
16  15  35  983  373  337  3  -2  
16  15  35  991  372  337  3  -2  
16  15  35  999  371  337  3  -2  
16  15  35  1008  371  337  3  -2  
16  15  35  1017  371  337  3  -2  
16  15  35  1025  371  337  3  -2  
16  15  35  1032  371  337  3  -2  
16  15  35  1041  371  337  3  -2  
16  15  35  1049  371  337  3  -2  
16  15  35  1058  371  337  3  -2  
16  15  35  1067  371  337  3  -2  
16  15  35  1074  371  337  3  -2  
16  15  35  1082  371  337  3  -2  
16  15  35  1091  371  337  3  -2  
16  15  35  1099  371  337  3  -2  
16  15  35  1108  371  337  3  -2  
16  15  35  1117  371  337  3  -2  
16  15  35  1125  371  337  3  -2  
16  15  35  1133  371  337  3  -2  
16  15  35  1142  371  337  3  -2  
16  15  35  1150  371  337  3  -2  
16  15  35  1158  371  337  3  -2  
16  15  35  1167  371  337  3  -2  
16  15  35  1174  371  337  3  -2  
16  15  35  1185  371  337  3  -2  
16  15  35  1193  371  337  3  -2  
16  15  35  1200  371  337  3  -2  
16  15  35  1208  371  337  3  -2  
16  15  35  1217  371  337  3  -2  
16  15  35  1226  371  337  3  -2  
16  15  35  1233  372  337  3  -2  
16  15  35  1243  373  337  3  -2  
16  15  35  1252  374  337  3  -2  
16  15  35  1260  378  337  3  -2  
16  15  35  1269  380  337  3  -2  
16  15  35  1278  384  337  3  -2  
16  15  35  1285  388  337  3  -2  
16  15  35  1295  392  337  3  -2  
16  15  35  1301  398  337  3  -2  
16  15  35  1311  404  337  3  -2  
16  15  35  1318  410  337  3  -2  
16  15  35  1328  415  337  3  -2  
16  15  35  1335  418  337  3  -2  
16  15  35  1344  420  337  3  -2  
16  15  35  1352  424  337  3  -2  
16  15  35  1360  425  337  3  -2  
16  15  35  1368  427  337  3  -2  
16  15  35  1379  429  337  3  -2  
16  15  35  1385  434  337  3  -2  
16  15  35  1395  434  337  3  -2  
16  15  35  1401  439  337  3  -2  
16  15  35  1412  444  337  3  -2  
16  15  35  1418  454  337  3  -2  
16  15  35  1429  454  337  3  -2  
16  15  35  1436  465  337  3  -2  
16  15  35  1446  469  337  3  -2  
16  15  35  1453  471  337  3  -2  
16  15  35  1461  473  337  3  -2  
16  15  35  1469  476  337  3  -2  
16  15  35  1480  476  337  3  -2  
16  15  35  1487  477  337  3  -2  
16  15  35  1496  478  337  3  -2  
16  15  35  1502  480  337  3  -2  
16  15  35  1513  484  337  3  -2  
16  15  35  1520  487  337  3  -2  
16  15  35  1531  489  337  3  -2  
16  15  35  1539  495  337  3  -2  
16  15  35  1547  495  337  3  -2  
16  15  35  1556  497  337  3  -2  
16  15  35  1563  497  337  3  -2  
16  15  35  1572  497  337  3  -2  
16  15  35  1580  497  337  3  -2  
16  15  35  1588  497  337  3  -2  
16  15  35  1597  497  337  3  -2  
16  15  35  1606  497  337  3  -2  
16  15  35  1613  497  337  3  -2  
16  15  35  1623  497  337  3  -2  
16  15  35  1630  497  337  3  -2  
16  15  35  1639  497  337  3  -2  
16  15  36  1647  497  337  3  -2  
16  15  36  1654  497  337  3  -2  
16  15  36  1663  497  337  3  -2  
16  15  36  1671  497  337  3  -2  
16  15  36  1680  499  337  3  -2  
16  15  36  1689  501  337  3  -2  
16  15  36  1698  502  337  4  -2  
16  15  36  1705  503  337  4  -2  
16  15  36  1713  505  337  4  -2  
16  15  36  1722  506  337  4  -2  
16  15  36  1730  506  337  4  -2  
16  15  36  1739  506  337  4  -2  
16  15  36  1747  506  337  4  -2  
16  15  36  1756  506  337  4  -2  
16  15  36  1764  506  337  4  -2  
16  15  36  1772  508  337  4  -2  
16  15  36  1780  508  337  4  -2  
16  15  36  1789  508  337  4  -2  
16  15  36  1797  509  337  4  -2  
16  15  36  1806  509  337  4  -2  
16  15  36  1813  509  337  4  -2  
16  15  36  1822  509  337  4  -2  
16  15  36  1830  509  337  4  -2  
16  15  36  1838  509  337  4  -2  
16  15  36  1847  509  337  4  -2  
16  15  36  1856  509  337  4  -2  
16  15  36  1865  509  337  4  -2  
16  15  36  1872  509  337  4  -2  
16  15  36  1880  509  337  4  -2  
16  15  36  1889  509  337  4  -2  
16  15  36  1897  509  337  4  -2  
16  15  36  1906  509  337  4  -2  
16  15  36  1913  509  337  4  -2  
16  15  36  1923  509  337  4  -2  
16  15  36  1930  509  337  4  -2  
16  15  36  1939  509  337  4  -2  
16  15  36  1947  509  337  4  -2  
16  15  36  1956  509  337  4  -2  
16  15  36  1963  509  337  4  -2  
16  15  36  1973  509  337  4  -2  
16  15  36  1980  509  337  4  -2  
16  15  36  1988  509  337  4  -2  
16  15  36  1997  509  337  4  -2  
16  15  36  2006  509  337  4  -2  
16  15  36  2014  509  337  4  -2  
16  15  36  2022  505  337  4  -2  
16  15  36  2030  500  337  4  -2  
16  15  36  2038  493  337  4  -2  
16  15  36  2047  483  337  4  -2  
16  15  36  2056  471  337  4  -2  
16  15  36  2063  460  336  4  -2  
16  15  36  2073  448  335  4  -2  
16  15  36  2080  436  334  4  -2  
16  15  36  2089  426  331  4  -2  
16  15  36  2097  419  330  4  -2  
16  15  36  2106  415  330  4  -2  
16  15  36  2113  412  329  4  -2  
16  15  36  2122  412  329  4  -2  
16  15  36  2130  412  329  4  -2  
16  15  36  2138  412  329  4  -2  
16  15  36  2149  412  329  4  -2  
16  15  36  2156  412  329  4  -2  
16  15  36  2164  410  329  4  -2  
16  15  36  2174  410  329  4  -2  
16  15  36  2181  409  328  4  -2  
16  15  36  2190  406  328  4  -2  
16  15  36  2198  404  328  4  -2  
16  15  36  2207  404  328  4  -2  
16  15  36  2216  401  328  4  -2  
16  15  36  2224  401  328  4  -2  
16  15  36  2234  401  328  4  -2  
16  15  36  2241  401  328  4  -2  
16  15  36  2249  401  328  4  -2  
16  15  36  2259  401  328  4  -2  
16  15  36  2267  401  328  4  -2  
16  15  36  2275  401  328  4  -2  
16  15  36  2284  400  328  4  -2  
16  15  36  2292  396  327  5  -2  
16  15  36  2299  394  327  5  -2  
16  15  36  2308  394  327  5  -2  
16  15  36  2317  394  327  5  -2  
16  15  36  2324  394  327  5  -2  
16  15  36  2332  394  327  5  -2  
16  15  36  2342  393  327  5  -2  
16  15  36  2350  390  327  5  -2  
16  15  36  2358  388  327  5  -2  
16  15  36  2367  384  327  5  -2  
16  15  36  2374  381  327  5  -2  
16  15  36  2383  380  327  5  -2  
16  15  36  2390  378  326  5  -2  
16  15  36  2400  378  326  5  -2  
16  15  36  2410  378  326  5  -2  
16  15  36  2416  378  326  5  -2  
16  15  36  2425  378  326  5  -2  
16  15  36  2433  378  326  5  -2  
16  15  36  2444  378  326  5  -2  
16  15  36  2450  378  326  5  -2  
16  15  36  2461  378  326  5  -2  
16  15  36  2469  378  326  5  -2  
16  15  36  2479  378  326  5  -2  
16  15  36  2488  378  326  5  -2  
16  15  36  2498  378  326  5  -2  
16  15  36  2506  378  326  5  -2  
16  15  36  2514  378  326  5  -2  
