12  7  27  0  358  326  1  -2  
12  7  27  9  358  326  1  -2  
12  7  27  18  358  326  1  -2  
12  7  27  26  358  326  1  -2  
12  7  27  34  358  326  1  -2  
12  7  27  43  358  326  1  -2  
12  7  27  50  358  326  1  -2  
12  7  27  58  358  326  1  -2  
12  7  27  67  358  326  1  -2  
12  7  27  75  358  326  1  -2  
12  7  27  85  358  326  1  -2  
12  7  27  93  358  326  1  -2  
12  7  27  102  358  326  1  -2  
12  7  27  110  358  326  1  -2  
12  7  27  119  358  326  1  -2  
12  7  27  127  358  326  1  -2  
12  7  27  137  358  326  1  -2  
12  7  27  145  358  326  1  -2  
12  7  27  155  358  326  1  -2  
12  7  27  162  358  326  1  -2  
12  7  27  172  358  326  1  -2  
12  7  27  179  358  326  1  -2  
12  7  27  187  358  326  1  -2  
12  7  27  195  358  326  1  -2  
12  7  27  205  358  326  1  -2  
12  7  27  212  358  326  1  -2  
12  7  27  222  358  326  1  -2  
12  7  27  228  358  326  1  -2  
12  7  27  237  358  326  1  -2  
12  7  27  247  358  326  1  -2  
12  7  27  256  358  326  1  -2  
12  7  27  265  358  326  1  -2  
12  7  27  274  358  326  1  -2  
12  7  27  281  359  326  1  -2  
12  7  27  291  359  326  1  -2  
12  7  27  300  359  326  1  -2  
12  7  27  309  361  326  1  -2  
12  7  27  317  362  326  1  -2  
12  7  27  326  363  326  1  -2  
12  7  27  336  371  326  1  -2  
12  7  27  345  381  326  1  -2  
12  7  27  355  391  326  1  -2  
12  7  27  362  408  326  1  -2  
12  7  27  370  423  327  1  -2  
12  7  27  377  440  328  1  -2  
12  7  27  387  458  331  1  -2  
12  7  27  397  469  334  1  -2  
12  7  27  407  477  334  1  -2  
12  7  27  415  484  335  1  -2  
12  7  27  424  486  335  1  -2  
12  7  27  433  487  335  1  -2  
12  7  27  442  490  335  1  -2  
12  7  27  452  493  335  1  -2  
12  7  27  460  495  335  1  -2  
12  7  28  468  500  335  1  -2  
12  7  28  477  505  335  2  -2  
12  7  28  485  514  335  2  -2  
12  7  28  495  517  335  2  -2  
12  7  28  504  520  335  2  -2  
12  7  28  513  520  335  2  -2  
12  7  28  522  524  335  2  -2  
12  7  28  529  524  335  2  -2  
12  7  28  539  527  335  2  -2  
12  7  28  545  527  335  2  -2  
12  7  28  554  531  335  2  -2  
12  7  28  562  531  335  2  -2  
12  7  28  570  533  335  2  -2  
12  7  28  578  535  335  2  -2  
12  7  28  586  535  335  2  -2  
12  7  28  594  535  335  2  -2  
12  7  28  605  535  335  2  -2  
12  7  28  613  535  335  2  -2  
12  7  28  623  535  335  2  -2  
12  7  28  628  535  335  2  -2  
12  7  28  637  535  335  2  -2  
12  7  28  645  535  335  2  -2  
12  7  28  654  535  335  2  -2  
12  7  28  663  535  335  2  -2  
12  7  28  672  535  335  2  -2  
12  7  28  678  535  335  2  -2  
12  7  28  688  535  335  2  -2  
12  7  28  695  535  335  2  -2  
12  7  28  705  535  335  2  -2  
12  7  28  713  535  335  2  -2  
12  7  28  722  535  335  2  -2  
12  7  28  728  535  335  2  -2  
12  7  28  738  535  335  2  -2  
12  7  28  744  535  335  2  -2  
12  7  28  755  535  335  2  -2  
12  7  28  762  535  335  2  -2  
12  7  28  772  535  335  2  -2  
12  7  28  779  535  335  2  -2  
12  7  28  789  535  335  2  -2  
12  7  28  795  535  335  2  -2  
12  7  28  805  535  335  2  -2  
12  7  28  813  535  335  2  -2  
12  7  28  822  535  335  2  -2  
12  7  28  828  535  335  2  -2  
12  7  28  839  535  335  2  -2  
12  7  28  845  535  335  2  -2  
12  7  28  856  535  335  2  -2  
12  7  28  863  535  335  2  -2  
12  7  28  873  535  335  2  -2  
12  7  28  878  535  335  2  -2  
12  7  28  889  535  335  2  -2  
12  7  28  896  535  335  2  -2  
12  7  28  905  535  335  2  -2  
12  7  28  913  535  335  2  -2  
12  7  28  922  535  335  2  -2  
12  7  28  928  535  335  2  -2  
12  7  28  939  535  335  2  -2  
12  7  28  946  535  335  2  -2  
12  7  28  956  535  335  2  -2  
12  7  28  963  535  335  2  -2  
12  7  28  972  535  335  2  -2  
12  7  28  979  535  335  2  -2  
12  7  28  988  535  335  2  -2  
12  7  28  996  535  335  2  -2  
12  7  28  1005  535  335  2  -2  
12  7  28  1013  533  335  2  -2  
12  7  28  1022  532  335  2  -2  
12  7  28  1029  531  335  2  -2  
12  7  28  1038  528  335  2  -2  
12  7  28  1045  527  335  2  -2  
12  7  28  1055  523  335  2  -2  
12  7  28  1063  519  335  2  -2  
12  7  28  1072  513  335  2  -2  
12  7  28  1079  508  335  2  -2  
12  7  28  1089  503  335  2  -2  
12  7  28  1095  496  335  2  -2  
12  7  28  1105  486  335  2  -2  
12  7  28  1113  479  333  2  -2  
12  7  28  1122  473  332  2  -2  
12  7  28  1128  465  332  2  -2  
12  7  28  1138  461  331  2  -2  
12  7  28  1145  452  330  2  -2  
12  7  28  1155  448  330  2  -2  
12  7  28  1163  445  328  2  -2  
12  7  28  1172  439  328  2  -2  
12  7  28  1178  434  328  2  -2  
12  7  28  1188  426  328  2  -2  
12  7  28  1195  421  328  2  -2  
12  7  28  1205  415  328  2  -2  
12  7  28  1213  408  328  2  -2  
12  7  28  1222  403  328  2  -2  
12  7  28  1229  400  328  2  -2  
12  7  28  1239  396  328  3  -2  
12  7  28  1245  393  328  3  -2  
12  7  28  1255  389  328  3  -2  
12  7  28  1263  381  328  3  -2  
12  7  28  1272  376  328  3  -2  
12  7  28  1279  373  327  3  -2  
12  7  28  1288  368  327  3  -2  
12  7  28  1295  367  327  3  -2  
12  7  28  1305  366  327  3  -2  
12  7  28  1312  366  327  3  -2  
12  7  28  1322  366  327  3  -2  
12  7  28  1329  366  327  3  -2  
12  7  28  1338  366  327  3  -2  
12  7  28  1345  366  327  3  -2  
12  7  28  1356  366  327  3  -2  
12  7  28  1363  366  327  3  -2  
12  7  28  1372  366  327  3  -2  
12  7  28  1379  366  327  3  -2  
12  7  28  1388  366  327  3  -2  
12  7  28  1395  366  327  3  -2  
12  7  28  1405  366  327  3  -2  
12  7  28  1413  366  327  3  -2  
12  7  28  1422  366  327  3  -2  
12  7  28  1428  366  327  3  -2  
12  7  28  1438  366  327  3  -2  
12  7  28  1446  372  327  3  -2  
12  7  28  1455  382  327  3  -2  
12  7  29  1463  396  327  3  -2  
12  7  29  1472  408  328  3  -2  
12  7  29  1480  423  331  3  -2  
12  7  29  1489  436  331  3  -2  
12  7  29  1496  450  335  3  -2  
12  7  29  1506  461  336  3  -2  
12  7  29  1513  468  338  3  -2  
12  7  29  1522  474  338  3  -2  
12  7  29  1529  474  338  3  -2  
12  7  29  1538  477  338  3  -2  
12  7  29  1545  479  339  3  -2  
12  7  29  1555  479  339  3  -2  
12  7  29  1564  479  339  3  -2  
12  7  29  1572  481  339  3  -2  
12  7  29  1580  485  339  3  -2  
12  7  29  1588  487  339  3  -2  
12  7  29  1596  492  339  3  -2  
12  7  29  1607  498  339  3  -2  
12  7  29  1613  512  339  4  -2  
12  7  29  1622  519  339  4  -2  
12  7  29  1630  520  339  4  -2  
12  7  29  1638  523  339  4  -2  
12  7  29  1645  524  339  4  -2  
12  7  29  1655  524  339  4  -2  
12  7  29  1663  524  339  4  -2  
12  7  29  1672  524  339  4  -2  
12  7  29  1679  524  339  4  -2  
12  7  29  1688  524  339  4  -2  
12  7  29  1696  524  339  4  -2  
12  7  29  1706  524  339  4  -2  
12  7  29  1714  524  339  4  -2  
12  7  29  1722  524  339  4  -2  
12  7  29  1729  524  339  4  -2  
12  7  29  1738  524  339  4  -2  
12  7  29  1746  524  339  4  -2  
12  7  29  1755  524  339  4  -2  
12  7  29  1763  524  339  4  -2  
12  7  29  1772  524  339  4  -2  
12  7  29  1780  524  339  4  -2  
12  7  29  1788  524  339  4  -2  
12  7  29  1796  524  339  4  -2  
12  7  29  1806  524  339  4  -2  
12  7  29  1813  524  340  4  -2  
12  7  29  1822  524  340  4  -2  
12  7  29  1830  523  340  4  -2  
12  7  29  1838  523  340  4  -2  
12  7  29  1846  523  340  4  -2  
12  7  29  1856  521  340  4  -2  
12  7  29  1864  520  340  4  -2  
12  7  29  1873  519  340  4  -2  
12  7  29  1881  517  340  4  -2  
12  7  29  1888  516  340  4  -2  
12  7  29  1897  516  340  4  -2  
12  7  29  1906  515  340  4  -2  
12  7  29  1913  513  340  4  -2  
12  7  29  1922  513  340  4  -2  
12  7  29  1930  511  340  4  -2  
12  7  29  1938  510  340  4  -2  
12  7  29  1947  509  340  4  -2  
12  7  29  1955  504  340  4  -2  
12  7  29  1963  500  340  4  -2  
12  7  29  1972  496  340  4  -2  
12  7  29  1980  493  340  4  -2  
12  7  29  1990  488  340  4  -2  
12  7  29  1998  473  340  4  -2  
12  7  29  2006  467  340  4  -2  
12  7  29  2016  460  339  4  -2  
12  7  29  2023  455  339  4  -2  
12  7  29  2031  451  338  4  -2  
12  7  29  2040  447  338  4  -2  
12  7  29  2049  446  338  4  -2  
12  7  29  2057  443  338  4  -2  
12  7  29  2066  440  337  4  -2  
12  7  29  2074  436  335  4  -2  
12  7  29  2082  434  335  4  -2  
12  7  29  2091  431  335  4  -2  
12  7  29  2099  427  335  4  -2  
12  7  29  2107  425  334  4  -2  
12  7  29  2116  420  334  4  -2  
12  7  29  2125  417  333  4  -2  
12  7  29  2133  410  332  4  -2  
12  7  29  2140  404  332  4  -2  
12  7  29  2149  404  332  4  -2  
12  7  29  2158  401  331  4  -2  
12  7  29  2166  399  330  4  -2  
