16  16  57  0  376  307  1  -2  
16  16  57  7  376  307  1  -2  
16  16  57  16  376  307  1  -2  
16  16  57  23  376  307  1  -2  
16  16  57  32  376  307  1  -2  
16  16  57  40  376  307  1  -2  
16  16  57  50  376  307  1  -2  
16  16  57  57  376  307  1  -2  
16  16  57  65  376  307  1  -2  
16  16  57  73  376  307  1  -2  
16  16  57  82  376  307  1  -2  
16  16  57  90  376  307  1  -2  
16  16  57  99  376  307  1  -2  
16  16  57  106  376  307  1  -2  
16  16  57  115  376  307  1  -2  
16  16  57  123  376  307  1  -2  
16  16  57  132  376  307  1  -2  
16  16  57  140  380  307  1  -2  
16  16  57  149  381  307  1  -2  
16  16  57  156  385  307  1  -2  
16  16  57  165  390  307  1  -2  
16  16  57  173  394  307  1  -2  
16  16  57  182  399  307  1  -2  
16  16  57  191  403  307  1  -2  
16  16  57  197  409  307  1  -2  
16  16  57  207  416  308  1  -2  
16  16  57  216  422  308  1  -2  
16  16  57  223  425  309  1  -2  
16  16  57  232  427  309  1  -2  
16  16  57  241  430  309  1  -2  
16  16  57  250  431  309  1  -2  
16  16  57  257  434  309  1  -2  
16  16  57  265  434  310  1  -2  
16  16  57  273  435  310  1  -2  
16  16  57  283  438  310  1  -2  
16  16  57  291  445  310  1  -2  
16  16  57  300  453  310  1  -2  
16  16  57  307  463  310  1  -2  
16  16  57  316  472  310  1  -2  
16  16  57  323  482  310  1  -2  
16  16  57  333  492  310  1  -2  
16  16  57  342  497  310  2  -2  
16  16  57  349  502  310  2  -2  
16  16  57  356  504  310  2  -2  
16  16  57  365  505  310  2  -2  
16  16  57  373  505  310  2  -2  
16  16  57  382  505  310  2  -2  
16  16  57  391  507  311  2  -2  
16  16  57  399  508  311  2  -2  
16  16  57  407  510  311  2  -2  
16  16  57  416  516  312  2  -2  
16  16  57  424  527  314  2  -2  
16  16  57  432  542  315  2  -2  
16  16  57  441  555  318  2  -2  
16  16  57  450  569  319  2  -2  
16  16  57  457  583  320  2  -2  
16  16  57  465  583  320  2  -2  
16  16  57  473  583  320  2  -2  
16  16  57  482  583  320  2  -2  
16  16  57  491  583  320  2  -2  
16  16  57  499  583  320  2  -2  
16  16  57  507  583  320  2  -2  
16  16  57  515  583  320  2  -2  
16  16  57  524  581  320  2  -2  
16  16  57  532  578  320  2  -2  
16  16  57  542  574  320  2  -2  
16  16  57  551  571  320  2  -2  
16  16  57  557  568  320  2  -2  
16  16  57  566  565  320  2  -2  
16  16  57  573  562  320  2  -2  
16  16  57  583  560  320  2  -2  
16  16  57  591  558  320  2  -2  
16  16  57  599  555  320  2  -2  
16  16  57  608  554  320  2  -2  
16  16  57  616  552  320  2  -2  
16  16  57  624  550  320  2  -2  
16  16  57  632  548  320  2  -2  
16  16  57  641  547  320  2  -2  
16  16  57  650  546  320  2  -2  
16  16  57  658  543  321  2  -2  
16  16  57  667  542  321  2  -2  
16  16  57  674  538  323  2  -2  
16  16  57  682  534  324  2  -2  
16  16  57  691  527  324  2  -2  
16  16  57  700  520  325  2  -2  
16  16  57  707  515  326  2  -2  
16  16  57  716  505  326  2  -2  
16  16  57  724  496  329  2  -2  
16  16  57  732  484  330  2  -2  
16  16  57  741  471  330  2  -2  
16  16  57  748  459  331  2  -2  
16  16  57  758  447  333  2  -2  
16  16  57  766  439  333  2  -2  
16  16  57  774  429  333  2  -2  
16  16  58  782  422  333  2  -2  
16  16  58  792  415  333  2  -2  
16  16  58  800  409  333  2  -2  
16  16  58  809  403  333  2  -2  
16  16  58  816  398  333  2  -2  
16  16  58  824  393  333  3  -2  
16  16  58  832  389  333  3  -2  
16  16  58  841  387  333  3  -2  
16  16  58  850  385  333  3  -2  
16  16  58  857  383  333  3  -2  
16  16  58  866  382  333  3  -2  
16  16  58  877  381  333  3  -2  
16  16  58  883  378  333  3  -2  
16  16  58  892  376  333  3  -2  
16  16  58  899  373  333  3  -2  
16  16  58  910  372  333  3  -2  
16  16  58  917  369  333  3  -2  
16  16  58  925  369  333  3  -2  
16  16  58  934  369  333  3  -2  
16  16  58  942  369  333  3  -2  
16  16  58  951  369  333  3  -2  
16  16  58  958  369  333  3  -2  
16  16  58  966  369  333  3  -2  
16  16  58  975  369  333  3  -2  
16  16  58  983  369  333  3  -2  
16  16  58  992  369  333  3  -2  
16  16  58  1000  369  333  3  -2  
16  16  58  1008  369  333  3  -2  
16  16  58  1017  369  333  3  -2  
16  16  58  1026  369  333  3  -2  
16  16  58  1034  369  333  3  -2  
16  16  58  1043  369  333  3  -2  
16  16  58  1051  369  333  3  -2  
16  16  58  1058  369  333  3  -2  
16  16  58  1065  369  333  3  -2  
16  16  58  1075  369  333  3  -2  
16  16  58  1084  369  333  3  -2  
16  16  58  1093  369  333  3  -2  
16  16  58  1101  369  333  3  -2  
16  16  58  1108  369  333  3  -2  
16  16  58  1116  369  333  3  -2  
16  16  58  1125  372  333  3  -2  
16  16  58  1133  373  333  3  -2  
16  16  58  1143  375  335  3  -2  
16  16  58  1151  377  335  3  -2  
16  16  58  1158  380  335  3  -2  
16  16  58  1167  383  335  3  -2  
16  16  58  1176  388  335  3  -2  
16  16  58  1183  393  335  3  -2  
16  16  58  1193  403  335  3  -2  
16  16  58  1201  410  335  3  -2  
16  16  58  1208  420  335  3  -2  
16  16  58  1216  428  335  3  -2  
16  16  58  1226  435  335  3  -2  
16  16  58  1234  450  335  3  -2  
16  16  58  1244  455  335  3  -2  
16  16  58  1251  461  335  3  -2  
16  16  58  1259  464  335  3  -2  
16  16  58  1268  467  335  3  -2  
16  16  58  1278  470  335  3  -2  
16  16  58  1285  473  335  3  -2  
16  16  58  1294  476  335  3  -2  
16  16  58  1302  480  335  3  -2  
16  16  58  1311  484  335  3  -2  
16  16  58  1318  487  335  3  -2  
16  16  58  1328  490  335  3  -2  
16  16  58  1335  493  335  3  -2  
16  16  58  1344  496  335  3  -2  
16  16  58  1352  498  335  3  -2  
16  16  58  1361  499  335  3  -2  
16  16  58  1369  502  335  4  -2  
16  16  58  1379  502  335  4  -2  
16  16  58  1385  506  335  4  -2  
16  16  58  1393  506  335  4  -2  
16  16  58  1402  511  335  4  -2  
16  16  58  1413  518  335  4  -2  
16  16  58  1418  521  335  4  -2  
16  16  58  1428  524  335  4  -2  
16  16  58  1435  525  335  4  -2  
16  16  58  1445  526  335  4  -2  
16  16  58  1451  527  335  4  -2  
16  16  58  1461  527  335  4  -2  
16  16  58  1467  527  335  4  -2  
16  16  58  1478  527  335  4  -2  
16  16  58  1485  527  335  4  -2  
16  16  58  1495  527  335  4  -2  
16  16  58  1501  527  335  4  -2  
16  16  58  1511  527  335  4  -2  
16  16  58  1519  527  335  4  -2  
16  16  58  1528  527  335  4  -2  
16  16  58  1535  527  335  4  -2  
16  16  58  1545  527  335  4  -2  
16  16  58  1551  527  335  4  -2  
16  16  58  1562  527  335  4  -2  
16  16  58  1567  527  335  4  -2  
16  16  58  1579  527  335  4  -2  
16  16  58  1586  527  335  4  -2  
16  16  58  1595  527  335  4  -2  
16  16  58  1603  527  335  4  -2  
16  16  58  1612  527  335  4  -2  
16  16  58  1618  527  335  4  -2  
16  16  58  1628  527  335  4  -2  
16  16  58  1636  527  335  4  -2  
16  16  58  1645  527  335  4  -2  
16  16  58  1652  527  335  4  -2  
16  16  58  1663  527  335  4  -2  
16  16  58  1669  527  335  4  -2  
16  16  58  1680  527  335  4  -2  
16  16  58  1689  527  335  4  -2  
16  16  58  1698  527  335  4  -2  
16  16  58  1707  527  335  4  -2  
16  16  58  1716  527  335  4  -2  
16  16  58  1723  527  335  4  -2  
16  16  58  1732  527  335  4  -2  
16  16  58  1741  527  335  4  -2  
16  16  58  1749  527  335  4  -2  
16  16  58  1756  527  335  4  -2  
16  16  58  1765  527  335  4  -2  
16  16  58  1773  527  335  4  -2  
16  16  59  1783  527  335  4  -2  
16  16  59  1792  527  335  4  -2  
16  16  59  1800  527  335  4  -2  
16  16  59  1809  527  335  4  -2  
16  16  59  1816  527  335  4  -2  
16  16  59  1826  527  335  4  -2  
16  16  59  1832  527  335  4  -2  
16  16  59  1843  527  335  4  -2  
16  16  59  1850  527  335  4  -2  
16  16  59  1858  525  335  4  -2  
16  16  59  1867  520  335  4  -2  
16  16  59  1876  513  335  4  -2  
16  16  59  1883  503  335  4  -2  
16  16  59  1893  489  335  4  -2  
16  16  59  1900  475  335  4  -2  
16  16  59  1908  460  335  4  -2  
16  16  59  1916  448  335  4  -2  
16  16  59  1925  436  335  4  -2  
16  16  59  1932  428  334  4  -2  
16  16  59  1943  422  333  4  -2  
16  16  59  1950  415  332  4  -2  
16  16  59  1958  413  332  4  -2  
16  16  59  1967  409  332  4  -2  
16  16  59  1977  407  330  4  -2  
16  16  59  1983  400  329  4  -2  
16  16  59  1993  400  329  4  -2  
16  16  59  2000  393  329  5  -2  
16  16  59  2010  393  329  5  -2  
16  16  59  2017  389  329  5  -2  
16  16  59  2027  389  329  5  -2  
16  16  59  2034  388  329  5  -2  
16  16  59  2043  388  329  5  -2  
16  16  59  2050  388  329  5  -2  
16  16  59  2060  387  329  5  -2  
16  16  59  2066  386  329  5  -2  
16  16  59  2076  386  329  5  -2  
16  16  59  2083  386  329  5  -2  
16  16  59  2092  386  329  5  -2  
16  16  59  2100  386  329  5  -2  
16  16  59  2110  386  329  5  -2  
16  16  59  2116  386  329  5  -2  
16  16  59  2126  386  329  5  -2  
16  16  59  2134  386  329  5  -2  
16  16  59  2143  386  329  5  -2  
16  16  59  2150  386  329  5  -2  
16  16  59  2161  386  329  5  -2  
16  16  59  2168  386  329  5  -2  
16  16  59  2176  386  329  5  -2  
16  16  59  2184  386  329  5  -2  
16  16  59  2193  386  329  5  -2  
16  16  59  2201  386  329  5  -2  
16  16  59  2210  386  329  5  -2  
16  16  59  2216  386  329  5  -2  
16  16  59  2227  386  329  5  -2  
16  16  59  2234  386  329  5  -2  
16  16  59  2244  386  329  5  -2  
16  16  59  2251  386  329  5  -2  
16  16  59  2260  386  329  5  -2  
16  16  59  2267  386  329  5  -2  
16  16  59  2277  386  329  5  -2  
16  16  59  2284  386  329  5  -2  
16  16  59  2294  386  329  5  -2  
