12  7  34  0  348  303  1  -2  
12  7  34  9  348  303  1  -2  
12  7  34  18  348  303  1  -2  
12  7  34  25  348  303  1  -2  
12  7  34  34  348  303  1  -2  
12  7  34  42  348  303  1  -2  
12  7  34  50  348  303  1  -2  
12  7  34  59  348  303  1  -2  
12  7  34  67  348  303  1  -2  
12  7  34  75  348  303  1  -2  
12  7  34  84  348  303  1  -2  
12  7  34  92  348  303  1  -2  
12  7  34  100  348  303  1  -2  
12  7  34  109  348  303  1  -2  
12  7  34  117  348  303  1  -2  
12  7  34  125  348  303  1  -2  
12  7  34  134  348  303  1  -2  
12  7  34  142  348  303  1  -2  
12  7  34  150  348  303  1  -2  
12  7  34  158  348  303  1  -2  
12  7  34  168  348  303  1  -2  
12  7  34  177  348  303  1  -2  
12  7  34  184  348  303  1  -2  
12  7  34  192  348  303  1  -2  
12  7  34  200  348  303  1  -2  
12  7  34  209  348  303  1  -2  
12  7  34  217  348  303  1  -2  
12  7  34  226  348  303  1  -2  
12  7  34  234  348  303  1  -2  
12  7  34  242  348  303  1  -2  
12  7  34  251  348  303  1  -2  
12  7  34  259  348  303  1  -2  
12  7  34  267  348  303  1  -2  
12  7  34  277  350  303  1  -2  
12  7  34  284  352  303  1  -2  
12  7  34  292  355  303  1  -2  
12  7  34  301  359  303  1  -2  
12  7  34  308  363  303  1  -2  
12  7  34  318  368  303  1  -2  
12  7  34  325  376  306  1  -2  
12  7  34  334  383  307  1  -2  
12  7  35  342  395  308  1  -2  
12  7  35  350  410  310  1  -2  
12  7  35  359  430  314  1  -2  
12  7  35  368  455  317  1  -2  
12  7  35  376  462  319  1  -2  
12  7  35  384  467  320  1  -2  
12  7  35  393  473  320  1  -2  
12  7  35  401  475  321  1  -2  
12  7  35  409  479  321  1  -2  
12  7  35  418  483  321  1  -2  
12  7  35  427  488  321  1  -2  
12  7  35  435  498  321  2  -2  
12  7  35  443  505  322  2  -2  
12  7  35  451  516  322  2  -2  
12  7  35  459  527  324  2  -2  
12  7  35  468  534  325  2  -2  
12  7  35  477  539  325  2  -2  
12  7  35  484  542  325  2  -2  
12  7  35  494  543  325  2  -2  
12  7  35  501  545  325  2  -2  
12  7  35  508  545  325  2  -2  
12  7  35  518  547  325  2  -2  
12  7  35  527  547  325  2  -2  
12  7  35  534  548  325  2  -2  
12  7  35  542  548  325  2  -2  
12  7  35  551  548  325  2  -2  
12  7  35  559  548  325  2  -2  
12  7  35  568  548  325  2  -2  
12  7  35  576  548  325  2  -2  
12  7  35  584  548  325  2  -2  
12  7  35  592  548  325  2  -2  
12  7  35  601  548  325  2  -2  
12  7  35  610  548  325  2  -2  
12  7  35  617  548  325  2  -2  
12  7  35  627  548  325  2  -2  
12  7  35  634  548  325  2  -2  
12  7  35  642  548  325  2  -2  
12  7  35  651  548  325  2  -2  
12  7  35  659  548  325  2  -2  
12  7  35  668  548  325  2  -2  
12  7  35  676  548  325  2  -2  
12  7  35  684  548  325  2  -2  
12  7  35  692  548  325  2  -2  
12  7  35  701  548  325  2  -2  
12  7  35  710  548  325  2  -2  
12  7  35  718  548  325  2  -2  
12  7  35  727  548  325  2  -2  
12  7  35  734  548  325  2  -2  
12  7  35  743  548  325  2  -2  
12  7  35  751  548  325  2  -2  
12  7  35  759  548  325  2  -2  
12  7  35  768  548  325  2  -2  
12  7  35  777  548  325  2  -2  
12  7  35  784  548  325  2  -2  
12  7  35  792  548  325  2  -2  
12  7  35  802  548  325  2  -2  
12  7  35  810  543  325  2  -2  
12  7  35  818  538  325  2  -2  
12  7  35  827  531  325  2  -2  
12  7  35  833  522  325  2  -2  
12  7  35  842  516  325  2  -2  
12  7  35  850  509  325  2  -2  
12  7  35  858  502  325  2  -2  
12  7  35  867  497  325  2  -2  
12  7  35  876  492  325  2  -2  
12  7  35  883  489  325  2  -2  
12  7  35  891  488  325  2  -2  
12  7  35  901  486  325  2  -2  
12  7  35  909  485  325  2  -2  
12  7  35  917  484  325  2  -2  
12  7  35  926  481  325  2  -2  
12  7  35  933  479  325  2  -2  
12  7  35  943  476  325  2  -2  
12  7  35  951  467  325  2  -2  
12  7  35  958  462  325  2  -2  
12  7  35  968  458  324  2  -2  
12  7  35  976  454  324  2  -2  
12  7  35  984  451  324  2  -2  
12  7  35  993  448  324  2  -2  
12  7  35  1001  444  324  2  -2  
12  7  35  1009  442  324  2  -2  
12  7  35  1019  439  324  2  -2  
12  7  35  1026  435  324  2  -2  
12  7  35  1033  432  324  2  -2  
12  7  35  1043  428  323  2  -2  
12  7  35  1052  425  323  2  -2  
12  7  35  1059  420  323  2  -2  
12  7  35  1068  414  323  2  -2  
12  7  35  1076  413  323  2  -2  
12  7  35  1086  408  321  2  -2  
12  7  35  1093  404  321  2  -2  
12  7  35  1102  401  320  2  -2  
12  7  35  1110  398  320  3  -2  
12  7  35  1118  396  320  3  -2  
12  7  35  1127  394  320  3  -2  
12  7  35  1137  388  320  3  -2  
12  7  35  1142  385  320  3  -2  
12  7  35  1153  385  320  3  -2  
12  7  35  1161  379  319  3  -2  
12  7  35  1170  376  319  3  -2  
12  7  35  1177  372  319  3  -2  
12  7  35  1186  371  319  3  -2  
12  7  35  1193  369  319  3  -2  
12  7  35  1203  367  319  3  -2  
12  7  35  1210  366  319  3  -2  
12  7  35  1219  364  319  3  -2  
12  7  35  1227  362  319  3  -2  
12  7  35  1236  361  319  3  -2  
12  7  35  1244  360  319  3  -2  
12  7  35  1252  359  319  3  -2  
12  7  35  1259  358  319  3  -2  
12  7  35  1270  358  319  3  -2  
12  7  35  1278  356  319  3  -2  
12  7  35  1287  356  319  3  -2  
12  7  35  1293  353  319  3  -2  
12  7  35  1302  353  319  3  -2  
12  7  35  1310  352  319  3  -2  
12  7  35  1320  350  319  3  -2  
12  7  35  1327  350  319  3  -2  
12  7  35  1336  350  319  3  -2  
12  7  36  1343  350  319  3  -2  
12  7  36  1353  350  319  3  -2  
12  7  36  1360  350  319  3  -2  
12  7  36  1370  350  319  3  -2  
12  7  36  1377  350  319  3  -2  
12  7  36  1386  350  319  3  -2  
12  7  36  1393  350  319  3  -2  
12  7  36  1403  350  319  3  -2  
12  7  36  1409  350  319  3  -2  
12  7  36  1420  350  319  3  -2  
12  7  36  1428  350  319  3  -2  
12  7  36  1439  350  319  3  -2  
12  7  36  1444  350  319  3  -2  
12  7  36  1455  350  319  3  -2  
12  7  36  1462  350  319  3  -2  
12  7  36  1472  350  319  3  -2  
12  7  36  1480  351  316  3  -2  
12  7  36  1489  354  316  3  -2  
12  7  36  1496  357  316  3  -2  
12  7  36  1506  361  316  3  -2  
12  7  36  1513  364  316  3  -2  
12  7  36  1523  368  316  3  -2  
12  7  36  1530  371  316  3  -2  
12  7  36  1540  375  316  3  -2  
12  7  36  1547  377  316  3  -2  
12  7  36  1556  382  316  3  -2  
12  7  36  1563  384  316  3  -2  
12  7  36  1572  386  316  3  -2  
12  7  36  1580  391  316  3  -2  
12  7  36  1590  395  316  3  -2  
12  7  36  1597  400  316  3  -2  
12  7  36  1606  406  316  3  -2  
12  7  36  1613  413  316  3  -2  
12  7  36  1622  423  316  3  -2  
12  7  36  1631  428  316  3  -2  
12  7  36  1640  434  316  3  -2  
12  7  36  1647  444  316  3  -2  
12  7  36  1656  444  316  3  -2  
12  7  36  1662  450  316  3  -2  
12  7  36  1672  450  316  3  -2  
12  7  36  1681  459  316  3  -2  
12  7  36  1689  466  316  3  -2  
12  7  36  1697  473  316  3  -2  
12  7  36  1706  481  316  3  -2  
12  7  36  1714  489  316  3  -2  
12  7  36  1722  499  316  4  -2  
12  7  36  1730  506  316  4  -2  
12  7  36  1740  513  316  4  -2  
12  7  36  1747  518  316  4  -2  
12  7  36  1756  523  316  4  -2  
12  7  36  1762  528  316  4  -2  
12  7  36  1772  534  316  4  -2  
12  7  36  1780  537  316  4  -2  
12  7  36  1789  540  316  4  -2  
12  7  36  1797  541  316  4  -2  
12  7  36  1806  541  316  4  -2  
12  7  36  1814  541  316  4  -2  
12  7  36  1822  541  316  4  -2  
12  7  36  1830  541  316  4  -2  
12  7  36  1839  541  316  4  -2  
12  7  36  1847  541  316  4  -2  
12  7  36  1856  541  316  4  -2  
12  7  36  1863  541  316  4  -2  
12  7  36  1872  541  316  4  -2  
12  7  36  1880  541  316  4  -2  
12  7  36  1889  541  316  4  -2  
12  7  36  1896  541  316  4  -2  
12  7  36  1905  535  316  4  -2  
12  7  36  1912  527  316  4  -2  
12  7  36  1922  517  317  4  -2  
12  7  36  1930  505  318  4  -2  
12  7  36  1938  492  318  4  -2  
12  7  36  1946  478  318  4  -2  
12  7  36  1955  465  318  4  -2  
12  7  36  1963  454  318  4  -2  
12  7  36  1971  442  319  4  -2  
12  7  36  1980  435  319  4  -2  
12  7  36  1988  428  319  4  -2  
12  7  36  1996  423  319  4  -2  
12  7  36  2005  419  319  4  -2  
12  7  36  2012  414  319  4  -2  
12  7  36  2031  411  319  4  -2  
12  7  36  2041  400  319  4  -2  
