16  16  38  0  388  321  1  -2  
16  16  38  9  388  321  1  -2  
16  16  38  17  388  321  1  -2  
16  16  38  26  388  321  1  -2  
16  16  38  33  388  321  1  -2  
16  16  38  41  388  321  1  -2  
16  16  38  50  388  321  1  -2  
16  16  38  58  388  321  1  -2  
16  16  38  67  388  321  1  -2  
16  16  38  75  388  321  1  -2  
16  16  38  84  388  321  1  -2  
16  16  38  91  388  321  1  -2  
16  16  38  100  388  321  1  -2  
16  16  38  109  388  321  1  -2  
16  16  38  117  388  321  1  -2  
16  16  38  125  388  321  1  -2  
16  16  38  133  388  321  1  -2  
16  16  38  141  388  321  1  -2  
16  16  38  150  388  321  1  -2  
16  16  38  158  388  321  1  -2  
16  16  38  167  388  321  1  -2  
16  16  38  175  388  321  1  -2  
16  16  38  185  388  321  1  -2  
16  16  38  192  388  321  1  -2  
16  16  38  199  388  321  1  -2  
16  16  38  208  389  321  1  -2  
16  16  38  217  395  321  1  -2  
16  16  38  226  408  321  1  -2  
16  16  38  234  415  321  1  -2  
16  16  38  244  420  321  1  -2  
16  16  38  252  429  321  1  -2  
16  16  38  262  436  321  1  -2  
16  16  38  270  441  321  1  -2  
16  16  38  279  443  321  1  -2  
16  16  38  288  446  321  1  -2  
16  16  38  296  446  321  1  -2  
16  16  38  303  447  321  1  -2  
16  16  38  314  447  321  1  -2  
16  16  38  320  449  321  1  -2  
16  16  38  330  449  321  1  -2  
16  16  38  336  457  321  1  -2  
16  16  38  346  457  321  1  -2  
16  16  38  353  470  321  1  -2  
16  16  38  363  470  321  1  -2  
16  16  38  369  484  321  1  -2  
16  16  38  379  487  322  1  -2  
16  16  38  386  487  322  1  -2  
16  16  38  397  487  322  1  -2  
16  16  38  403  487  322  1  -2  
16  16  38  415  487  322  1  -2  
16  16  38  420  487  322  1  -2  
16  16  38  430  487  322  1  -2  
16  16  38  436  487  322  1  -2  
16  16  39  447  487  322  1  -2  
16  16  39  455  487  322  1  -2  
16  16  39  463  487  322  1  -2  
16  16  39  470  487  322  1  -2  
16  16  39  480  487  322  1  -2  
16  16  39  486  488  322  1  -2  
16  16  39  497  488  322  1  -2  
16  16  39  505  489  322  1  -2  
16  16  39  514  491  322  1  -2  
16  16  39  520  495  322  2  -2  
16  16  39  530  495  322  2  -2  
16  16  39  536  498  323  2  -2  
16  16  39  547  498  323  2  -2  
16  16  39  555  500  323  2  -2  
16  16  39  563  502  323  2  -2  
16  16  39  570  502  323  2  -2  
16  16  39  580  505  324  2  -2  
16  16  39  586  505  324  2  -2  
16  16  39  597  505  324  2  -2  
16  16  39  603  505  324  2  -2  
16  16  39  614  505  324  2  -2  
16  16  39  620  505  324  2  -2  
16  16  39  630  505  324  2  -2  
16  16  39  636  505  324  2  -2  
16  16  39  647  505  324  2  -2  
16  16  39  653  505  324  2  -2  
16  16  39  663  505  324  2  -2  
16  16  39  670  505  324  2  -2  
16  16  39  680  505  324  2  -2  
16  16  39  687  505  324  2  -2  
16  16  39  697  505  324  2  -2  
16  16  39  703  505  324  2  -2  
16  16  39  713  505  324  2  -2  
16  16  39  720  505  324  2  -2  
16  16  39  730  504  324  2  -2  
16  16  39  736  503  324  2  -2  
16  16  39  747  503  324  2  -2  
16  16  39  755  497  324  2  -2  
16  16  39  764  495  324  2  -2  
16  16  39  770  492  324  2  -2  
16  16  39  780  490  324  2  -2  
16  16  39  787  487  324  2  -2  
16  16  39  797  484  324  2  -2  
16  16  39  805  482  325  2  -2  
16  16  39  814  479  325  2  -2  
16  16  39  820  476  326  2  -2  
16  16  39  830  472  327  2  -2  
16  16  39  837  467  327  2  -2  
16  16  39  847  461  328  2  -2  
16  16  39  855  449  328  2  -2  
16  16  39  864  438  328  2  -2  
16  16  39  870  424  328  2  -2  
16  16  39  880  411  329  2  -2  
16  16  39  887  399  329  2  -2  
16  16  39  897  389  330  3  -2  
16  16  39  904  375  333  3  -2  
16  16  39  913  375  333  3  -2  
16  16  39  919  374  333  3  -2  
16  16  39  929  372  333  3  -2  
16  16  39  936  372  333  3  -2  
16  16  39  946  372  333  3  -2  
16  16  39  954  370  333  3  -2  
16  16  39  962  368  333  3  -2  
16  16  39  969  365  333  3  -2  
16  16  39  979  362  334  3  -2  
16  16  39  986  356  334  3  -2  
16  16  39  996  352  335  3  -2  
16  16  39  1004  351  335  3  -2  
16  16  39  1013  349  337  3  -2  
16  16  39  1019  348  337  3  -2  
16  16  39  1029  348  337  3  -2  
16  16  39  1036  348  337  3  -2  
16  16  39  1046  348  337  3  -2  
16  16  39  1052  348  337  3  -2  
16  16  39  1062  348  337  3  -2  
16  16  39  1070  348  337  3  -2  
16  16  39  1079  348  337  3  -2  
16  16  39  1086  348  337  3  -2  
16  16  39  1096  348  337  3  -2  
16  16  39  1103  348  337  3  -2  
16  16  39  1112  348  337  3  -2  
16  16  39  1119  348  337  3  -2  
16  16  39  1129  348  337  3  -2  
16  16  39  1136  348  337  3  -2  
16  16  39  1146  348  337  3  -2  
16  16  39  1154  351  337  3  -2  
16  16  39  1163  354  337  3  -2  
16  16  39  1169  357  337  3  -2  
16  16  39  1179  362  337  3  -2  
16  16  39  1187  366  338  3  -2  
16  16  39  1196  371  338  3  -2  
16  16  39  1204  378  338  3  -2  
16  16  39  1212  386  338  3  -2  
16  16  39  1220  393  338  3  -2  
16  16  39  1229  400  338  3  -2  
16  16  39  1237  407  338  3  -2  
16  16  39  1246  417  338  3  -2  
16  16  39  1253  424  338  3  -2  
16  16  39  1263  430  338  3  -2  
16  16  39  1270  434  338  3  -2  
16  16  39  1279  439  338  3  -2  
16  16  39  1286  444  338  3  -2  
16  16  39  1296  451  338  3  -2  
16  16  39  1303  456  338  3  -2  
16  16  39  1312  461  338  3  -2  
16  16  39  1319  467  338  3  -2  
16  16  39  1329  473  338  3  -2  
16  16  39  1336  481  338  3  -2  
16  16  39  1346  481  338  3  -2  
16  16  39  1355  485  338  3  -2  
16  16  39  1363  486  338  3  -2  
16  16  39  1370  488  338  3  -2  
16  16  39  1379  490  338  3  -2  
16  16  39  1387  494  338  3  -2  
16  16  39  1397  497  338  3  -2  
16  16  39  1405  501  338  3  -2  
16  16  39  1413  504  338  4  -2  
16  16  39  1421  507  338  4  -2  
16  16  39  1429  508  338  4  -2  
16  16  39  1436  508  338  4  -2  
16  16  40  1446  510  338  4  -2  
16  16  40  1454  510  338  4  -2  
16  16  40  1462  510  338  4  -2  
16  16  40  1469  510  338  4  -2  
16  16  40  1479  510  338  4  -2  
16  16  40  1487  510  338  4  -2  
16  16  40  1496  511  338  4  -2  
16  16  40  1504  512  338  4  -2  
16  16  40  1512  512  338  4  -2  
16  16  40  1521  512  338  4  -2  
16  16  40  1528  513  338  4  -2  
16  16  40  1536  513  338  4  -2  
16  16  40  1546  513  338  4  -2  
16  16  40  1553  513  338  4  -2  
16  16  40  1562  513  338  4  -2  
16  16  40  1570  513  338  4  -2  
16  16  40  1579  513  338  4  -2  
16  16  40  1586  513  338  4  -2  
16  16  40  1596  513  338  4  -2  
16  16  40  1604  513  338  4  -2  
16  16  40  1614  513  338  4  -2  
16  16  40  1621  513  338  4  -2  
16  16  40  1629  513  338  4  -2  
16  16  40  1638  513  338  4  -2  
16  16  40  1646  513  338  4  -2  
16  16  40  1654  513  338  4  -2  
16  16  40  1662  513  338  4  -2  
16  16  40  1671  513  338  4  -2  
16  16  40  1679  513  338  4  -2  
16  16  40  1687  513  338  4  -2  
16  16  40  1696  513  338  4  -2  
16  16  40  1705  513  338  4  -2  
16  16  40  1713  513  338  4  -2  
16  16  40  1720  513  338  4  -2  
16  16  40  1729  513  338  4  -2  
16  16  40  1737  513  338  4  -2  
16  16  40  1746  513  338  4  -2  
16  16  40  1755  513  338  4  -2  
16  16  40  1762  513  338  4  -2  
16  16  40  1772  513  338  4  -2  
16  16  40  1779  513  338  4  -2  
16  16  40  1787  513  338  4  -2  
16  16  40  1796  513  338  4  -2  
16  16  40  1805  513  338  4  -2  
16  16  40  1812  513  338  4  -2  
16  16  40  1821  513  338  4  -2  
16  16  40  1829  513  338  4  -2  
16  16  40  1837  513  338  4  -2  
16  16  40  1846  513  338  4  -2  
16  16  40  1855  513  338  4  -2  
16  16  40  1863  510  337  4  -2  
16  16  40  1870  509  337  4  -2  
16  16  40  1879  506  337  4  -2  
16  16  40  1887  504  337  4  -2  
16  16  40  1896  501  337  4  -2  
16  16  40  1905  497  336  4  -2  
16  16  40  1912  485  336  4  -2  
16  16  40  1920  485  336  4  -2  
16  16  40  1929  477  336  4  -2  
16  16  40  1938  455  336  4  -2  
16  16  40  1947  442  336  4  -2  
16  16  40  1955  428  336  4  -2  
16  16  40  1964  415  336  4  -2  
16  16  40  1972  404  336  4  -2  
16  16  40  1980  395  335  4  -2  
16  16  40  1988  388  335  5  -2  
16  16  40  1996  384  335  5  -2  
16  16  40  2005  382  335  5  -2  
16  16  40  2012  381  335  5  -2  
16  16  40  2022  380  335  5  -2  
16  16  40  2029  380  335  5  -2  
16  16  40  2038  380  335  5  -2  
16  16  40  2046  380  335  5  -2  
16  16  40  2055  380  335  5  -2  
16  16  40  2062  378  335  5  -2  
16  16  40  2070  377  335  5  -2  
16  16  40  2079  376  335  5  -2  
16  16  40  2087  372  335  5  -2  
16  16  40  2096  371  335  5  -2  
16  16  40  2105  369  335  5  -2  
16  16  40  2113  368  335  5  -2  
16  16  40  2121  368  335  5  -2  
16  16  40  2129  368  335  5  -2  
16  16  40  2138  368  335  5  -2  
16  16  40  2146  368  335  5  -2  
16  16  40  2155  368  335  5  -2  
16  16  40  2164  368  335  5  -2  
16  16  40  2171  368  335  5  -2  
16  16  40  2180  368  335  5  -2  
16  16  40  2188  368  335  5  -2  
16  16  40  2196  368  335  5  -2  
16  16  40  2206  368  335  5  -2  
16  16  40  2213  368  335  5  -2  
16  16  40  2223  368  335  5  -2  
16  16  40  2232  368  335  5  -2  
16  16  40  2238  368  335  5  -2  
16  16  40  2248  368  335  5  -2  
16  16  40  2257  368  335  5  -2  
16  16  40  2266  368  335  5  -2  
