16  16  44  0  377  317  1  -2  
16  16  44  9  377  317  1  -2  
16  16  44  16  377  317  1  -2  
16  16  44  24  377  317  1  -2  
16  16  44  32  377  317  1  -2  
16  16  44  41  377  317  1  -2  
16  16  44  50  377  317  1  -2  
16  16  44  57  377  317  1  -2  
16  16  44  66  377  317  1  -2  
16  16  44  74  377  317  1  -2  
16  16  44  83  377  317  1  -2  
16  16  44  93  377  317  1  -2  
16  16  44  100  377  317  1  -2  
16  16  44  109  377  317  1  -2  
16  16  44  117  377  317  1  -2  
16  16  44  126  377  317  1  -2  
16  16  44  133  377  317  1  -2  
16  16  44  141  377  317  1  -2  
16  16  45  150  377  317  1  -2  
16  16  45  157  380  317  1  -2  
16  16  45  166  383  317  1  -2  
16  16  45  176  390  317  1  -2  
16  16  45  183  395  317  1  -2  
16  16  45  192  400  317  1  -2  
16  16  45  200  405  317  1  -2  
16  16  45  210  410  317  1  -2  
16  16  45  216  413  317  1  -2  
16  16  45  224  415  317  1  -2  
16  16  45  232  417  317  1  -2  
16  16  45  242  419  317  1  -2  
16  16  45  250  420  317  1  -2  
16  16  45  260  422  317  1  -2  
16  16  45  266  423  317  1  -2  
16  16  45  274  426  317  1  -2  
16  16  45  283  427  317  1  -2  
16  16  45  292  429  317  1  -2  
16  16  45  300  432  317  1  -2  
16  16  45  308  435  317  1  -2  
16  16  45  317  438  317  1  -2  
16  16  45  325  443  317  1  -2  
16  16  45  333  450  317  1  -2  
16  16  45  342  454  317  1  -2  
16  16  45  350  459  317  1  -2  
16  16  45  359  464  317  1  -2  
16  16  45  368  471  317  1  -2  
16  16  45  376  477  317  1  -2  
16  16  45  383  483  317  1  -2  
16  16  45  392  490  318  1  -2  
16  16  45  400  493  318  1  -2  
16  16  45  410  496  318  2  -2  
16  16  45  416  497  318  2  -2  
16  16  45  426  498  318  2  -2  
16  16  45  433  498  318  2  -2  
16  16  45  442  498  318  2  -2  
16  16  45  451  499  319  2  -2  
16  16  45  461  501  319  2  -2  
16  16  45  466  504  319  2  -2  
16  16  45  476  508  320  2  -2  
16  16  45  483  512  320  2  -2  
16  16  45  492  516  322  2  -2  
16  16  45  500  516  322  2  -2  
16  16  45  511  518  322  2  -2  
16  16  45  517  518  322  2  -2  
16  16  45  528  518  322  2  -2  
16  16  45  534  518  322  2  -2  
16  16  45  543  518  322  2  -2  
16  16  45  550  518  322  2  -2  
16  16  45  561  518  322  2  -2  
16  16  45  567  518  322  2  -2  
16  16  45  576  518  322  2  -2  
16  16  45  584  518  322  2  -2  
16  16  45  592  518  322  2  -2  
16  16  45  601  518  322  2  -2  
16  16  45  611  518  322  2  -2  
16  16  45  617  518  322  2  -2  
16  16  45  626  518  322  2  -2  
16  16  45  633  518  322  2  -2  
16  16  45  644  518  322  2  -2  
16  16  45  651  518  322  2  -2  
16  16  45  660  518  322  2  -2  
16  16  45  667  518  322  2  -2  
16  16  45  678  518  322  2  -2  
16  16  45  684  518  322  2  -2  
16  16  45  694  518  322  2  -2  
16  16  45  701  518  322  2  -2  
16  16  45  711  518  322  2  -2  
16  16  45  719  518  322  2  -2  
16  16  45  728  518  322  2  -2  
16  16  45  735  518  322  2  -2  
16  16  45  745  518  322  2  -2  
16  16  45  751  519  323  2  -2  
16  16  45  761  519  324  2  -2  
16  16  45  769  518  324  2  -2  
16  16  45  779  518  324  2  -2  
16  16  45  784  515  324  2  -2  
16  16  45  793  515  324  2  -2  
16  16  45  801  514  324  2  -2  
16  16  45  812  512  324  2  -2  
16  16  45  819  508  324  2  -2  
16  16  45  828  504  324  2  -2  
16  16  45  835  501  324  2  -2  
16  16  45  844  496  324  2  -2  
16  16  45  852  491  324  2  -2  
16  16  45  862  486  324  2  -2  
16  16  45  870  476  324  2  -2  
16  16  45  879  471  324  2  -2  
16  16  45  885  462  324  2  -2  
16  16  45  895  457  324  2  -2  
16  16  45  901  452  324  2  -2  
16  16  45  911  447  324  2  -2  
16  16  45  917  444  324  2  -2  
16  16  45  928  440  324  2  -2  
16  16  45  935  439  324  2  -2  
16  16  45  945  438  324  2  -2  
16  16  45  951  436  324  2  -2  
16  16  45  961  434  324  2  -2  
16  16  45  969  431  324  2  -2  
16  16  45  978  429  324  2  -2  
16  16  45  985  420  327  2  -2  
16  16  45  995  420  327  2  -2  
16  16  45  1001  409  328  2  -2  
16  16  45  1012  409  328  2  -2  
16  16  45  1018  400  329  2  -2  
16  16  45  1029  396  329  3  -2  
16  16  45  1036  394  330  3  -2  
16  16  45  1045  392  330  3  -2  
16  16  45  1051  391  330  3  -2  
16  16  45  1062  389  330  3  -2  
16  16  45  1069  388  330  3  -2  
16  16  45  1078  387  331  3  -2  
16  16  45  1085  385  331  3  -2  
16  16  45  1095  384  332  3  -2  
16  16  45  1102  384  332  3  -2  
16  16  45  1112  383  332  3  -2  
16  16  45  1119  381  332  3  -2  
16  16  45  1128  381  332  3  -2  
16  16  45  1135  379  332  3  -2  
16  16  46  1145  378  332  3  -2  
16  16  46  1151  377  333  3  -2  
16  16  46  1161  377  333  3  -2  
16  16  46  1168  377  333  3  -2  
16  16  46  1178  377  333  3  -2  
16  16  46  1184  377  333  3  -2  
16  16  46  1194  377  333  3  -2  
16  16  46  1201  377  333  3  -2  
16  16  46  1212  377  333  3  -2  
16  16  46  1218  377  333  3  -2  
16  16  46  1228  377  333  3  -2  
16  16  46  1235  377  333  3  -2  
16  16  46  1244  377  333  3  -2  
16  16  46  1251  377  333  3  -2  
16  16  46  1262  377  333  3  -2  
16  16  46  1269  380  333  3  -2  
16  16  46  1278  385  333  3  -2  
16  16  46  1285  390  333  3  -2  
16  16  46  1294  397  333  3  -2  
16  16  46  1302  404  333  3  -2  
16  16  46  1312  414  333  3  -2  
16  16  46  1319  421  333  3  -2  
16  16  46  1328  431  333  3  -2  
16  16  46  1335  439  333  3  -2  
16  16  46  1345  449  333  3  -2  
16  16  46  1352  457  333  3  -2  
16  16  46  1362  467  333  3  -2  
16  16  46  1369  476  333  3  -2  
16  16  46  1378  486  333  3  -2  
16  16  46  1385  506  333  4  -2  
16  16  46  1395  506  333  4  -2  
16  16  46  1401  524  333  4  -2  
16  16  46  1412  524  333  4  -2  
16  16  46  1417  533  333  4  -2  
16  16  46  1428  533  333  4  -2  
16  16  46  1435  535  333  4  -2  
16  16  46  1445  536  333  4  -2  
16  16  46  1451  536  333  4  -2  
16  16  46  1462  537  333  4  -2  
16  16  46  1469  537  333  4  -2  
16  16  46  1478  537  333  4  -2  
16  16  46  1485  537  333  4  -2  
16  16  46  1495  537  333  4  -2  
16  16  46  1501  537  333  4  -2  
16  16  46  1511  537  333  4  -2  
16  16  46  1518  537  333  4  -2  
16  16  46  1528  537  333  4  -2  
16  16  46  1535  537  333  4  -2  
16  16  46  1544  537  333  4  -2  
16  16  46  1552  537  333  4  -2  
16  16  46  1562  537  333  4  -2  
16  16  46  1569  537  333  4  -2  
16  16  46  1578  537  333  4  -2  
16  16  46  1585  537  333  4  -2  
16  16  46  1594  535  333  4  -2  
16  16  46  1602  531  333  4  -2  
16  16  46  1611  528  333  4  -2  
16  16  46  1619  521  333  4  -2  
16  16  46  1627  512  333  4  -2  
16  16  46  1634  499  333  4  -2  
16  16  46  1644  486  333  4  -2  
16  16  46  1652  469  333  4  -2  
16  16  46  1661  454  333  4  -2  
16  16  46  1669  439  333  4  -2  
16  16  46  1678  431  333  4  -2  
16  16  46  1685  423  333  4  -2  
16  16  46  1695  418  333  4  -2  
16  16  46  1704  415  333  4  -2  
16  16  46  1712  411  333  4  -2  
16  16  46  1721  408  333  4  -2  
16  16  46  1730  407  333  4  -2  
16  16  46  1738  403  333  4  -2  
16  16  46  1747  401  333  4  -2  
16  16  46  1755  397  333  4  -2  
16  16  46  1763  395  333  5  -2  
16  16  46  1773  391  333  5  -2  
16  16  46  1780  388  333  5  -2  
16  16  46  1788  386  333  5  -2  
16  16  46  1796  385  333  5  -2  
16  16  46  1804  382  333  5  -2  
16  16  46  1812  380  333  5  -2  
16  16  46  1820  376  333  5  -2  
16  16  46  1830  374  333  5  -2  
16  16  46  1839  373  333  5  -2  
16  16  46  1848  372  333  5  -2  
16  16  46  1855  372  333  5  -2  
16  16  46  1863  372  333  5  -2  
16  16  46  1871  372  333  5  -2  
16  16  46  1881  372  333  5  -2  
16  16  46  1889  372  333  5  -2  
16  16  46  1896  372  333  5  -2  
16  16  46  1904  372  333  5  -2  
16  16  46  1912  372  333  5  -2  
16  16  46  1921  372  333  5  -2  
16  16  46  1930  372  333  5  -2  
16  16  46  1937  372  333  5  -2  
16  16  46  1946  372  333  5  -2  
16  16  46  1955  372  333  5  -2  
16  16  46  1964  372  333  5  -2  
16  16  46  1973  372  333  5  -2  
16  16  46  1982  372  333  5  -2  
16  16  46  1992  372  333  5  -2  
16  16  46  2000  372  333  5  -2  
16  16  46  2010  372  333  5  -2  
16  16  46  2017  372  333  5  -2  
16  16  46  2026  372  333  5  -2  
16  16  46  2033  372  333  5  -2  
16  16  46  2042  372  333  5  -2  
16  16  46  2050  372  333  5  -2  
16  16  46  2059  372  333  5  -2  
