11  13  43  0  372  317  1  -2  
11  13  43  10  372  317  1  -2  
11  13  43  18  372  317  1  -2  
11  13  43  27  372  317  1  -2  
11  13  43  34  372  317  1  -2  
11  13  43  43  372  317  1  -2  
11  13  43  50  372  317  1  -2  
11  13  43  59  372  317  1  -2  
11  13  43  68  372  317  1  -2  
11  13  43  77  372  317  1  -2  
11  13  43  84  372  317  1  -2  
11  13  43  93  372  317  1  -2  
11  13  43  100  372  317  1  -2  
11  13  43  109  372  317  1  -2  
11  13  43  118  372  317  1  -2  
11  13  43  127  372  317  1  -2  
11  13  43  134  372  317  1  -2  
11  13  43  143  372  317  1  -2  
11  13  43  151  372  317  1  -2  
11  13  43  160  372  317  1  -2  
11  13  43  166  372  317  1  -2  
11  13  43  177  372  317  1  -2  
11  13  43  184  372  317  1  -2  
11  13  43  193  372  317  1  -2  
11  13  43  201  372  317  1  -2  
11  13  43  209  372  317  1  -2  
11  13  43  218  372  317  1  -2  
11  13  43  227  372  317  1  -2  
11  13  43  235  372  317  1  -2  
11  13  43  244  374  317  1  -2  
11  13  43  251  376  317  1  -2  
11  13  43  259  377  317  1  -2  
11  13  43  268  380  317  1  -2  
11  13  43  277  381  317  1  -2  
11  13  43  285  382  317  1  -2  
11  13  43  293  385  317  1  -2  
11  13  43  301  386  316  1  -2  
11  13  43  309  389  316  1  -2  
11  13  43  318  391  316  1  -2  
11  13  43  326  395  314  1  -2  
11  13  43  335  400  314  1  -2  
11  13  43  342  407  314  1  -2  
11  13  43  351  415  314  1  -2  
11  13  43  359  425  314  1  -2  
11  13  43  368  437  314  1  -2  
11  13  43  377  457  313  1  -2  
11  13  43  385  467  313  1  -2  
11  13  43  394  474  313  1  -2  
11  13  43  401  479  313  1  -2  
11  13  43  409  483  312  1  -2  
11  13  43  418  487  311  1  -2  
11  13  43  427  489  311  1  -2  
11  13  43  435  491  311  1  -2  
11  13  43  443  494  309  1  -2  
11  13  43  451  495  309  2  -2  
11  13  43  460  498  309  2  -2  
11  13  44  468  502  309  2  -2  
11  13  44  476  506  309  2  -2  
11  13  44  485  509  309  2  -2  
11  13  44  493  512  309  2  -2  
11  13  44  502  516  308  2  -2  
11  13  44  511  518  308  2  -2  
11  13  44  519  520  308  2  -2  
11  13  44  528  523  308  2  -2  
11  13  44  536  523  307  2  -2  
11  13  44  545  523  307  2  -2  
11  13  44  553  524  306  2  -2  
11  13  44  563  524  306  2  -2  
11  13  44  570  524  306  2  -2  
11  13  44  578  524  306  2  -2  
11  13  44  586  524  306  2  -2  
11  13  44  595  524  306  2  -2  
11  13  44  604  524  306  2  -2  
11  13  44  613  524  306  2  -2  
11  13  44  620  524  306  2  -2  
11  13  44  628  524  306  2  -2  
11  13  44  636  524  306  2  -2  
11  13  44  645  524  306  2  -2  
11  13  44  654  524  306  2  -2  
11  13  44  662  524  306  2  -2  
11  13  44  670  524  306  2  -2  
11  13  44  678  524  306  2  -2  
11  13  44  688  524  306  2  -2  
11  13  44  695  524  306  2  -2  
11  13  44  704  524  306  2  -2  
11  13  44  713  524  306  2  -2  
11  13  44  721  523  307  2  -2  
11  13  44  728  522  308  2  -2  
11  13  44  736  522  308  2  -2  
11  13  44  745  522  308  2  -2  
11  13  44  756  521  308  2  -2  
11  13  44  762  519  310  2  -2  
11  13  44  769  514  312  2  -2  
11  13  44  780  509  313  2  -2  
11  13  44  790  500  314  2  -2  
11  13  44  797  493  316  2  -2  
11  13  44  808  486  319  2  -2  
11  13  44  815  467  320  2  -2  
11  13  44  827  467  320  2  -2  
11  13  44  833  455  322  2  -2  
11  13  44  842  450  322  2  -2  
11  13  44  850  444  322  2  -2  
11  13  44  858  441  322  2  -2  
11  13  44  866  437  322  2  -2  
11  13  44  876  433  322  2  -2  
11  13  44  884  428  322  2  -2  
11  13  44  892  426  322  2  -2  
11  13  44  899  422  324  2  -2  
11  13  44  908  418  324  2  -2  
11  13  44  916  414  324  2  -2  
11  13  44  925  410  324  2  -2  
11  13  44  934  406  325  2  -2  
11  13  44  942  403  325  2  -2  
11  13  44  950  400  326  2  -2  
11  13  44  959  397  326  3  -2  
11  13  44  966  393  328  3  -2  
11  13  44  975  393  328  3  -2  
11  13  44  984  388  329  3  -2  
11  13  44  991  387  329  3  -2  
11  13  44  1000  385  329  3  -2  
11  13  44  1008  385  329  3  -2  
11  13  44  1017  383  329  3  -2  
11  13  44  1026  382  329  3  -2  
11  13  44  1034  382  329  3  -2  
11  13  44  1042  382  329  3  -2  
11  13  44  1049  381  329  3  -2  
11  13  44  1058  381  329  3  -2  
11  13  44  1067  379  329  3  -2  
11  13  44  1076  379  329  3  -2  
11  13  44  1083  379  329  3  -2  
11  13  44  1091  379  329  3  -2  
11  13  44  1100  379  329  3  -2  
11  13  44  1108  379  329  3  -2  
11  13  44  1116  379  329  3  -2  
11  13  44  1125  379  329  3  -2  
11  13  44  1135  379  329  3  -2  
11  13  44  1142  379  329  3  -2  
11  13  44  1151  379  329  3  -2  
11  13  44  1159  379  329  3  -2  
11  13  44  1166  379  329  3  -2  
11  13  44  1175  379  329  3  -2  
11  13  44  1185  379  329  3  -2  
11  13  44  1193  379  329  3  -2  
11  13  44  1200  379  329  3  -2  
11  13  44  1208  379  329  3  -2  
11  13  44  1216  379  329  3  -2  
11  13  44  1225  379  329  3  -2  
11  13  44  1234  379  329  3  -2  
11  13  44  1243  379  329  3  -2  
11  13  44  1250  379  329  3  -2  
11  13  44  1258  379  329  3  -2  
11  13  44  1267  379  329  3  -2  
11  13  44  1275  379  329  3  -2  
11  13  44  1284  379  329  3  -2  
11  13  44  1293  379  329  3  -2  
11  13  44  1300  379  329  3  -2  
11  13  44  1308  379  329  3  -2  
11  13  44  1317  379  329  3  -2  
11  13  44  1326  379  329  3  -2  
11  13  44  1334  379  329  3  -2  
11  13  44  1343  379  329  3  -2  
11  13  44  1350  381  329  3  -2  
11  13  44  1358  382  329  3  -2  
11  13  44  1368  386  329  3  -2  
11  13  44  1376  394  329  3  -2  
11  13  44  1384  397  329  3  -2  
11  13  44  1392  402  329  3  -2  
11  13  44  1400  406  329  3  -2  
11  13  44  1408  411  329  3  -2  
11  13  44  1418  415  329  3  -2  
11  13  44  1426  420  329  3  -2  
11  13  44  1434  425  329  3  -2  
11  13  44  1442  430  329  3  -2  
11  13  44  1450  435  329  3  -2  
11  13  44  1458  440  329  3  -2  
11  13  44  1467  447  329  3  -2  
11  13  45  1476  452  329  3  -2  
11  13  45  1485  457  329  3  -2  
11  13  45  1493  463  329  3  -2  
11  13  45  1500  466  329  3  -2  
11  13  45  1508  472  330  3  -2  
11  13  45  1517  475  331  3  -2  
11  13  45  1525  477  331  3  -2  
11  13  45  1534  481  331  3  -2  
11  13  45  1543  482  331  3  -2  
11  13  45  1550  485  331  3  -2  
11  13  45  1558  489  331  3  -2  
11  13  45  1568  489  331  3  -2  
11  13  45  1576  493  331  3  -2  
11  13  45  1586  494  331  3  -2  
11  13  45  1595  496  331  3  -2  
11  13  45  1604  497  331  3  -2  
11  13  45  1614  498  331  4  -2  
11  13  45  1624  500  331  4  -2  
11  13  45  1631  503  331  4  -2  
11  13  45  1643  503  331  4  -2  
11  13  45  1650  507  329  4  -2  
11  13  45  1659  507  329  4  -2  
11  13  45  1667  508  329  4  -2  
11  13  45  1678  508  329  4  -2  
11  13  45  1687  509  329  4  -2  
11  13  45  1696  509  329  4  -2  
11  13  45  1704  509  329  4  -2  
11  13  45  1713  509  329  4  -2  
11  13  45  1724  509  329  4  -2  
11  13  45  1732  509  329  4  -2  
11  13  45  1742  509  329  4  -2  
11  13  45  1748  509  329  4  -2  
11  13  45  1758  509  329  4  -2  
11  13  45  1766  509  329  4  -2  
11  13  45  1776  509  328  4  -2  
11  13  45  1785  509  328  4  -2  
11  13  45  1794  510  327  4  -2  
11  13  45  1806  510  327  4  -2  
11  13  45  1814  510  327  4  -2  
11  13  45  1822  510  327  4  -2  
11  13  45  1831  510  327  4  -2  
11  13  45  1841  510  327  4  -2  
11  13  45  1849  510  327  4  -2  
11  13  45  1859  510  327  4  -2  
11  13  45  1866  507  327  4  -2  
11  13  45  1875  506  327  4  -2  
11  13  45  1882  504  330  4  -2  
11  13  45  1892  502  330  4  -2  
11  13  45  1900  498  331  4  -2  
11  13  45  1910  496  331  4  -2  
11  13  45  1920  488  335  4  -2  
11  13  45  1929  476  335  4  -2  
11  13  45  1938  467  335  4  -2  
11  13  45  1947  457  335  4  -2  
11  13  45  1956  451  335  4  -2  
11  13  45  1964  441  335  4  -2  
11  13  45  1976  432  335  4  -2  
11  13  45  1983  415  335  4  -2  
11  13  45  1993  415  335  4  -2  
11  13  45  2002  399  335  4  -2  
