12  7  20  0  372  320  1  -2  
12  7  20  10  372  320  1  -2  
12  7  20  17  372  320  1  -2  
12  7  20  28  372  320  1  -2  
12  7  20  34  372  320  1  -2  
12  7  20  44  372  320  1  -2  
12  7  20  50  372  320  1  -2  
12  7  20  60  372  320  1  -2  
12  7  20  67  372  320  1  -2  
12  7  20  78  372  320  1  -2  
12  7  20  84  372  320  1  -2  
12  7  20  94  372  320  1  -2  
12  7  20  100  372  320  1  -2  
12  7  20  108  372  320  1  -2  
12  7  20  117  372  320  1  -2  
12  7  20  126  372  320  1  -2  
12  7  20  133  372  320  1  -2  
12  7  20  143  372  320  1  -2  
12  7  20  150  372  320  1  -2  
12  7  20  160  372  320  1  -2  
12  7  20  166  372  320  1  -2  
12  7  20  176  372  320  1  -2  
12  7  20  183  372  320  1  -2  
12  7  20  193  372  320  1  -2  
12  7  20  200  372  320  1  -2  
12  7  20  208  372  320  1  -2  
12  7  20  218  372  320  1  -2  
12  7  20  227  372  320  1  -2  
12  7  20  233  372  320  1  -2  
12  7  20  243  372  320  1  -2  
12  7  20  250  372  320  1  -2  
12  7  20  260  372  320  1  -2  
12  7  20  266  372  320  1  -2  
12  7  20  277  372  320  1  -2  
12  7  20  283  372  320  1  -2  
12  7  20  293  372  320  1  -2  
12  7  20  300  372  320  1  -2  
12  7  20  310  372  320  1  -2  
12  7  20  317  372  320  1  -2  
12  7  20  328  372  320  1  -2  
12  7  20  333  372  320  1  -2  
12  7  20  343  372  320  1  -2  
12  7  20  350  372  320  1  -2  
12  7  20  360  372  320  1  -2  
12  7  20  367  372  320  1  -2  
12  7  20  377  372  320  1  -2  
12  7  20  385  372  320  1  -2  
12  7  20  394  373  320  1  -2  
12  7  20  400  374  320  1  -2  
12  7  20  409  374  320  1  -2  
12  7  20  417  375  320  1  -2  
12  7  20  427  377  320  1  -2  
12  7  20  435  380  320  1  -2  
12  7  20  443  385  321  1  -2  
12  7  20  450  394  322  1  -2  
12  7  20  460  406  326  1  -2  
12  7  20  467  420  329  1  -2  
12  7  20  477  433  330  1  -2  
12  7  20  483  445  333  1  -2  
12  7  20  493  455  334  1  -2  
12  7  20  500  462  335  1  -2  
12  7  20  510  466  335  1  -2  
12  7  20  516  469  335  1  -2  
12  7  20  527  471  335  1  -2  
12  7  20  534  475  335  1  -2  
12  7  20  544  475  335  1  -2  
12  7  20  551  479  335  1  -2  
12  7  20  560  481  335  1  -2  
12  7  20  567  484  335  1  -2  
12  7  20  577  489  335  1  -2  
12  7  20  583  491  335  1  -2  
12  7  20  593  494  335  1  -2  
12  7  20  601  497  335  1  -2  
12  7  20  610  499  335  1  -2  
12  7  20  616  499  335  1  -2  
12  7  20  627  499  335  1  -2  
12  7  20  635  501  335  2  -2  
12  7  20  643  502  335  2  -2  
12  7  20  650  503  335  2  -2  
12  7  20  660  505  335  2  -2  
12  7  20  667  506  335  2  -2  
12  7  20  677  509  335  2  -2  
12  7  20  684  512  335  2  -2  
12  7  20  693  513  335  2  -2  
12  7  20  701  515  335  2  -2  
12  7  20  710  516  335  2  -2  
12  7  20  717  516  335  2  -2  
12  7  20  727  517  335  2  -2  
12  7  20  733  519  335  2  -2  
12  7  20  743  519  335  2  -2  
12  7  20  750  522  335  2  -2  
12  7  20  760  522  335  2  -2  
12  7  20  767  523  335  2  -2  
12  7  21  777  523  335  2  -2  
12  7  21  783  525  335  2  -2  
12  7  21  793  525  335  2  -2  
12  7  21  800  525  335  2  -2  
12  7  21  811  525  335  2  -2  
12  7  21  817  525  335  2  -2  
12  7  21  826  525  335  2  -2  
12  7  21  835  525  335  2  -2  
12  7  21  844  525  335  2  -2  
12  7  21  851  525  335  2  -2  
12  7  21  859  525  335  2  -2  
12  7  21  867  525  335  2  -2  
12  7  21  877  525  335  2  -2  
12  7  21  885  525  335  2  -2  
12  7  21  894  525  335  2  -2  
12  7  21  901  525  335  2  -2  
12  7  21  909  525  335  2  -2  
12  7  21  918  525  335  2  -2  
12  7  21  926  525  335  2  -2  
12  7  21  936  525  335  2  -2  
12  7  21  943  525  335  2  -2  
12  7  21  951  525  335  2  -2  
12  7  21  959  525  335  2  -2  
12  7  21  968  525  335  2  -2  
12  7  21  976  525  335  2  -2  
12  7  21  985  525  335  2  -2  
12  7  21  994  525  335  2  -2  
12  7  21  1001  525  335  2  -2  
12  7  21  1009  525  335  2  -2  
12  7  21  1017  523  336  2  -2  
12  7  21  1027  521  336  2  -2  
12  7  21  1035  519  336  2  -2  
12  7  21  1043  516  336  2  -2  
12  7  21  1051  512  338  2  -2  
12  7  21  1059  508  338  2  -2  
12  7  21  1068  503  338  2  -2  
12  7  21  1076  498  338  2  -2  
12  7  21  1085  493  338  2  -2  
12  7  21  1092  488  338  2  -2  
12  7  21  1101  481  338  2  -2  
12  7  21  1109  474  338  2  -2  
12  7  21  1118  469  338  2  -2  
12  7  21  1126  459  338  2  -2  
12  7  21  1135  454  338  2  -2  
12  7  21  1143  451  338  2  -2  
12  7  21  1151  446  338  2  -2  
12  7  21  1160  444  337  2  -2  
12  7  21  1169  439  337  2  -2  
12  7  21  1177  435  337  2  -2  
12  7  21  1186  432  336  2  -2  
12  7  21  1194  426  336  2  -2  
12  7  21  1201  422  334  2  -2  
12  7  21  1209  417  334  2  -2  
12  7  21  1218  414  333  2  -2  
12  7  21  1227  409  333  2  -2  
12  7  21  1235  406  333  2  -2  
12  7  21  1243  402  333  2  -2  
12  7  21  1251  397  332  2  -2  
12  7  21  1260  393  332  3  -2  
12  7  21  1269  389  332  3  -2  
12  7  21  1277  386  332  3  -2  
12  7  21  1285  382  332  3  -2  
12  7  21  1292  378  332  3  -2  
12  7  21  1301  374  332  3  -2  
12  7  21  1310  373  332  3  -2  
12  7  21  1319  370  332  3  -2  
12  7  21  1326  366  332  3  -2  
12  7  21  1335  365  332  3  -2  
12  7  21  1344  362  332  3  -2  
12  7  21  1352  360  332  3  -2  
12  7  21  1360  358  332  3  -2  
12  7  21  1369  355  332  3  -2  
12  7  21  1378  352  331  3  -2  
12  7  21  1386  352  331  3  -2  
12  7  21  1393  352  331  3  -2  
12  7  21  1401  352  331  3  -2  
12  7  21  1410  352  331  3  -2  
12  7  21  1418  352  331  3  -2  
12  7  21  1427  352  331  3  -2  
12  7  21  1436  352  331  3  -2  
12  7  21  1445  352  331  3  -2  
12  7  21  1454  352  331  3  -2  
12  7  21  1462  352  331  3  -2  
12  7  21  1472  352  331  3  -2  
12  7  21  1478  352  331  3  -2  
12  7  21  1487  352  330  3  -2  
12  7  21  1496  352  330  3  -2  
12  7  21  1506  356  329  3  -2  
12  7  21  1512  357  329  3  -2  
12  7  21  1521  360  328  3  -2  
12  7  21  1530  365  328  3  -2  
12  7  21  1537  367  328  3  -2  
12  7  21  1546  371  327  3  -2  
12  7  21  1554  374  327  3  -2  
12  7  21  1561  376  327  3  -2  
12  7  21  1570  379  327  3  -2  
12  7  21  1580  384  327  3  -2  
12  7  21  1587  387  327  3  -2  
12  7  21  1597  395  327  3  -2  
12  7  21  1606  407  327  3  -2  
12  7  21  1614  420  327  3  -2  
12  7  21  1620  436  327  3  -2  
12  7  21  1630  455  327  3  -2  
12  7  21  1638  468  327  3  -2  
12  7  21  1647  481  327  3  -2  
12  7  21  1657  500  328  4  -2  
12  7  21  1662  507  331  4  -2  
12  7  21  1673  517  331  4  -2  
12  7  21  1681  524  332  4  -2  
12  7  21  1688  531  333  4  -2  
12  7  21  1696  535  333  4  -2  
12  7  21  1707  538  335  4  -2  
12  7  21  1713  539  335  4  -2  
12  7  21  1723  540  335  4  -2  
12  7  21  1730  540  335  4  -2  
12  7  21  1740  541  335  4  -2  
12  7  21  1747  541  335  4  -2  
12  7  21  1756  541  335  4  -2  
12  7  21  1764  541  335  4  -2  
12  7  21  1773  541  335  4  -2  
12  7  22  1780  541  335  4  -2  
12  7  22  1790  541  335  4  -2  
12  7  22  1797  541  335  4  -2  
12  7  22  1806  541  335  4  -2  
12  7  22  1814  541  335  4  -2  
12  7  22  1823  541  335  4  -2  
12  7  22  1831  541  335  4  -2  
12  7  22  1840  541  335  4  -2  
12  7  22  1847  541  335  4  -2  
12  7  22  1855  542  336  4  -2  
12  7  22  1863  542  336  4  -2  
12  7  22  1875  540  337  4  -2  
12  7  22  1881  535  337  4  -2  
12  7  22  1891  531  337  4  -2  
12  7  22  1898  524  337  4  -2  
12  7  22  1909  512  337  4  -2  
12  7  22  1918  500  337  4  -2  
12  7  22  1926  490  337  4  -2  
12  7  22  1934  472  337  4  -2  
12  7  22  1942  472  337  4  -2  
12  7  22  1950  464  337  4  -2  
12  7  22  1959  464  337  4  -2  
12  7  22  1968  462  337  4  -2  
12  7  22  1976  462  336  4  -2  
12  7  22  1984  462  336  4  -2  
12  7  22  1993  460  336  4  -2  
12  7  22  2001  459  336  4  -2  
12  7  22  2010  455  336  4  -2  
12  7  22  2018  451  336  4  -2  
12  7  22  2027  445  336  4  -2  
12  7  22  2034  439  335  4  -2  
12  7  22  2042  434  335  4  -2  
12  7  22  2050  430  334  4  -2  
12  7  22  2059  429  333  4  -2  
12  7  22  2068  425  333  4  -2  
12  7  22  2076  418  331  4  -2  
12  7  22  2085  416  331  4  -2  
12  7  22  2093  411  331  4  -2  
12  7  22  2101  408  331  4  -2  
12  7  22  2110  404  331  4  -2  
12  7  22  2117  400  331  4  -2  
12  7  22  2126  398  331  4  -2  
