11  44  35  0  365  332  1  -2  
11  44  35  8  365  332  1  -2  
11  44  35  17  365  332  1  -2  
11  44  35  24  365  332  1  -2  
11  44  35  33  365  332  1  -2  
11  44  35  43  365  332  1  -2  
11  44  35  50  365  332  1  -2  
11  44  35  58  365  332  1  -2  
11  44  35  66  365  332  1  -2  
11  44  35  75  365  332  1  -2  
11  44  35  83  365  332  1  -2  
11  44  35  92  365  332  1  -2  
11  44  35  100  365  332  1  -2  
11  44  35  108  365  332  1  -2  
11  44  35  117  365  332  1  -2  
11  44  35  125  365  332  1  -2  
11  44  35  134  365  332  1  -2  
11  44  35  143  365  332  1  -2  
11  44  35  150  365  332  1  -2  
11  44  35  158  365  332  1  -2  
11  44  35  166  365  332  1  -2  
11  44  35  175  365  332  1  -2  
11  44  35  183  365  332  1  -2  
11  44  35  191  365  332  1  -2  
11  44  35  200  365  332  1  -2  
11  44  35  208  365  332  1  -2  
11  44  35  217  365  332  1  -2  
11  44  35  225  365  332  1  -2  
11  44  35  234  365  332  1  -2  
11  44  35  241  365  332  1  -2  
11  44  35  250  365  332  1  -2  
11  44  35  258  365  332  1  -2  
11  44  35  267  365  332  1  -2  
11  44  35  275  367  332  1  -2  
11  44  35  284  368  332  1  -2  
11  44  35  292  371  332  1  -2  
11  44  35  300  373  332  1  -2  
11  44  35  308  378  332  1  -2  
11  44  35  317  382  332  1  -2  
11  44  35  326  387  332  1  -2  
11  44  35  333  390  332  1  -2  
11  44  35  343  397  332  1  -2  
11  44  35  350  402  332  1  -2  
11  44  35  358  407  332  1  -2  
11  44  35  367  411  332  1  -2  
11  44  35  375  416  332  1  -2  
11  44  35  385  422  332  1  -2  
11  44  35  393  428  332  1  -2  
11  44  35  400  434  332  1  -2  
11  44  35  408  441  332  1  -2  
11  44  35  417  448  332  1  -2  
11  44  35  425  462  334  1  -2  
11  44  35  433  462  334  1  -2  
11  44  35  443  475  334  1  -2  
11  44  35  452  484  335  1  -2  
11  44  35  459  493  336  1  -2  
11  44  35  467  500  338  1  -2  
11  44  35  475  510  338  2  -2  
11  44  35  485  516  338  2  -2  
11  44  35  493  522  338  2  -2  
11  44  35  499  525  338  2  -2  
11  44  35  509  527  338  2  -2  
11  44  35  517  531  338  2  -2  
11  44  35  526  531  338  2  -2  
11  44  36  534  533  338  2  -2  
11  44  36  543  535  338  2  -2  
11  44  36  550  535  338  2  -2  
11  44  36  558  539  339  2  -2  
11  44  36  567  539  339  2  -2  
11  44  36  575  539  339  2  -2  
11  44  36  584  541  339  2  -2  
11  44  36  593  542  339  2  -2  
11  44  36  600  542  339  2  -2  
11  44  36  609  542  339  2  -2  
11  44  36  617  542  339  2  -2  
11  44  36  626  542  339  2  -2  
11  44  36  635  543  339  2  -2  
11  44  36  643  543  339  2  -2  
11  44  36  650  543  339  2  -2  
11  44  36  660  543  339  2  -2  
11  44  36  667  543  339  2  -2  
11  44  36  676  543  339  2  -2  
11  44  36  684  543  339  2  -2  
11  44  36  693  543  339  2  -2  
11  44  36  701  543  339  2  -2  
11  44  36  708  543  339  2  -2  
11  44  36  716  543  339  2  -2  
11  44  36  726  543  339  2  -2  
11  44  36  735  543  339  2  -2  
11  44  36  743  543  339  2  -2  
11  44  36  750  543  339  2  -2  
11  44  36  759  543  339  2  -2  
11  44  36  767  543  339  2  -2  
11  44  36  775  543  339  2  -2  
11  44  36  784  543  339  2  -2  
11  44  36  793  543  339  2  -2  
11  44  36  800  543  339  2  -2  
11  44  36  809  543  339  2  -2  
11  44  36  817  543  339  2  -2  
11  44  36  826  543  339  2  -2  
11  44  36  834  543  339  2  -2  
11  44  36  843  543  339  2  -2  
11  44  36  851  543  339  2  -2  
11  44  36  859  542  339  2  -2  
11  44  36  867  541  339  2  -2  
11  44  36  875  539  339  2  -2  
11  44  36  884  538  339  2  -2  
11  44  36  894  537  339  2  -2  
11  44  36  902  535  339  2  -2  
11  44  36  912  534  339  2  -2  
11  44  36  918  531  339  2  -2  
11  44  36  928  530  339  2  -2  
11  44  36  935  528  339  2  -2  
11  44  36  943  525  339  2  -2  
11  44  36  952  524  339  2  -2  
11  44  36  961  522  339  2  -2  
11  44  36  971  519  339  2  -2  
11  44  36  980  517  339  2  -2  
11  44  36  989  515  339  2  -2  
11  44  36  999  513  339  2  -2  
11  44  36  1006  510  339  2  -2  
11  44  36  1016  509  339  2  -2  
11  44  36  1022  506  339  2  -2  
11  44  36  1032  501  339  2  -2  
11  44  36  1039  497  339  2  -2  
11  44  36  1048  492  339  2  -2  
11  44  36  1056  489  339  2  -2  
11  44  36  1064  482  339  2  -2  
11  44  36  1073  475  339  2  -2  
11  44  36  1081  470  339  2  -2  
11  44  36  1088  463  339  2  -2  
11  44  36  1098  458  338  2  -2  
11  44  36  1106  446  337  2  -2  
11  44  36  1115  436  337  2  -2  
11  44  36  1123  427  334  2  -2  
11  44  36  1132  415  333  2  -2  
11  44  36  1139  402  332  2  -2  
11  44  36  1147  388  330  3  -2  
11  44  36  1155  377  330  3  -2  
11  44  36  1165  366  328  3  -2  
11  44  36  1173  356  326  3  -2  
11  44  36  1181  349  326  3  -2  
11  44  36  1188  341  326  3  -2  
11  44  36  1197  336  326  3  -2  
11  44  36  1205  332  326  3  -2  
11  44  36  1214  329  326  3  -2  
11  44  36  1223  327  326  3  -2  
11  44  36  1230  327  326  3  -2  
11  44  36  1239  326  326  3  -2  
11  44  36  1247  326  326  3  -2  
11  44  36  1256  326  326  3  -2  
11  44  36  1265  326  326  3  -2  
11  44  36  1273  326  326  3  -2  
11  44  36  1281  326  326  3  -2  
11  44  36  1288  326  326  3  -2  
11  44  36  1298  326  326  3  -2  
11  44  36  1305  326  326  3  -2  
11  44  36  1315  326  326  3  -2  
11  44  36  1323  326  326  3  -2  
11  44  36  1331  326  326  3  -2  
11  44  36  1338  326  326  3  -2  
11  44  36  1347  326  326  3  -2  
11  44  36  1356  326  326  3  -2  
11  44  36  1364  326  326  3  -2  
11  44  36  1374  326  326  3  -2  
11  44  36  1380  326  326  3  -2  
11  44  36  1390  329  326  3  -2  
11  44  36  1397  334  326  3  -2  
11  44  36  1406  341  326  3  -2  
11  44  36  1415  348  326  3  -2  
11  44  36  1424  354  326  3  -2  
11  44  36  1432  363  326  3  -2  
11  44  36  1439  369  326  3  -2  
11  44  36  1448  375  326  3  -2  
11  44  36  1455  383  326  3  -2  
11  44  36  1465  390  326  3  -2  
11  44  36  1473  395  326  3  -2  
11  44  36  1481  410  326  3  -2  
11  44  36  1489  415  326  3  -2  
11  44  36  1498  415  326  3  -2  
11  44  36  1507  426  326  3  -2  
11  44  36  1515  434  326  3  -2  
11  44  36  1523  439  326  3  -2  
11  44  37  1531  446  326  3  -2  
11  44  37  1539  453  326  3  -2  
11  44  37  1548  460  326  3  -2  
11  44  37  1555  470  326  3  -2  
11  44  37  1565  475  326  3  -2  
11  44  37  1573  482  326  3  -2  
11  44  37  1581  487  326  3  -2  
11  44  37  1589  492  326  3  -2  
11  44  37  1598  496  326  4  -2  
11  44  37  1606  499  326  4  -2  
11  44  37  1615  502  326  4  -2  
11  44  37  1624  506  326  4  -2  
11  44  37  1632  506  326  4  -2  
11  44  37  1640  509  326  4  -2  
11  44  37  1649  510  326  4  -2  
11  44  37  1655  513  326  4  -2  
11  44  37  1665  514  326  4  -2  
11  44  37  1673  515  326  4  -2  
11  44  37  1681  517  326  4  -2  
11  44  37  1690  517  326  4  -2  
11  44  37  1698  521  326  4  -2  
11  44  37  1707  522  326  4  -2  
11  44  37  1715  524  326  4  -2  
11  44  37  1723  525  326  4  -2  
11  44  37  1731  525  326  4  -2  
11  44  37  1739  526  326  4  -2  
11  44  37  1748  528  326  4  -2  
11  44  37  1756  528  326  4  -2  
11  44  37  1765  528  326  4  -2  
11  44  37  1773  528  326  4  -2  
11  44  37  1780  528  326  4  -2  
11  44  37  1789  528  326  4  -2  
11  44  37  1797  528  326  4  -2  
11  44  37  1807  528  326  4  -2  
11  44  37  1815  528  326  4  -2  
11  44  37  1823  528  326  4  -2  
11  44  37  1832  528  326  4  -2  
11  44  37  1840  522  327  4  -2  
11  44  37  1848  512  328  4  -2  
11  44  37  1856  502  329  4  -2  
11  44  37  1865  493  330  4  -2  
11  44  37  1873  485  330  4  -2  
11  44  37  1882  471  334  4  -2  
11  44  37  1892  464  334  4  -2  
11  44  37  1900  458  335  4  -2  
11  44  37  1908  455  335  4  -2  
11  44  37  1917  451  336  4  -2  
11  44  37  1926  444  336  4  -2  
11  44  37  1935  441  338  4  -2  
11  44  37  1942  437  338  4  -2  
11  44  37  1950  431  339  4  -2  
11  44  37  1958  427  339  4  -2  
11  44  37  1967  425  339  4  -2  
11  44  37  1975  422  339  4  -2  
11  44  37  1983  418  339  4  -2  
11  44  37  1993  414  339  4  -2  
11  44  37  2000  411  339  4  -2  
11  44  37  2009  409  339  4  -2  
11  44  37  2017  405  339  4  -2  
11  44  37  2025  402  339  4  -2  
11  44  37  2034  399  339  4  -2  
11  44  37  2042  395  339  4  -2  
