15  30  2  0  374  318  1  -2  
15  30  2  9  374  318  1  -2  
15  30  2  16  374  318  1  -2  
15  30  2  25  374  318  1  -2  
15  30  2  33  374  318  1  -2  
15  30  2  41  374  318  1  -2  
15  30  2  50  374  318  1  -2  
15  30  2  59  374  318  1  -2  
15  30  2  67  374  318  1  -2  
15  30  2  75  374  318  1  -2  
15  30  2  83  374  318  1  -2  
15  30  2  91  374  318  1  -2  
15  30  2  99  374  318  1  -2  
15  30  2  109  374  318  1  -2  
15  30  2  118  374  318  1  -2  
15  30  2  124  374  318  1  -2  
15  30  2  133  374  318  1  -2  
15  30  2  141  374  318  1  -2  
15  30  2  150  374  318  1  -2  
15  30  2  159  374  318  1  -2  
15  30  2  167  376  317  1  -2  
15  30  2  175  376  317  1  -2  
15  30  2  183  376  316  1  -2  
15  30  2  191  376  316  1  -2  
15  30  2  199  376  316  1  -2  
15  30  2  209  377  315  1  -2  
15  30  2  216  380  313  1  -2  
15  30  2  225  380  313  1  -2  
15  30  2  234  382  310  1  -2  
15  30  2  241  384  309  1  -2  
15  30  2  251  386  309  1  -2  
15  30  2  260  388  309  1  -2  
15  30  2  267  391  309  1  -2  
15  30  2  275  393  309  1  -2  
15  30  3  284  395  309  1  -2  
15  30  3  291  396  309  1  -2  
15  30  3  300  400  309  1  -2  
15  30  3  309  404  309  1  -2  
15  30  3  317  408  309  1  -2  
15  30  3  325  414  309  1  -2  
15  30  3  333  421  309  1  -2  
15  30  3  341  429  309  1  -2  
15  30  3  350  434  309  1  -2  
15  30  3  359  444  309  1  -2  
15  30  3  366  448  309  1  -2  
15  30  3  375  452  309  1  -2  
15  30  3  383  455  309  1  -2  
15  30  3  392  458  309  1  -2  
15  30  3  400  460  310  1  -2  
15  30  3  408  464  311  1  -2  
15  30  3  417  469  311  1  -2  
15  30  3  426  480  314  1  -2  
15  30  3  434  485  315  1  -2  
15  30  3  442  489  315  1  -2  
15  30  3  451  491  316  1  -2  
15  30  3  459  493  316  1  -2  
15  30  3  468  493  316  1  -2  
15  30  3  475  493  316  1  -2  
15  30  3  484  493  316  1  -2  
15  30  3  491  493  316  1  -2  
15  30  3  500  494  316  1  -2  
15  30  3  509  498  317  2  -2  
15  30  3  517  504  319  2  -2  
15  30  3  525  511  320  2  -2  
15  30  3  533  518  322  2  -2  
15  30  3  541  523  322  2  -2  
15  30  3  550  530  324  2  -2  
15  30  3  559  532  325  2  -2  
15  30  3  567  533  325  2  -2  
15  30  3  576  533  325  2  -2  
15  30  3  584  533  325  2  -2  
15  30  3  591  533  325  2  -2  
15  30  3  600  533  325  2  -2  
15  30  3  608  533  325  2  -2  
15  30  3  617  533  325  2  -2  
15  30  3  625  533  325  2  -2  
15  30  3  634  533  325  2  -2  
15  30  3  642  533  325  2  -2  
15  30  3  650  533  325  2  -2  
15  30  3  659  533  325  2  -2  
15  30  3  667  533  325  2  -2  
15  30  3  675  533  325  2  -2  
15  30  3  684  533  325  2  -2  
15  30  3  691  533  325  2  -2  
15  30  3  700  533  325  2  -2  
15  30  3  710  533  325  2  -2  
15  30  3  717  533  325  2  -2  
15  30  3  725  533  325  2  -2  
15  30  3  734  533  325  2  -2  
15  30  3  743  533  325  2  -2  
15  30  3  750  533  325  2  -2  
15  30  3  760  533  325  2  -2  
15  30  3  767  533  325  2  -2  
15  30  3  776  533  325  2  -2  
15  30  3  784  533  325  2  -2  
15  30  3  792  533  325  2  -2  
15  30  3  800  533  325  2  -2  
15  30  3  809  533  325  2  -2  
15  30  3  817  531  325  2  -2  
15  30  3  826  527  325  2  -2  
15  30  3  835  520  325  2  -2  
15  30  3  841  496  325  2  -2  
15  30  3  851  496  325  2  -2  
15  30  3  860  476  325  2  -2  
15  30  3  867  470  325  2  -2  
15  30  3  875  464  325  2  -2  
15  30  3  884  461  325  2  -2  
15  30  3  892  460  325  2  -2  
15  30  3  901  458  325  2  -2  
15  30  3  909  457  325  2  -2  
15  30  3  917  454  325  2  -2  
15  30  3  925  449  325  2  -2  
15  30  3  934  444  325  2  -2  
15  30  3  942  438  325  2  -2  
15  30  3  951  429  325  2  -2  
15  30  3  960  421  325  2  -2  
15  30  3  968  414  325  2  -2  
15  30  3  976  409  325  2  -2  
15  30  3  984  407  325  2  -2  
15  30  3  992  405  325  2  -2  
15  30  3  1002  404  325  2  -2  
15  30  3  1010  404  325  2  -2  
15  30  3  1018  404  325  2  -2  
15  30  3  1026  404  325  2  -2  
15  30  3  1034  404  325  2  -2  
15  30  3  1042  404  325  2  -2  
15  30  3  1051  404  325  2  -2  
15  30  3  1060  403  325  2  -2  
15  30  3  1067  403  325  2  -2  
15  30  3  1075  401  325  2  -2  
15  30  3  1084  399  325  2  -2  
15  30  3  1092  395  325  3  -2  
15  30  3  1100  392  325  3  -2  
15  30  3  1109  388  325  3  -2  
15  30  3  1117  385  325  3  -2  
15  30  3  1126  381  325  3  -2  
15  30  3  1134  379  325  3  -2  
15  30  3  1143  378  325  3  -2  
15  30  3  1151  377  325  3  -2  
15  30  3  1160  377  325  3  -2  
15  30  3  1167  375  325  3  -2  
15  30  3  1176  374  325  3  -2  
15  30  3  1184  374  325  3  -2  
15  30  3  1192  374  325  3  -2  
15  30  3  1200  374  325  3  -2  
15  30  3  1210  374  325  3  -2  
15  30  3  1217  374  325  3  -2  
15  30  3  1225  374  325  3  -2  
15  30  3  1235  374  325  3  -2  
15  30  3  1244  371  325  3  -2  
15  30  3  1251  368  325  3  -2  
15  30  3  1260  364  325  3  -2  
15  30  3  1268  362  325  3  -2  
15  30  3  1275  361  325  3  -2  
15  30  4  1284  359  326  3  -2  
15  30  4  1292  359  326  3  -2  
15  30  4  1300  359  326  3  -2  
15  30  4  1310  359  326  3  -2  
15  30  4  1317  359  326  3  -2  
15  30  4  1325  359  326  3  -2  
15  30  4  1334  359  326  3  -2  
15  30  4  1344  359  326  3  -2  
15  30  4  1351  359  326  3  -2  
15  30  4  1360  359  326  3  -2  
15  30  4  1367  359  326  3  -2  
15  30  4  1376  359  326  3  -2  
15  30  4  1385  359  326  3  -2  
15  30  4  1393  359  326  3  -2  
15  30  4  1402  361  326  3  -2  
15  30  4  1410  363  326  3  -2  
15  30  4  1418  370  326  3  -2  
15  30  4  1427  370  326  3  -2  
15  30  4  1435  379  326  3  -2  
15  30  4  1444  381  326  3  -2  
15  30  4  1452  388  326  3  -2  
15  30  4  1460  391  326  3  -2  
15  30  4  1469  396  326  3  -2  
15  30  4  1476  407  327  3  -2  
15  30  4  1485  415  329  3  -2  
15  30  4  1492  432  331  3  -2  
15  30  4  1502  449  332  3  -2  
15  30  4  1510  466  336  3  -2  
15  30  4  1518  484  338  3  -2  
15  30  4  1525  497  341  3  -2  
15  30  4  1534  511  342  4  -2  
15  30  4  1543  518  343  4  -2  
15  30  4  1551  526  344  4  -2  
15  30  4  1560  527  344  4  -2  
15  30  4  1567  527  344  4  -2  
15  30  4  1576  527  344  4  -2  
15  30  4  1584  527  344  4  -2  
15  30  4  1592  527  344  4  -2  
15  30  4  1601  527  344  4  -2  
15  30  4  1610  527  344  4  -2  
15  30  4  1617  527  344  4  -2  
15  30  4  1626  527  344  4  -2  
15  30  4  1635  527  344  4  -2  
15  30  4  1643  527  344  4  -2  
15  30  4  1652  528  344  4  -2  
15  30  4  1659  529  344  4  -2  
15  30  4  1668  530  344  4  -2  
15  30  4  1675  531  344  4  -2  
15  30  4  1683  532  344  4  -2  
15  30  4  1691  532  344  4  -2  
15  30  4  1700  532  344  4  -2  
15  30  4  1709  532  344  4  -2  
15  30  4  1719  532  344  4  -2  
15  30  4  1727  532  344  4  -2  
15  30  4  1734  532  344  4  -2  
15  30  4  1742  532  344  4  -2  
15  30  4  1750  532  344  4  -2  
15  30  4  1759  532  344  4  -2  
15  30  4  1766  532  344  4  -2  
15  30  4  1776  531  344  4  -2  
15  30  4  1784  527  344  4  -2  
15  30  4  1793  522  344  4  -2  
15  30  4  1801  515  344  4  -2  
15  30  4  1809  509  344  4  -2  
15  30  4  1817  485  344  4  -2  
15  30  4  1826  485  344  4  -2  
15  30  4  1836  459  343  4  -2  
15  30  4  1843  445  343  4  -2  
15  30  4  1852  432  343  4  -2  
15  30  4  1859  419  340  4  -2  
15  30  4  1869  408  339  4  -2  
15  30  4  1876  398  338  4  -2  
15  30  4  1884  393  337  4  -2  
15  30  4  1892  390  337  5  -2  
15  30  4  1902  388  336  5  -2  
15  30  4  1910  388  336  5  -2  
15  30  4  1920  388  336  5  -2  
15  30  4  1926  388  336  5  -2  
15  30  4  1935  388  336  5  -2  
15  30  4  1944  388  336  5  -2  
15  30  4  1952  388  336  5  -2  
15  30  4  1959  388  336  5  -2  
15  30  4  1969  388  336  5  -2  
15  30  4  1975  388  336  5  -2  
15  30  4  1983  388  336  5  -2  
15  30  4  1992  388  336  5  -2  
15  30  4  2003  388  336  5  -2  
15  30  4  2010  388  336  5  -2  
15  30  4  2019  388  336  5  -2  
15  30  4  2026  388  336  5  -2  
15  30  4  2036  388  336  5  -2  
15  30  4  2042  388  336  5  -2  
15  30  4  2053  388  336  5  -2  
15  30  4  2060  388  336  5  -2  
15  30  4  2069  388  336  5  -2  
15  30  4  2076  388  336  5  -2  
15  30  4  2086  388  336  5  -2  
15  30  4  2093  386  336  5  -2  
15  30  4  2103  386  336  5  -2  
15  30  4  2110  385  336  5  -2  
15  30  4  2118  385  336  5  -2  
15  30  4  2127  384  336  5  -2  
15  30  4  2136  382  336  5  -2  
15  30  4  2143  382  336  5  -2  
15  30  4  2150  380  336  5  -2  
15  30  4  2160  378  336  5  -2  
15  30  4  2169  376  336  5  -2  
15  30  4  2177  372  336  5  -2  
15  30  4  2186  371  336  5  -2  
15  30  4  2193  368  336  5  -2  
15  30  4  2203  368  336  5  -2  
15  30  4  2210  366  336  5  -2  
15  30  4  2219  366  336  5  -2  
15  30  4  2226  366  336  5  -2  
15  30  4  2236  366  336  5  -2  
15  30  4  2244  366  336  5  -2  
15  30  4  2253  366  336  5  -2  
15  30  4  2260  366  336  5  -2  
15  30  4  2269  366  336  5  -2  
15  30  5  2277  366  336  5  -2  
15  30  5  2286  366  336  5  -2  
15  30  5  2294  366  336  5  -2  
15  30  5  2303  366  336  5  -2  
15  30  5  2310  366  336  5  -2  
15  30  5  2319  366  336  5  -2  
15  30  5  2327  366  336  5  -2  
15  30  5  2336  366  336  5  -2  
15  30  5  2344  366  336  5  -2  
15  30  5  2353  366  336  5  -2  
15  30  5  2360  366  336  5  -2  
15  30  5  2369  366  336  5  -2  
15  30  5  2377  366  336  5  -2  
15  30  5  2386  366  336  5  -2  
15  30  5  2394  366  336  5  -2  
15  30  5  2404  366  336  5  -2  
