10  17  41  0  349  305  1  -2  
10  17  41  9  349  305  1  -2  
10  17  41  17  349  305  1  -2  
10  17  41  26  349  305  1  -2  
10  17  41  34  349  305  1  -2  
10  17  41  42  349  305  1  -2  
10  17  41  50  349  305  1  -2  
10  17  41  59  349  305  1  -2  
10  17  41  67  349  305  1  -2  
10  17  41  75  349  305  1  -2  
10  17  41  84  349  305  1  -2  
10  17  41  92  349  305  1  -2  
10  17  41  99  349  305  1  -2  
10  17  41  109  349  305  1  -2  
10  17  41  117  349  305  1  -2  
10  17  41  126  349  305  1  -2  
10  17  41  134  349  305  1  -2  
10  17  41  142  349  305  1  -2  
10  17  41  150  349  305  1  -2  
10  17  41  159  349  305  1  -2  
10  17  41  166  349  305  1  -2  
10  17  41  176  349  305  1  -2  
10  17  41  184  349  305  1  -2  
10  17  41  192  349  305  1  -2  
10  17  42  200  349  305  1  -2  
10  17  42  209  349  305  1  -2  
10  17  42  218  349  305  1  -2  
10  17  42  225  349  305  1  -2  
10  17  42  234  349  305  1  -2  
10  17  42  242  349  305  1  -2  
10  17  42  250  349  305  1  -2  
10  17  42  259  349  305  1  -2  
10  17  42  268  349  305  1  -2  
10  17  42  276  349  305  1  -2  
10  17  42  284  349  304  1  -2  
10  17  42  292  350  303  1  -2  
10  17  42  301  352  303  1  -2  
10  17  42  309  358  303  1  -2  
10  17  42  318  361  303  1  -2  
10  17  42  326  365  303  1  -2  
10  17  42  334  372  303  1  -2  
10  17  42  342  382  303  1  -2  
10  17  42  351  391  303  1  -2  
10  17  42  359  401  303  1  -2  
10  17  42  369  411  303  1  -2  
10  17  42  376  419  303  1  -2  
10  17  42  383  429  303  1  -2  
10  17  42  393  438  303  1  -2  
10  17  42  401  443  303  1  -2  
10  17  42  409  448  303  1  -2  
10  17  42  418  451  303  1  -2  
10  17  42  425  452  303  1  -2  
10  17  42  434  455  303  1  -2  
10  17  42  442  456  303  1  -2  
10  17  42  451  456  303  1  -2  
10  17  42  459  457  303  1  -2  
10  17  42  467  459  303  1  -2  
10  17  42  476  460  303  1  -2  
10  17  42  484  461  303  1  -2  
10  17  42  492  463  303  1  -2  
10  17  42  501  467  303  1  -2  
10  17  42  510  473  303  1  -2  
10  17  42  518  477  303  1  -2  
10  17  42  526  481  303  1  -2  
10  17  42  534  484  303  1  -2  
10  17  42  543  487  303  1  -2  
10  17  42  551  490  303  1  -2  
10  17  42  559  492  303  1  -2  
10  17  42  567  492  303  1  -2  
10  17  42  576  492  303  1  -2  
10  17  42  583  493  303  1  -2  
10  17  42  592  494  303  1  -2  
10  17  42  601  494  303  1  -2  
10  17  42  610  494  303  1  -2  
10  17  42  618  494  303  1  -2  
10  17  42  627  494  303  1  -2  
10  17  42  635  494  303  1  -2  
10  17  42  642  494  303  1  -2  
10  17  42  650  494  303  1  -2  
10  17  42  659  494  303  1  -2  
10  17  42  668  494  303  1  -2  
10  17  42  676  494  303  1  -2  
10  17  42  684  494  303  1  -2  
10  17  42  693  494  303  1  -2  
10  17  42  701  494  303  1  -2  
10  17  42  709  494  303  1  -2  
10  17  42  719  494  303  1  -2  
10  17  42  725  494  303  1  -2  
10  17  42  734  494  303  1  -2  
10  17  42  743  494  303  1  -2  
10  17  42  751  494  303  1  -2  
10  17  42  759  494  303  1  -2  
10  17  42  767  494  303  1  -2  
10  17  42  776  494  303  1  -2  
10  17  42  784  494  303  1  -2  
10  17  42  792  494  303  1  -2  
10  17  42  801  494  303  1  -2  
10  17  42  809  494  303  1  -2  
10  17  42  817  494  303  1  -2  
10  17  42  825  494  303  1  -2  
10  17  42  834  494  303  1  -2  
10  17  42  843  494  303  1  -2  
10  17  42  851  494  303  1  -2  
10  17  42  860  494  303  1  -2  
10  17  42  869  494  303  1  -2  
10  17  42  876  494  303  1  -2  
10  17  42  884  494  303  1  -2  
10  17  42  893  494  303  1  -2  
10  17  42  901  494  303  1  -2  
10  17  42  909  494  303  1  -2  
10  17  42  919  494  303  1  -2  
10  17  42  925  494  303  1  -2  
10  17  42  934  494  303  1  -2  
10  17  42  943  494  303  1  -2  
10  17  42  952  494  303  1  -2  
10  17  42  959  494  303  1  -2  
10  17  42  968  494  303  1  -2  
10  17  42  976  494  303  1  -2  
10  17  42  984  494  303  1  -2  
10  17  42  993  494  303  1  -2  
10  17  42  1002  494  303  1  -2  
10  17  42  1010  494  303  1  -2  
10  17  42  1017  494  303  1  -2  
10  17  42  1026  494  303  1  -2  
10  17  42  1034  494  303  1  -2  
10  17  42  1042  494  303  1  -2  
10  17  42  1051  494  303  1  -2  
10  17  42  1059  494  303  1  -2  
10  17  42  1069  494  303  1  -2  
10  17  42  1076  494  303  1  -2  
10  17  42  1084  494  303  1  -2  
10  17  42  1093  494  303  1  -2  
10  17  42  1101  494  303  1  -2  
10  17  42  1110  494  303  1  -2  
10  17  42  1119  494  303  1  -2  
10  17  42  1127  494  303  1  -2  
10  17  42  1135  494  303  1  -2  
10  17  42  1143  494  303  1  -2  
10  17  42  1151  494  303  1  -2  
10  17  42  1160  494  303  1  -2  
10  17  42  1169  494  303  1  -2  
10  17  42  1176  494  303  1  -2  
10  17  42  1184  494  303  1  -2  
10  17  42  1192  494  303  1  -2  
10  17  43  1201  494  303  1  -2  
10  17  43  1209  494  303  1  -2  
10  17  43  1219  494  303  1  -2  
10  17  43  1227  494  303  1  -2  
10  17  43  1234  492  303  1  -2  
10  17  43  1243  490  303  1  -2  
10  17  43  1251  488  304  1  -2  
10  17  43  1260  484  307  1  -2  
10  17  43  1269  480  308  1  -2  
10  17  43  1277  477  309  1  -2  
10  17  43  1284  465  312  1  -2  
10  17  43  1293  465  312  1  -2  
10  17  43  1301  449  316  1  -2  
10  17  43  1310  441  316  1  -2  
10  17  43  1319  434  318  1  -2  
10  17  43  1327  423  320  1  -2  
10  17  43  1335  417  320  1  -2  
10  17  43  1343  410  321  1  -2  
10  17  43  1352  403  322  1  -2  
10  17  43  1360  396  322  1  -2  
10  17  43  1369  389  324  1  -2  
10  17  43  1376  383  326  1  -2  
10  17  43  1384  378  327  1  -2  
10  17  43  1393  374  327  1  -2  
10  17  43  1401  369  327  1  -2  
10  17  43  1410  367  327  1  -2  
10  17  43  1419  365  327  1  -2  
10  17  43  1427  364  327  1  -2  
10  17  43  1434  362  328  1  -2  
10  17  43  1443  362  329  1  -2  
10  17  43  1451  362  329  1  -2  
10  17  43  1461  361  329  1  -2  
10  17  43  1469  360  329  1  -2  
10  17  43  1476  360  329  1  -2  
10  17  43  1484  359  330  1  -2  
10  17  43  1493  359  330  1  -2  
10  17  43  1500  359  330  1  -2  
10  17  43  1510  359  330  1  -2  
10  17  43  1518  359  330  1  -2  
10  17  43  1525  359  330  1  -2  
10  17  43  1535  359  330  1  -2  
10  17  43  1542  359  330  1  -2  
10  17  43  1551  359  330  1  -2  
10  17  43  1560  359  330  1  -2  
10  17  43  1568  359  330  1  -2  
10  17  43  1575  359  330  1  -2  
10  17  43  1584  359  330  1  -2  
10  17  43  1592  359  330  1  -2  
10  17  43  1601  359  330  1  -2  
10  17  43  1609  359  330  1  -2  
10  17  43  1618  359  330  1  -2  
10  17  43  1626  359  330  1  -2  
10  17  43  1635  359  330  1  -2  
10  17  43  1642  359  330  1  -2  
10  17  43  1650  359  330  1  -2  
10  17  43  1659  359  330  1  -2  
10  17  43  1668  359  330  1  -2  
10  17  43  1675  359  330  1  -2  
10  17  43  1684  359  330  1  -2  
10  17  43  1691  359  330  1  -2  
10  17  43  1701  359  330  1  -2  
10  17  43  1709  359  330  1  -2  
10  17  43  1718  359  330  1  -2  
10  17  43  1726  359  330  1  -2  
10  17  43  1734  359  328  1  -2  
10  17  43  1742  361  326  1  -2  
10  17  43  1750  363  324  1  -2  
10  17  43  1759  366  321  1  -2  
10  17  43  1768  372  319  1  -2  
10  17  43  1775  377  318  1  -2  
10  17  43  1784  383  315  1  -2  
10  17  43  1793  388  314  1  -2  
10  17  43  1801  394  314  1  -2  
10  17  43  1809  399  313  1  -2  
10  17  43  1818  404  313  1  -2  
10  17  43  1826  411  312  1  -2  
10  17  43  1833  418  310  1  -2  
10  17  43  1842  424  310  1  -2  
10  17  43  1851  429  310  1  -2  
10  17  43  1859  434  310  1  -2  
10  17  43  1868  441  310  1  -2  
10  17  43  1875  447  310  1  -2  
10  17  43  1885  453  310  1  -2  
10  17  43  1893  469  310  1  -2  
10  17  43  1902  476  310  1  -2  
10  17  43  1910  483  310  1  -2  
10  17  43  1918  488  310  1  -2  
10  17  43  1926  495  310  2  -2  
10  17  43  1934  498  310  2  -2  
10  17  43  1942  501  310  2  -2  
10  17  43  1951  505  310  2  -2  
10  17  43  1959  507  310  2  -2  
10  17  43  1968  510  310  2  -2  
10  17  43  1976  512  310  2  -2  
10  17  43  1984  515  310  2  -2  
10  17  43  1992  519  310  2  -2  
10  17  43  2000  521  310  2  -2  
10  17  43  2010  525  310  2  -2  
10  17  43  2018  529  310  2  -2  
10  17  43  2025  530  310  2  -2  
10  17  43  2035  533  310  2  -2  
10  17  43  2043  535  311  2  -2  
10  17  43  2051  536  311  2  -2  
10  17  43  2060  538  313  2  -2  
10  17  43  2068  538  313  2  -2  
10  17  43  2076  540  314  2  -2  
10  17  43  2084  540  314  2  -2  
10  17  43  2093  540  314  2  -2  
10  17  43  2102  540  314  2  -2  
10  17  43  2109  540  314  2  -2  
10  17  43  2118  540  314  2  -2  
10  17  43  2126  540  314  2  -2  
10  17  43  2135  540  314  2  -2  
10  17  43  2142  540  314  2  -2  
10  17  43  2152  540  314  2  -2  
10  17  43  2160  540  314  2  -2  
10  17  43  2168  540  314  2  -2  
10  17  43  2176  540  314  2  -2  
10  17  43  2185  540  314  2  -2  
10  17  43  2192  540  314  2  -2  
10  17  44  2202  540  314  2  -2  
10  17  44  2210  540  314  2  -2  
10  17  44  2219  540  314  2  -2  
10  17  44  2227  540  314  2  -2  
10  17  44  2234  540  314  2  -2  
10  17  44  2242  540  314  2  -2  
10  17  44  2251  540  314  2  -2  
10  17  44  2260  540  314  2  -2  
10  17  44  2268  538  315  2  -2  
10  17  44  2277  537  316  2  -2  
10  17  44  2285  535  318  2  -2  
10  17  44  2293  533  319  2  -2  
10  17  44  2302  533  319  2  -2  
10  17  44  2310  530  320  2  -2  
10  17  44  2318  528  320  2  -2  
10  17  44  2326  527  321  2  -2  
10  17  44  2335  525  321  2  -2  
10  17  44  2344  521  322  2  -2  
10  17  44  2351  520  322  2  -2  
10  17  44  2360  517  322  2  -2  
10  17  44  2368  513  322  2  -2  
10  17  44  2375  512  323  2  -2  
10  17  44  2385  509  323  2  -2  
10  17  44  2393  507  323  2  -2  
10  17  44  2402  505  324  2  -2  
10  17  44  2411  503  324  2  -2  
10  17  44  2420  500  324  2  -2  
10  17  44  2427  498  324  2  -2  
10  17  44  2437  495  324  2  -2  
10  17  44  2444  491  324  2  -2  
10  17  44  2454  488  326  2  -2  
10  17  44  2462  481  326  2  -2  
10  17  44  2469  476  326  2  -2  
10  17  44  2478  472  326  2  -2  
10  17  44  2486  466  326  2  -2  
10  17  44  2494  461  326  2  -2  
10  17  44  2503  456  326  2  -2  
10  17  44  2511  450  326  2  -2  
10  17  44  2519  445  326  2  -2  
10  17  44  2528  440  326  2  -2  
10  17  44  2535  434  325  2  -2  
10  17  44  2544  429  324  2  -2  
10  17  44  2553  425  324  2  -2  
10  17  44  2561  421  323  2  -2  
10  17  44  2569  419  322  2  -2  
10  17  44  2578  415  322  2  -2  
10  17  44  2586  411  322  2  -2  
10  17  44  2594  408  321  2  -2  
10  17  44  2603  405  321  2  -2  
10  17  44  2612  402  321  2  -2  
10  17  44  2619  398  321  3  -2  
10  17  44  2626  396  321  3  -2  
10  17  44  2636  392  321  3  -2  
10  17  44  2643  388  321  3  -2  
10  17  44  2653  387  321  3  -2  
10  17  44  2661  383  321  3  -2  
10  17  44  2669  381  321  3  -2  
10  17  44  2678  377  321  3  -2  
10  17  44  2686  374  321  3  -2  
10  17  44  2694  373  321  3  -2  
10  17  44  2703  371  321  3  -2  
10  17  44  2711  369  321  3  -2  
10  17  44  2720  369  321  3  -2  
10  17  44  2727  366  320  3  -2  
10  17  44  2736  366  320  3  -2  
10  17  44  2745  365  320  3  -2  
10  17  44  2753  363  320  3  -2  
10  17  44  2761  363  320  3  -2  
10  17  44  2769  362  320  3  -2  
10  17  44  2778  360  319  3  -2  
10  17  44  2786  360  319  3  -2  
10  17  44  2794  359  319  3  -2  
10  17  44  2803  358  319  3  -2  
10  17  44  2811  357  319  3  -2  
10  17  44  2819  356  319  3  -2  
10  17  44  2828  353  317  3  -2  
10  17  44  2836  353  317  3  -2  
10  17  44  2844  351  317  3  -2  
10  17  44  2853  350  316  3  -2  
10  17  44  2862  349  316  3  -2  
10  17  44  2871  348  316  3  -2  
10  17  44  2880  347  316  3  -2  
10  17  44  2888  346  315  3  -2  
10  17  44  2895  346  315  3  -2  
10  17  44  2903  346  315  3  -2  
10  17  44  2912  345  314  3  -2  
10  17  44  2921  345  314  3  -2  
10  17  44  2928  345  314  3  -2  
10  17  44  2936  345  314  3  -2  
10  17  44  2945  345  314  3  -2  
10  17  44  2953  345  314  3  -2  
10  17  44  2960  345  314  3  -2  
10  17  44  2971  345  314  3  -2  
10  17  44  2978  345  314  3  -2  
10  17  44  2987  345  314  3  -2  
10  17  44  2995  345  314  3  -2  
10  17  44  3002  345  314  3  -2  
10  17  44  3012  345  314  3  -2  
10  17  44  3020  345  314  3  -2  
10  17  44  3028  345  314  3  -2  
10  17  44  3036  345  314  3  -2  
10  17  44  3045  345  314  3  -2  
10  17  44  3053  345  314  3  -2  
10  17  44  3061  345  314  3  -2  
10  17  44  3071  345  314  3  -2  
10  17  44  3077  345  314  3  -2  
10  17  44  3086  345  314  3  -2  
10  17  44  3095  345  314  3  -2  
10  17  44  3103  345  314  3  -2  
10  17  44  3111  345  314  3  -2  
