11  43  50  0  355  320  1  -2  
11  43  50  7  355  320  1  -2  
11  43  50  17  355  320  1  -2  
11  43  50  24  355  320  1  -2  
11  43  51  33  355  320  1  -2  
11  43  51  40  355  320  1  -2  
11  43  51  50  355  320  1  -2  
11  43  51  58  355  320  1  -2  
11  43  51  66  355  320  1  -2  
11  43  51  74  355  320  1  -2  
11  43  51  82  355  320  1  -2  
11  43  51  89  355  320  1  -2  
11  43  51  99  355  320  1  -2  
11  43  51  106  355  320  1  -2  
11  43  51  116  355  320  1  -2  
11  43  51  122  355  320  1  -2  
11  43  51  132  355  320  1  -2  
11  43  51  139  355  320  1  -2  
11  43  51  149  355  320  1  -2  
11  43  51  156  355  320  1  -2  
11  43  51  165  355  320  1  -2  
11  43  51  173  355  320  1  -2  
11  43  51  182  355  320  1  -2  
11  43  51  189  355  320  1  -2  
11  43  51  199  355  320  1  -2  
11  43  51  207  355  320  1  -2  
11  43  51  216  355  320  1  -2  
11  43  51  223  355  320  1  -2  
11  43  51  232  355  320  1  -2  
11  43  51  239  355  320  1  -2  
11  43  51  249  355  320  1  -2  
11  43  51  257  355  320  1  -2  
11  43  51  265  355  320  1  -2  
11  43  51  273  355  320  1  -2  
11  43  51  282  355  320  1  -2  
11  43  51  289  355  320  1  -2  
11  43  51  299  355  320  1  -2  
11  43  51  306  355  320  1  -2  
11  43  51  315  355  320  1  -2  
11  43  51  323  355  320  1  -2  
11  43  51  332  355  320  1  -2  
11  43  51  339  355  320  1  -2  
11  43  51  349  355  320  1  -2  
11  43  51  357  355  320  1  -2  
11  43  51  365  355  320  1  -2  
11  43  51  373  355  320  1  -2  
11  43  51  382  355  320  1  -2  
11  43  51  389  355  320  1  -2  
11  43  51  399  355  320  1  -2  
11  43  51  406  355  320  1  -2  
11  43  51  415  355  320  1  -2  
11  43  51  423  355  320  1  -2  
11  43  51  432  355  320  1  -2  
11  43  51  439  355  320  1  -2  
11  43  51  449  355  320  1  -2  
11  43  51  456  355  320  1  -2  
11  43  51  466  355  320  1  -2  
11  43  51  473  355  320  1  -2  
11  43  51  482  355  320  1  -2  
11  43  51  489  355  320  1  -2  
11  43  51  499  355  320  1  -2  
11  43  51  506  355  320  1  -2  
11  43  51  515  355  320  1  -2  
11  43  51  523  355  320  1  -2  
11  43  51  532  355  320  1  -2  
11  43  51  539  355  320  1  -2  
11  43  51  549  355  320  1  -2  
11  43  51  557  355  320  1  -2  
11  43  51  565  355  320  1  -2  
11  43  51  573  355  320  1  -2  
11  43  51  583  355  320  1  -2  
11  43  51  590  355  320  1  -2  
11  43  51  600  355  320  1  -2  
11  43  51  607  355  320  1  -2  
11  43  51  616  355  320  1  -2  
11  43  51  623  355  320  1  -2  
11  43  51  632  355  320  1  -2  
11  43  51  640  355  320  1  -2  
11  43  51  649  355  320  1  -2  
11  43  51  656  355  320  1  -2  
11  43  51  665  355  320  1  -2  
11  43  51  674  355  320  1  -2  
11  43  51  682  355  320  1  -2  
11  43  51  690  355  320  1  -2  
11  43  51  699  355  320  1  -2  
11  43  51  706  355  320  1  -2  
11  43  51  715  355  320  1  -2  
11  43  51  724  355  320  1  -2  
11  43  51  732  355  320  1  -2  
11  43  51  740  355  320  1  -2  
11  43  51  749  355  320  1  -2  
11  43  51  756  355  320  1  -2  
11  43  51  765  359  321  1  -2  
11  43  51  773  368  322  1  -2  
11  43  51  782  378  322  1  -2  
11  43  51  791  388  324  1  -2  
11  43  51  799  400  326  1  -2  
11  43  51  806  412  328  1  -2  
11  43  51  815  424  329  1  -2  
11  43  51  823  434  329  1  -2  
11  43  51  832  444  330  1  -2  
11  43  51  840  451  330  1  -2  
11  43  51  849  456  330  1  -2  
11  43  51  856  460  330  1  -2  
11  43  51  866  463  330  1  -2  
11  43  51  873  467  330  1  -2  
11  43  51  882  469  330  1  -2  
11  43  51  890  470  330  1  -2  
11  43  51  899  472  330  1  -2  
11  43  51  907  473  330  1  -2  
11  43  51  916  476  330  1  -2  
11  43  51  924  478  330  1  -2  
11  43  51  931  483  332  1  -2  
11  43  51  940  486  333  1  -2  
11  43  51  949  490  333  1  -2  
11  43  51  957  492  333  1  -2  
11  43  51  965  495  333  1  -2  
11  43  51  973  499  333  2  -2  
11  43  51  982  500  333  2  -2  
11  43  51  990  504  333  2  -2  
11  43  51  999  505  333  2  -2  
11  43  51  1008  507  333  2  -2  
11  43  51  1016  509  333  2  -2  
11  43  51  1023  510  333  2  -2  
11  43  51  1031  512  333  2  -2  
11  43  52  1040  513  333  2  -2  
11  43  52  1049  513  333  2  -2  
11  43  52  1058  516  334  2  -2  
11  43  52  1065  519  334  2  -2  
11  43  52  1074  519  334  2  -2  
11  43  52  1082  520  335  2  -2  
11  43  52  1090  523  335  2  -2  
11  43  52  1099  524  335  2  -2  
11  43  52  1107  524  335  2  -2  
11  43  52  1116  524  335  2  -2  
11  43  52  1123  525  335  2  -2  
11  43  52  1133  525  335  2  -2  
11  43  52  1140  526  335  2  -2  
11  43  52  1149  527  335  2  -2  
11  43  52  1158  529  335  2  -2  
11  43  52  1164  530  335  2  -2  
11  43  52  1174  530  335  2  -2  
11  43  52  1181  531  335  2  -2  
11  43  52  1190  531  335  2  -2  
11  43  52  1199  531  335  2  -2  
11  43  52  1207  532  335  2  -2  
11  43  52  1216  532  335  2  -2  
11  43  52  1224  534  335  2  -2  
11  43  52  1231  534  335  2  -2  
11  43  52  1240  534  335  2  -2  
11  43  52  1249  534  335  2  -2  
11  43  52  1258  534  335  2  -2  
11  43  52  1265  534  335  2  -2  
11  43  52  1274  534  335  2  -2  
11  43  52  1281  534  335  2  -2  
11  43  52  1290  534  335  2  -2  
11  43  52  1299  534  335  2  -2  
11  43  52  1308  534  335  2  -2  
11  43  52  1314  534  335  2  -2  
11  43  52  1324  534  335  2  -2  
11  43  52  1332  534  335  2  -2  
11  43  52  1340  534  335  2  -2  
11  43  52  1349  532  335  2  -2  
11  43  52  1358  528  335  2  -2  
11  43  52  1365  527  335  2  -2  
11  43  52  1373  523  335  2  -2  
11  43  52  1382  518  335  2  -2  
11  43  52  1390  514  335  2  -2  
11  43  52  1399  512  335  2  -2  
11  43  52  1408  507  335  2  -2  
11  43  52  1416  501  335  2  -2  
11  43  52  1424  498  335  2  -2  
11  43  52  1431  493  335  2  -2  
11  43  52  1440  489  335  2  -2  
11  43  52  1449  484  335  2  -2  
11  43  52  1458  480  335  2  -2  
11  43  52  1466  470  335  2  -2  
11  43  52  1473  465  335  2  -2  
11  43  52  1481  465  335  2  -2  
11  43  52  1492  461  335  2  -2  
11  43  52  1499  452  335  2  -2  
11  43  52  1508  450  335  2  -2  
11  43  52  1516  446  335  2  -2  
11  43  52  1523  443  335  2  -2  
11  43  52  1532  440  335  2  -2  
11  43  52  1541  437  335  2  -2  
11  43  52  1549  434  335  2  -2  
11  43  52  1558  431  335  2  -2  
11  43  52  1567  427  335  2  -2  
11  43  52  1574  422  335  2  -2  
11  43  52  1582  418  335  2  -2  
11  43  52  1591  414  335  2  -2  
11  43  52  1599  411  335  2  -2  
11  43  52  1608  407  335  2  -2  
11  43  52  1617  402  335  2  -2  
11  43  52  1624  397  335  2  -2  
11  43  52  1632  392  335  3  -2  
11  43  52  1640  386  335  3  -2  
11  43  52  1649  381  335  3  -2  
11  43  52  1658  376  335  3  -2  
11  43  52  1666  367  335  3  -2  
11  43  52  1674  362  335  3  -2  
11  43  52  1681  358  335  3  -2  
11  43  52  1692  358  335  3  -2  
11  43  52  1699  351  335  3  -2  
11  43  52  1709  348  335  3  -2  
11  43  52  1716  347  335  3  -2  
11  43  52  1724  345  335  3  -2  
11  43  52  1732  345  335  3  -2  
11  43  52  1741  344  335  3  -2  
11  43  52  1749  344  335  3  -2  
11  43  52  1758  344  335  3  -2  
11  43  52  1766  344  335  3  -2  
11  43  52  1775  344  335  3  -2  
11  43  52  1782  344  335  3  -2  
11  43  52  1792  344  335  3  -2  
11  43  52  1799  344  335  3  -2  
11  43  52  1808  344  335  3  -2  
11  43  52  1816  344  335  3  -2  
11  43  52  1823  344  335  3  -2  
11  43  52  1832  344  335  3  -2  
11  43  52  1840  344  335  3  -2  
11  43  52  1848  344  335  3  -2  
11  43  52  1857  344  335  3  -2  
11  43  52  1866  344  335  3  -2  
11  43  52  1873  344  335  3  -2  
11  43  52  1882  344  335  3  -2  
11  43  52  1889  344  335  3  -2  
11  43  52  1899  344  335  3  -2  
11  43  52  1908  344  335  3  -2  
11  43  52  1916  344  335  3  -2  
11  43  52  1924  344  335  3  -2  
11  43  52  1931  344  335  3  -2  
11  43  52  1940  344  335  3  -2  
11  43  52  1949  344  335  3  -2  
11  43  52  1957  344  335  3  -2  
11  43  52  1965  344  335  3  -2  
11  43  52  1973  344  335  3  -2  
11  43  52  1982  344  335  3  -2  
11  43  52  1991  344  335  3  -2  
11  43  52  1999  344  335  3  -2  
11  43  52  2007  344  335  3  -2  
11  43  52  2016  344  335  3  -2  
11  43  52  2023  344  335  3  -2  
11  43  52  2032  344  335  3  -2  
11  43  53  2041  344  335  3  -2  
11  43  53  2049  344  335  3  -2  
11  43  53  2057  344  335  3  -2  
11  43  53  2066  344  335  3  -2  
11  43  53  2074  344  335  3  -2  
11  43  53  2082  344  335  3  -2  
11  43  53  2090  344  335  3  -2  
11  43  53  2098  344  335  3  -2  
11  43  53  2107  344  335  3  -2  
11  43  53  2116  344  335  3  -2  
11  43  53  2124  344  335  3  -2  
11  43  53  2134  344  335  3  -2  
11  43  53  2144  344  335  3  -2  
11  43  53  2151  344  335  3  -2  
11  43  53  2160  344  335  3  -2  
11  43  53  2168  344  335  3  -2  
11  43  53  2176  344  335  3  -2  
11  43  53  2186  344  335  3  -2  
11  43  53  2194  345  335  3  -2  
11  43  53  2201  348  335  3  -2  
11  43  53  2212  352  335  3  -2  
11  43  53  2218  358  335  3  -2  
11  43  53  2228  368  335  3  -2  
11  43  53  2234  378  335  3  -2  
11  43  53  2245  390  335  3  -2  
11  43  53  2252  400  335  3  -2  
11  43  53  2261  410  335  3  -2  
11  43  53  2268  420  335  3  -2  
11  43  53  2277  428  335  3  -2  
11  43  53  2286  438  335  3  -2  
11  43  53  2294  448  335  3  -2  
11  43  53  2301  460  335  3  -2  
11  43  53  2310  470  335  3  -2  
11  43  53  2318  478  335  3  -2  
11  43  53  2327  487  335  3  -2  
11  43  53  2336  494  335  3  -2  
11  43  53  2344  502  337  4  -2  
11  43  53  2351  511  339  4  -2  
11  43  53  2362  518  339  4  -2  
11  43  53  2368  530  340  4  -2  
11  43  53  2378  530  340  4  -2  
11  43  53  2384  536  341  4  -2  
11  43  53  2395  536  341  4  -2  
11  43  53  2401  538  341  4  -2  
11  43  53  2410  538  341  4  -2  
11  43  53  2418  538  341  4  -2  
11  43  53  2428  538  341  4  -2  
11  43  53  2434  538  341  4  -2  
11  43  53  2444  538  341  4  -2  
11  43  53  2452  538  341  4  -2  
11  43  53  2458  539  341  4  -2  
11  43  53  2468  539  341  4  -2  
11  43  53  2478  539  341  4  -2  
11  43  53  2484  539  341  4  -2  
11  43  53  2494  539  341  4  -2  
11  43  53  2501  539  341  4  -2  
11  43  53  2512  539  341  4  -2  
11  43  53  2519  539  341  4  -2  
11  43  53  2528  539  341  4  -2  
11  43  53  2534  539  341  4  -2  
11  43  53  2545  539  341  4  -2  
11  43  53  2552  539  341  4  -2  
11  43  53  2562  538  341  4  -2  
11  43  53  2569  528  341  4  -2  
11  43  53  2578  528  341  4  -2  
11  43  53  2585  511  341  4  -2  
11  43  53  2595  511  341  4  -2  
11  43  53  2602  496  341  4  -2  
11  43  53  2612  489  341  4  -2  
11  43  53  2619  482  341  4  -2  
11  43  53  2628  478  341  4  -2  
11  43  53  2635  473  341  4  -2  
11  43  53  2644  468  341  4  -2  
11  43  53  2652  465  341  4  -2  
11  43  53  2662  462  341  4  -2  
11  43  53  2669  457  341  4  -2  
11  43  53  2678  452  341  4  -2  
11  43  53  2685  447  341  4  -2  
11  43  53  2695  443  341  4  -2  
11  43  53  2702  438  341  4  -2  
11  43  53  2711  434  341  4  -2  
11  43  53  2719  433  341  4  -2  
11  43  53  2728  429  341  4  -2  
11  43  53  2736  424  341  4  -2  
11  43  53  2745  420  341  4  -2  
11  43  53  2752  416  341  4  -2  
11  43  53  2762  414  341  4  -2  
11  43  53  2769  405  341  4  -2  
11  43  53  2778  405  341  4  -2  
11  43  53  2785  390  341  4  -2  
11  43  53  2796  390  341  4  -2  
