15  28  57  0  356  315  1  -2  
15  28  57  9  356  315  1  -2  
15  28  57  17  356  315  1  -2  
15  28  57  27  356  315  1  -2  
15  28  57  33  356  315  1  -2  
15  28  57  43  356  315  1  -2  
15  28  57  50  356  315  1  -2  
15  28  57  59  356  315  1  -2  
15  28  57  67  356  315  1  -2  
15  28  57  76  356  315  1  -2  
15  28  57  85  356  315  1  -2  
15  28  57  93  356  315  1  -2  
15  28  57  100  356  315  1  -2  
15  28  57  109  356  315  1  -2  
15  28  57  117  356  315  1  -2  
15  28  57  126  356  315  1  -2  
15  28  57  134  356  315  1  -2  
15  28  57  143  356  315  1  -2  
15  28  57  150  356  315  1  -2  
15  28  57  159  356  315  1  -2  
15  28  57  166  356  315  1  -2  
15  28  57  176  356  315  1  -2  
15  28  57  185  356  315  1  -2  
15  28  57  192  356  315  1  -2  
15  28  57  200  356  315  1  -2  
15  28  57  209  356  315  1  -2  
15  28  57  217  356  315  1  -2  
15  28  57  226  357  315  1  -2  
15  28  57  235  360  315  1  -2  
15  28  57  243  365  315  1  -2  
15  28  57  250  370  316  1  -2  
15  28  57  259  376  317  1  -2  
15  28  57  267  381  317  1  -2  
15  28  57  276  386  318  1  -2  
15  28  57  285  393  319  1  -2  
15  28  57  293  405  322  1  -2  
15  28  57  300  405  322  1  -2  
15  28  57  309  410  322  1  -2  
15  28  57  317  417  323  1  -2  
15  28  57  326  420  323  1  -2  
15  28  57  334  421  323  1  -2  
15  28  57  343  424  323  1  -2  
15  28  57  350  424  323  1  -2  
15  28  57  360  427  323  1  -2  
15  28  57  367  429  323  1  -2  
15  28  57  377  436  323  1  -2  
15  28  57  385  444  323  1  -2  
15  28  57  393  454  323  1  -2  
15  28  57  401  466  327  1  -2  
15  28  57  409  481  327  1  -2  
15  28  57  416  495  330  1  -2  
15  28  57  426  506  331  2  -2  
15  28  57  435  517  334  2  -2  
15  28  57  442  519  334  2  -2  
15  28  57  450  522  334  2  -2  
15  28  57  459  522  334  2  -2  
15  28  57  467  522  334  2  -2  
15  28  57  477  522  334  2  -2  
15  28  57  485  522  334  2  -2  
15  28  57  492  522  334  2  -2  
15  28  57  500  522  334  2  -2  
15  28  57  509  522  334  2  -2  
15  28  57  517  522  334  2  -2  
15  28  57  526  522  334  2  -2  
15  28  57  535  522  334  2  -2  
15  28  57  542  522  334  2  -2  
15  28  57  551  522  334  2  -2  
15  28  57  559  522  334  2  -2  
15  28  57  567  522  334  2  -2  
15  28  57  577  522  334  2  -2  
15  28  57  585  522  334  2  -2  
15  28  57  592  522  334  2  -2  
15  28  57  600  522  334  2  -2  
15  28  57  609  522  334  2  -2  
15  28  57  618  522  334  2  -2  
15  28  57  626  522  334  2  -2  
15  28  57  634  522  334  2  -2  
15  28  57  642  522  334  2  -2  
15  28  57  651  522  334  2  -2  
15  28  57  659  522  334  2  -2  
15  28  57  667  522  334  2  -2  
15  28  57  676  522  334  2  -2  
15  28  57  684  522  334  2  -2  
15  28  57  692  522  334  2  -2  
15  28  57  700  522  334  2  -2  
15  28  57  709  522  334  2  -2  
15  28  58  718  522  334  2  -2  
15  28  58  727  521  334  2  -2  
15  28  58  735  518  333  2  -2  
15  28  58  742  511  332  2  -2  
15  28  58  750  499  332  2  -2  
15  28  58  759  487  332  2  -2  
15  28  58  768  475  329  2  -2  
15  28  58  777  462  328  2  -2  
15  28  58  785  452  328  2  -2  
15  28  58  793  438  327  2  -2  
15  28  58  801  425  327  2  -2  
15  28  58  810  412  325  2  -2  
15  28  58  817  398  323  3  -2  
15  28  58  826  386  321  3  -2  
15  28  58  835  379  320  3  -2  
15  28  58  842  374  319  3  -2  
15  28  58  851  370  319  3  -2  
15  28  58  859  366  319  3  -2  
15  28  58  866  365  317  3  -2  
15  28  58  875  363  317  3  -2  
15  28  58  884  361  317  3  -2  
15  28  58  891  361  317  3  -2  
15  28  58  900  359  317  3  -2  
15  28  58  908  359  317  3  -2  
15  28  58  917  358  317  3  -2  
15  28  58  925  358  317  3  -2  
15  28  58  934  357  317  3  -2  
15  28  58  941  356  317  3  -2  
15  28  58  949  355  317  3  -2  
15  28  58  959  355  317  3  -2  
15  28  58  967  354  317  3  -2  
15  28  58  975  353  317  3  -2  
15  28  58  984  353  317  3  -2  
15  28  58  991  352  317  3  -2  
15  28  58  1000  352  317  3  -2  
15  28  58  1008  351  317  3  -2  
15  28  58  1016  351  317  3  -2  
15  28  58  1025  351  317  3  -2  
15  28  58  1034  351  317  3  -2  
15  28  58  1042  351  317  3  -2  
15  28  58  1049  351  317  3  -2  
15  28  58  1058  351  317  3  -2  
15  28  58  1067  351  317  3  -2  
15  28  58  1075  351  317  3  -2  
15  28  58  1084  351  317  3  -2  
15  28  58  1091  351  317  3  -2  
15  28  58  1099  351  317  3  -2  
15  28  58  1108  351  317  3  -2  
15  28  58  1116  351  317  3  -2  
15  28  58  1125  351  317  3  -2  
15  28  58  1135  351  317  3  -2  
15  28  58  1142  351  317  3  -2  
15  28  58  1151  351  317  3  -2  
15  28  58  1158  351  317  3  -2  
15  28  58  1166  351  317  3  -2  
15  28  58  1175  351  317  3  -2  
15  28  58  1185  351  317  3  -2  
15  28  58  1193  351  317  3  -2  
15  28  58  1201  351  317  3  -2  
15  28  58  1209  352  317  3  -2  
15  28  58  1217  356  317  3  -2  
15  28  58  1226  359  317  3  -2  
15  28  58  1236  362  318  3  -2  
15  28  58  1245  365  318  3  -2  
15  28  58  1253  369  318  3  -2  
15  28  58  1260  370  318  3  -2  
15  28  58  1268  372  318  3  -2  
15  28  58  1276  372  318  3  -2  
15  28  58  1286  377  318  3  -2  
15  28  58  1294  384  318  3  -2  
15  28  58  1301  394  319  3  -2  
15  28  58  1311  403  322  3  -2  
15  28  58  1319  415  323  3  -2  
15  28  58  1327  425  324  3  -2  
15  28  58  1335  433  326  3  -2  
15  28  58  1344  440  326  3  -2  
15  28  58  1353  449  326  3  -2  
15  28  58  1361  456  328  3  -2  
15  28  58  1369  461  328  3  -2  
15  28  58  1378  465  329  3  -2  
15  28  58  1388  467  329  3  -2  
15  28  58  1395  470  329  3  -2  
15  28  58  1404  474  329  3  -2  
15  28  58  1411  477  330  3  -2  
15  28  58  1421  484  330  3  -2  
15  28  58  1428  508  338  4  -2  
15  28  58  1439  508  338  4  -2  
15  28  58  1446  542  343  4  -2  
15  28  58  1454  557  349  4  -2  
15  28  58  1462  571  350  4  -2  
15  28  58  1471  583  352  4  -2  
15  28  58  1479  589  352  4  -2  
15  28  58  1489  591  353  4  -2  
15  28  58  1495  591  353  4  -2  
15  28  58  1505  591  353  4  -2  
15  28  58  1511  591  353  4  -2  
15  28  58  1521  592  353  4  -2  
15  28  58  1529  592  353  4  -2  
15  28  58  1536  587  350  4  -2  
15  28  58  1546  587  350  4  -2  
15  28  58  1554  587  350  4  -2  
15  28  58  1561  587  350  4  -2  
15  28  58  1572  587  350  4  -2  
15  28  58  1578  587  350  4  -2  
15  28  58  1586  587  350  4  -2  
15  28  58  1596  587  350  4  -2  
15  28  58  1604  587  350  4  -2  
15  28  58  1610  585  349  4  -2  
15  28  58  1622  584  349  4  -2  
15  28  58  1630  583  346  4  -2  
15  28  58  1637  581  346  4  -2  
15  28  58  1645  580  346  4  -2  
15  28  58  1654  577  346  4  -2  
15  28  58  1662  574  346  4  -2  
15  28  58  1672  571  346  4  -2  
15  28  58  1679  567  346  4  -2  
15  28  58  1687  562  346  4  -2  
15  28  58  1696  557  346  4  -2  
15  28  58  1705  553  346  4  -2  
15  28  59  1711  550  346  4  -2  
15  28  59  1721  548  346  4  -2  
15  28  59  1728  548  346  4  -2  
15  28  59  1739  546  345  4  -2  
15  28  59  1746  544  345  4  -2  
15  28  59  1754  544  345  4  -2  
15  28  59  1761  543  345  4  -2  
15  28  59  1771  542  345  4  -2  
15  28  59  1779  540  345  4  -2  
15  28  59  1789  539  345  4  -2  
15  28  59  1797  535  345  4  -2  
15  28  59  1806  531  345  4  -2  
15  28  59  1813  520  345  4  -2  
15  28  59  1823  515  345  4  -2  
15  28  59  1831  506  345  4  -2  
15  28  59  1840  501  344  4  -2  
15  28  59  1846  497  342  4  -2  
15  28  59  1856  492  342  4  -2  
15  28  59  1864  488  342  4  -2  
15  28  59  1873  484  342  4  -2  
15  28  59  1880  481  341  4  -2  
15  28  59  1890  478  340  4  -2  
15  28  59  1896  472  340  4  -2  
15  28  59  1908  469  339  4  -2  
15  28  59  1914  461  336  4  -2  
15  28  59  1924  455  336  4  -2  
15  28  59  1932  446  335  4  -2  
15  28  59  1939  437  333  4  -2  
15  28  59  1948  425  330  4  -2  
15  28  59  1958  413  329  4  -2  
15  28  59  1964  393  326  5  -2  
15  28  59  1975  393  326  5  -2  
15  28  59  1982  381  324  5  -2  
15  28  59  1991  377  323  5  -2  
15  28  59  1997  376  323  5  -2  
15  28  59  2008  376  323  5  -2  
15  28  59  2015  376  323  5  -2  
15  28  59  2024  376  323  5  -2  
15  28  59  2032  376  323  5  -2  
15  28  59  2041  376  323  5  -2  
15  28  59  2049  376  323  5  -2  
15  28  59  2058  376  323  5  -2  
15  28  59  2065  376  323  5  -2  
15  28  59  2075  376  323  5  -2  
15  28  59  2081  376  323  5  -2  
15  28  59  2091  376  323  5  -2  
15  28  59  2099  375  323  5  -2  
15  28  59  2108  375  323  5  -2  
15  28  59  2116  374  323  5  -2  
15  28  59  2124  371  323  5  -2  
15  28  59  2132  367  322  5  -2  
15  28  59  2141  365  321  5  -2  
15  28  59  2148  362  321  5  -2  
15  28  59  2158  362  321  5  -2  
15  28  59  2166  362  321  5  -2  
15  28  59  2175  362  321  5  -2  
15  28  59  2181  362  321  5  -2  
15  28  59  2192  362  321  5  -2  
15  28  59  2198  362  321  5  -2  
15  28  59  2208  362  321  5  -2  
15  28  59  2217  362  321  5  -2  
15  28  59  2225  362  321  5  -2  
15  28  59  2233  362  321  5  -2  
