10  16  15  0  382  301  1  -2  
10  16  15  7  382  301  1  -2  
10  16  15  16  382  301  1  -2  
10  16  15  25  382  301  1  -2  
10  16  15  35  382  301  1  -2  
10  16  15  42  382  301  1  -2  
10  16  15  50  382  301  1  -2  
10  16  15  59  382  301  1  -2  
10  16  15  67  382  301  1  -2  
10  16  15  75  382  301  1  -2  
10  16  15  83  382  301  1  -2  
10  16  15  91  382  301  1  -2  
10  16  15  100  382  301  1  -2  
10  16  15  108  382  301  1  -2  
10  16  15  116  382  301  1  -2  
10  16  15  127  382  301  1  -2  
10  16  15  135  382  301  1  -2  
10  16  15  142  382  301  1  -2  
10  16  15  150  382  301  1  -2  
10  16  15  158  382  301  1  -2  
10  16  15  167  382  301  1  -2  
10  16  15  175  382  301  1  -2  
10  16  15  183  382  301  1  -2  
10  16  15  191  382  301  1  -2  
10  16  15  199  382  301  1  -2  
10  16  15  208  382  301  1  -2  
10  16  15  217  382  301  1  -2  
10  16  15  225  382  301  1  -2  
10  16  15  233  382  301  1  -2  
10  16  15  242  382  301  1  -2  
10  16  15  250  382  301  1  -2  
10  16  15  259  382  301  1  -2  
10  16  15  267  382  301  1  -2  
10  16  15  275  382  301  1  -2  
10  16  15  285  382  301  1  -2  
10  16  15  292  382  301  1  -2  
10  16  15  301  382  301  1  -2  
10  16  15  309  382  301  1  -2  
10  16  15  316  382  301  1  -2  
10  16  15  325  382  301  1  -2  
10  16  15  334  382  301  1  -2  
10  16  15  342  382  301  1  -2  
10  16  15  350  382  301  1  -2  
10  16  15  359  382  301  1  -2  
10  16  16  367  382  301  1  -2  
10  16  16  375  382  301  1  -2  
10  16  16  382  382  301  1  -2  
10  16  16  392  382  301  1  -2  
10  16  16  400  382  301  1  -2  
10  16  16  410  382  301  1  -2  
10  16  16  417  382  301  1  -2  
10  16  16  426  382  301  1  -2  
10  16  16  435  382  301  1  -2  
10  16  16  445  390  301  1  -2  
10  16  16  450  398  301  1  -2  
10  16  16  458  398  301  1  -2  
10  16  16  467  414  303  1  -2  
10  16  16  475  421  304  1  -2  
10  16  16  485  429  305  1  -2  
10  16  16  493  436  306  1  -2  
10  16  16  501  441  306  1  -2  
10  16  16  510  447  307  1  -2  
10  16  16  518  448  307  1  -2  
10  16  16  527  452  309  1  -2  
10  16  16  534  456  309  1  -2  
10  16  16  542  459  310  1  -2  
10  16  16  550  463  310  1  -2  
10  16  16  558  468  311  1  -2  
10  16  16  567  476  311  1  -2  
10  16  16  575  483  312  1  -2  
10  16  16  584  489  315  1  -2  
10  16  16  592  496  315  2  -2  
10  16  16  600  501  316  2  -2  
10  16  16  608  505  316  2  -2  
10  16  16  617  507  317  2  -2  
10  16  16  627  510  317  2  -2  
10  16  16  634  512  318  2  -2  
10  16  16  642  513  318  2  -2  
10  16  16  652  514  318  2  -2  
10  16  16  660  515  318  2  -2  
10  16  16  668  516  318  2  -2  
10  16  16  676  516  318  2  -2  
10  16  16  685  517  318  2  -2  
10  16  16  693  517  318  2  -2  
10  16  16  701  518  318  2  -2  
10  16  16  710  518  318  2  -2  
10  16  16  716  519  318  2  -2  
10  16  16  726  519  318  2  -2  
10  16  16  734  520  319  2  -2  
10  16  16  741  521  319  2  -2  
10  16  16  751  522  319  2  -2  
10  16  16  760  522  319  2  -2  
10  16  16  769  522  319  2  -2  
10  16  16  778  522  319  2  -2  
10  16  16  784  522  319  2  -2  
10  16  16  795  522  319  2  -2  
10  16  16  801  522  319  2  -2  
10  16  16  810  522  319  2  -2  
10  16  16  817  522  319  2  -2  
10  16  16  826  522  319  2  -2  
10  16  16  835  522  319  2  -2  
10  16  16  842  522  319  2  -2  
10  16  16  850  522  319  2  -2  
10  16  16  860  522  319  2  -2  
10  16  16  867  522  319  2  -2  
10  16  16  875  522  319  2  -2  
10  16  16  885  522  319  2  -2  
10  16  16  895  522  319  2  -2  
10  16  16  902  522  319  2  -2  
10  16  16  908  522  319  2  -2  
10  16  16  916  522  319  2  -2  
10  16  16  926  522  319  2  -2  
10  16  16  934  522  319  2  -2  
10  16  16  944  522  319  2  -2  
10  16  16  949  522  319  2  -2  
10  16  16  960  522  319  2  -2  
10  16  16  967  522  319  2  -2  
10  16  16  976  522  319  2  -2  
10  16  16  984  522  319  2  -2  
10  16  16  994  522  319  2  -2  
10  16  16  1000  522  319  2  -2  
10  16  16  1009  522  319  2  -2  
10  16  16  1016  522  319  2  -2  
10  16  16  1026  522  319  2  -2  
10  16  16  1034  522  319  2  -2  
10  16  16  1044  522  319  2  -2  
10  16  16  1051  522  319  2  -2  
10  16  16  1059  522  319  2  -2  
10  16  16  1066  522  319  2  -2  
10  16  16  1076  522  319  2  -2  
10  16  16  1084  522  319  2  -2  
10  16  16  1094  522  319  2  -2  
10  16  16  1100  522  319  2  -2  
10  16  16  1109  522  319  2  -2  
10  16  16  1117  522  319  2  -2  
10  16  16  1126  522  319  2  -2  
10  16  16  1135  522  319  2  -2  
10  16  16  1144  522  319  2  -2  
10  16  16  1150  521  319  2  -2  
10  16  16  1159  521  319  2  -2  
10  16  16  1166  519  319  2  -2  
10  16  16  1176  518  319  2  -2  
10  16  16  1184  516  319  2  -2  
10  16  16  1194  514  319  2  -2  
10  16  16  1200  512  319  2  -2  
10  16  16  1211  508  319  2  -2  
10  16  16  1218  500  319  2  -2  
10  16  16  1227  494  318  2  -2  
10  16  16  1234  489  317  2  -2  
10  16  16  1244  481  313  2  -2  
10  16  16  1251  475  313  2  -2  
10  16  16  1260  466  312  2  -2  
10  16  16  1268  457  311  2  -2  
10  16  16  1277  451  311  2  -2  
10  16  16  1284  442  308  2  -2  
10  16  16  1294  435  307  2  -2  
10  16  16  1302  430  307  2  -2  
10  16  16  1311  423  306  2  -2  
10  16  16  1318  419  305  2  -2  
10  16  16  1328  414  305  2  -2  
10  16  16  1335  409  303  2  -2  
10  16  16  1345  404  302  2  -2  
10  16  16  1352  401  301  2  -2  
10  16  17  1362  396  301  3  -2  
10  16  17  1369  389  300  3  -2  
10  16  17  1378  389  300  3  -2  
10  16  17  1385  383  298  3  -2  
10  16  17  1397  383  298  3  -2  
10  16  17  1402  380  298  3  -2  
10  16  17  1412  379  298  3  -2  
10  16  17  1418  379  298  3  -2  
10  16  17  1429  379  298  3  -2  
10  16  17  1435  379  298  3  -2  
10  16  17  1446  379  298  3  -2  
10  16  17  1452  379  298  3  -2  
10  16  17  1462  377  298  3  -2  
10  16  17  1469  376  298  3  -2  
10  16  17  1479  376  298  3  -2  
10  16  17  1487  376  298  3  -2  
10  16  17  1496  376  298  3  -2  
10  16  17  1504  376  298  3  -2  
10  16  17  1512  376  298  3  -2  
10  16  17  1519  376  298  3  -2  
10  16  17  1528  376  298  3  -2  
10  16  17  1536  376  298  3  -2  
10  16  17  1545  376  298  3  -2  
10  16  17  1553  376  298  3  -2  
10  16  17  1562  376  298  3  -2  
10  16  17  1570  376  298  3  -2  
10  16  17  1579  376  298  3  -2  
10  16  17  1586  376  298  3  -2  
10  16  17  1596  376  298  3  -2  
10  16  17  1604  376  298  3  -2  
10  16  17  1612  376  298  3  -2  
10  16  17  1620  376  298  3  -2  
10  16  17  1629  376  298  3  -2  
10  16  17  1636  377  298  3  -2  
10  16  17  1646  385  298  3  -2  
10  16  17  1654  393  298  3  -2  
10  16  17  1662  403  298  3  -2  
10  16  17  1671  412  298  3  -2  
10  16  17  1679  423  298  3  -2  
10  16  17  1686  432  298  3  -2  
10  16  17  1697  443  298  3  -2  
10  16  17  1705  450  298  3  -2  
10  16  17  1714  459  298  3  -2  
10  16  17  1722  465  298  3  -2  
10  16  17  1729  469  298  3  -2  
10  16  17  1738  469  298  3  -2  
10  16  17  1747  473  298  3  -2  
10  16  17  1755  475  298  3  -2  
10  16  17  1764  476  298  3  -2  
10  16  17  1772  478  298  3  -2  
10  16  17  1779  482  298  3  -2  
10  16  17  1789  484  298  3  -2  
10  16  17  1797  488  298  3  -2  
10  16  17  1805  493  298  3  -2  
10  16  17  1813  498  298  3  -2  
10  16  17  1821  503  298  4  -2  
10  16  17  1829  509  298  4  -2  
10  16  17  1838  514  299  4  -2  
10  16  17  1846  519  300  4  -2  
10  16  17  1855  525  300  4  -2  
10  16  17  1863  529  302  4  -2  
10  16  17  1871  533  302  4  -2  
10  16  17  1879  534  303  4  -2  
10  16  17  1888  538  303  4  -2  
10  16  17  1896  539  303  4  -2  
10  16  17  1905  541  303  4  -2  
10  16  17  1913  541  303  4  -2  
10  16  17  1921  541  303  4  -2  
10  16  17  1929  542  303  4  -2  
10  16  17  1938  542  303  4  -2  
10  16  17  1946  542  303  4  -2  
10  16  17  1955  542  303  4  -2  
10  16  17  1964  542  303  4  -2  
10  16  17  1971  542  303  4  -2  
10  16  17  1982  542  303  4  -2  
10  16  17  1991  542  303  4  -2  
10  16  17  1999  542  303  4  -2  
10  16  17  2007  542  303  4  -2  
10  16  17  2016  542  303  4  -2  
10  16  17  2024  542  303  4  -2  
10  16  17  2031  542  303  4  -2  
10  16  17  2040  542  303  4  -2  
10  16  17  2049  542  303  4  -2  
10  16  17  2057  542  303  4  -2  
10  16  17  2065  542  303  4  -2  
10  16  17  2076  542  303  4  -2  
10  16  17  2082  542  303  4  -2  
10  16  17  2090  542  303  4  -2  
10  16  17  2098  542  303  4  -2  
10  16  17  2107  542  303  4  -2  
10  16  17  2116  542  303  4  -2  
10  16  17  2126  542  303  4  -2  
10  16  17  2133  542  303  4  -2  
10  16  17  2141  542  303  4  -2  
10  16  17  2149  543  304  4  -2  
10  16  17  2159  543  304  4  -2  
10  16  17  2168  542  305  4  -2  
10  16  17  2178  542  305  4  -2  
10  16  17  2187  539  307  4  -2  
10  16  17  2197  538  309  4  -2  
10  16  17  2206  535  312  4  -2  
10  16  17  2215  533  313  4  -2  
10  16  17  2223  530  316  4  -2  
10  16  17  2231  527  321  4  -2  
10  16  17  2239  523  324  4  -2  
10  16  17  2248  520  327  4  -2  
10  16  17  2256  517  329  4  -2  
10  16  17  2265  513  332  4  -2  
10  16  17  2272  507  334  4  -2  
10  16  17  2281  500  339  4  -2  
10  16  17  2289  496  340  4  -2  
10  16  17  2299  490  344  4  -2  
10  16  17  2307  479  347  4  -2  
10  16  17  2315  476  349  4  -2  
10  16  17  2323  471  350  4  -2  
10  16  17  2332  467  351  4  -2  
10  16  17  2340  463  351  4  -2  
10  16  17  2349  460  351  4  -2  
10  16  17  2357  454  353  4  -2  
10  16  18  2365  449  353  4  -2  
10  16  18  2373  445  354  4  -2  
10  16  18  2381  440  354  4  -2  
10  16  18  2389  435  355  4  -2  
10  16  18  2398  431  356  4  -2  
10  16  18  2406  427  356  4  -2  
10  16  18  2415  423  356  4  -2  
10  16  18  2424  420  356  4  -2  
10  16  18  2430  415  356  4  -2  
10  16  18  2440  411  356  4  -2  
10  16  18  2448  408  356  4  -2  
10  16  18  2457  406  356  4  -2  
10  16  18  2465  402  356  4  -2  
10  16  18  2474  400  356  4  -2  
10  16  18  2483  397  356  4  -2  
10  16  18  2490  391  356  4  -2  
10  16  18  2500  388  356  4  -2  
10  16  18  2509  386  356  4  -2  
10  16  18  2517  383  356  4  -2  
10  16  18  2526  379  356  4  -2  
10  16  18  2534  377  356  4  -2  
10  16  18  2543  373  356  4  -2  
10  16  18  2550  370  354  4  -2  
10  16  18  2558  367  353  4  -2  
10  16  18  2566  364  352  4  -2  
10  16  18  2576  361  352  4  -2  
10  16  18  2584  359  351  4  -2  
10  16  18  2593  356  349  4  -2  
10  16  18  2599  356  349  4  -2  
10  16  18  2608  354  349  4  -2  
10  16  18  2616  353  349  4  -2  
10  16  18  2624  352  348  4  -2  
10  16  18  2632  351  348  4  -2  
10  16  18  2641  350  347  4  -2  
10  16  18  2648  349  347  4  -2  
10  16  18  2658  348  347  4  -2  
10  16  18  2665  347  346  4  -2  
10  16  18  2673  347  346  4  -2  
10  16  18  2682  347  346  4  -2  
10  16  18  2692  347  346  4  -2  
10  16  18  2699  347  346  4  -2  
10  16  18  2708  347  346  4  -2  
10  16  18  2714  347  346  4  -2  
10  16  18  2725  347  346  4  -2  
10  16  18  2733  347  346  4  -2  
10  16  18  2740  347  346  4  -2  
10  16  18  2748  347  346  4  -2  
10  16  18  2759  347  346  4  -2  
10  16  18  2766  347  346  4  -2  
10  16  18  2775  347  346  4  -2  
10  16  18  2782  347  346  4  -2  
10  16  18  2792  347  346  4  -2  
10  16  18  2799  347  346  4  -2  
