10  16  22  0  369  289  1  -2  
10  16  22  8  369  289  1  -2  
10  16  22  17  369  289  1  -2  
10  16  23  25  369  289  1  -2  
10  16  23  34  369  289  1  -2  
10  16  23  43  369  289  1  -2  
10  16  23  50  369  289  1  -2  
10  16  23  58  369  289  1  -2  
10  16  23  68  369  289  1  -2  
10  16  23  75  369  289  1  -2  
10  16  23  84  369  289  1  -2  
10  16  23  93  369  289  1  -2  
10  16  23  102  369  289  1  -2  
10  16  23  109  369  289  1  -2  
10  16  23  116  369  289  1  -2  
10  16  23  125  369  289  1  -2  
10  16  23  134  369  289  1  -2  
10  16  23  142  369  289  1  -2  
10  16  23  149  369  289  1  -2  
10  16  23  160  369  289  1  -2  
10  16  23  168  369  289  1  -2  
10  16  23  177  369  289  1  -2  
10  16  23  183  369  289  1  -2  
10  16  23  192  369  289  1  -2  
10  16  23  201  369  289  1  -2  
10  16  23  209  369  289  1  -2  
10  16  23  217  369  289  1  -2  
10  16  23  225  369  289  1  -2  
10  16  23  234  369  289  1  -2  
10  16  23  244  369  289  1  -2  
10  16  23  251  370  290  1  -2  
10  16  23  259  370  290  1  -2  
10  16  23  267  370  290  1  -2  
10  16  23  275  371  290  1  -2  
10  16  23  284  371  290  1  -2  
10  16  23  294  372  290  1  -2  
10  16  23  302  375  288  1  -2  
10  16  23  309  378  288  1  -2  
10  16  23  317  380  287  1  -2  
10  16  23  325  383  287  1  -2  
10  16  23  334  386  287  1  -2  
10  16  23  345  389  287  1  -2  
10  16  23  351  392  287  1  -2  
10  16  23  359  397  287  1  -2  
10  16  23  367  401  287  1  -2  
10  16  23  375  406  287  1  -2  
10  16  23  384  412  287  1  -2  
10  16  23  394  419  287  1  -2  
10  16  23  401  426  287  1  -2  
10  16  23  411  436  287  1  -2  
10  16  23  417  441  287  1  -2  
10  16  23  425  446  287  1  -2  
10  16  23  434  451  287  1  -2  
10  16  23  444  453  287  1  -2  
10  16  23  451  457  287  1  -2  
10  16  23  458  459  287  1  -2  
10  16  23  468  461  287  1  -2  
10  16  23  477  468  287  1  -2  
10  16  23  484  471  287  1  -2  
10  16  23  493  471  287  1  -2  
10  16  23  502  480  287  1  -2  
10  16  23  509  486  289  1  -2  
10  16  23  516  491  290  1  -2  
10  16  23  526  497  291  1  -2  
10  16  23  534  500  292  1  -2  
10  16  23  544  505  294  2  -2  
10  16  23  550  506  294  2  -2  
10  16  23  558  510  294  2  -2  
10  16  23  566  512  295  2  -2  
10  16  23  575  513  295  2  -2  
10  16  23  583  514  295  2  -2  
10  16  23  591  515  295  2  -2  
10  16  23  600  517  295  2  -2  
10  16  23  610  518  295  2  -2  
10  16  23  616  518  295  2  -2  
10  16  23  626  520  295  2  -2  
10  16  23  632  523  295  2  -2  
10  16  23  644  523  295  2  -2  
10  16  23  652  526  295  2  -2  
10  16  23  661  530  295  2  -2  
10  16  23  668  532  295  2  -2  
10  16  23  678  533  295  2  -2  
10  16  23  684  534  295  2  -2  
10  16  23  691  534  295  2  -2  
10  16  23  700  534  295  2  -2  
10  16  23  710  534  295  2  -2  
10  16  23  717  534  295  2  -2  
10  16  23  726  534  295  2  -2  
10  16  23  733  534  295  2  -2  
10  16  23  742  534  295  2  -2  
10  16  23  750  534  295  2  -2  
10  16  23  759  534  295  2  -2  
10  16  23  767  534  295  2  -2  
10  16  23  775  534  295  2  -2  
10  16  23  784  534  295  2  -2  
10  16  23  795  534  295  2  -2  
10  16  23  802  534  295  2  -2  
10  16  23  811  534  295  2  -2  
10  16  23  817  534  295  2  -2  
10  16  23  826  534  295  2  -2  
10  16  23  833  534  295  2  -2  
10  16  23  844  534  295  2  -2  
10  16  23  851  534  295  2  -2  
10  16  23  861  534  295  2  -2  
10  16  23  867  534  296  2  -2  
10  16  23  878  534  296  2  -2  
10  16  23  884  534  296  2  -2  
10  16  23  894  533  298  2  -2  
10  16  23  901  533  298  2  -2  
10  16  23  911  533  298  2  -2  
10  16  23  917  533  299  2  -2  
10  16  23  926  533  299  2  -2  
10  16  23  934  533  299  2  -2  
10  16  23  944  533  299  2  -2  
10  16  23  951  533  299  2  -2  
10  16  23  963  532  299  2  -2  
10  16  23  970  531  300  2  -2  
10  16  23  981  531  300  2  -2  
10  16  23  988  530  302  2  -2  
10  16  23  998  528  303  2  -2  
10  16  23  1006  527  303  2  -2  
10  16  23  1016  527  303  2  -2  
10  16  24  1023  526  304  2  -2  
10  16  24  1032  526  304  2  -2  
10  16  24  1040  523  305  2  -2  
10  16  24  1048  522  306  2  -2  
10  16  24  1057  519  307  2  -2  
10  16  24  1065  518  307  2  -2  
10  16  24  1073  516  307  2  -2  
10  16  24  1082  514  307  2  -2  
10  16  24  1091  510  308  2  -2  
10  16  24  1099  507  308  2  -2  
10  16  24  1107  502  308  2  -2  
10  16  24  1116  496  308  2  -2  
10  16  24  1124  483  308  2  -2  
10  16  24  1133  476  308  2  -2  
10  16  24  1141  466  308  2  -2  
10  16  24  1150  461  308  2  -2  
10  16  24  1158  454  308  2  -2  
10  16  24  1167  449  308  2  -2  
10  16  24  1174  444  308  2  -2  
10  16  24  1183  439  308  2  -2  
10  16  24  1191  435  308  2  -2  
10  16  24  1199  429  308  2  -2  
10  16  24  1207  423  308  2  -2  
10  16  24  1215  416  306  2  -2  
10  16  24  1223  408  306  2  -2  
10  16  24  1234  401  305  2  -2  
10  16  24  1242  394  304  3  -2  
10  16  24  1250  389  304  3  -2  
10  16  24  1259  383  304  3  -2  
10  16  24  1267  381  304  3  -2  
10  16  24  1277  379  304  3  -2  
10  16  24  1286  377  304  3  -2  
10  16  24  1293  376  304  3  -2  
10  16  24  1300  376  304  3  -2  
10  16  24  1310  376  304  3  -2  
10  16  24  1317  376  304  3  -2  
10  16  24  1326  376  304  3  -2  
10  16  24  1335  376  304  3  -2  
10  16  24  1344  376  304  3  -2  
10  16  24  1350  376  304  3  -2  
10  16  24  1361  376  304  3  -2  
10  16  24  1367  376  304  3  -2  
10  16  24  1376  376  304  3  -2  
10  16  24  1384  376  304  3  -2  
10  16  24  1394  376  304  3  -2  
10  16  24  1401  376  304  3  -2  
10  16  24  1412  376  304  3  -2  
10  16  24  1418  376  304  3  -2  
10  16  24  1429  376  304  3  -2  
10  16  24  1436  376  304  3  -2  
10  16  24  1444  376  304  3  -2  
10  16  24  1453  376  304  3  -2  
10  16  24  1462  376  304  3  -2  
10  16  24  1469  376  304  3  -2  
10  16  24  1479  376  304  3  -2  
10  16  24  1486  376  304  3  -2  
10  16  24  1495  376  304  3  -2  
10  16  24  1503  376  304  3  -2  
10  16  24  1512  376  304  3  -2  
10  16  24  1518  376  304  3  -2  
10  16  24  1529  376  304  3  -2  
10  16  24  1536  376  304  3  -2  
10  16  24  1545  376  304  3  -2  
10  16  24  1552  376  304  3  -2  
10  16  24  1562  376  304  3  -2  
10  16  24  1569  376  304  3  -2  
10  16  24  1579  376  304  3  -2  
10  16  24  1586  376  304  3  -2  
10  16  24  1596  376  304  3  -2  
10  16  24  1603  376  304  3  -2  
10  16  24  1612  376  304  3  -2  
10  16  24  1619  376  304  3  -2  
10  16  24  1629  376  304  3  -2  
10  16  24  1637  376  304  3  -2  
10  16  24  1646  376  304  3  -2  
10  16  24  1654  376  304  3  -2  
10  16  24  1663  376  304  3  -2  
10  16  24  1669  376  304  3  -2  
10  16  24  1679  376  304  3  -2  
10  16  24  1686  376  304  3  -2  
10  16  24  1696  376  304  3  -2  
10  16  24  1703  376  304  3  -2  
10  16  24  1712  376  304  3  -2  
10  16  24  1719  376  304  3  -2  
10  16  24  1729  376  304  3  -2  
10  16  24  1736  376  304  3  -2  
10  16  24  1746  376  304  3  -2  
10  16  24  1753  376  304  3  -2  
10  16  24  1763  379  304  3  -2  
10  16  24  1770  381  304  3  -2  
10  16  24  1779  386  304  3  -2  
10  16  24  1786  391  304  3  -2  
10  16  24  1796  397  304  3  -2  
10  16  24  1803  412  304  3  -2  
10  16  24  1812  412  304  3  -2  
10  16  24  1820  426  306  3  -2  
10  16  24  1829  435  308  3  -2  
10  16  24  1837  445  309  3  -2  
10  16  24  1846  452  309  3  -2  
10  16  24  1853  459  311  3  -2  
10  16  24  1863  467  312  3  -2  
10  16  24  1870  472  312  3  -2  
10  16  24  1878  476  313  3  -2  
10  16  24  1887  482  313  3  -2  
10  16  24  1896  485  313  3  -2  
10  16  24  1903  488  314  3  -2  
10  16  24  1913  491  314  3  -2  
10  16  24  1919  494  314  3  -2  
10  16  24  1928  497  316  4  -2  
10  16  24  1936  500  316  4  -2  
10  16  24  1946  502  317  4  -2  
10  16  24  1952  505  317  4  -2  
10  16  24  1963  508  317  4  -2  
10  16  24  1971  510  317  4  -2  
10  16  24  1979  512  317  4  -2  
10  16  24  1985  514  317  4  -2  
10  16  24  1996  518  318  4  -2  
10  16  24  2003  519  318  4  -2  
10  16  24  2013  522  318  4  -2  
10  16  25  2019  523  318  4  -2  
10  16  25  2029  523  318  4  -2  
10  16  25  2035  523  318  4  -2  
10  16  25  2046  523  318  4  -2  
10  16  25  2053  523  318  4  -2  
10  16  25  2063  523  318  4  -2  
10  16  25  2069  523  318  4  -2  
10  16  25  2079  523  318  4  -2  
10  16  25  2086  525  318  4  -2  
10  16  25  2096  525  318  4  -2  
10  16  25  2104  525  318  4  -2  
10  16  25  2113  525  318  4  -2  
10  16  25  2119  525  318  4  -2  
10  16  25  2129  525  318  4  -2  
10  16  25  2137  526  319  4  -2  
10  16  25  2146  526  319  4  -2  
10  16  25  2153  526  319  4  -2  
10  16  25  2163  526  319  4  -2  
10  16  25  2171  526  319  4  -2  
10  16  25  2180  524  321  4  -2  
10  16  25  2187  523  323  4  -2  
10  16  25  2196  520  326  4  -2  
10  16  25  2205  517  327  4  -2  
10  16  25  2213  502  330  4  -2  
10  16  25  2221  495  330  4  -2  
10  16  25  2230  486  331  4  -2  
10  16  25  2237  476  331  4  -2  
10  16  25  2246  465  331  4  -2  
10  16  25  2254  456  331  4  -2  
10  16  25  2263  445  331  4  -2  
10  16  25  2272  438  331  4  -2  
10  16  25  2279  428  331  4  -2  
10  16  25  2287  421  331  4  -2  
10  16  25  2295  414  331  4  -2  
10  16  25  2304  410  331  4  -2  
10  16  25  2312  405  332  4  -2  
10  16  25  2319  404  333  4  -2  
10  16  25  2328  401  333  4  -2  
10  16  25  2336  399  334  4  -2  
10  16  25  2345  396  335  4  -2  
10  16  25  2353  396  336  4  -2  
10  16  25  2362  395  336  4  -2  
10  16  25  2369  393  337  4  -2  
