11  43  4  0  371  325  1  -2  
11  43  4  8  371  325  1  -2  
11  43  4  17  371  325  1  -2  
11  43  4  26  371  325  1  -2  
11  43  4  34  371  325  1  -2  
11  43  4  42  371  325  1  -2  
11  43  4  50  371  325  1  -2  
11  43  4  59  371  325  1  -2  
11  43  4  67  371  325  1  -2  
11  43  4  75  371  325  1  -2  
11  43  4  83  371  325  1  -2  
11  43  4  92  371  325  1  -2  
11  43  4  100  371  325  1  -2  
11  43  4  109  371  325  1  -2  
11  43  4  117  371  325  1  -2  
11  43  4  125  371  325  1  -2  
11  43  4  134  371  325  1  -2  
11  43  4  142  371  325  1  -2  
11  43  4  151  371  325  1  -2  
11  43  4  159  371  325  1  -2  
11  43  4  167  371  325  1  -2  
11  43  4  175  371  325  1  -2  
11  43  4  184  371  325  1  -2  
11  43  4  192  371  325  1  -2  
11  43  4  201  371  325  1  -2  
11  43  4  208  371  325  1  -2  
11  43  4  217  371  325  1  -2  
11  43  4  226  371  325  1  -2  
11  43  4  234  371  325  1  -2  
11  43  4  242  371  325  1  -2  
11  43  4  250  371  325  1  -2  
11  43  4  260  371  325  1  -2  
11  43  4  268  371  325  1  -2  
11  43  4  278  371  325  1  -2  
11  43  4  288  371  325  1  -2  
11  43  4  294  371  325  1  -2  
11  43  4  304  371  325  1  -2  
11  43  4  310  371  325  1  -2  
11  43  4  318  371  325  1  -2  
11  43  4  327  371  325  1  -2  
11  43  4  336  371  325  1  -2  
11  43  4  343  371  325  1  -2  
11  43  4  354  371  325  1  -2  
11  43  4  363  371  325  1  -2  
11  43  4  372  373  325  1  -2  
11  43  4  380  378  325  1  -2  
11  43  4  391  384  325  1  -2  
11  43  4  398  397  325  1  -2  
11  43  4  409  406  325  1  -2  
11  43  4  416  412  325  1  -2  
11  43  4  425  419  325  1  -2  
11  43  4  432  427  325  1  -2  
11  43  4  441  434  325  1  -2  
11  43  4  450  441  325  1  -2  
11  43  4  459  446  325  1  -2  
11  43  4  469  455  325  1  -2  
11  43  4  477  471  325  1  -2  
11  43  4  488  480  325  1  -2  
11  43  4  494  487  325  1  -2  
11  43  4  504  493  325  1  -2  
11  43  4  513  499  325  2  -2  
11  43  4  522  504  325  2  -2  
11  43  4  531  506  325  2  -2  
11  43  4  541  510  326  2  -2  
11  43  4  550  512  326  2  -2  
11  43  4  559  513  327  2  -2  
11  43  4  568  514  327  2  -2  
11  43  4  575  515  327  2  -2  
11  43  4  583  515  327  2  -2  
11  43  4  592  516  327  2  -2  
11  43  4  600  516  327  2  -2  
11  43  4  608  518  327  2  -2  
11  43  4  618  518  327  2  -2  
11  43  4  626  518  327  2  -2  
11  43  4  634  519  327  2  -2  
11  43  4  643  520  327  2  -2  
11  43  4  655  521  327  2  -2  
11  43  4  663  523  328  2  -2  
11  43  4  676  523  328  2  -2  
11  43  4  684  526  328  2  -2  
11  43  4  694  526  328  2  -2  
11  43  4  704  530  328  2  -2  
11  43  4  723  534  328  2  -2  
11  43  4  731  543  328  2  -2  
11  43  4  740  546  328  2  -2  
11  43  4  750  552  328  2  -2  
11  43  4  758  553  328  2  -2  
11  43  4  767  553  328  2  -2  
11  43  4  777  553  328  2  -2  
11  43  4  788  553  328  2  -2  
11  43  4  796  553  328  2  -2  
11  43  4  807  553  328  2  -2  
11  43  4  821  553  328  2  -2  
11  43  4  829  553  328  2  -2  
11  43  4  840  553  328  2  -2  
11  43  4  849  550  328  2  -2  
11  43  4  858  544  328  2  -2  
11  43  4  869  536  328  2  -2  
11  43  4  879  514  328  2  -2  
11  43  4  888  504  328  2  -2  
11  43  5  896  496  328  2  -2  
11  43  5  905  490  328  2  -2  
11  43  5  912  484  328  2  -2  
11  43  5  920  478  328  2  -2  
11  43  5  928  473  328  2  -2  
11  43  5  938  466  328  2  -2  
11  43  5  945  461  327  2  -2  
11  43  5  954  457  327  2  -2  
11  43  5  960  452  327  2  -2  
11  43  5  972  447  326  2  -2  
11  43  5  978  433  325  2  -2  
11  43  5  990  433  325  2  -2  
11  43  5  995  416  321  2  -2  
11  43  5  1006  416  321  2  -2  
11  43  5  1015  405  321  2  -2  
11  43  5  1025  401  320  2  -2  
11  43  5  1034  400  320  2  -2  
11  43  5  1043  398  320  3  -2  
11  43  5  1054  397  320  3  -2  
11  43  5  1062  397  320  3  -2  
11  43  5  1073  397  320  3  -2  
11  43  5  1082  397  320  3  -2  
11  43  5  1093  397  320  3  -2  
11  43  5  1104  396  320  3  -2  
11  43  5  1113  396  320  3  -2  
11  43  5  1123  395  320  3  -2  
11  43  5  1132  394  320  3  -2  
11  43  5  1141  393  320  3  -2  
11  43  5  1152  392  320  3  -2  
11  43  5  1161  391  320  3  -2  
11  43  5  1172  391  320  3  -2  
11  43  5  1180  391  320  3  -2  
11  43  5  1189  391  320  3  -2  
11  43  5  1197  391  320  3  -2  
11  43  5  1206  391  320  3  -2  
11  43  5  1212  391  320  3  -2  
11  43  5  1222  391  320  3  -2  
11  43  5  1230  391  320  3  -2  
11  43  5  1239  391  320  3  -2  
11  43  5  1248  391  320  3  -2  
11  43  5  1255  391  320  3  -2  
11  43  5  1263  391  320  3  -2  
11  43  5  1272  391  320  3  -2  
11  43  5  1280  391  320  3  -2  
11  43  5  1289  391  320  3  -2  
11  43  5  1298  391  320  3  -2  
11  43  5  1306  390  320  3  -2  
11  43  5  1313  389  320  3  -2  
11  43  5  1322  389  320  3  -2  
11  43  5  1330  387  320  3  -2  
11  43  5  1339  386  320  3  -2  
11  43  5  1347  385  320  3  -2  
11  43  5  1356  383  320  3  -2  
11  43  5  1364  383  320  3  -2  
11  43  5  1372  383  320  3  -2  
11  43  5  1380  382  320  3  -2  
11  43  5  1389  381  320  3  -2  
11  43  5  1397  381  320  3  -2  
11  43  5  1406  381  320  3  -2  
11  43  5  1414  381  320  3  -2  
11  43  5  1422  381  320  3  -2  
11  43  5  1429  381  320  3  -2  
11  43  5  1439  381  320  3  -2  
11  43  5  1448  381  320  3  -2  
11  43  5  1455  381  320  3  -2  
11  43  5  1464  381  320  3  -2  
11  43  5  1472  381  320  3  -2  
11  43  5  1479  381  320  3  -2  
11  43  5  1489  381  320  3  -2  
11  43  5  1497  381  320  3  -2  
11  43  5  1506  381  320  3  -2  
11  43  5  1513  381  320  3  -2  
11  43  5  1523  381  320  3  -2  
11  43  5  1530  381  320  3  -2  
11  43  5  1539  381  320  3  -2  
11  43  5  1548  381  320  3  -2  
11  43  5  1556  381  320  3  -2  
11  43  5  1564  381  320  3  -2  
11  43  5  1572  381  320  3  -2  
11  43  5  1578  381  320  3  -2  
11  43  5  1589  381  320  3  -2  
11  43  5  1597  381  320  3  -2  
11  43  5  1606  381  320  3  -2  
11  43  5  1613  381  320  3  -2  
11  43  5  1622  381  320  3  -2  
11  43  5  1629  381  320  3  -2  
11  43  5  1639  381  320  3  -2  
11  43  5  1648  381  320  3  -2  
11  43  5  1657  381  320  3  -2  
11  43  5  1663  381  320  3  -2  
11  43  5  1672  381  320  3  -2  
11  43  5  1680  381  320  3  -2  
11  43  5  1689  381  320  3  -2  
11  43  5  1697  381  320  3  -2  
11  43  5  1706  381  320  3  -2  
11  43  5  1713  381  320  3  -2  
11  43  5  1722  381  320  3  -2  
11  43  5  1730  381  320  3  -2  
11  43  5  1739  381  320  3  -2  
11  43  5  1747  381  320  3  -2  
11  43  5  1756  381  320  3  -2  
11  43  5  1765  382  320  3  -2  
11  43  5  1772  387  320  3  -2  
11  43  5  1781  390  320  3  -2  
11  43  5  1789  391  320  3  -2  
11  43  5  1798  395  320  3  -2  
11  43  5  1806  399  320  3  -2  
11  43  5  1814  404  320  3  -2  
11  43  5  1823  409  320  3  -2  
11  43  5  1831  416  320  3  -2  
11  43  5  1839  421  320  3  -2  
11  43  5  1848  426  320  3  -2  
11  43  5  1856  431  320  3  -2  
11  43  5  1863  436  320  3  -2  
11  43  5  1873  442  320  3  -2  
11  43  5  1881  448  320  3  -2  
11  43  5  1889  454  320  3  -2  
11  43  6  1897  460  320  3  -2  
11  43  6  1906  469  320  3  -2  
11  43  6  1914  477  320  3  -2  
11  43  6  1922  484  320  3  -2  
11  43  6  1930  492  320  3  -2  
11  43  6  1939  499  320  4  -2  
11  43  6  1947  504  320  4  -2  
11  43  6  1955  510  322  4  -2  
11  43  6  1963  514  322  4  -2  
11  43  6  1972  516  322  4  -2  
11  43  6  1981  520  323  4  -2  
11  43  6  1990  525  323  4  -2  
11  43  6  1997  528  324  4  -2  
11  43  6  2005  529  325  4  -2  
11  43  6  2013  530  325  4  -2  
11  43  6  2021  531  325  4  -2  
11  43  6  2030  532  325  4  -2  
11  43  6  2039  532  325  4  -2  
11  43  6  2048  532  325  4  -2  
11  43  6  2056  533  325  4  -2  
11  43  6  2065  533  325  4  -2  
11  43  6  2072  533  325  4  -2  
11  43  6  2080  533  325  4  -2  
11  43  6  2089  533  325  4  -2  
11  43  6  2097  533  325  4  -2  
11  43  6  2106  533  325  4  -2  
11  43  6  2113  533  325  4  -2  
11  43  6  2122  533  325  4  -2  
11  43  6  2131  533  325  4  -2  
11  43  6  2139  533  325  4  -2  
11  43  6  2147  533  325  4  -2  
11  43  6  2158  533  325  4  -2  
11  43  6  2168  533  325  4  -2  
11  43  6  2177  536  325  4  -2  
11  43  6  2185  539  325  4  -2  
11  43  6  2193  542  325  4  -2  
11  43  6  2204  545  325  4  -2  
11  43  6  2212  546  325  4  -2  
11  43  6  2222  549  325  4  -2  
11  43  6  2230  555  326  4  -2  
11  43  6  2240  559  327  4  -2  
11  43  6  2246  563  327  4  -2  
11  43  6  2255  565  327  4  -2  
11  43  6  2264  566  327  4  -2  
11  43  6  2271  567  328  4  -2  
11  43  6  2280  567  328  4  -2  
11  43  6  2288  567  328  4  -2  
11  43  6  2297  567  328  4  -2  
11  43  6  2305  567  328  4  -2  
11  43  6  2314  567  328  4  -2  
11  43  6  2321  567  328  4  -2  
11  43  6  2329  567  328  4  -2  
11  43  6  2339  567  328  4  -2  
11  43  6  2347  567  328  4  -2  
11  43  6  2355  567  328  4  -2  
11  43  6  2362  564  328  4  -2  
11  43  6  2372  556  328  4  -2  
11  43  6  2381  546  328  4  -2  
11  43  6  2389  533  328  4  -2  
11  43  6  2397  506  325  4  -2  
11  43  6  2405  491  323  4  -2  
11  43  6  2412  470  320  4  -2  
11  43  6  2422  470  320  4  -2  
11  43  6  2430  427  314  4  -2  
11  43  6  2439  408  312  4  -2  
