11  43  12  0  359  331  1  -2  
11  43  12  8  359  331  1  -2  
11  43  12  17  359  331  1  -2  
11  43  12  25  359  331  1  -2  
11  43  12  33  359  331  1  -2  
11  43  12  41  359  331  1  -2  
11  43  12  49  359  331  1  -2  
11  43  12  58  359  331  1  -2  
11  43  12  66  359  331  1  -2  
11  43  12  74  359  331  1  -2  
11  43  12  83  359  331  1  -2  
11  43  12  91  359  331  1  -2  
11  43  12  100  359  331  1  -2  
11  43  12  108  359  331  1  -2  
11  43  12  116  359  331  1  -2  
11  43  12  125  359  331  1  -2  
11  43  12  133  359  331  1  -2  
11  43  12  141  359  331  1  -2  
11  43  12  150  359  331  1  -2  
11  43  12  158  359  331  1  -2  
11  43  12  166  359  331  1  -2  
11  43  12  175  359  331  1  -2  
11  43  12  183  359  331  1  -2  
11  43  12  193  359  331  1  -2  
11  43  12  200  359  331  1  -2  
11  43  12  208  359  331  1  -2  
11  43  12  216  359  331  1  -2  
11  43  12  225  359  331  1  -2  
11  43  12  232  359  331  1  -2  
11  43  12  243  359  331  1  -2  
11  43  12  250  359  331  1  -2  
11  43  12  259  359  331  1  -2  
11  43  12  267  359  331  1  -2  
11  43  12  275  359  331  1  -2  
11  43  12  284  359  331  1  -2  
11  43  12  293  359  331  1  -2  
11  43  12  300  359  331  1  -2  
11  43  12  308  359  331  1  -2  
11  43  12  316  359  331  1  -2  
11  43  12  325  359  331  1  -2  
11  43  12  333  359  331  1  -2  
11  43  12  341  359  331  1  -2  
11  43  12  350  359  331  1  -2  
11  43  12  358  363  331  1  -2  
11  43  12  366  369  331  1  -2  
11  43  12  375  375  331  1  -2  
11  43  12  383  382  331  1  -2  
11  43  12  391  392  331  1  -2  
11  43  12  400  401  331  1  -2  
11  43  12  409  411  331  1  -2  
11  43  12  419  419  331  1  -2  
11  43  12  425  437  331  1  -2  
11  43  12  434  437  331  1  -2  
11  43  12  443  446  331  1  -2  
11  43  12  451  461  331  1  -2  
11  43  12  459  468  331  1  -2  
11  43  12  467  472  331  1  -2  
11  43  12  475  477  331  1  -2  
11  43  12  484  480  331  1  -2  
11  43  12  495  483  331  1  -2  
11  43  12  502  486  331  1  -2  
11  43  12  509  489  332  1  -2  
11  43  12  517  493  332  1  -2  
11  43  12  525  494  332  1  -2  
11  43  12  533  496  332  1  -2  
11  43  12  543  497  333  1  -2  
11  43  12  551  497  333  1  -2  
11  43  12  560  499  333  2  -2  
11  43  12  568  502  333  2  -2  
11  43  12  576  506  335  2  -2  
11  43  12  584  511  335  2  -2  
11  43  12  593  518  336  2  -2  
11  43  12  600  522  337  2  -2  
11  43  12  609  527  337  2  -2  
11  43  12  617  529  337  2  -2  
11  43  12  625  531  337  2  -2  
11  43  12  634  531  338  2  -2  
11  43  12  643  531  338  2  -2  
11  43  12  650  531  338  2  -2  
11  43  13  659  531  338  2  -2  
11  43  13  667  531  338  2  -2  
11  43  13  676  532  338  2  -2  
11  43  13  684  533  338  2  -2  
11  43  13  693  533  338  2  -2  
11  43  13  700  534  338  2  -2  
11  43  13  709  534  338  2  -2  
11  43  13  717  534  338  2  -2  
11  43  13  727  535  338  2  -2  
11  43  13  734  535  338  2  -2  
11  43  13  742  536  338  2  -2  
11  43  13  752  538  338  2  -2  
11  43  13  762  538  338  2  -2  
11  43  13  769  538  338  2  -2  
11  43  13  777  538  338  2  -2  
11  43  13  785  538  338  2  -2  
11  43  13  795  538  338  2  -2  
11  43  13  803  538  338  2  -2  
11  43  13  814  538  338  2  -2  
11  43  13  822  538  338  2  -2  
11  43  13  832  538  338  2  -2  
11  43  13  839  538  338  2  -2  
11  43  13  849  538  338  2  -2  
11  43  13  857  538  338  2  -2  
11  43  13  866  538  338  2  -2  
11  43  13  876  538  338  2  -2  
11  43  13  884  538  338  2  -2  
11  43  13  893  538  338  2  -2  
11  43  13  900  538  338  2  -2  
11  43  13  909  538  338  2  -2  
11  43  13  918  538  338  2  -2  
11  43  13  926  538  338  2  -2  
11  43  13  935  538  338  2  -2  
11  43  13  946  538  338  2  -2  
11  43  13  952  538  338  2  -2  
11  43  13  963  538  338  2  -2  
11  43  13  971  538  338  2  -2  
11  43  13  981  538  338  2  -2  
11  43  13  987  538  338  2  -2  
11  43  13  998  538  338  2  -2  
11  43  13  1006  538  338  2  -2  
11  43  13  1016  538  338  2  -2  
11  43  13  1024  538  338  2  -2  
11  43  13  1032  538  338  2  -2  
11  43  13  1041  538  338  2  -2  
11  43  13  1050  538  338  2  -2  
11  43  13  1059  538  338  2  -2  
11  43  13  1066  538  338  2  -2  
11  43  13  1075  538  338  2  -2  
11  43  13  1083  538  338  2  -2  
11  43  13  1092  538  338  2  -2  
11  43  13  1101  536  338  2  -2  
11  43  13  1111  535  338  2  -2  
11  43  13  1119  532  338  2  -2  
11  43  13  1130  531  338  2  -2  
11  43  13  1137  528  338  2  -2  
11  43  13  1148  527  338  2  -2  
11  43  13  1156  523  338  2  -2  
11  43  13  1165  522  338  2  -2  
11  43  13  1175  520  338  2  -2  
11  43  13  1183  517  338  2  -2  
11  43  13  1191  513  338  2  -2  
11  43  13  1201  508  338  2  -2  
11  43  13  1210  505  338  2  -2  
11  43  13  1218  498  338  2  -2  
11  43  13  1228  486  338  2  -2  
11  43  13  1234  480  338  2  -2  
11  43  13  1244  471  338  2  -2  
11  43  13  1251  465  338  2  -2  
11  43  13  1261  456  337  2  -2  
11  43  13  1268  446  335  2  -2  
11  43  13  1276  440  335  2  -2  
11  43  13  1284  435  334  2  -2  
11  43  13  1294  430  334  2  -2  
11  43  13  1301  427  334  2  -2  
11  43  13  1309  426  334  2  -2  
11  43  13  1317  424  334  2  -2  
11  43  13  1326  422  334  2  -2  
11  43  13  1333  422  334  2  -2  
11  43  13  1343  419  334  2  -2  
11  43  13  1350  418  334  2  -2  
11  43  13  1360  417  334  2  -2  
11  43  13  1367  415  334  2  -2  
11  43  13  1378  413  334  2  -2  
11  43  13  1384  410  334  2  -2  
11  43  13  1394  409  334  2  -2  
11  43  13  1401  404  334  2  -2  
11  43  13  1411  404  334  2  -2  
11  43  13  1417  400  334  2  -2  
11  43  13  1429  400  334  2  -2  
11  43  13  1435  393  334  3  -2  
11  43  13  1445  389  334  3  -2  
11  43  13  1452  387  334  3  -2  
11  43  13  1461  384  334  3  -2  
11  43  13  1468  380  334  3  -2  
11  43  13  1478  378  334  3  -2  
11  43  13  1484  376  334  3  -2  
11  43  13  1495  373  334  3  -2  
11  43  13  1502  370  334  3  -2  
11  43  13  1512  369  334  3  -2  
11  43  13  1521  369  334  3  -2  
11  43  13  1531  369  334  3  -2  
11  43  13  1538  369  334  3  -2  
11  43  13  1548  369  334  3  -2  
11  43  13  1555  369  334  3  -2  
11  43  13  1564  369  334  3  -2  
11  43  13  1572  369  334  3  -2  
11  43  13  1581  369  334  3  -2  
11  43  13  1589  369  334  3  -2  
11  43  13  1598  369  334  3  -2  
11  43  13  1606  369  334  3  -2  
11  43  13  1614  367  334  3  -2  
11  43  13  1621  367  334  3  -2  
11  43  13  1631  366  334  3  -2  
11  43  13  1638  365  334  3  -2  
11  43  13  1647  365  334  3  -2  
11  43  13  1656  365  334  3  -2  
11  43  14  1664  365  334  3  -2  
11  43  14  1672  365  334  3  -2  
11  43  14  1681  365  334  3  -2  
11  43  14  1689  365  334  3  -2  
11  43  14  1696  365  334  3  -2  
11  43  14  1706  365  334  3  -2  
11  43  14  1714  365  334  3  -2  
11  43  14  1723  365  334  3  -2  
11  43  14  1732  365  334  3  -2  
11  43  14  1739  365  334  3  -2  
11  43  14  1748  365  334  3  -2  
11  43  14  1758  365  334  3  -2  
11  43  14  1765  365  334  3  -2  
11  43  14  1773  365  334  3  -2  
11  43  14  1782  365  334  3  -2  
11  43  14  1790  365  334  3  -2  
11  43  14  1798  365  334  3  -2  
11  43  14  1807  365  334  3  -2  
11  43  14  1815  365  334  3  -2  
11  43  14  1824  369  333  3  -2  
11  43  14  1833  379  333  3  -2  
11  43  14  1843  392  331  3  -2  
11  43  14  1848  424  331  3  -2  
11  43  14  1857  424  331  3  -2  
11  43  14  1866  438  331  3  -2  
11  43  14  1873  473  331  3  -2  
11  43  14  1883  473  331  3  -2  
11  43  14  1892  498  331  4  -2  
11  43  14  1900  505  331  4  -2  
11  43  14  1907  510  331  4  -2  
11  43  14  1916  511  331  4  -2  
11  43  14  1925  513  331  4  -2  
11  43  14  1934  514  331  4  -2  
11  43  14  1942  514  331  4  -2  
11  43  14  1949  515  331  4  -2  
11  43  14  1957  515  331  4  -2  
11  43  14  1964  515  331  4  -2  
11  43  14  1973  515  331  4  -2  
11  43  14  1983  515  331  4  -2  
11  43  14  1990  515  331  4  -2  
11  43  14  1998  515  331  4  -2  
11  43  14  2007  515  331  4  -2  
11  43  14  2018  515  331  4  -2  
11  43  14  2027  515  331  4  -2  
11  43  14  2034  515  331  4  -2  
11  43  14  2045  515  331  4  -2  
11  43  14  2052  515  331  4  -2  
11  43  14  2061  515  331  4  -2  
11  43  14  2069  515  331  4  -2  
11  43  14  2079  515  331  4  -2  
11  43  14  2085  515  331  4  -2  
11  43  14  2095  515  331  4  -2  
11  43  14  2103  515  331  4  -2  
11  43  14  2112  515  331  4  -2  
11  43  14  2119  515  331  4  -2  
11  43  14  2129  515  331  4  -2  
11  43  14  2136  518  331  4  -2  
11  43  14  2146  519  331  4  -2  
11  43  14  2153  522  331  4  -2  
11  43  14  2163  525  331  4  -2  
11  43  14  2171  527  331  4  -2  
11  43  14  2181  527  331  4  -2  
11  43  14  2189  528  331  4  -2  
11  43  14  2198  528  331  4  -2  
11  43  14  2209  529  331  4  -2  
11  43  14  2216  529  331  4  -2  
11  43  14  2225  529  331  4  -2  
11  43  14  2233  529  331  4  -2  
11  43  14  2243  529  331  4  -2  
11  43  14  2249  529  331  4  -2  
11  43  14  2259  529  331  4  -2  
11  43  14  2267  526  331  4  -2  
11  43  14  2275  520  331  4  -2  
11  43  14  2284  510  331  4  -2  
11  43  14  2293  501  331  4  -2  
11  43  14  2300  491  331  4  -2  
11  43  14  2307  481  331  4  -2  
11  43  14  2315  473  331  4  -2  
11  43  14  2327  466  331  4  -2  
11  43  14  2334  459  331  4  -2  
11  43  14  2343  451  331  4  -2  
11  43  14  2349  444  331  4  -2  
11  43  14  2360  437  329  4  -2  
11  43  14  2367  428  329  4  -2  
11  43  14  2375  418  328  4  -2  
11  43  14  2384  405  326  4  -2  
