10  15  29  0  366  294  1  -2  
10  15  29  10  366  294  1  -2  
10  15  29  15  366  294  1  -2  
10  15  29  26  366  294  1  -2  
10  15  29  32  366  294  1  -2  
10  15  29  43  366  294  1  -2  
10  15  29  50  366  294  1  -2  
10  15  29  59  366  294  1  -2  
10  15  29  65  366  294  1  -2  
10  15  29  76  366  294  1  -2  
10  15  29  83  366  294  1  -2  
10  15  29  93  366  294  1  -2  
10  15  29  101  366  294  1  -2  
10  15  29  110  366  294  1  -2  
10  15  29  116  366  294  1  -2  
10  15  29  126  366  294  1  -2  
10  15  30  133  366  294  1  -2  
10  15  30  144  366  294  1  -2  
10  15  30  151  366  294  1  -2  
10  15  30  161  366  294  1  -2  
10  15  30  168  366  294  1  -2  
10  15  30  176  366  294  1  -2  
10  15  30  185  366  294  1  -2  
10  15  30  193  366  294  1  -2  
10  15  30  201  366  294  1  -2  
10  15  30  211  368  294  1  -2  
10  15  30  218  370  294  1  -2  
10  15  30  227  373  294  1  -2  
10  15  30  235  373  294  1  -2  
10  15  30  243  375  294  1  -2  
10  15  30  251  377  294  1  -2  
10  15  30  262  379  294  1  -2  
10  15  30  268  382  294  1  -2  
10  15  30  277  383  294  1  -2  
10  15  30  285  387  294  1  -2  
10  15  30  294  391  294  1  -2  
10  15  30  302  394  294  1  -2  
10  15  30  311  398  294  1  -2  
10  15  30  320  403  294  1  -2  
10  15  30  327  415  294  1  -2  
10  15  30  335  415  294  1  -2  
10  15  30  345  422  294  1  -2  
10  15  30  354  432  294  1  -2  
10  15  30  362  436  294  1  -2  
10  15  30  371  439  294  1  -2  
10  15  30  381  443  295  1  -2  
10  15  30  390  448  295  1  -2  
10  15  30  397  453  296  1  -2  
10  15  30  409  457  296  1  -2  
10  15  30  418  463  297  1  -2  
10  15  30  426  467  297  1  -2  
10  15  30  433  472  299  1  -2  
10  15  30  443  475  299  1  -2  
10  15  30  451  479  299  1  -2  
10  15  30  460  484  300  1  -2  
10  15  30  466  491  300  1  -2  
10  15  30  476  498  300  2  -2  
10  15  30  483  503  300  2  -2  
10  15  30  493  511  301  2  -2  
10  15  30  501  517  303  2  -2  
10  15  30  510  524  306  2  -2  
10  15  30  516  528  307  2  -2  
10  15  30  526  533  308  2  -2  
10  15  30  533  536  308  2  -2  
10  15  30  543  538  310  2  -2  
10  15  30  551  541  311  2  -2  
10  15  30  559  541  311  2  -2  
10  15  30  567  542  311  2  -2  
10  15  30  576  542  311  2  -2  
10  15  30  583  544  311  2  -2  
10  15  30  593  544  311  2  -2  
10  15  30  602  544  311  2  -2  
10  15  30  610  544  311  2  -2  
10  15  30  617  544  311  2  -2  
10  15  30  626  544  311  2  -2  
10  15  30  633  544  311  2  -2  
10  15  30  643  544  311  2  -2  
10  15  30  651  544  311  2  -2  
10  15  30  660  544  311  2  -2  
10  15  30  667  544  311  2  -2  
10  15  30  676  544  311  2  -2  
10  15  30  682  544  311  2  -2  
10  15  30  693  544  311  2  -2  
10  15  30  702  544  311  2  -2  
10  15  30  710  544  311  2  -2  
10  15  30  717  544  311  2  -2  
10  15  30  726  544  311  2  -2  
10  15  30  734  544  311  2  -2  
10  15  30  743  540  312  2  -2  
10  15  30  751  540  313  2  -2  
10  15  30  759  538  314  2  -2  
10  15  30  767  535  316  2  -2  
10  15  30  776  531  318  2  -2  
10  15  30  785  524  324  2  -2  
10  15  30  793  522  326  2  -2  
10  15  30  802  517  329  2  -2  
10  15  30  810  511  333  2  -2  
10  15  30  818  507  336  2  -2  
10  15  30  826  502  339  2  -2  
10  15  30  835  498  342  2  -2  
10  15  30  844  492  346  2  -2  
10  15  30  854  490  348  2  -2  
10  15  30  863  486  350  2  -2  
10  15  30  871  484  353  2  -2  
10  15  30  881  481  354  2  -2  
10  15  30  890  474  357  2  -2  
10  15  30  898  469  359  2  -2  
10  15  30  910  466  361  2  -2  
10  15  30  918  463  363  2  -2  
10  15  30  929  458  366  2  -2  
10  15  30  940  451  368  2  -2  
10  15  30  948  447  370  2  -2  
10  15  30  956  444  370  2  -2  
10  15  30  964  441  371  2  -2  
10  15  30  974  437  371  2  -2  
10  15  30  981  435  371  2  -2  
10  15  30  991  433  371  2  -2  
10  15  30  998  431  371  2  -2  
10  15  30  1008  427  371  2  -2  
10  15  30  1015  424  371  2  -2  
10  15  30  1024  424  371  2  -2  
10  15  30  1031  422  371  2  -2  
10  15  30  1041  422  371  2  -2  
10  15  30  1049  418  371  2  -2  
10  15  30  1058  415  371  2  -2  
10  15  30  1064  413  371  2  -2  
10  15  30  1075  411  371  2  -2  
10  15  30  1083  407  371  2  -2  
10  15  30  1093  405  371  2  -2  
10  15  30  1099  403  371  2  -2  
10  15  30  1109  402  371  2  -2  
10  15  30  1116  400  371  2  -2  
10  15  30  1125  400  371  2  -2  
10  15  31  1132  399  371  2  -2  
10  15  31  1143  398  371  2  -2  
10  15  31  1150  397  370  2  -2  
10  15  31  1159  397  369  2  -2  
10  15  31  1166  394  368  2  -2  
10  15  31  1175  393  367  2  -2  
10  15  31  1182  392  364  2  -2  
10  15  31  1193  390  362  2  -2  
10  15  31  1201  387  358  2  -2  
10  15  31  1210  386  356  2  -2  
10  15  31  1216  385  355  2  -2  
10  15  31  1226  384  353  2  -2  
10  15  31  1234  384  353  2  -2  
10  15  31  1243  384  353  2  -2  
10  15  31  1250  384  353  2  -2  
10  15  31  1259  382  351  2  -2  
10  15  31  1267  382  351  2  -2  
10  15  31  1276  382  351  2  -2  
10  15  31  1284  382  351  2  -2  
10  15  31  1293  382  351  2  -2  
10  15  31  1300  382  351  2  -2  
10  15  31  1309  380  350  2  -2  
10  15  31  1317  380  350  2  -2  
10  15  31  1326  380  350  2  -2  
10  15  31  1332  379  350  2  -2  
10  15  31  1343  378  350  2  -2  
10  15  31  1352  377  350  2  -2  
10  15  31  1360  377  350  2  -2  
10  15  31  1369  377  350  2  -2  
10  15  31  1376  376  349  2  -2  
10  15  31  1386  376  349  2  -2  
10  15  31  1393  375  349  2  -2  
10  15  31  1402  375  349  2  -2  
10  15  31  1411  375  349  2  -2  
10  15  31  1418  374  349  2  -2  
10  15  31  1427  374  349  2  -2  
10  15  31  1435  374  349  2  -2  
10  15  31  1444  374  349  2  -2  
10  15  31  1452  373  349  3  -2  
10  15  31  1460  371  349  3  -2  
10  15  31  1468  371  349  3  -2  
10  15  31  1477  370  347  3  -2  
10  15  31  1484  370  347  3  -2  
10  15  31  1493  370  347  3  -2  
10  15  31  1502  370  347  3  -2  
10  15  31  1510  370  347  3  -2  
10  15  31  1520  370  347  3  -2  
10  15  31  1528  370  347  3  -2  
10  15  31  1536  370  347  3  -2  
10  15  31  1544  370  347  3  -2  
10  15  31  1552  370  347  3  -2  
10  15  31  1562  370  347  3  -2  
10  15  31  1570  370  347  3  -2  
10  15  31  1580  370  347  3  -2  
10  15  31  1588  370  347  3  -2  
10  15  31  1596  370  347  3  -2  
10  15  31  1607  370  347  3  -2  
10  15  31  1615  370  347  3  -2  
10  15  31  1627  370  347  3  -2  
10  15  31  1635  370  347  3  -2  
10  15  31  1645  370  347  3  -2  
10  15  31  1657  370  347  3  -2  
10  15  31  1664  370  347  3  -2  
10  15  31  1674  370  347  3  -2  
10  15  31  1682  370  347  3  -2  
10  15  31  1693  370  347  3  -2  
10  15  31  1698  370  347  3  -2  
10  15  31  1708  370  347  3  -2  
10  15  31  1715  370  347  3  -2  
10  15  31  1725  370  347  3  -2  
10  15  31  1731  370  347  3  -2  
10  15  31  1742  370  347  3  -2  
10  15  31  1749  370  347  3  -2  
10  15  31  1758  370  347  3  -2  
10  15  31  1765  370  347  3  -2  
10  15  31  1775  370  347  3  -2  
10  15  31  1782  370  347  3  -2  
10  15  31  1792  370  347  3  -2  
10  15  31  1799  370  347  3  -2  
10  15  31  1808  370  347  3  -2  
10  15  31  1816  370  347  3  -2  
10  15  31  1825  370  347  3  -2  
10  15  31  1832  370  347  3  -2  
10  15  31  1842  370  347  3  -2  
10  15  31  1850  370  347  3  -2  
10  15  31  1858  370  347  3  -2  
10  15  31  1866  370  345  3  -2  
10  15  31  1875  371  343  3  -2  
10  15  31  1882  373  342  3  -2  
10  15  31  1892  374  341  3  -2  
10  15  31  1898  377  340  3  -2  
10  15  31  1908  380  337  3  -2  
10  15  31  1915  382  337  3  -2  
10  15  31  1925  384  335  3  -2  
10  15  31  1933  386  335  3  -2  
10  15  31  1942  389  333  3  -2  
10  15  31  1949  391  333  3  -2  
10  15  31  1959  393  332  3  -2  
10  15  31  1965  397  331  3  -2  
10  15  31  1975  403  328  3  -2  
10  15  31  1982  407  328  3  -2  
10  15  31  1993  412  326  3  -2  
10  15  31  2000  425  322  3  -2  
10  15  31  2008  432  321  3  -2  
10  15  31  2017  437  320  3  -2  
10  15  31  2027  443  316  3  -2  
10  15  31  2036  449  315  3  -2  
10  15  31  2046  456  310  3  -2  
10  15  31  2056  463  309  3  -2  
10  15  31  2063  474  305  3  -2  
10  15  31  2075  474  305  3  -2  
10  15  31  2083  488  302  3  -2  
10  15  31  2094  494  300  3  -2  
10  15  31  2103  499  300  4  -2  
10  15  31  2112  504  300  4  -2  
10  15  31  2121  513  300  4  -2  
10  15  32  2129  515  300  4  -2  
10  15  32  2140  519  300  4  -2  
10  15  32  2148  519  300  4  -2  
10  15  32  2156  521  300  4  -2  
10  15  32  2166  521  300  4  -2  
10  15  32  2175  521  300  4  -2  
10  15  32  2183  522  300  4  -2  
10  15  32  2194  522  300  4  -2  
10  15  32  2203  522  300  4  -2  
10  15  32  2213  522  300  4  -2  
10  15  32  2221  522  300  4  -2  
10  15  32  2229  522  300  4  -2  
10  15  32  2239  522  300  4  -2  
10  15  32  2247  522  300  4  -2  
10  15  32  2257  522  300  4  -2  
10  15  32  2264  522  300  4  -2  
10  15  32  2274  522  300  4  -2  
10  15  32  2281  522  300  4  -2  
10  15  32  2292  522  300  4  -2  
10  15  32  2297  522  301  4  -2  
10  15  32  2308  519  303  4  -2  
10  15  32  2316  518  305  4  -2  
10  15  32  2324  513  308  4  -2  
10  15  32  2333  508  312  4  -2  
10  15  32  2341  502  315  4  -2  
10  15  32  2351  491  319  4  -2  
10  15  32  2361  482  322  4  -2  
10  15  32  2371  454  326  4  -2  
10  15  32  2380  439  326  4  -2  
10  15  32  2389  421  326  4  -2  
10  15  32  2397  403  326  4  -2  
