11  42  31  0  366  324  1  -2  
11  42  31  6  366  324  1  -2  
11  42  31  16  366  324  1  -2  
11  42  31  23  366  324  1  -2  
11  42  31  34  366  324  1  -2  
11  42  31  42  366  324  1  -2  
11  42  31  49  366  324  1  -2  
11  42  31  57  366  324  1  -2  
11  42  31  66  366  324  1  -2  
11  42  31  74  366  324  1  -2  
11  42  31  84  366  324  1  -2  
11  42  31  92  366  324  1  -2  
11  42  31  100  366  324  1  -2  
11  42  31  107  366  325  1  -2  
11  42  31  116  366  325  1  -2  
11  42  31  124  367  325  1  -2  
11  42  31  134  369  325  1  -2  
11  42  31  140  370  325  1  -2  
11  42  31  150  373  325  1  -2  
11  42  31  157  375  325  1  -2  
11  42  31  167  379  325  1  -2  
11  42  31  174  383  325  1  -2  
11  42  31  183  389  325  1  -2  
11  42  31  192  404  325  1  -2  
11  42  31  200  413  325  1  -2  
11  42  31  208  423  325  1  -2  
11  42  31  216  431  325  1  -2  
11  42  31  224  440  325  1  -2  
11  42  31  233  450  325  1  -2  
11  42  31  241  460  325  1  -2  
11  42  31  249  467  325  1  -2  
11  42  31  257  474  325  1  -2  
11  42  31  265  480  325  1  -2  
11  42  31  274  485  325  1  -2  
11  42  31  283  489  325  1  -2  
11  42  31  291  491  325  1  -2  
11  42  31  298  493  325  1  -2  
11  42  31  307  496  325  2  -2  
11  42  31  316  497  325  2  -2  
11  42  32  325  498  325  2  -2  
11  42  32  333  501  325  2  -2  
11  42  32  342  505  325  2  -2  
11  42  32  352  507  325  2  -2  
11  42  32  359  516  325  2  -2  
11  42  32  368  521  325  2  -2  
11  42  32  375  526  325  2  -2  
11  42  32  385  530  325  2  -2  
11  42  32  393  532  325  2  -2  
11  42  32  402  534  325  2  -2  
11  42  32  409  538  325  2  -2  
11  42  32  417  539  325  2  -2  
11  42  32  426  539  325  2  -2  
11  42  32  434  540  325  2  -2  
11  42  32  443  540  325  2  -2  
11  42  32  452  542  325  2  -2  
11  42  32  459  542  325  2  -2  
11  42  32  468  543  325  2  -2  
11  42  32  477  544  325  2  -2  
11  42  32  484  546  325  2  -2  
11  42  32  493  546  325  2  -2  
11  42  32  501  547  325  2  -2  
11  42  32  511  548  325  2  -2  
11  42  32  518  548  325  2  -2  
11  42  32  526  548  325  2  -2  
11  42  32  536  549  325  2  -2  
11  42  32  545  549  325  2  -2  
11  42  32  554  549  325  2  -2  
11  42  32  563  549  325  2  -2  
11  42  32  570  549  325  2  -2  
11  42  32  582  549  325  2  -2  
11  42  32  590  549  325  2  -2  
11  42  32  599  549  325  2  -2  
11  42  32  606  549  325  2  -2  
11  42  32  616  549  325  2  -2  
11  42  32  623  549  325  2  -2  
11  42  32  632  549  325  2  -2  
11  42  32  639  549  325  2  -2  
11  42  32  649  549  325  2  -2  
11  42  32  656  549  325  2  -2  
11  42  32  665  549  325  2  -2  
11  42  32  672  549  325  2  -2  
11  42  32  682  549  325  2  -2  
11  42  32  689  549  325  2  -2  
11  42  32  699  549  325  2  -2  
11  42  32  705  549  325  2  -2  
11  42  32  715  549  325  2  -2  
11  42  32  723  549  325  2  -2  
11  42  32  733  549  325  2  -2  
11  42  32  739  549  325  2  -2  
11  42  32  749  549  325  2  -2  
11  42  32  756  549  325  2  -2  
11  42  32  765  549  325  2  -2  
11  42  32  773  549  325  2  -2  
11  42  32  782  549  325  2  -2  
11  42  32  791  549  325  2  -2  
11  42  32  798  549  325  2  -2  
11  42  32  806  549  325  2  -2  
11  42  32  815  549  325  2  -2  
11  42  32  823  549  325  2  -2  
11  42  32  832  549  325  2  -2  
11  42  32  841  549  325  2  -2  
11  42  32  848  549  325  2  -2  
11  42  32  857  549  325  2  -2  
11  42  32  866  549  325  2  -2  
11  42  32  874  549  325  2  -2  
11  42  32  882  549  325  2  -2  
11  42  32  891  549  325  2  -2  
11  42  32  899  549  325  2  -2  
11  42  32  906  547  325  2  -2  
11  42  32  916  543  325  2  -2  
11  42  32  923  540  325  2  -2  
11  42  32  933  535  325  2  -2  
11  42  32  941  532  325  2  -2  
11  42  32  949  525  325  2  -2  
11  42  32  956  520  325  2  -2  
11  42  32  965  513  325  2  -2  
11  42  32  974  507  325  2  -2  
11  42  32  982  500  325  2  -2  
11  42  32  991  490  325  2  -2  
11  42  32  998  484  325  2  -2  
11  42  32  1008  484  325  2  -2  
11  42  32  1016  469  325  2  -2  
11  42  32  1025  461  325  2  -2  
11  42  32  1033  452  325  2  -2  
11  42  32  1042  444  325  2  -2  
11  42  32  1050  436  325  2  -2  
11  42  32  1058  429  325  2  -2  
11  42  32  1067  420  325  2  -2  
11  42  32  1076  414  325  2  -2  
11  42  32  1084  407  325  2  -2  
11  42  32  1093  402  325  2  -2  
11  42  32  1102  396  325  3  -2  
11  42  32  1109  391  325  3  -2  
11  42  32  1117  386  325  3  -2  
11  42  32  1125  382  325  3  -2  
11  42  32  1134  377  325  3  -2  
11  42  32  1143  374  325  3  -2  
11  42  32  1152  367  325  3  -2  
11  42  32  1160  365  325  3  -2  
11  42  32  1167  363  325  3  -2  
11  42  32  1176  362  325  3  -2  
11  42  32  1185  359  325  3  -2  
11  42  32  1193  356  325  3  -2  
11  42  32  1202  356  325  3  -2  
11  42  32  1209  355  325  3  -2  
11  42  32  1217  355  325  3  -2  
11  42  32  1226  355  325  3  -2  
11  42  32  1235  355  325  3  -2  
11  42  32  1243  355  325  3  -2  
11  42  32  1252  355  325  3  -2  
11  42  32  1259  354  325  3  -2  
11  42  32  1268  354  325  3  -2  
11  42  32  1276  354  325  3  -2  
11  42  32  1284  354  325  3  -2  
11  42  32  1293  354  325  3  -2  
11  42  32  1302  354  325  3  -2  
11  42  32  1310  354  325  3  -2  
11  42  33  1318  357  325  3  -2  
11  42  33  1326  365  325  3  -2  
11  42  33  1335  373  325  3  -2  
11  42  33  1343  395  327  3  -2  
11  42  33  1352  405  327  3  -2  
11  42  33  1359  415  327  3  -2  
11  42  33  1368  425  327  3  -2  
11  42  33  1379  434  327  3  -2  
11  42  33  1386  442  327  3  -2  
11  42  33  1396  452  327  3  -2  
11  42  33  1403  459  327  3  -2  
11  42  33  1414  464  327  3  -2  
11  42  33  1421  469  327  3  -2  
11  42  33  1432  473  327  3  -2  
11  42  33  1439  480  327  3  -2  
11  42  33  1448  482  327  3  -2  
11  42  33  1454  484  327  3  -2  
11  42  33  1466  484  327  3  -2  
11  42  33  1472  488  328  3  -2  
11  42  33  1482  491  328  3  -2  
11  42  33  1488  492  328  3  -2  
11  42  33  1499  495  328  3  -2  
11  42  33  1505  496  329  3  -2  
11  42  33  1516  498  329  4  -2  
11  42  33  1522  499  329  4  -2  
11  42  33  1532  500  329  4  -2  
11  42  33  1538  502  329  4  -2  
11  42  33  1548  505  329  4  -2  
11  42  33  1555  507  329  4  -2  
11  42  33  1565  509  329  4  -2  
11  42  33  1573  513  329  4  -2  
11  42  33  1582  515  329  4  -2  
11  42  33  1588  516  329  4  -2  
11  42  33  1598  517  329  4  -2  
11  42  33  1605  519  329  4  -2  
11  42  33  1616  520  329  4  -2  
11  42  33  1623  524  329  4  -2  
11  42  33  1632  526  329  4  -2  
11  42  33  1639  528  329  4  -2  
11  42  33  1648  532  329  4  -2  
11  42  33  1655  533  329  4  -2  
11  42  33  1666  533  329  4  -2  
11  42  33  1673  534  329  4  -2  
11  42  33  1682  534  329  4  -2  
11  42  33  1690  534  329  4  -2  
11  42  33  1698  534  329  4  -2  
11  42  33  1707  534  329  4  -2  
11  42  33  1716  534  329  4  -2  
11  42  33  1723  534  329  4  -2  
11  42  33  1732  534  329  4  -2  
11  42  33  1741  534  329  4  -2  
11  42  33  1749  534  329  4  -2  
11  42  33  1758  534  329  4  -2  
11  42  33  1768  534  329  4  -2  
11  42  33  1778  534  329  4  -2  
11  42  33  1786  534  329  4  -2  
11  42  33  1796  534  329  4  -2  
11  42  33  1803  534  329  4  -2  
11  42  33  1815  534  329  4  -2  
11  42  33  1820  534  329  4  -2  
11  42  33  1830  534  329  4  -2  
11  42  33  1838  534  329  4  -2  
11  42  33  1847  534  329  4  -2  
11  42  33  1855  534  329  4  -2  
11  42  33  1865  534  329  4  -2  
11  42  33  1872  534  329  4  -2  
11  42  33  1882  534  329  4  -2  
11  42  33  1889  534  329  4  -2  
11  42  33  1898  534  329  4  -2  
11  42  33  1907  534  329  4  -2  
11  42  33  1916  534  329  4  -2  
11  42  33  1925  534  329  4  -2  
11  42  33  1933  534  329  4  -2  
11  42  33  1942  534  329  4  -2  
11  42  33  1951  534  329  4  -2  
11  42  33  1957  533  329  4  -2  
11  42  33  1965  533  329  4  -2  
11  42  33  1975  530  329  4  -2  
11  42  33  1984  527  329  4  -2  
11  42  33  1992  526  329  4  -2  
11  42  33  2001  524  329  4  -2  
11  42  33  2008  522  329  4  -2  
11  42  33  2017  521  329  4  -2  
11  42  33  2025  519  329  4  -2  
11  42  33  2033  517  329  4  -2  
11  42  33  2042  514  329  4  -2  
11  42  33  2053  512  329  4  -2  
11  42  33  2059  509  329  4  -2  
11  42  33  2068  505  329  4  -2  
11  42  33  2075  503  329  4  -2  
11  42  33  2085  499  329  4  -2  
11  42  33  2094  494  329  4  -2  
11  42  33  2102  489  329  4  -2  
11  42  33  2111  480  329  4  -2  
11  42  33  2119  480  329  4  -2  
11  42  33  2126  474  329  4  -2  
11  42  33  2135  474  329  4  -2  
11  42  33  2145  465  329  4  -2  
11  42  33  2153  461  329  4  -2  
11  42  33  2164  457  329  4  -2  
11  42  33  2170  455  329  4  -2  
11  42  33  2179  450  329  4  -2  
11  42  33  2186  445  329  4  -2  
11  42  33  2197  439  329  4  -2  
11  42  33  2203  436  329  4  -2  
11  42  33  2215  431  329  4  -2  
11  42  33  2224  422  329  4  -2  
11  42  33  2234  420  329  4  -2  
11  42  33  2245  417  329  4  -2  
11  42  33  2252  414  329  4  -2  
11  42  33  2261  411  329  4  -2  
11  42  33  2269  407  328  4  -2  
11  42  33  2279  405  328  4  -2  
11  42  33  2285  400  328  4  -2  
11  42  33  2295  400  328  4  -2  
