10  15  21  0  361  285  1  -2  
10  15  21  7  361  285  1  -2  
10  15  21  14  361  285  1  -2  
10  15  21  23  361  285  1  -2  
10  15  21  31  361  285  1  -2  
10  15  21  40  361  285  1  -2  
10  15  21  48  361  285  1  -2  
10  15  21  56  361  285  1  -2  
10  15  21  65  361  285  1  -2  
10  15  21  74  361  285  1  -2  
10  15  21  83  361  285  1  -2  
10  15  21  93  361  285  1  -2  
10  15  21  112  361  285  1  -2  
10  15  21  121  361  285  1  -2  
10  15  21  132  361  285  1  -2  
10  15  21  139  361  285  1  -2  
10  15  21  149  361  285  1  -2  
10  15  21  155  361  285  1  -2  
10  15  21  165  361  285  1  -2  
10  15  21  175  361  285  1  -2  
10  15  21  184  361  285  1  -2  
10  15  21  195  361  285  1  -2  
10  15  21  202  361  285  1  -2  
10  15  21  213  361  285  1  -2  
10  15  21  221  361  285  1  -2  
10  15  21  231  361  285  1  -2  
10  15  21  239  361  285  1  -2  
10  15  21  249  361  285  1  -2  
10  15  21  258  363  285  1  -2  
10  15  21  267  363  285  1  -2  
10  15  21  277  366  285  1  -2  
10  15  21  286  367  285  1  -2  
10  15  21  295  371  284  1  -2  
10  15  21  303  376  284  1  -2  
10  15  21  316  382  282  1  -2  
10  15  21  322  384  282  1  -2  
10  15  21  331  388  282  1  -2  
10  15  21  340  392  280  1  -2  
10  15  21  349  396  280  1  -2  
10  15  21  356  401  280  1  -2  
10  15  21  364  406  280  1  -2  
10  15  21  373  414  280  1  -2  
10  15  21  381  420  280  1  -2  
10  15  21  390  426  280  1  -2  
10  15  21  398  435  280  1  -2  
10  15  22  406  443  280  1  -2  
10  15  22  416  450  280  1  -2  
10  15  22  425  470  280  1  -2  
10  15  22  432  480  280  1  -2  
10  15  22  441  488  280  1  -2  
10  15  22  450  495  280  1  -2  
10  15  22  458  504  280  1  -2  
10  15  22  466  509  280  1  -2  
10  15  22  475  512  281  1  -2  
10  15  22  485  515  281  1  -2  
10  15  22  496  519  281  1  -2  
10  15  22  503  523  281  2  -2  
10  15  22  512  527  282  2  -2  
10  15  22  520  530  282  2  -2  
10  15  22  530  533  282  2  -2  
10  15  22  537  535  283  2  -2  
10  15  22  546  537  283  2  -2  
10  15  22  551  539  283  2  -2  
10  15  22  562  539  283  2  -2  
10  15  22  570  540  283  2  -2  
10  15  22  578  540  283  2  -2  
10  15  22  586  540  283  2  -2  
10  15  22  595  540  283  2  -2  
10  15  22  602  540  283  2  -2  
10  15  22  611  540  283  2  -2  
10  15  22  620  540  283  2  -2  
10  15  22  631  540  283  2  -2  
10  15  22  636  540  283  2  -2  
10  15  22  646  540  283  2  -2  
10  15  22  653  540  283  2  -2  
10  15  22  663  540  283  2  -2  
10  15  22  670  540  283  2  -2  
10  15  22  680  540  283  2  -2  
10  15  22  687  540  283  2  -2  
10  15  22  697  540  283  2  -2  
10  15  22  704  540  283  2  -2  
10  15  22  713  540  283  2  -2  
10  15  22  720  540  283  2  -2  
10  15  22  731  540  283  2  -2  
10  15  22  736  540  283  2  -2  
10  15  22  745  540  283  2  -2  
10  15  22  753  540  283  2  -2  
10  15  22  764  540  283  2  -2  
10  15  22  772  540  283  2  -2  
10  15  22  780  540  283  2  -2  
10  15  22  787  540  283  2  -2  
10  15  22  797  540  283  2  -2  
10  15  22  803  540  283  2  -2  
10  15  22  814  540  283  2  -2  
10  15  22  821  540  283  2  -2  
10  15  22  831  540  283  2  -2  
10  15  22  838  540  283  2  -2  
10  15  22  847  540  283  2  -2  
10  15  22  855  540  283  2  -2  
10  15  22  864  540  283  2  -2  
10  15  22  871  540  283  2  -2  
10  15  22  880  540  283  2  -2  
10  15  22  889  540  283  2  -2  
10  15  22  897  540  283  2  -2  
10  15  22  904  540  283  2  -2  
10  15  22  914  540  283  2  -2  
10  15  22  921  540  283  2  -2  
10  15  22  931  540  283  2  -2  
10  15  22  938  540  283  2  -2  
10  15  22  947  540  283  2  -2  
10  15  22  954  540  283  2  -2  
10  15  22  963  540  283  2  -2  
10  15  22  971  540  283  2  -2  
10  15  22  980  539  285  2  -2  
10  15  22  987  538  286  2  -2  
10  15  22  997  537  287  2  -2  
10  15  22  1004  536  287  2  -2  
10  15  22  1013  536  288  2  -2  
10  15  22  1021  534  290  2  -2  
10  15  22  1031  533  290  2  -2  
10  15  22  1038  530  292  2  -2  
10  15  22  1047  528  294  2  -2  
10  15  22  1054  525  296  2  -2  
10  15  22  1064  521  299  2  -2  
10  15  22  1071  513  303  2  -2  
10  15  22  1081  513  303  2  -2  
10  15  22  1087  505  306  2  -2  
10  15  22  1097  500  308  2  -2  
10  15  22  1105  495  310  2  -2  
10  15  22  1114  492  311  2  -2  
10  15  22  1121  487  312  2  -2  
10  15  22  1131  483  314  2  -2  
10  15  22  1138  479  314  2  -2  
10  15  22  1147  475  315  2  -2  
10  15  22  1154  470  316  2  -2  
10  15  22  1164  467  318  2  -2  
10  15  22  1172  463  319  2  -2  
10  15  22  1181  459  319  2  -2  
10  15  22  1188  456  320  2  -2  
10  15  22  1197  453  320  2  -2  
10  15  22  1204  449  321  2  -2  
10  15  22  1213  444  321  2  -2  
10  15  22  1222  440  321  2  -2  
10  15  22  1231  435  321  2  -2  
10  15  22  1237  430  323  2  -2  
10  15  22  1247  424  323  2  -2  
10  15  22  1254  418  323  2  -2  
10  15  22  1262  411  323  2  -2  
10  15  22  1270  395  325  3  -2  
10  15  22  1280  395  325  3  -2  
10  15  22  1287  382  325  3  -2  
10  15  22  1296  377  325  3  -2  
10  15  22  1303  371  326  3  -2  
10  15  22  1313  368  326  3  -2  
10  15  22  1320  367  326  3  -2  
10  15  22  1330  364  327  3  -2  
10  15  22  1337  364  327  3  -2  
10  15  22  1346  363  327  3  -2  
10  15  22  1353  362  327  3  -2  
10  15  22  1362  362  327  3  -2  
10  15  22  1370  362  327  3  -2  
10  15  22  1379  360  328  3  -2  
10  15  22  1386  360  328  3  -2  
10  15  22  1396  360  328  3  -2  
10  15  22  1402  360  328  3  -2  
10  15  23  1412  360  328  3  -2  
10  15  23  1420  360  328  3  -2  
10  15  23  1429  360  328  3  -2  
10  15  23  1437  360  328  3  -2  
10  15  23  1446  360  328  3  -2  
10  15  23  1452  360  328  3  -2  
10  15  23  1463  360  328  3  -2  
10  15  23  1470  371  326  3  -2  
10  15  23  1480  380  321  3  -2  
10  15  23  1487  389  320  3  -2  
10  15  23  1496  396  317  3  -2  
10  15  23  1503  403  316  3  -2  
10  15  23  1513  412  315  3  -2  
10  15  23  1521  418  315  3  -2  
10  15  23  1530  424  315  3  -2  
10  15  23  1537  429  315  3  -2  
10  15  23  1546  435  315  3  -2  
10  15  23  1553  441  315  3  -2  
10  15  23  1563  446  315  3  -2  
10  15  23  1570  451  315  3  -2  
10  15  23  1580  456  315  3  -2  
10  15  23  1586  461  315  3  -2  
10  15  23  1596  465  315  3  -2  
10  15  23  1603  470  315  3  -2  
10  15  23  1613  474  315  3  -2  
10  15  23  1620  479  315  3  -2  
10  15  23  1629  480  315  3  -2  
10  15  23  1637  483  315  3  -2  
10  15  23  1648  484  315  3  -2  
10  15  23  1656  484  315  3  -2  
10  15  23  1664  484  315  3  -2  
10  15  23  1673  484  315  3  -2  
10  15  23  1682  484  315  3  -2  
10  15  23  1690  484  315  3  -2  
10  15  23  1699  484  314  3  -2  
10  15  23  1706  485  314  3  -2  
10  15  23  1714  487  313  3  -2  
10  15  23  1723  487  313  3  -2  
10  15  23  1732  489  313  3  -2  
10  15  23  1741  491  313  3  -2  
10  15  23  1748  491  313  3  -2  
10  15  23  1756  492  313  3  -2  
10  15  23  1765  493  312  3  -2  
10  15  23  1773  493  311  3  -2  
10  15  23  1782  493  311  3  -2  
10  15  23  1790  493  311  3  -2  
10  15  23  1799  494  310  3  -2  
10  15  23  1807  496  308  4  -2  
10  15  23  1816  497  306  4  -2  
10  15  23  1824  498  304  4  -2  
10  15  23  1831  501  302  4  -2  
10  15  23  1840  503  300  4  -2  
10  15  23  1848  503  299  4  -2  
10  15  23  1856  505  299  4  -2  
10  15  23  1865  508  298  4  -2  
10  15  23  1874  508  298  4  -2  
10  15  23  1884  508  298  4  -2  
10  15  23  1894  508  298  4  -2  
10  15  23  1901  508  298  4  -2  
10  15  23  1910  508  298  4  -2  
10  15  23  1918  508  298  4  -2  
10  15  23  1927  508  298  4  -2  
10  15  23  1934  508  298  4  -2  
10  15  23  1944  508  298  4  -2  
10  15  23  1951  508  298  4  -2  
10  15  23  1961  508  298  4  -2  
10  15  23  1968  508  298  4  -2  
10  15  23  1977  508  298  4  -2  
10  15  23  1983  508  298  4  -2  
10  15  23  1994  508  298  4  -2  
10  15  23  2001  508  298  4  -2  
10  15  23  2012  508  298  4  -2  
10  15  23  2017  508  298  4  -2  
10  15  23  2027  508  298  4  -2  
10  15  23  2035  508  298  4  -2  
10  15  23  2044  508  298  4  -2  
10  15  23  2051  508  298  4  -2  
10  15  23  2060  508  298  4  -2  
10  15  23  2068  507  298  4  -2  
10  15  23  2077  504  301  4  -2  
10  15  23  2085  499  306  4  -2  
10  15  23  2094  497  307  4  -2  
10  15  23  2102  493  312  4  -2  
10  15  23  2111  486  317  4  -2  
10  15  23  2119  469  327  4  -2  
10  15  23  2126  463  330  4  -2  
10  15  23  2135  463  330  4  -2  
10  15  23  2144  456  335  4  -2  
10  15  23  2151  439  341  4  -2  
10  15  23  2160  432  343  4  -2  
10  15  23  2168  425  344  4  -2  
10  15  23  2177  420  346  4  -2  
10  15  23  2185  416  346  4  -2  
10  15  23  2194  412  347  4  -2  
10  15  23  2201  410  347  4  -2  
10  15  23  2213  406  348  4  -2  
10  15  23  2219  405  348  4  -2  
10  15  23  2229  403  349  4  -2  
10  15  23  2236  403  349  4  -2  
10  15  23  2245  401  350  4  -2  
10  15  23  2253  399  351  4  -2  
10  15  23  2262  399  352  4  -2  
10  15  23  2270  398  352  4  -2  
10  15  23  2280  397  353  4  -2  
10  15  23  2287  393  355  4  -2  
10  15  23  2296  392  356  4  -2  
10  15  23  2304  392  356  4  -2  
10  15  23  2313  390  357  4  -2  
10  15  23  2321  390  357  4  -2  
10  15  23  2329  390  357  4  -2  
10  15  23  2338  390  357  4  -2  
10  15  23  2347  389  357  4  -2  
10  15  23  2355  388  357  4  -2  
10  15  23  2363  388  357  4  -2  
10  15  23  2371  388  358  4  -2  
10  15  23  2379  387  358  4  -2  
10  15  23  2388  386  359  4  -2  
10  15  23  2396  386  359  4  -2  
10  15  23  2404  386  359  4  -2  
10  15  24  2413  383  359  4  -2  
10  15  24  2422  382  359  4  -2  
10  15  24  2431  380  360  4  -2  
10  15  24  2439  379  360  4  -2  
10  15  24  2448  376  360  4  -2  
10  15  24  2456  375  360  4  -2  
10  15  24  2464  374  360  4  -2  
10  15  24  2473  371  360  4  -2  
10  15  24  2482  371  360  4  -2  
10  15  24  2490  370  360  4  -2  
10  15  24  2499  369  360  4  -2  
10  15  24  2507  368  360  4  -2  
10  15  24  2516  367  360  4  -2  
10  15  24  2524  366  360  4  -2  
10  15  24  2531  365  360  4  -2  
10  15  24  2540  364  360  4  -2  
10  15  24  2549  364  360  4  -2  
10  15  24  2557  363  360  4  -2  
10  15  24  2566  363  360  4  -2  
10  15  24  2574  363  360  4  -2  
10  15  24  2582  363  360  4  -2  
10  15  24  2590  363  360  4  -2  
10  15  24  2599  363  360  4  -2  
10  15  24  2607  363  360  4  -2  
10  15  24  2618  363  360  4  -2  
10  15  24  2627  363  360  4  -2  
10  15  24  2634  363  360  4  -2  
10  15  24  2645  363  360  4  -2  
10  15  24  2654  363  360  4  -2  
10  15  24  2664  363  360  4  -2  
10  15  24  2670  363  360  4  -2  
10  15  24  2680  363  360  4  -2  
10  15  24  2689  363  360  4  -2  
10  15  24  2698  363  360  4  -2  
10  15  24  2708  363  360  4  -2  
10  15  24  2717  363  360  4  -2  
10  15  24  2727  363  360  4  -2  
10  15  24  2735  363  360  4  -2  
10  15  24  2760  363  360  4  -2  
