11  42  38  0  368  326  1  -2  
11  42  38  7  368  326  1  -2  
11  42  38  16  368  326  1  -2  
11  42  38  22  368  326  1  -2  
11  42  38  33  368  326  1  -2  
11  42  38  40  368  326  1  -2  
11  42  38  50  368  326  1  -2  
11  42  38  58  368  326  1  -2  
11  42  38  67  368  326  1  -2  
11  42  38  75  368  326  1  -2  
11  42  38  83  368  326  1  -2  
11  42  38  92  368  326  1  -2  
11  42  38  102  368  326  1  -2  
11  42  38  110  368  326  1  -2  
11  42  38  119  368  326  1  -2  
11  42  38  126  368  326  1  -2  
11  42  38  135  368  326  1  -2  
11  42  38  142  368  326  1  -2  
11  42  38  151  368  326  1  -2  
11  42  38  159  368  326  1  -2  
11  42  38  168  368  326  1  -2  
11  42  38  176  368  326  1  -2  
11  42  38  185  368  326  1  -2  
11  42  39  193  368  326  1  -2  
11  42  39  202  368  326  1  -2  
11  42  39  209  368  326  1  -2  
11  42  39  218  368  326  1  -2  
11  42  39  227  368  326  1  -2  
11  42  39  236  368  326  1  -2  
11  42  39  244  368  326  1  -2  
11  42  39  252  368  326  1  -2  
11  42  39  260  368  326  1  -2  
11  42  39  268  368  326  1  -2  
11  42  39  277  368  326  1  -2  
11  42  39  285  368  326  1  -2  
11  42  39  294  368  326  1  -2  
11  42  39  301  368  326  1  -2  
11  42  39  309  368  326  1  -2  
11  42  39  318  368  326  1  -2  
11  42  39  326  368  326  1  -2  
11  42  39  335  368  326  1  -2  
11  42  39  344  368  326  1  -2  
11  42  39  352  368  326  1  -2  
11  42  39  359  368  326  1  -2  
11  42  39  368  368  326  1  -2  
11  42  39  377  368  326  1  -2  
11  42  39  385  368  326  1  -2  
11  42  39  392  368  326  1  -2  
11  42  39  401  368  326  1  -2  
11  42  39  410  373  326  1  -2  
11  42  39  418  376  326  1  -2  
11  42  39  428  378  326  1  -2  
11  42  39  437  382  325  1  -2  
11  42  39  445  384  325  1  -2  
11  42  39  452  386  325  1  -2  
11  42  39  460  387  325  1  -2  
11  42  39  468  389  325  1  -2  
11  42  39  478  391  325  1  -2  
11  42  39  487  392  325  1  -2  
11  42  39  494  395  325  1  -2  
11  42  39  503  399  325  1  -2  
11  42  39  511  402  325  1  -2  
11  42  39  520  407  325  1  -2  
11  42  39  528  413  325  1  -2  
11  42  39  535  416  325  1  -2  
11  42  39  544  419  325  1  -2  
11  42  39  553  424  325  1  -2  
11  42  39  561  432  325  1  -2  
11  42  39  569  432  325  1  -2  
11  42  39  577  437  325  1  -2  
11  42  39  585  437  325  1  -2  
11  42  39  593  444  325  1  -2  
11  42  39  602  444  325  1  -2  
11  42  39  612  456  325  1  -2  
11  42  39  619  463  325  1  -2  
11  42  39  629  468  325  1  -2  
11  42  39  637  475  325  1  -2  
11  42  39  645  483  325  1  -2  
11  42  39  654  488  325  1  -2  
11  42  39  663  494  325  1  -2  
11  42  39  669  499  325  2  -2  
11  42  39  678  501  325  2  -2  
11  42  39  688  506  325  2  -2  
11  42  39  695  510  325  2  -2  
11  42  39  703  513  325  2  -2  
11  42  39  711  515  325  2  -2  
11  42  39  718  518  325  2  -2  
11  42  39  728  521  325  2  -2  
11  42  39  736  524  326  2  -2  
11  42  39  748  526  326  2  -2  
11  42  39  754  531  327  2  -2  
11  42  39  766  532  327  2  -2  
11  42  39  772  533  327  2  -2  
11  42  39  783  535  327  2  -2  
11  42  39  789  536  328  2  -2  
11  42  39  800  537  328  2  -2  
11  42  39  807  539  328  2  -2  
11  42  39  816  539  328  2  -2  
11  42  39  823  540  328  2  -2  
11  42  39  833  540  328  2  -2  
11  42  39  840  540  328  2  -2  
11  42  39  850  540  328  2  -2  
11  42  39  857  540  328  2  -2  
11  42  39  867  540  328  2  -2  
11  42  39  873  540  328  2  -2  
11  42  39  883  540  328  2  -2  
11  42  39  890  540  328  2  -2  
11  42  39  900  540  328  2  -2  
11  42  39  907  540  328  2  -2  
11  42  39  917  540  328  2  -2  
11  42  39  923  540  328  2  -2  
11  42  39  933  540  328  2  -2  
11  42  39  940  540  328  2  -2  
11  42  39  950  540  328  2  -2  
11  42  39  958  540  328  2  -2  
11  42  39  966  540  328  2  -2  
11  42  39  974  540  328  2  -2  
11  42  39  983  540  328  2  -2  
11  42  39  988  540  328  2  -2  
11  42  39  1000  540  328  2  -2  
11  42  39  1008  540  328  2  -2  
11  42  39  1017  540  328  2  -2  
11  42  39  1023  540  328  2  -2  
11  42  39  1034  540  328  2  -2  
11  42  39  1043  540  328  2  -2  
11  42  39  1052  540  328  2  -2  
11  42  39  1061  540  328  2  -2  
11  42  39  1068  540  328  2  -2  
11  42  39  1078  540  328  2  -2  
11  42  39  1086  540  328  2  -2  
11  42  39  1093  540  328  2  -2  
11  42  39  1102  540  328  2  -2  
11  42  39  1110  540  328  2  -2  
11  42  39  1118  540  328  2  -2  
11  42  39  1128  539  328  2  -2  
11  42  39  1137  537  328  2  -2  
11  42  39  1144  534  328  2  -2  
11  42  39  1151  532  328  2  -2  
11  42  39  1160  530  328  2  -2  
11  42  39  1169  528  328  2  -2  
11  42  39  1178  526  328  2  -2  
11  42  39  1185  520  328  2  -2  
11  42  40  1194  520  328  2  -2  
11  42  40  1202  517  328  2  -2  
11  42  40  1212  516  328  2  -2  
11  42  40  1219  515  328  2  -2  
11  42  40  1228  514  328  2  -2  
11  42  40  1235  514  328  2  -2  
11  42  40  1244  514  328  2  -2  
11  42  40  1252  514  328  2  -2  
11  42  40  1261  514  328  2  -2  
11  42  40  1269  514  328  2  -2  
11  42  40  1278  514  328  2  -2  
11  42  40  1286  514  328  2  -2  
11  42  40  1294  514  328  2  -2  
11  42  40  1302  514  328  2  -2  
11  42  40  1311  514  328  2  -2  
11  42  40  1319  514  328  2  -2  
11  42  40  1327  514  328  2  -2  
11  42  40  1337  514  328  2  -2  
11  42  40  1344  514  328  2  -2  
11  42  40  1352  514  328  2  -2  
11  42  40  1360  514  328  2  -2  
11  42  40  1369  514  328  2  -2  
11  42  40  1378  514  328  2  -2  
11  42  40  1385  514  328  2  -2  
11  42  40  1394  514  328  2  -2  
11  42  40  1403  514  328  2  -2  
11  42  40  1411  514  328  2  -2  
11  42  40  1420  514  328  2  -2  
11  42  40  1428  514  328  2  -2  
11  42  40  1435  514  328  2  -2  
11  42  40  1445  514  328  2  -2  
11  42  40  1453  514  328  2  -2  
11  42  40  1460  514  328  2  -2  
11  42  40  1469  514  328  2  -2  
11  42  40  1478  514  328  2  -2  
11  42  40  1485  514  328  2  -2  
11  42  40  1494  514  328  2  -2  
11  42  40  1502  514  328  2  -2  
11  42  40  1510  514  328  2  -2  
11  42  40  1519  514  328  2  -2  
11  42  40  1528  514  328  2  -2  
11  42  40  1534  514  328  2  -2  
11  42  40  1544  514  328  2  -2  
11  42  40  1553  514  328  2  -2  
11  42  40  1561  512  328  2  -2  
11  42  40  1569  508  328  2  -2  
11  42  40  1580  501  328  2  -2  
11  42  40  1587  481  328  2  -2  
11  42  40  1594  471  328  2  -2  
11  42  40  1602  462  328  2  -2  
11  42  40  1611  452  328  2  -2  
11  42  40  1618  445  328  2  -2  
11  42  40  1629  439  328  2  -2  
11  42  40  1636  433  328  2  -2  
11  42  40  1644  430  328  2  -2  
11  42  40  1652  426  328  2  -2  
11  42  40  1660  423  328  2  -2  
11  42  40  1668  420  328  2  -2  
11  42  40  1677  416  328  2  -2  
11  42  40  1684  411  328  2  -2  
11  42  40  1695  407  328  2  -2  
11  42  40  1703  402  328  2  -2  
11  42  40  1713  397  328  3  -2  
11  42  40  1720  391  328  3  -2  
11  42  40  1730  391  328  3  -2  
11  42  40  1737  387  328  3  -2  
11  42  40  1745  380  328  3  -2  
11  42  40  1752  380  328  3  -2  
11  42  40  1764  377  328  3  -2  
11  42  40  1771  372  328  3  -2  
11  42  40  1781  372  328  3  -2  
11  42  40  1788  369  328  3  -2  
11  42  40  1799  369  328  3  -2  
11  42  40  1804  369  328  3  -2  
11  42  40  1814  369  328  3  -2  
11  42  40  1821  369  328  3  -2  
11  42  40  1831  368  328  3  -2  
11  42  40  1838  368  328  3  -2  
11  42  40  1849  368  328  3  -2  
11  42  40  1854  366  328  3  -2  
11  42  40  1865  366  328  3  -2  
11  42  40  1871  366  328  3  -2  
11  42  40  1881  366  328  3  -2  
11  42  40  1888  366  328  3  -2  
11  42  40  1898  366  328  3  -2  
11  42  40  1905  366  328  3  -2  
11  42  40  1915  366  328  3  -2  
11  42  40  1922  366  328  3  -2  
11  42  40  1932  366  328  3  -2  
11  42  40  1940  369  328  3  -2  
11  42  40  1948  374  328  3  -2  
11  42  40  1956  380  328  3  -2  
11  42  40  1965  390  328  3  -2  
11  42  40  1972  399  328  3  -2  
11  42  40  1982  411  328  3  -2  
11  42  40  1988  419  328  3  -2  
11  42  40  1999  427  328  3  -2  
11  42  40  2006  436  328  3  -2  
11  42  40  2015  441  328  3  -2  
11  42  40  2022  446  328  3  -2  
11  42  40  2032  451  328  3  -2  
11  42  40  2039  456  328  3  -2  
11  42  40  2049  460  328  3  -2  
11  42  40  2057  469  328  3  -2  
11  42  40  2065  469  328  3  -2  
11  42  40  2072  475  328  3  -2  
11  42  40  2082  481  329  3  -2  
11  42  40  2090  491  332  3  -2  
11  42  40  2100  497  333  3  -2  
11  42  40  2107  502  333  4  -2  
11  42  40  2115  507  333  4  -2  
11  42  40  2123  511  334  4  -2  
11  42  40  2132  513  334  4  -2  
11  42  40  2139  516  334  4  -2  
11  42  40  2149  517  334  4  -2  
11  42  40  2156  518  334  4  -2  
11  42  40  2165  519  334  4  -2  
11  42  40  2174  520  334  4  -2  
11  42  40  2181  521  334  4  -2  
11  42  40  2188  521  334  4  -2  
11  42  41  2199  521  334  4  -2  
11  42  41  2207  521  334  4  -2  
11  42  41  2215  521  334  4  -2  
11  42  41  2223  521  334  4  -2  
11  42  41  2232  521  334  4  -2  
11  42  41  2239  521  334  4  -2  
11  42  41  2248  522  334  4  -2  
11  42  41  2257  523  334  4  -2  
11  42  41  2266  523  334  4  -2  
11  42  41  2274  524  334  4  -2  
11  42  41  2282  524  334  4  -2  
11  42  41  2292  524  334  4  -2  
11  42  41  2299  524  334  4  -2  
11  42  41  2309  524  334  4  -2  
11  42  41  2318  525  335  4  -2  
11  42  41  2326  525  335  4  -2  
11  42  41  2332  525  335  4  -2  
11  42  41  2341  525  335  4  -2  
11  42  41  2349  525  335  4  -2  
11  42  41  2358  525  335  4  -2  
11  42  41  2366  525  335  4  -2  
11  42  41  2374  525  335  4  -2  
11  42  41  2382  525  335  4  -2  
11  42  41  2391  525  335  4  -2  
11  42  41  2399  525  335  4  -2  
11  42  41  2409  525  335  4  -2  
11  42  41  2418  524  336  4  -2  
11  42  41  2424  512  336  4  -2  
11  42  41  2434  512  336  4  -2  
11  42  41  2442  495  336  4  -2  
11  42  41  2451  489  336  4  -2  
11  42  41  2459  483  336  4  -2  
11  42  41  2468  473  336  4  -2  
11  42  41  2475  467  336  4  -2  
11  42  41  2484  461  336  4  -2  
11  42  41  2492  456  336  4  -2  
11  42  41  2500  451  336  4  -2  
11  42  41  2508  447  336  4  -2  
11  42  41  2517  442  335  4  -2  
11  42  41  2526  437  335  4  -2  
11  42  41  2534  432  335  4  -2  
11  42  41  2542  425  334  4  -2  
11  42  41  2552  419  331  4  -2  
11  42  41  2559  414  331  4  -2  
11  42  41  2569  408  330  4  -2  
11  42  41  2578  401  329  4  -2  
11  42  41  2586  399  329  4  -2  
