11  42  56  0  347  326  1  -2  
11  42  56  8  347  326  1  -2  
11  42  56  17  347  326  1  -2  
11  42  56  25  347  326  1  -2  
11  42  56  33  347  326  1  -2  
11  42  56  42  347  326  1  -2  
11  42  56  51  347  326  1  -2  
11  42  56  58  347  326  1  -2  
11  42  56  67  347  326  1  -2  
11  42  56  76  347  326  1  -2  
11  42  56  83  347  326  1  -2  
11  42  56  92  347  326  1  -2  
11  42  56  101  347  326  1  -2  
11  42  56  109  347  326  1  -2  
11  42  56  117  347  326  1  -2  
11  42  56  127  347  326  1  -2  
11  42  56  134  347  326  1  -2  
11  42  56  142  347  326  1  -2  
11  42  56  150  350  326  1  -2  
11  42  56  158  353  326  1  -2  
11  42  56  167  356  326  1  -2  
11  42  56  175  360  326  1  -2  
11  42  56  184  363  326  1  -2  
11  42  56  192  365  326  1  -2  
11  42  56  202  369  326  1  -2  
11  42  56  209  378  326  1  -2  
11  42  56  217  378  326  1  -2  
11  42  56  226  381  326  1  -2  
11  42  56  234  386  326  1  -2  
11  42  56  242  397  326  1  -2  
11  42  56  250  402  326  1  -2  
11  42  56  259  409  326  1  -2  
11  42  56  267  415  326  1  -2  
11  42  56  277  422  326  1  -2  
11  42  56  285  432  326  1  -2  
11  42  56  292  437  326  1  -2  
11  42  56  302  444  326  1  -2  
11  42  56  312  448  326  1  -2  
11  42  56  320  450  326  1  -2  
11  42  56  331  451  326  1  -2  
11  42  56  339  453  326  1  -2  
11  42  56  348  455  326  1  -2  
11  42  56  356  457  326  1  -2  
11  42  56  365  460  326  1  -2  
11  42  56  371  464  326  1  -2  
11  42  56  380  469  326  1  -2  
11  42  56  388  476  326  1  -2  
11  42  56  398  480  326  1  -2  
11  42  56  405  485  326  1  -2  
11  42  56  414  490  326  1  -2  
11  42  56  421  492  327  1  -2  
11  42  56  431  495  327  1  -2  
11  42  56  437  497  327  2  -2  
11  42  57  447  498  327  2  -2  
11  42  57  454  500  327  2  -2  
11  42  57  464  501  327  2  -2  
11  42  57  471  502  327  2  -2  
11  42  57  481  503  328  2  -2  
11  42  57  487  504  328  2  -2  
11  42  57  498  507  328  2  -2  
11  42  57  504  510  328  2  -2  
11  42  57  514  514  330  2  -2  
11  42  57  521  517  330  2  -2  
11  42  57  531  521  330  2  -2  
11  42  57  538  526  330  2  -2  
11  42  57  548  526  330  2  -2  
11  42  57  554  529  330  2  -2  
11  42  57  564  529  331  2  -2  
11  42  57  571  529  331  2  -2  
11  42  57  580  529  331  2  -2  
11  42  57  589  529  331  2  -2  
11  42  57  598  529  331  2  -2  
11  42  57  605  529  331  2  -2  
11  42  57  614  530  331  2  -2  
11  42  57  621  530  331  2  -2  
11  42  57  630  530  331  2  -2  
11  42  57  638  530  331  2  -2  
11  42  57  648  530  331  2  -2  
11  42  57  654  530  331  2  -2  
11  42  57  664  531  331  2  -2  
11  42  57  672  531  331  2  -2  
11  42  57  681  531  331  2  -2  
11  42  57  688  531  331  2  -2  
11  42  57  698  531  331  2  -2  
11  42  57  706  531  331  2  -2  
11  42  57  714  531  331  2  -2  
11  42  57  722  531  331  2  -2  
11  42  57  730  531  331  2  -2  
11  42  57  738  531  331  2  -2  
11  42  57  748  531  331  2  -2  
11  42  57  754  531  331  2  -2  
11  42  57  764  531  331  2  -2  
11  42  57  771  531  331  2  -2  
11  42  57  781  531  331  2  -2  
11  42  57  787  531  331  2  -2  
11  42  57  798  531  331  2  -2  
11  42  57  804  531  331  2  -2  
11  42  57  814  531  331  2  -2  
11  42  57  821  531  331  2  -2  
11  42  57  830  531  331  2  -2  
11  42  57  838  531  331  2  -2  
11  42  57  848  531  331  2  -2  
11  42  57  856  531  331  2  -2  
11  42  57  864  531  331  2  -2  
11  42  57  871  531  331  2  -2  
11  42  57  881  530  331  2  -2  
11  42  57  888  530  331  2  -2  
11  42  57  898  526  331  2  -2  
11  42  57  904  521  332  2  -2  
11  42  57  914  518  332  2  -2  
11  42  57  922  515  332  2  -2  
11  42  57  931  510  332  2  -2  
11  42  57  938  502  332  2  -2  
11  42  57  948  502  332  2  -2  
11  42  57  955  497  332  2  -2  
11  42  57  964  497  332  2  -2  
11  42  57  971  488  332  2  -2  
11  42  57  981  483  332  2  -2  
11  42  57  989  478  332  2  -2  
11  42  57  998  471  332  2  -2  
11  42  57  1005  465  332  2  -2  
11  42  57  1014  459  332  2  -2  
11  42  57  1022  454  332  2  -2  
11  42  57  1031  449  332  2  -2  
11  42  57  1038  445  332  2  -2  
11  42  57  1048  442  332  2  -2  
11  42  57  1056  438  332  2  -2  
11  42  57  1064  435  332  2  -2  
11  42  57  1071  433  332  2  -2  
11  42  57  1080  429  332  2  -2  
11  42  57  1088  424  332  2  -2  
11  42  57  1098  421  332  2  -2  
11  42  57  1106  416  332  2  -2  
11  42  57  1114  411  332  2  -2  
11  42  57  1121  406  332  2  -2  
11  42  57  1131  402  332  2  -2  
11  42  57  1138  397  332  2  -2  
11  42  57  1148  395  332  3  -2  
11  42  57  1154  390  332  3  -2  
11  42  57  1164  390  332  3  -2  
11  42  57  1172  388  332  3  -2  
11  42  57  1180  385  332  3  -2  
11  42  57  1188  385  332  3  -2  
11  42  57  1198  381  332  3  -2  
11  42  57  1207  381  332  3  -2  
11  42  57  1214  378  332  3  -2  
11  42  57  1222  377  332  3  -2  
11  42  57  1230  374  332  3  -2  
11  42  57  1239  372  332  3  -2  
11  42  57  1248  370  332  3  -2  
11  42  57  1255  368  332  3  -2  
11  42  57  1263  367  332  3  -2  
11  42  57  1271  367  332  3  -2  
11  42  57  1279  367  332  3  -2  
11  42  57  1287  366  332  3  -2  
11  42  57  1297  366  332  3  -2  
11  42  57  1304  366  332  3  -2  
11  42  57  1313  366  332  3  -2  
11  42  57  1320  366  332  3  -2  
11  42  57  1329  366  332  3  -2  
11  42  57  1338  366  332  3  -2  
11  42  57  1346  366  332  3  -2  
11  42  57  1354  368  332  3  -2  
11  42  57  1363  368  332  3  -2  
11  42  57  1370  379  332  3  -2  
11  42  57  1380  388  332  3  -2  
11  42  57  1388  400  332  3  -2  
11  42  57  1397  406  332  3  -2  
11  42  57  1406  416  332  3  -2  
11  42  57  1416  423  332  3  -2  
11  42  57  1424  433  332  3  -2  
11  42  57  1431  440  332  3  -2  
11  42  57  1441  448  332  3  -2  
11  42  58  1449  457  332  3  -2  
11  42  58  1458  464  332  3  -2  
11  42  58  1465  475  332  3  -2  
11  42  58  1474  475  332  3  -2  
11  42  58  1482  479  332  3  -2  
11  42  58  1491  488  332  3  -2  
11  42  58  1497  492  332  3  -2  
11  42  58  1508  492  332  3  -2  
11  42  58  1516  497  332  3  -2  
11  42  58  1524  499  332  4  -2  
11  42  58  1533  501  332  4  -2  
11  42  58  1541  503  332  4  -2  
11  42  58  1549  506  332  4  -2  
11  42  58  1557  511  332  4  -2  
11  42  58  1566  512  332  4  -2  
11  42  58  1575  516  332  4  -2  
11  42  58  1584  517  332  4  -2  
11  42  58  1590  521  332  4  -2  
11  42  58  1598  524  332  4  -2  
11  42  58  1607  525  332  4  -2  
11  42  58  1615  529  332  4  -2  
11  42  58  1625  531  332  4  -2  
11  42  58  1633  532  332  4  -2  
11  42  58  1642  533  332  4  -2  
11  42  58  1649  533  332  4  -2  
11  42  58  1657  533  332  4  -2  
11  42  58  1666  533  332  4  -2  
11  42  58  1675  533  332  4  -2  
11  42  58  1683  533  332  4  -2  
11  42  58  1692  533  332  4  -2  
11  42  58  1700  533  332  4  -2  
11  42  58  1707  533  332  4  -2  
11  42  58  1716  533  332  4  -2  
11  42  58  1725  533  332  4  -2  
11  42  58  1733  533  332  4  -2  
11  42  58  1741  533  332  4  -2  
11  42  58  1748  533  332  4  -2  
11  42  58  1758  533  332  4  -2  
11  42  58  1766  533  332  4  -2  
11  42  58  1775  533  332  4  -2  
11  42  58  1782  533  332  4  -2  
11  42  58  1792  533  332  4  -2  
11  42  58  1799  533  332  4  -2  
11  42  58  1808  533  332  4  -2  
11  42  58  1816  533  332  4  -2  
11  42  58  1825  533  332  4  -2  
11  42  58  1833  533  332  4  -2  
11  42  58  1840  533  332  4  -2  
11  42  58  1849  533  332  4  -2  
11  42  58  1858  533  332  4  -2  
11  42  58  1867  533  332  4  -2  
11  42  58  1875  533  332  4  -2  
11  42  58  1882  533  332  4  -2  
11  42  58  1890  533  332  4  -2  
11  42  58  1899  533  332  4  -2  
11  42  58  1908  533  332  4  -2  
11  42  58  1916  533  332  4  -2  
11  42  58  1925  533  332  4  -2  
11  42  58  1933  533  332  4  -2  
11  42  58  1943  533  332  4  -2  
11  42  58  1951  533  332  4  -2  
11  42  58  1962  533  332  4  -2  
11  42  58  1969  533  332  4  -2  
11  42  58  1979  533  332  4  -2  
11  42  58  1986  533  332  4  -2  
11  42  58  1996  533  332  4  -2  
11  42  58  2003  533  332  4  -2  
11  42  58  2014  533  332  4  -2  
11  42  58  2021  531  332  4  -2  
11  42  58  2030  530  332  4  -2  
11  42  58  2039  529  332  4  -2  
11  42  58  2048  527  332  4  -2  
11  42  58  2056  526  332  4  -2  
11  42  58  2064  523  332  4  -2  
11  42  58  2073  520  332  4  -2  
11  42  58  2082  518  332  4  -2  
11  42  58  2091  509  332  4  -2  
11  42  58  2099  504  332  4  -2  
11  42  58  2108  499  332  4  -2  
11  42  58  2117  492  332  4  -2  
11  42  58  2127  485  332  4  -2  
11  42  58  2134  480  332  4  -2  
11  42  58  2143  475  332  4  -2  
11  42  58  2151  470  332  4  -2  
11  42  58  2160  465  332  4  -2  
11  42  58  2168  458  332  4  -2  
11  42  58  2179  453  332  4  -2  
11  42  58  2184  439  332  4  -2  
11  42  58  2197  439  332  4  -2  
11  42  58  2203  432  332  4  -2  
11  42  58  2213  428  332  4  -2  
11  42  58  2221  425  332  4  -2  
11  42  58  2230  424  332  4  -2  
11  42  58  2237  421  330  4  -2  
11  42  58  2246  420  330  4  -2  
11  42  58  2253  419  330  4  -2  
11  42  58  2263  417  330  4  -2  
11  42  58  2269  416  330  4  -2  
11  42  58  2279  416  330  4  -2  
11  42  58  2287  413  330  4  -2  
11  42  58  2296  412  330  4  -2  
11  42  58  2304  409  330  4  -2  
11  42  58  2312  407  330  4  -2  
11  42  58  2319  404  330  4  -2  
11  42  58  2329  402  330  4  -2  
11  42  58  2338  398  330  4  -2  
