11  42  47  0  369  326  1  -2  
11  42  47  9  369  326  1  -2  
11  42  47  16  369  326  1  -2  
11  42  47  24  369  326  1  -2  
11  42  47  33  369  326  1  -2  
11  42  47  40  369  326  1  -2  
11  42  47  49  369  326  1  -2  
11  42  47  58  369  326  1  -2  
11  42  47  67  369  326  1  -2  
11  42  47  74  369  326  1  -2  
11  42  47  83  369  326  1  -2  
11  42  47  90  369  326  1  -2  
11  42  47  99  369  326  1  -2  
11  42  47  108  369  326  1  -2  
11  42  47  116  369  326  1  -2  
11  42  47  124  369  326  1  -2  
11  42  47  132  369  326  1  -2  
11  42  47  140  369  326  1  -2  
11  42  47  149  369  326  1  -2  
11  42  47  158  369  326  1  -2  
11  42  47  167  369  326  1  -2  
11  42  47  174  369  326  1  -2  
11  42  47  182  372  326  1  -2  
11  42  47  192  372  326  1  -2  
11  42  47  200  382  326  1  -2  
11  42  47  208  390  326  1  -2  
11  42  47  216  396  326  1  -2  
11  42  47  224  404  326  1  -2  
11  42  47  233  409  326  1  -2  
11  42  47  241  416  326  1  -2  
11  42  47  249  423  326  1  -2  
11  42  47  257  430  326  1  -2  
11  42  47  266  433  326  1  -2  
11  42  47  274  437  326  1  -2  
11  42  47  282  440  326  1  -2  
11  42  47  291  440  326  1  -2  
11  42  47  300  443  326  1  -2  
11  42  47  308  444  326  1  -2  
11  42  47  316  445  326  1  -2  
11  42  47  323  447  326  1  -2  
11  42  47  331  448  326  1  -2  
11  42  47  339  451  326  1  -2  
11  42  47  349  452  326  1  -2  
11  42  47  357  453  326  1  -2  
11  42  47  366  456  326  1  -2  
11  42  47  372  462  326  1  -2  
11  42  47  381  462  326  1  -2  
11  42  47  391  468  326  1  -2  
11  42  47  398  470  326  1  -2  
11  42  47  407  473  326  1  -2  
11  42  47  414  473  326  1  -2  
11  42  47  423  474  326  1  -2  
11  42  47  432  475  326  1  -2  
11  42  47  440  475  326  1  -2  
11  42  47  449  476  326  1  -2  
11  42  47  457  477  326  1  -2  
11  42  47  465  477  326  1  -2  
11  42  47  473  478  326  1  -2  
11  42  47  482  481  326  1  -2  
11  42  47  490  485  326  1  -2  
11  42  47  498  489  326  1  -2  
11  42  47  508  492  327  1  -2  
11  42  47  516  498  327  2  -2  
11  42  47  523  503  327  2  -2  
11  42  47  531  508  328  2  -2  
11  42  47  540  513  328  2  -2  
11  42  47  549  517  328  2  -2  
11  42  47  557  522  328  2  -2  
11  42  47  567  526  328  2  -2  
11  42  47  573  529  328  2  -2  
11  42  47  582  530  328  2  -2  
11  42  47  590  530  328  2  -2  
11  42  47  599  531  328  2  -2  
11  42  47  608  531  328  2  -2  
11  42  47  617  533  328  2  -2  
11  42  47  624  533  328  2  -2  
11  42  47  632  533  328  2  -2  
11  42  47  640  534  328  2  -2  
11  42  47  649  534  328  2  -2  
11  42  47  657  534  328  2  -2  
11  42  47  665  534  328  2  -2  
11  42  47  674  534  328  2  -2  
11  42  47  681  534  328  2  -2  
11  42  47  690  534  328  2  -2  
11  42  47  700  534  328  2  -2  
11  42  47  708  534  328  2  -2  
11  42  47  715  534  328  2  -2  
11  42  47  724  534  328  2  -2  
11  42  47  733  534  328  2  -2  
11  42  47  741  534  328  2  -2  
11  42  47  749  534  328  2  -2  
11  42  47  758  534  328  2  -2  
11  42  47  767  533  328  2  -2  
11  42  47  774  528  330  2  -2  
11  42  47  784  524  330  2  -2  
11  42  47  791  523  330  2  -2  
11  42  47  800  518  331  2  -2  
11  42  47  808  513  331  2  -2  
11  42  47  817  509  332  2  -2  
11  42  47  824  504  332  2  -2  
11  42  47  833  498  333  2  -2  
11  42  47  842  493  333  2  -2  
11  42  47  850  488  333  2  -2  
11  42  47  858  483  333  2  -2  
11  42  47  868  479  333  2  -2  
11  42  47  874  475  335  2  -2  
11  42  47  883  472  335  2  -2  
11  42  47  892  470  335  2  -2  
11  42  47  901  466  335  2  -2  
11  42  47  910  460  335  2  -2  
11  42  47  918  457  335  2  -2  
11  42  47  926  455  335  2  -2  
11  42  48  934  452  335  2  -2  
11  42  48  941  450  335  2  -2  
11  42  48  952  447  335  2  -2  
11  42  48  960  443  335  2  -2  
11  42  48  968  442  335  2  -2  
11  42  48  976  439  335  2  -2  
11  42  48  984  436  335  2  -2  
11  42  48  992  434  335  2  -2  
11  42  48  1000  433  335  2  -2  
11  42  48  1009  431  335  2  -2  
11  42  48  1018  429  335  2  -2  
11  42  48  1026  426  335  2  -2  
11  42  48  1034  425  335  2  -2  
11  42  48  1042  421  335  2  -2  
11  42  48  1050  419  335  2  -2  
11  42  48  1059  416  335  2  -2  
11  42  48  1068  412  335  2  -2  
11  42  48  1076  408  335  2  -2  
11  42  48  1084  403  335  2  -2  
11  42  48  1092  398  335  2  -2  
11  42  48  1101  393  335  3  -2  
11  42  48  1109  385  335  3  -2  
11  42  48  1119  385  335  3  -2  
11  42  48  1128  376  335  3  -2  
11  42  48  1134  376  335  3  -2  
11  42  48  1142  374  335  3  -2  
11  42  48  1150  372  335  3  -2  
11  42  48  1159  372  335  3  -2  
11  42  48  1168  372  335  3  -2  
11  42  48  1175  372  334  3  -2  
11  42  48  1184  372  334  3  -2  
11  42  48  1193  372  334  3  -2  
11  42  48  1201  372  334  3  -2  
11  42  48  1208  372  334  3  -2  
11  42  48  1218  372  334  3  -2  
11  42  48  1227  372  334  3  -2  
11  42  48  1234  372  334  3  -2  
11  42  48  1244  372  334  3  -2  
11  42  48  1251  372  334  3  -2  
11  42  48  1259  372  334  3  -2  
11  42  48  1268  372  334  3  -2  
11  42  48  1276  372  334  3  -2  
11  42  48  1284  372  334  3  -2  
11  42  48  1292  372  334  3  -2  
11  42  48  1301  372  334  3  -2  
11  42  48  1309  372  334  3  -2  
11  42  48  1318  372  334  3  -2  
11  42  48  1326  372  334  3  -2  
11  42  48  1334  372  334  3  -2  
11  42  48  1345  372  334  3  -2  
11  42  48  1351  372  334  3  -2  
11  42  48  1361  372  334  3  -2  
11  42  48  1368  372  334  3  -2  
11  42  48  1378  372  334  3  -2  
11  42  48  1384  372  334  3  -2  
11  42  48  1395  372  334  3  -2  
11  42  48  1401  372  334  3  -2  
11  42  48  1412  372  334  3  -2  
11  42  48  1419  372  334  3  -2  
11  42  48  1428  372  334  3  -2  
11  42  48  1434  372  334  3  -2  
11  42  48  1445  372  334  3  -2  
11  42  48  1451  372  334  3  -2  
11  42  48  1461  372  334  3  -2  
11  42  48  1468  372  334  3  -2  
11  42  48  1476  372  334  3  -2  
11  42  48  1486  372  334  3  -2  
11  42  48  1495  372  334  3  -2  
11  42  48  1501  372  334  3  -2  
11  42  48  1512  372  334  3  -2  
11  42  48  1519  372  334  3  -2  
11  42  48  1528  372  334  3  -2  
11  42  48  1534  372  334  3  -2  
11  42  48  1545  372  334  3  -2  
11  42  48  1553  372  334  3  -2  
11  42  48  1562  372  334  3  -2  
11  42  48  1568  372  334  3  -2  
11  42  48  1576  372  334  3  -2  
11  42  48  1584  372  334  3  -2  
11  42  48  1594  372  334  3  -2  
11  42  48  1602  372  334  3  -2  
11  42  48  1609  372  334  3  -2  
11  42  48  1619  372  334  3  -2  
11  42  48  1628  373  334  3  -2  
11  42  48  1634  382  334  3  -2  
11  42  48  1644  392  334  3  -2  
11  42  48  1651  404  334  3  -2  
11  42  48  1662  414  334  3  -2  
11  42  48  1669  429  334  3  -2  
11  42  48  1678  429  334  3  -2  
11  42  48  1686  434  334  3  -2  
11  42  48  1694  449  334  3  -2  
11  42  48  1703  456  334  3  -2  
11  42  48  1712  463  334  3  -2  
11  42  48  1719  471  334  3  -2  
11  42  48  1730  477  334  3  -2  
11  42  48  1735  482  334  3  -2  
11  42  48  1745  483  334  3  -2  
11  42  48  1753  487  334  3  -2  
11  42  48  1762  489  334  3  -2  
11  42  48  1769  491  334  3  -2  
11  42  48  1779  493  334  3  -2  
11  42  48  1787  494  334  3  -2  
11  42  48  1796  495  334  3  -2  
11  42  48  1802  496  334  3  -2  
11  42  48  1812  497  334  3  -2  
11  42  48  1818  498  334  3  -2  
11  42  48  1830  500  334  4  -2  
11  42  48  1837  509  335  4  -2  
11  42  48  1846  509  335  4  -2  
11  42  48  1852  518  336  4  -2  
11  42  48  1862  518  336  4  -2  
11  42  48  1868  523  337  4  -2  
11  42  48  1881  523  337  4  -2  
11  42  48  1886  525  337  4  -2  
11  42  48  1897  525  337  4  -2  
11  42  48  1903  525  337  4  -2  
11  42  48  1913  525  337  4  -2  
11  42  48  1919  526  338  4  -2  
11  42  48  1930  526  338  4  -2  
11  42  49  1938  526  338  4  -2  
11  42  49  1947  526  338  4  -2  
11  42  49  1954  526  338  4  -2  
11  42  49  1964  526  338  4  -2  
11  42  49  1972  526  338  4  -2  
11  42  49  1980  526  338  4  -2  
11  42  49  1988  526  338  4  -2  
11  42  49  1997  526  338  4  -2  
11  42  49  2003  526  338  4  -2  
11  42  49  2013  526  338  4  -2  
11  42  49  2020  526  338  4  -2  
11  42  49  2032  526  338  4  -2  
11  42  49  2039  523  338  4  -2  
11  42  49  2048  517  338  4  -2  
11  42  49  2056  505  338  4  -2  
11  42  49  2063  495  338  4  -2  
11  42  49  2071  487  338  4  -2  
11  42  49  2080  477  338  4  -2  
11  42  49  2088  468  338  4  -2  
11  42  49  2096  462  338  4  -2  
11  42  49  2104  453  338  4  -2  
11  42  49  2113  446  338  4  -2  
11  42  49  2122  438  338  4  -2  
11  42  49  2130  433  338  4  -2  
11  42  49  2138  422  335  4  -2  
11  42  49  2147  417  334  4  -2  
11  42  49  2155  408  333  4  -2  
11  42  49  2163  400  333  4  -2  
