15  28  1  0  369  308  1  -2  
15  28  1  12  369  308  1  -2  
15  28  1  22  369  308  1  -2  
15  28  1  36  369  308  1  -2  
15  28  1  51  369  308  1  -2  
15  28  2  75  369  308  1  -2  
15  28  2  85  369  308  1  -2  
15  28  2  97  370  307  1  -2  
15  28  2  111  370  307  1  -2  
15  28  2  121  370  307  1  -2  
15  28  2  133  370  307  1  -2  
15  28  2  145  370  307  1  -2  
15  28  2  153  370  307  1  -2  
15  28  2  172  370  307  1  -2  
15  28  2  182  370  307  1  -2  
15  28  2  194  371  306  1  -2  
15  28  2  202  371  306  1  -2  
15  28  2  212  371  306  1  -2  
15  28  2  221  371  306  1  -2  
15  28  2  230  371  306  1  -2  
15  28  2  239  371  305  1  -2  
15  28  2  249  371  305  1  -2  
15  28  2  259  371  305  1  -2  
15  28  2  268  371  305  1  -2  
15  28  2  278  371  305  1  -2  
15  28  2  284  371  305  1  -2  
15  28  2  294  371  305  1  -2  
15  28  2  302  371  305  1  -2  
15  28  2  312  371  305  1  -2  
15  28  2  320  372  305  1  -2  
15  28  2  329  372  305  1  -2  
15  28  2  340  373  305  1  -2  
15  28  2  348  373  305  1  -2  
15  28  2  359  374  305  1  -2  
15  28  2  368  377  305  1  -2  
15  28  2  380  380  305  1  -2  
15  28  2  388  382  305  1  -2  
15  28  2  398  385  305  1  -2  
15  28  2  408  386  305  1  -2  
15  28  2  415  386  305  1  -2  
15  28  2  424  388  305  1  -2  
15  28  2  432  389  305  1  -2  
15  28  2  443  389  305  1  -2  
15  28  2  450  389  305  1  -2  
15  28  2  461  390  305  1  -2  
15  28  2  469  393  305  1  -2  
15  28  2  479  394  305  1  -2  
15  28  2  488  396  305  1  -2  
15  28  2  497  399  305  1  -2  
15  28  2  505  402  305  1  -2  
15  28  2  513  406  305  1  -2  
15  28  2  524  410  307  1  -2  
15  28  2  532  412  308  1  -2  
15  28  2  545  419  309  1  -2  
15  28  2  552  425  309  1  -2  
15  28  2  563  427  309  1  -2  
15  28  2  571  430  309  1  -2  
15  28  2  581  430  309  1  -2  
15  28  2  590  433  311  1  -2  
15  28  2  599  435  312  1  -2  
15  28  2  610  444  314  1  -2  
15  28  2  618  457  320  1  -2  
15  28  2  627  473  324  1  -2  
15  28  2  634  493  328  1  -2  
15  28  2  645  510  334  2  -2  
15  28  2  653  545  340  2  -2  
15  28  2  662  559  341  2  -2  
15  28  2  673  569  342  2  -2  
15  28  2  683  572  342  2  -2  
15  28  2  693  573  342  2  -2  
15  28  2  700  573  342  2  -2  
15  28  2  711  573  342  2  -2  
15  28  2  718  573  342  2  -2  
15  28  2  728  573  342  2  -2  
15  28  2  736  573  342  2  -2  
15  28  2  744  573  342  2  -2  
15  28  2  754  573  342  2  -2  
15  28  2  762  573  342  2  -2  
15  28  2  772  573  342  2  -2  
15  28  2  781  573  342  2  -2  
15  28  2  792  573  342  2  -2  
15  28  2  799  573  342  2  -2  
15  28  2  810  573  342  2  -2  
15  28  2  817  573  342  2  -2  
15  28  2  827  573  342  2  -2  
15  28  2  835  573  342  2  -2  
15  28  2  844  573  342  2  -2  
15  28  2  854  573  342  2  -2  
15  28  2  864  573  342  2  -2  
15  28  2  874  573  342  2  -2  
15  28  2  882  572  341  2  -2  
15  28  2  892  570  340  2  -2  
15  28  2  899  568  340  2  -2  
15  28  2  910  565  339  2  -2  
15  28  2  919  558  336  2  -2  
15  28  2  929  557  336  2  -2  
15  28  2  941  551  335  2  -2  
15  28  2  950  544  335  2  -2  
15  28  2  961  541  335  2  -2  
15  28  2  969  536  333  2  -2  
15  28  2  978  532  333  2  -2  
15  28  2  987  526  331  2  -2  
15  28  2  995  523  331  2  -2  
15  28  2  1006  518  330  2  -2  
15  28  2  1015  512  330  2  -2  
15  28  2  1025  510  330  2  -2  
15  28  2  1034  509  330  2  -2  
15  28  2  1044  508  330  2  -2  
15  28  2  1053  508  330  2  -2  
15  28  3  1063  508  330  2  -2  
15  28  3  1073  506  330  2  -2  
15  28  3  1082  504  330  2  -2  
15  28  3  1092  502  330  2  -2  
15  28  3  1100  499  330  2  -2  
15  28  3  1111  494  330  2  -2  
15  28  3  1121  480  329  2  -2  
15  28  3  1132  472  329  2  -2  
15  28  3  1144  465  328  2  -2  
15  28  3  1153  451  325  2  -2  
15  28  3  1164  444  324  2  -2  
15  28  3  1175  440  324  2  -2  
15  28  3  1183  439  324  2  -2  
15  28  3  1195  439  324  2  -2  
15  28  3  1204  439  324  2  -2  
15  28  3  1213  439  324  2  -2  
15  28  3  1224  439  324  2  -2  
15  28  3  1232  438  324  2  -2  
15  28  3  1242  436  324  2  -2  
15  28  3  1250  429  324  2  -2  
15  28  3  1261  422  324  2  -2  
15  28  3  1268  402  322  2  -2  
15  28  3  1278  402  322  2  -2  
15  28  3  1286  385  319  3  -2  
15  28  3  1294  381  319  3  -2  
15  28  3  1304  376  319  3  -2  
15  28  3  1313  375  319  3  -2  
15  28  3  1322  375  319  3  -2  
15  28  3  1330  375  319  3  -2  
15  28  3  1341  375  319  3  -2  
15  28  3  1349  375  319  3  -2  
15  28  3  1360  375  319  3  -2  
15  28  3  1368  375  319  3  -2  
15  28  3  1377  375  319  3  -2  
15  28  3  1386  375  319  3  -2  
15  28  3  1395  375  319  3  -2  
15  28  3  1404  375  319  3  -2  
15  28  3  1413  375  319  3  -2  
15  28  3  1422  375  319  3  -2  
15  28  3  1430  375  319  3  -2  
15  28  3  1439  375  319  3  -2  
15  28  3  1447  375  319  3  -2  
15  28  3  1456  375  319  3  -2  
15  28  3  1463  376  319  3  -2  
15  28  3  1474  376  319  3  -2  
15  28  3  1482  377  319  3  -2  
15  28  3  1492  379  319  3  -2  
15  28  3  1500  381  319  3  -2  
15  28  3  1510  381  319  3  -2  
15  28  3  1518  388  319  3  -2  
15  28  3  1529  395  319  3  -2  
15  28  3  1539  402  321  3  -2  
15  28  3  1547  412  321  3  -2  
15  28  3  1557  421  324  3  -2  
15  28  3  1566  428  324  3  -2  
15  28  3  1576  429  324  3  -2  
15  28  3  1584  430  324  3  -2  
15  28  3  1595  430  324  3  -2  
15  28  3  1603  430  324  3  -2  
15  28  3  1613  431  324  3  -2  
15  28  3  1623  435  324  3  -2  
15  28  3  1631  438  324  3  -2  
15  28  3  1642  446  325  3  -2  
15  28  3  1650  452  325  3  -2  
15  28  3  1661  461  325  3  -2  
15  28  3  1670  469  327  3  -2  
15  28  3  1679  485  327  3  -2  
15  28  3  1691  490  327  3  -2  
15  28  3  1699  494  327  3  -2  
15  28  3  1710  494  327  3  -2  
15  28  3  1718  494  327  3  -2  
15  28  3  1729  494  327  3  -2  
15  28  3  1737  494  327  3  -2  
15  28  3  1747  494  327  3  -2  
15  28  3  1755  494  327  3  -2  
15  28  3  1764  494  327  3  -2  
15  28  3  1774  494  327  3  -2  
15  28  3  1782  494  327  3  -2  
15  28  3  1793  496  327  3  -2  
15  28  3  1802  497  327  4  -2  
15  28  3  1812  500  328  4  -2  
15  28  3  1821  503  328  4  -2  
15  28  3  1829  503  328  4  -2  
15  28  3  1840  503  328  4  -2  
15  28  3  1848  503  328  4  -2  
15  28  3  1858  503  328  4  -2  
15  28  3  1866  504  328  4  -2  
15  28  3  1877  504  328  4  -2  
15  28  3  1883  504  328  4  -2  
15  28  3  1894  504  328  4  -2  
15  28  3  1902  505  328  4  -2  
15  28  3  1912  506  328  4  -2  
15  28  3  1921  507  328  4  -2  
15  28  3  1930  507  328  4  -2  
15  28  3  1939  509  328  4  -2  
15  28  3  1948  510  328  4  -2  
15  28  3  1958  510  328  4  -2  
15  28  3  1966  512  328  4  -2  
15  28  3  1976  512  328  4  -2  
15  28  3  1984  512  328  4  -2  
15  28  3  1995  512  328  4  -2  
15  28  3  2004  512  328  4  -2  
15  28  3  2014  512  328  4  -2  
15  28  3  2024  512  328  4  -2  
15  28  3  2033  508  326  4  -2  
15  28  3  2045  505  326  4  -2  
15  28  3  2054  501  326  4  -2  
15  28  4  2063  499  325  4  -2  
15  28  4  2075  499  325  4  -2  
15  28  4  2083  497  325  4  -2  
15  28  4  2093  496  325  4  -2  
15  28  4  2102  491  324  4  -2  
15  28  4  2112  484  323  4  -2  
15  28  4  2124  480  323  4  -2  
15  28  4  2133  462  323  4  -2  
15  28  4  2144  449  321  4  -2  
15  28  4  2154  440  321  4  -2  
15  28  4  2163  430  321  4  -2  
15  28  4  2174  420  318  4  -2  
15  28  4  2182  405  317  4  -2  
15  28  4  2193  396  314  5  -2  
15  28  4  2201  389  313  5  -2  
15  28  4  2210  383  312  5  -2  
15  28  4  2218  380  311  5  -2  
15  28  4  2227  378  311  5  -2  
15  28  4  2237  378  311  5  -2  
15  28  4  2246  376  311  5  -2  
15  28  4  2256  375  311  5  -2  
15  28  4  2265  374  311  5  -2  
15  28  4  2279  372  311  5  -2  
15  28  4  2290  366  311  5  -2  
15  28  4  2300  365  311  5  -2  
15  28  4  2310  365  311  5  -2  
15  28  4  2318  365  311  5  -2  
15  28  4  2328  365  311  5  -2  
15  28  4  2339  365  311  5  -2  
15  28  4  2347  365  311  5  -2  
15  28  4  2357  365  311  5  -2  
15  28  4  2366  367  311  5  -2  
15  28  4  2377  367  311  5  -2  
15  28  4  2386  367  311  5  -2  
15  28  4  2396  367  311  5  -2  
15  28  4  2406  367  311  5  -2  
15  28  4  2414  367  311  5  -2  
15  28  4  2425  367  311  5  -2  
15  28  4  2432  367  311  5  -2  
15  28  4  2443  367  311  5  -2  
15  28  4  2451  367  311  5  -2  
15  28  4  2462  367  311  5  -2  
15  28  4  2472  367  311  5  -2  
15  28  4  2479  367  311  5  -2  
