10  16  47  0  365  294  1  -2  
10  16  47  9  365  294  1  -2  
10  16  47  16  365  294  1  -2  
10  16  47  25  365  294  1  -2  
10  16  47  33  365  294  1  -2  
10  16  47  42  365  294  1  -2  
10  16  47  49  365  294  1  -2  
10  16  47  59  365  294  1  -2  
10  16  47  66  365  294  1  -2  
10  16  47  76  365  294  1  -2  
10  16  47  83  365  294  1  -2  
10  16  47  92  365  294  1  -2  
10  16  47  100  365  294  1  -2  
10  16  47  109  365  294  1  -2  
10  16  47  116  365  294  1  -2  
10  16  47  125  365  294  1  -2  
10  16  47  133  365  294  1  -2  
10  16  47  142  365  294  1  -2  
10  16  47  150  365  294  1  -2  
10  16  47  159  365  294  1  -2  
10  16  47  166  365  294  1  -2  
10  16  47  175  365  294  1  -2  
10  16  47  183  365  294  1  -2  
10  16  47  192  365  294  1  -2  
10  16  47  199  365  294  1  -2  
10  16  47  209  365  294  1  -2  
10  16  47  217  365  294  1  -2  
10  16  47  225  365  294  1  -2  
10  16  47  233  365  294  1  -2  
10  16  47  242  365  294  1  -2  
10  16  47  250  365  294  1  -2  
10  16  47  259  365  294  1  -2  
10  16  47  267  365  294  1  -2  
10  16  47  276  365  294  1  -2  
10  16  47  283  365  294  1  -2  
10  16  47  292  365  294  1  -2  
10  16  47  300  365  294  1  -2  
10  16  47  309  365  294  1  -2  
10  16  47  317  365  294  1  -2  
10  16  47  325  365  294  1  -2  
10  16  47  334  365  294  1  -2  
10  16  47  342  365  294  1  -2  
10  16  47  350  365  294  1  -2  
10  16  47  359  365  294  1  -2  
10  16  47  366  365  294  1  -2  
10  16  47  375  365  294  1  -2  
10  16  47  383  365  294  1  -2  
10  16  47  392  365  294  1  -2  
10  16  47  400  365  294  1  -2  
10  16  47  409  365  294  1  -2  
10  16  47  417  365  294  1  -2  
10  16  47  425  365  294  1  -2  
10  16  47  434  365  294  1  -2  
10  16  47  442  365  294  1  -2  
10  16  47  450  365  294  1  -2  
10  16  47  459  365  294  1  -2  
10  16  47  466  365  294  1  -2  
10  16  47  475  365  294  1  -2  
10  16  47  483  365  294  1  -2  
10  16  47  492  365  294  1  -2  
10  16  47  500  365  294  1  -2  
10  16  48  509  365  294  1  -2  
10  16  48  517  365  294  1  -2  
10  16  48  526  365  294  1  -2  
10  16  48  533  365  294  1  -2  
10  16  48  542  365  294  1  -2  
10  16  48  550  365  294  1  -2  
10  16  48  559  365  294  1  -2  
10  16  48  566  365  294  1  -2  
10  16  48  575  365  294  1  -2  
10  16  48  584  365  294  1  -2  
10  16  48  592  365  294  1  -2  
10  16  48  600  365  294  1  -2  
10  16  48  609  365  294  1  -2  
10  16  48  617  365  294  1  -2  
10  16  48  625  365  294  1  -2  
10  16  48  634  365  294  1  -2  
10  16  48  642  365  294  1  -2  
10  16  48  651  365  294  1  -2  
10  16  48  658  365  294  1  -2  
10  16  48  667  365  294  1  -2  
10  16  48  675  367  294  1  -2  
10  16  48  683  369  293  1  -2  
10  16  48  692  371  293  1  -2  
10  16  48  700  376  292  1  -2  
10  16  48  709  378  292  1  -2  
10  16  48  717  382  292  1  -2  
10  16  48  725  386  292  1  -2  
10  16  48  733  391  291  1  -2  
10  16  48  742  395  289  1  -2  
10  16  48  750  398  289  1  -2  
10  16  48  759  401  289  1  -2  
10  16  48  767  405  288  1  -2  
10  16  48  775  409  288  1  -2  
10  16  48  783  411  288  1  -2  
10  16  48  792  415  288  1  -2  
10  16  48  800  418  288  1  -2  
10  16  48  809  421  288  1  -2  
10  16  48  816  424  288  1  -2  
10  16  48  825  428  288  1  -2  
10  16  48  834  432  288  1  -2  
10  16  48  842  437  287  1  -2  
10  16  48  850  441  287  1  -2  
10  16  48  859  444  287  1  -2  
10  16  48  868  449  287  1  -2  
10  16  48  875  458  286  1  -2  
10  16  48  884  463  286  1  -2  
10  16  48  892  469  286  1  -2  
10  16  48  901  472  286  1  -2  
10  16  48  910  477  286  1  -2  
10  16  48  918  482  286  1  -2  
10  16  48  925  488  286  1  -2  
10  16  48  933  493  286  1  -2  
10  16  48  942  494  286  1  -2  
10  16  48  951  498  286  1  -2  
10  16  48  959  502  286  1  -2  
10  16  48  967  503  286  1  -2  
10  16  48  975  506  286  1  -2  
10  16  48  984  507  286  1  -2  
10  16  48  992  509  287  2  -2  
10  16  48  1001  511  287  2  -2  
10  16  48  1009  514  287  2  -2  
10  16  48  1017  516  287  2  -2  
10  16  48  1026  519  288  2  -2  
10  16  48  1034  524  288  2  -2  
10  16  48  1042  528  289  2  -2  
10  16  48  1050  533  289  2  -2  
10  16  48  1059  537  290  2  -2  
10  16  48  1067  541  290  2  -2  
10  16  48  1075  545  292  2  -2  
10  16  48  1083  547  292  2  -2  
10  16  48  1092  547  292  2  -2  
10  16  48  1100  547  292  2  -2  
10  16  48  1108  547  292  2  -2  
10  16  48  1117  547  292  2  -2  
10  16  48  1126  547  292  2  -2  
10  16  48  1134  547  292  2  -2  
10  16  48  1142  547  292  2  -2  
10  16  48  1151  547  292  2  -2  
10  16  48  1158  547  293  2  -2  
10  16  48  1167  547  293  2  -2  
10  16  48  1176  547  294  2  -2  
10  16  48  1184  547  295  2  -2  
10  16  48  1192  547  297  2  -2  
10  16  48  1201  545  299  2  -2  
10  16  48  1210  542  302  2  -2  
10  16  48  1217  540  303  2  -2  
10  16  48  1225  537  306  2  -2  
10  16  48  1234  536  306  2  -2  
10  16  48  1242  534  308  2  -2  
10  16  48  1251  531  310  2  -2  
10  16  48  1259  526  312  2  -2  
10  16  48  1268  526  312  2  -2  
10  16  48  1275  520  314  2  -2  
10  16  48  1284  516  315  2  -2  
10  16  48  1293  512  316  2  -2  
10  16  48  1302  510  317  2  -2  
10  16  48  1309  506  319  2  -2  
10  16  48  1318  502  319  2  -2  
10  16  48  1326  498  319  2  -2  
10  16  48  1336  495  320  2  -2  
10  16  48  1343  490  320  2  -2  
10  16  48  1351  485  321  2  -2  
10  16  48  1360  477  321  2  -2  
10  16  48  1370  470  321  2  -2  
10  16  48  1377  461  321  2  -2  
10  16  48  1385  451  321  2  -2  
10  16  48  1393  443  321  2  -2  
10  16  48  1402  433  321  2  -2  
10  16  48  1411  424  321  2  -2  
10  16  48  1419  416  321  2  -2  
10  16  48  1428  411  321  2  -2  
10  16  48  1436  399  321  3  -2  
10  16  48  1444  394  321  3  -2  
10  16  48  1453  389  321  3  -2  
10  16  48  1460  384  321  3  -2  
10  16  48  1468  378  321  3  -2  
10  16  48  1477  375  321  3  -2  
10  16  48  1485  370  321  3  -2  
10  16  48  1493  367  321  3  -2  
10  16  48  1501  363  322  3  -2  
10  16  49  1510  357  324  3  -2  
10  16  49  1518  357  324  3  -2  
10  16  49  1526  353  325  3  -2  
10  16  49  1534  353  325  3  -2  
10  16  49  1543  351  325  3  -2  
10  16  49  1551  350  325  3  -2  
10  16  49  1560  350  326  3  -2  
10  16  49  1568  350  326  3  -2  
10  16  49  1576  350  326  3  -2  
10  16  49  1587  350  326  3  -2  
10  16  49  1594  350  326  3  -2  
10  16  49  1602  350  326  3  -2  
10  16  49  1611  350  326  3  -2  
10  16  49  1622  350  326  3  -2  
10  16  49  1629  350  326  3  -2  
10  16  49  1637  350  326  3  -2  
10  16  49  1644  350  326  3  -2  
10  16  49  1655  350  326  3  -2  
10  16  49  1661  350  326  3  -2  
10  16  49  1671  350  326  3  -2  
10  16  49  1679  350  326  3  -2  
10  16  49  1687  350  326  3  -2  
10  16  49  1694  350  326  3  -2  
10  16  49  1704  350  326  3  -2  
10  16  49  1711  350  326  3  -2  
10  16  49  1722  350  326  3  -2  
10  16  49  1729  350  326  3  -2  
10  16  49  1737  350  326  3  -2  
10  16  49  1745  350  326  3  -2  
10  16  49  1754  350  326  3  -2  
10  16  49  1761  350  326  3  -2  
10  16  49  1772  350  326  3  -2  
10  16  49  1779  350  326  3  -2  
10  16  49  1788  350  326  3  -2  
10  16  49  1794  350  326  3  -2  
10  16  49  1805  350  326  3  -2  
10  16  49  1813  351  325  3  -2  
10  16  49  1822  357  323  3  -2  
10  16  49  1829  361  322  3  -2  
10  16  49  1839  371  320  3  -2  
10  16  49  1845  378  319  3  -2  
10  16  49  1854  387  316  3  -2  
10  16  49  1862  397  314  3  -2  
10  16  49  1872  404  312  3  -2  
10  16  49  1879  411  312  3  -2  
10  16  49  1888  421  311  3  -2  
10  16  49  1895  427  310  3  -2  
10  16  49  1904  432  310  3  -2  
10  16  49  1912  436  307  3  -2  
10  16  49  1922  439  307  3  -2  
10  16  49  1929  442  307  3  -2  
10  16  49  1939  446  307  3  -2  
10  16  49  1946  453  307  3  -2  
10  16  49  1955  453  307  3  -2  
10  16  49  1963  456  307  3  -2  
10  16  49  1972  465  307  3  -2  
10  16  49  1979  469  307  3  -2  
10  16  49  1988  471  307  3  -2  
10  16  49  1995  475  307  3  -2  
10  16  49  2004  479  307  3  -2  
10  16  49  2013  484  307  3  -2  
10  16  49  2022  488  307  3  -2  
10  16  49  2029  490  307  3  -2  
10  16  49  2038  493  307  3  -2  
10  16  49  2046  495  307  4  -2  
10  16  49  2054  498  307  4  -2  
10  16  49  2061  501  307  4  -2  
10  16  49  2072  502  307  4  -2  
10  16  49  2079  503  307  4  -2  
10  16  49  2089  506  307  4  -2  
10  16  49  2096  507  307  4  -2  
10  16  49  2106  507  307  4  -2  
10  16  49  2112  509  307  4  -2  
10  16  49  2122  509  307  4  -2  
10  16  49  2129  510  307  4  -2  
10  16  49  2139  510  307  4  -2  
10  16  49  2147  511  307  4  -2  
10  16  49  2156  512  307  4  -2  
10  16  49  2163  514  307  4  -2  
10  16  49  2172  515  307  4  -2  
10  16  49  2179  516  307  4  -2  
10  16  49  2189  517  307  4  -2  
10  16  49  2196  518  307  4  -2  
10  16  49  2205  521  307  4  -2  
10  16  49  2213  522  307  4  -2  
10  16  49  2222  524  307  4  -2  
10  16  49  2229  526  307  4  -2  
10  16  49  2239  529  307  4  -2  
10  16  49  2245  529  307  4  -2  
10  16  49  2255  530  307  4  -2  
10  16  49  2263  531  307  4  -2  
10  16  49  2272  531  307  4  -2  
10  16  49  2278  531  307  4  -2  
10  16  49  2289  531  307  4  -2  
10  16  49  2297  531  307  4  -2  
10  16  49  2306  531  307  4  -2  
10  16  49  2313  531  307  4  -2  
10  16  49  2323  531  307  4  -2  
10  16  49  2331  531  307  4  -2  
10  16  49  2342  531  307  4  -2  
10  16  49  2349  531  307  4  -2  
10  16  49  2359  531  307  4  -2  
10  16  49  2368  531  307  4  -2  
10  16  49  2375  531  307  4  -2  
10  16  49  2384  531  307  4  -2  
10  16  49  2392  531  307  4  -2  
10  16  49  2401  531  307  4  -2  
10  16  49  2410  531  307  4  -2  
10  16  49  2418  531  307  4  -2  
10  16  49  2426  531  307  4  -2  
10  16  49  2435  531  310  4  -2  
10  16  49  2442  524  318  4  -2  
10  16  49  2452  524  318  4  -2  
10  16  49  2461  511  324  4  -2  
10  16  49  2469  504  328  4  -2  
10  16  49  2476  497  330  4  -2  
10  16  49  2484  488  332  4  -2  
10  16  49  2493  481  335  4  -2  
10  16  49  2502  472  337  4  -2  
10  16  50  2510  462  341  4  -2  
10  16  50  2518  453  341  4  -2  
10  16  50  2527  443  342  4  -2  
10  16  50  2534  436  343  4  -2  
10  16  50  2544  426  344  4  -2  
10  16  50  2552  417  344  4  -2  
10  16  50  2560  407  347  4  -2  
10  16  50  2569  398  348  4  -2  
10  16  50  2576  391  349  4  -2  
10  16  50  2587  383  349  4  -2  
10  16  50  2594  376  349  4  -2  
