15  29  23  0  356  317  1  -2  
15  29  23  9  356  317  1  -2  
15  29  23  17  356  317  1  -2  
15  29  23  25  356  317  1  -2  
15  29  23  33  356  317  1  -2  
15  29  23  42  356  317  1  -2  
15  29  23  50  356  317  1  -2  
15  29  23  57  356  317  1  -2  
15  29  23  68  356  317  1  -2  
15  29  23  74  356  317  1  -2  
15  29  23  83  356  317  1  -2  
15  29  23  92  356  317  1  -2  
15  29  23  100  356  317  1  -2  
15  29  23  109  356  317  1  -2  
15  29  23  118  356  317  1  -2  
15  29  23  125  356  317  1  -2  
15  29  23  133  356  317  1  -2  
15  29  23  142  356  317  1  -2  
15  29  23  150  356  317  1  -2  
15  29  23  159  356  317  1  -2  
15  29  23  166  356  317  1  -2  
15  29  23  175  356  317  1  -2  
15  29  23  184  356  317  1  -2  
15  29  23  192  356  317  1  -2  
15  29  23  200  356  317  1  -2  
15  29  23  209  356  317  1  -2  
15  29  23  216  356  317  1  -2  
15  29  23  225  356  317  1  -2  
15  29  23  233  356  317  1  -2  
15  29  23  241  356  317  1  -2  
15  29  23  250  356  317  1  -2  
15  29  23  259  356  317  1  -2  
15  29  23  267  356  317  1  -2  
15  29  23  275  356  317  1  -2  
15  29  23  284  356  317  1  -2  
15  29  23  292  356  318  1  -2  
15  29  23  300  356  318  1  -2  
15  29  23  310  358  318  1  -2  
15  29  23  318  359  318  1  -2  
15  29  23  325  360  318  1  -2  
15  29  23  337  364  318  1  -2  
15  29  23  342  367  318  1  -2  
15  29  23  351  368  318  1  -2  
15  29  23  359  372  316  1  -2  
15  29  23  368  374  316  1  -2  
15  29  23  377  378  316  1  -2  
15  29  23  386  389  316  1  -2  
15  29  23  393  399  316  1  -2  
15  29  23  400  411  316  1  -2  
15  29  23  409  421  316  1  -2  
15  29  23  418  433  316  1  -2  
15  29  23  426  443  316  1  -2  
15  29  23  434  451  316  1  -2  
15  29  23  443  458  316  1  -2  
15  29  23  451  462  315  1  -2  
15  29  23  460  463  315  1  -2  
15  29  23  468  465  315  1  -2  
15  29  23  476  465  315  1  -2  
15  29  23  486  466  315  1  -2  
15  29  23  493  466  315  1  -2  
15  29  23  501  466  315  1  -2  
15  29  23  509  468  315  1  -2  
15  29  23  517  469  314  1  -2  
15  29  23  526  472  314  1  -2  
15  29  23  537  473  314  1  -2  
15  29  23  543  481  314  1  -2  
15  29  23  552  481  314  1  -2  
15  29  23  561  483  314  1  -2  
15  29  23  570  487  314  1  -2  
15  29  23  578  491  314  1  -2  
15  29  23  588  494  314  1  -2  
15  29  23  593  496  314  2  -2  
15  29  23  603  500  314  2  -2  
15  29  23  610  500  314  2  -2  
15  29  23  620  500  314  2  -2  
15  29  23  628  500  314  2  -2  
15  29  23  638  501  314  2  -2  
15  29  23  644  501  314  2  -2  
15  29  23  653  501  314  2  -2  
15  29  23  661  503  314  2  -2  
15  29  23  670  504  313  2  -2  
15  29  23  678  508  313  2  -2  
15  29  23  686  513  311  2  -2  
15  29  23  694  517  311  2  -2  
15  29  23  703  520  311  2  -2  
15  29  23  711  522  311  2  -2  
15  29  23  721  522  311  2  -2  
15  29  23  727  522  311  2  -2  
15  29  23  736  522  311  2  -2  
15  29  23  743  522  311  2  -2  
15  29  23  753  522  311  2  -2  
15  29  23  761  523  310  2  -2  
15  29  23  770  523  310  2  -2  
15  29  23  778  523  310  2  -2  
15  29  23  788  523  310  2  -2  
15  29  23  795  523  310  2  -2  
15  29  23  805  523  310  2  -2  
15  29  23  810  523  310  2  -2  
15  29  23  822  523  310  2  -2  
15  29  23  829  523  310  2  -2  
15  29  24  838  523  310  2  -2  
15  29  24  844  523  310  2  -2  
15  29  24  854  523  310  2  -2  
15  29  24  861  523  310  2  -2  
15  29  24  872  523  310  2  -2  
15  29  24  879  523  310  2  -2  
15  29  24  888  523  310  2  -2  
15  29  24  894  523  310  2  -2  
15  29  24  905  523  310  2  -2  
15  29  24  911  523  310  2  -2  
15  29  24  920  523  310  2  -2  
15  29  24  929  523  310  2  -2  
15  29  24  938  523  310  2  -2  
15  29  24  944  523  310  2  -2  
15  29  24  955  523  310  2  -2  
15  29  24  962  523  310  2  -2  
15  29  24  970  523  310  2  -2  
15  29  24  979  523  310  2  -2  
15  29  24  988  523  310  2  -2  
15  29  24  994  523  310  2  -2  
15  29  24  1003  523  310  2  -2  
15  29  24  1012  523  310  2  -2  
15  29  24  1020  516  309  2  -2  
15  29  24  1028  506  309  2  -2  
15  29  24  1039  493  309  2  -2  
15  29  24  1047  478  309  2  -2  
15  29  24  1055  465  309  2  -2  
15  29  24  1062  453  309  2  -2  
15  29  24  1072  443  309  2  -2  
15  29  24  1079  434  305  2  -2  
15  29  24  1089  429  305  2  -2  
15  29  24  1097  422  304  2  -2  
15  29  24  1105  421  304  2  -2  
15  29  24  1112  419  304  2  -2  
15  29  24  1122  418  304  2  -2  
15  29  24  1128  417  304  2  -2  
15  29  24  1137  415  304  2  -2  
15  29  24  1145  413  304  2  -2  
15  29  24  1154  410  304  2  -2  
15  29  24  1162  405  304  2  -2  
15  29  24  1172  397  304  3  -2  
15  29  24  1179  390  304  3  -2  
15  29  24  1188  381  304  3  -2  
15  29  24  1194  373  304  3  -2  
15  29  24  1204  368  304  3  -2  
15  29  24  1211  363  304  3  -2  
15  29  24  1221  361  304  3  -2  
15  29  24  1228  360  304  3  -2  
15  29  24  1238  359  304  3  -2  
15  29  24  1245  359  304  3  -2  
15  29  24  1255  359  304  3  -2  
15  29  24  1263  359  304  3  -2  
15  29  24  1272  359  304  3  -2  
15  29  24  1280  357  304  3  -2  
15  29  24  1290  357  304  3  -2  
15  29  24  1299  357  305  3  -2  
15  29  24  1306  357  305  3  -2  
15  29  24  1314  357  305  3  -2  
15  29  24  1323  357  305  3  -2  
15  29  24  1333  357  305  3  -2  
15  29  24  1340  357  305  3  -2  
15  29  24  1348  357  305  3  -2  
15  29  24  1358  357  305  3  -2  
15  29  24  1365  357  305  3  -2  
15  29  24  1373  357  305  3  -2  
15  29  24  1382  357  305  3  -2  
15  29  24  1390  357  305  3  -2  
15  29  24  1400  357  305  3  -2  
15  29  24  1408  357  305  3  -2  
15  29  24  1415  357  305  3  -2  
15  29  24  1423  357  305  3  -2  
15  29  24  1432  357  305  3  -2  
15  29  24  1439  357  305  3  -2  
15  29  24  1449  357  305  3  -2  
15  29  24  1458  357  305  3  -2  
15  29  24  1465  357  305  3  -2  
15  29  24  1473  357  305  3  -2  
15  29  24  1482  357  305  3  -2  
15  29  24  1489  357  305  3  -2  
15  29  24  1499  357  305  3  -2  
15  29  24  1508  357  305  3  -2  
15  29  24  1517  357  305  3  -2  
15  29  24  1524  357  305  3  -2  
15  29  24  1532  357  305  3  -2  
15  29  24  1540  357  305  3  -2  
15  29  24  1549  357  305  3  -2  
15  29  24  1558  357  305  3  -2  
15  29  24  1565  357  305  3  -2  
15  29  24  1573  356  306  3  -2  
15  29  24  1582  356  306  3  -2  
15  29  24  1590  356  306  3  -2  
15  29  24  1599  356  306  3  -2  
15  29  24  1608  356  306  3  -2  
15  29  24  1616  357  306  3  -2  
15  29  24  1624  359  306  3  -2  
15  29  24  1633  362  306  3  -2  
15  29  24  1642  366  306  3  -2  
15  29  24  1650  371  306  3  -2  
15  29  24  1658  376  307  3  -2  
15  29  24  1666  382  307  3  -2  
15  29  24  1674  386  309  3  -2  
15  29  24  1682  391  310  3  -2  
15  29  24  1690  393  310  3  -2  
15  29  24  1700  396  310  3  -2  
15  29  24  1708  398  310  3  -2  
15  29  24  1715  402  310  3  -2  
15  29  24  1723  407  310  3  -2  
15  29  24  1732  412  310  3  -2  
15  29  24  1741  419  310  3  -2  
15  29  24  1749  429  311  3  -2  
15  29  24  1758  438  312  3  -2  
15  29  24  1765  451  315  3  -2  
15  29  24  1774  461  316  3  -2  
15  29  24  1782  473  316  3  -2  
15  29  24  1790  482  318  3  -2  
15  29  24  1801  492  318  3  -2  
15  29  24  1808  499  319  4  -2  
15  29  24  1817  499  319  4  -2  
15  29  24  1824  499  319  4  -2  
15  29  24  1832  499  319  4  -2  
15  29  25  1840  499  319  4  -2  
15  29  25  1849  499  319  4  -2  
15  29  25  1858  499  319  4  -2  
15  29  25  1867  499  319  4  -2  
15  29  25  1874  499  319  4  -2  
15  29  25  1882  502  319  4  -2  
15  29  25  1890  503  319  4  -2  
15  29  25  1900  507  319  4  -2  
15  29  25  1908  508  319  4  -2  
15  29  25  1918  509  319  4  -2  
15  29  25  1925  509  319  4  -2  
15  29  25  1934  509  319  4  -2  
15  29  25  1941  509  319  4  -2  
15  29  25  1949  509  319  4  -2  
15  29  25  1958  509  319  4  -2  
15  29  25  1967  509  319  4  -2  
15  29  25  1974  509  319  4  -2  
15  29  25  1983  509  319  4  -2  
15  29  25  1990  509  319  4  -2  
15  29  25  1999  509  319  4  -2  
15  29  25  2009  509  319  4  -2  
15  29  25  2017  509  319  4  -2  
15  29  25  2025  509  319  4  -2  
15  29  25  2033  509  319  4  -2  
15  29  25  2041  508  319  4  -2  
15  29  25  2053  508  319  4  -2  
15  29  25  2059  508  319  4  -2  
15  29  25  2067  508  319  4  -2  
15  29  25  2076  508  319  4  -2  
15  29  25  2084  508  319  4  -2  
15  29  25  2091  508  319  4  -2  
15  29  25  2099  508  319  4  -2  
15  29  25  2109  508  319  4  -2  
15  29  25  2118  507  319  4  -2  
15  29  25  2125  507  319  4  -2  
15  29  25  2134  507  319  4  -2  
15  29  25  2142  507  319  4  -2  
15  29  25  2152  506  319  4  -2  
15  29  25  2159  503  319  4  -2  
15  29  25  2168  503  319  4  -2  
15  29  25  2175  502  319  4  -2  
15  29  25  2184  500  320  4  -2  
15  29  25  2191  498  320  4  -2  
15  29  25  2202  494  321  4  -2  
15  29  25  2209  489  322  4  -2  
15  29  25  2219  484  323  4  -2  
15  29  25  2226  477  323  4  -2  
15  29  25  2235  468  323  4  -2  
15  29  25  2242  460  323  4  -2  
15  29  25  2252  448  323  4  -2  
15  29  25  2259  442  323  4  -2  
15  29  25  2268  433  323  4  -2  
15  29  25  2274  426  323  4  -2  
15  29  25  2285  421  323  4  -2  
15  29  25  2292  414  323  4  -2  
15  29  25  2299  409  323  4  -2  
15  29  25  2309  404  323  4  -2  
15  29  25  2319  400  323  4  -2  
15  29  25  2326  397  323  5  -2  
15  29  25  2335  394  323  5  -2  
15  29  25  2342  391  323  5  -2  
15  29  25  2351  390  323  5  -2  
15  29  25  2360  390  323  5  -2  
15  29  25  2369  390  323  5  -2  
15  29  25  2376  387  325  5  -2  
15  29  25  2385  387  325  5  -2  
15  29  25  2391  385  325  5  -2  
15  29  25  2402  385  325  5  -2  
15  29  25  2410  377  325  5  -2  
15  29  25  2420  370  325  5  -2  
15  29  25  2427  361  326  5  -2  
15  29  25  2436  356  327  5  -2  
15  29  25  2443  354  327  5  -2  
15  29  25  2453  353  327  5  -2  
15  29  25  2460  353  327  5  -2  
15  29  25  2469  353  327  5  -2  
15  29  25  2475  353  327  5  -2  
15  29  25  2486  353  327  5  -2  
15  29  25  2492  353  327  5  -2  
15  29  25  2500  353  327  5  -2  
15  29  25  2509  353  327  5  -2  
15  29  25  2518  353  327  5  -2  
15  29  25  2527  353  327  5  -2  
15  29  25  2536  353  327  5  -2  
15  29  25  2543  353  327  5  -2  
15  29  25  2554  353  327  5  -2  
15  29  25  2561  353  327  5  -2  
15  29  25  2571  353  327  5  -2  
15  29  25  2577  353  327  5  -2  
15  29  25  2588  353  327  5  -2  
15  29  25  2596  353  327  5  -2  
15  29  25  2607  353  327  5  -2  
15  29  25  2615  353  327  5  -2  
15  29  25  2624  353  327  5  -2  
15  29  25  2633  353  327  5  -2  
15  29  25  2642  353  327  5  -2  
15  29  25  2652  353  327  5  -2  
15  29  25  2660  353  327  5  -2  
15  29  25  2670  353  327  5  -2  
