15  29  30  0  368  323  1  -2  
15  29  30  6  368  323  1  -2  
15  29  30  17  368  323  1  -2  
15  29  30  23  368  323  1  -2  
15  29  30  31  368  323  1  -2  
15  29  30  39  368  323  1  -2  
15  29  30  48  368  323  1  -2  
15  29  30  57  368  323  1  -2  
15  29  30  67  368  323  1  -2  
15  29  30  73  368  323  1  -2  
15  29  30  83  368  323  1  -2  
15  29  30  89  368  323  1  -2  
15  29  30  98  368  323  1  -2  
15  29  30  107  368  323  1  -2  
15  29  30  116  368  323  1  -2  
15  29  30  123  368  323  1  -2  
15  29  30  133  368  323  1  -2  
15  29  30  139  368  323  1  -2  
15  29  30  149  368  323  1  -2  
15  29  30  157  368  323  1  -2  
15  29  30  166  368  323  1  -2  
15  29  30  172  368  323  1  -2  
15  29  30  183  368  323  1  -2  
15  29  30  190  368  323  1  -2  
15  29  30  198  368  323  1  -2  
15  29  30  206  368  323  1  -2  
15  29  30  217  370  322  1  -2  
15  29  30  223  373  321  1  -2  
15  29  30  233  373  321  1  -2  
15  29  30  240  379  321  1  -2  
15  29  30  248  380  321  1  -2  
15  29  30  257  384  321  1  -2  
15  29  30  266  387  321  1  -2  
15  29  30  272  390  321  1  -2  
15  29  30  283  393  321  1  -2  
15  29  30  290  398  321  1  -2  
15  29  30  299  401  321  1  -2  
15  29  30  307  405  321  1  -2  
15  29  30  317  409  321  1  -2  
15  29  30  323  415  321  1  -2  
15  29  30  333  418  321  1  -2  
15  29  30  340  423  321  1  -2  
15  29  30  350  427  321  1  -2  
15  29  30  357  432  321  1  -2  
15  29  30  366  439  321  1  -2  
15  29  30  372  446  321  1  -2  
15  29  30  383  451  321  1  -2  
15  29  30  390  458  321  1  -2  
15  29  30  400  461  320  1  -2  
15  29  30  407  469  319  1  -2  
15  29  30  417  469  319  1  -2  
15  29  30  423  476  319  1  -2  
15  29  30  433  476  319  1  -2  
15  29  30  441  484  319  1  -2  
15  29  30  450  490  319  1  -2  
15  29  30  457  495  319  2  -2  
15  29  30  466  502  319  2  -2  
15  29  30  472  505  319  2  -2  
15  29  30  483  510  319  2  -2  
15  29  30  490  514  319  2  -2  
15  29  30  500  515  319  2  -2  
15  29  30  507  515  319  2  -2  
15  29  30  517  515  319  2  -2  
15  29  30  523  515  319  2  -2  
15  29  30  533  515  319  2  -2  
15  29  30  540  515  319  2  -2  
15  29  30  549  516  318  2  -2  
15  29  30  555  517  317  2  -2  
15  29  30  566  518  317  2  -2  
15  29  30  573  518  317  2  -2  
15  29  30  583  518  317  2  -2  
15  29  30  588  518  317  2  -2  
15  29  30  600  518  317  2  -2  
15  29  31  608  518  317  2  -2  
15  29  31  616  518  317  2  -2  
15  29  31  623  518  317  2  -2  
15  29  31  633  518  317  2  -2  
15  29  31  638  518  317  2  -2  
15  29  31  649  518  317  2  -2  
15  29  31  657  518  317  2  -2  
15  29  31  666  518  317  2  -2  
15  29  31  673  518  317  2  -2  
15  29  31  683  518  317  2  -2  
15  29  31  690  518  317  2  -2  
15  29  31  700  518  317  2  -2  
15  29  31  705  518  317  2  -2  
15  29  31  716  518  317  2  -2  
15  29  31  724  518  317  2  -2  
15  29  31  733  518  317  2  -2  
15  29  31  739  518  317  2  -2  
15  29  31  750  518  317  2  -2  
15  29  31  757  518  317  2  -2  
15  29  31  766  518  317  2  -2  
15  29  31  773  518  317  2  -2  
15  29  31  783  518  317  2  -2  
15  29  31  789  518  317  2  -2  
15  29  31  800  518  317  2  -2  
15  29  31  807  518  317  2  -2  
15  29  31  816  518  317  2  -2  
15  29  31  823  518  317  2  -2  
15  29  31  833  518  317  2  -2  
15  29  31  841  518  317  2  -2  
15  29  31  849  518  317  2  -2  
15  29  31  858  518  317  2  -2  
15  29  31  866  518  317  2  -2  
15  29  31  872  518  317  2  -2  
15  29  31  882  518  317  2  -2  
15  29  31  888  518  317  2  -2  
15  29  31  898  518  317  2  -2  
15  29  31  907  518  317  2  -2  
15  29  31  915  518  317  2  -2  
15  29  31  923  518  317  2  -2  
15  29  31  932  518  317  2  -2  
15  29  31  940  518  317  2  -2  
15  29  31  948  516  317  2  -2  
15  29  31  957  515  317  2  -2  
15  29  31  965  512  317  2  -2  
15  29  31  972  509  318  2  -2  
15  29  31  982  506  319  2  -2  
15  29  31  988  502  319  2  -2  
15  29  31  998  495  320  2  -2  
15  29  31  1006  492  321  2  -2  
15  29  31  1016  486  322  2  -2  
15  29  31  1022  474  323  2  -2  
15  29  31  1032  474  323  2  -2  
15  29  31  1039  458  324  2  -2  
15  29  31  1048  450  324  2  -2  
15  29  31  1057  438  324  2  -2  
15  29  31  1065  427  324  2  -2  
15  29  31  1073  417  324  2  -2  
15  29  31  1082  407  324  2  -2  
15  29  31  1090  402  324  2  -2  
15  29  31  1098  400  324  2  -2  
15  29  31  1107  398  324  3  -2  
15  29  31  1116  398  324  3  -2  
15  29  31  1123  398  324  3  -2  
15  29  31  1132  398  324  3  -2  
15  29  31  1139  398  324  3  -2  
15  29  31  1148  398  324  3  -2  
15  29  31  1157  398  324  3  -2  
15  29  31  1166  397  324  3  -2  
15  29  31  1173  395  324  3  -2  
15  29  31  1181  391  326  3  -2  
15  29  31  1189  388  326  3  -2  
15  29  31  1198  384  326  3  -2  
15  29  31  1207  383  326  3  -2  
15  29  31  1215  383  326  3  -2  
15  29  31  1225  383  326  3  -2  
15  29  31  1232  381  327  3  -2  
15  29  31  1240  381  327  3  -2  
15  29  31  1248  381  327  3  -2  
15  29  31  1257  381  327  3  -2  
15  29  31  1266  381  327  3  -2  
15  29  31  1273  381  327  3  -2  
15  29  31  1281  381  327  3  -2  
15  29  31  1290  381  327  3  -2  
15  29  31  1298  381  327  3  -2  
15  29  31  1307  381  327  3  -2  
15  29  31  1316  381  327  3  -2  
15  29  31  1323  381  327  3  -2  
15  29  31  1331  381  327  3  -2  
15  29  31  1340  381  327  3  -2  
15  29  31  1348  383  325  3  -2  
15  29  31  1359  387  325  3  -2  
15  29  31  1367  393  325  3  -2  
15  29  31  1376  402  322  3  -2  
15  29  31  1385  435  322  3  -2  
15  29  31  1392  451  322  3  -2  
15  29  31  1402  466  322  3  -2  
15  29  31  1408  479  322  3  -2  
15  29  31  1417  488  322  3  -2  
15  29  31  1426  493  322  3  -2  
15  29  31  1435  496  322  4  -2  
15  29  31  1442  496  322  4  -2  
15  29  31  1451  496  322  4  -2  
15  29  31  1459  496  322  4  -2  
15  29  31  1466  496  322  4  -2  
15  29  31  1476  496  322  4  -2  
15  29  31  1484  497  322  4  -2  
15  29  31  1492  500  322  4  -2  
15  29  31  1501  500  322  4  -2  
15  29  31  1509  503  322  4  -2  
15  29  31  1517  505  322  4  -2  
15  29  31  1526  509  322  4  -2  
15  29  31  1535  510  322  4  -2  
15  29  31  1542  510  322  4  -2  
15  29  31  1550  510  322  4  -2  
15  29  31  1558  510  322  4  -2  
15  29  31  1567  510  322  4  -2  
15  29  31  1576  510  322  4  -2  
15  29  31  1585  508  320  4  -2  
15  29  31  1592  504  317  4  -2  
15  29  31  1601  500  316  4  -2  
15  29  32  1609  499  315  4  -2  
15  29  32  1617  499  315  4  -2  
15  29  32  1626  499  315  4  -2  
15  29  32  1635  499  315  4  -2  
15  29  32  1642  499  315  4  -2  
15  29  32  1651  499  315  4  -2  
15  29  32  1659  499  315  4  -2  
15  29  32  1668  499  315  4  -2  
15  29  32  1677  499  315  4  -2  
15  29  32  1684  497  315  4  -2  
15  29  32  1692  497  315  4  -2  
15  29  32  1702  497  315  4  -2  
15  29  32  1709  497  315  4  -2  
15  29  32  1717  497  315  4  -2  
15  29  32  1727  497  315  4  -2  
15  29  32  1735  497  315  4  -2  
15  29  32  1744  497  315  4  -2  
15  29  32  1752  497  315  4  -2  
15  29  32  1761  497  315  4  -2  
15  29  32  1768  497  315  4  -2  
15  29  32  1776  497  315  4  -2  
15  29  32  1785  497  315  4  -2  
15  29  32  1793  497  315  4  -2  
15  29  32  1801  497  315  4  -2  
15  29  32  1809  497  315  4  -2  
15  29  32  1817  497  315  4  -2  
15  29  32  1827  497  315  4  -2  
15  29  32  1835  497  315  4  -2  
15  29  32  1842  496  315  4  -2  
15  29  32  1851  495  314  4  -2  
15  29  32  1860  493  314  4  -2  
15  29  32  1868  488  314  4  -2  
15  29  32  1877  484  313  4  -2  
15  29  32  1885  477  313  4  -2  
15  29  32  1893  470  311  4  -2  
15  29  32  1902  462  310  4  -2  
15  29  32  1910  450  308  4  -2  
15  29  32  1917  436  306  4  -2  
15  29  32  1927  423  305  4  -2  
15  29  32  1936  410  304  4  -2  
15  29  32  1945  395  300  5  -2  
15  29  32  1954  395  300  5  -2  
15  29  32  1963  392  300  5  -2  
15  29  32  1969  392  300  5  -2  
15  29  32  1979  392  300  5  -2  
15  29  32  1986  391  300  5  -2  
15  29  32  1996  390  300  5  -2  
15  29  32  2003  390  300  5  -2  
15  29  32  2012  388  300  5  -2  
15  29  32  2019  385  300  5  -2  
15  29  32  2029  382  299  5  -2  
15  29  32  2036  377  299  5  -2  
15  29  32  2046  375  299  5  -2  
15  29  32  2054  375  299  5  -2  
15  29  32  2062  373  298  5  -2  
15  29  32  2070  372  298  5  -2  
15  29  32  2080  372  298  5  -2  
15  29  32  2087  372  298  5  -2  
15  29  32  2096  372  298  5  -2  
15  29  32  2104  372  298  5  -2  
15  29  32  2112  372  298  5  -2  
15  29  32  2120  372  298  5  -2  
15  29  32  2128  372  298  5  -2  
15  29  32  2137  372  298  5  -2  
15  29  32  2146  372  298  5  -2  
15  29  32  2154  372  298  5  -2  
15  29  32  2162  372  298  5  -2  
15  29  32  2170  372  298  5  -2  
15  29  32  2178  372  298  5  -2  
15  29  32  2187  372  298  5  -2  
15  29  32  2196  372  298  5  -2  
15  29  32  2203  372  298  5  -2  
15  29  32  2213  372  298  5  -2  
15  29  32  2219  372  298  5  -2  
15  29  32  2230  372  298  5  -2  
15  29  32  2237  372  298  5  -2  
15  29  32  2246  372  298  5  -2  
15  29  32  2253  372  298  5  -2  
15  29  32  2263  372  298  5  -2  
15  29  32  2269  372  298  5  -2  
15  29  32  2280  372  298  5  -2  
15  29  32  2287  372  298  5  -2  
15  29  32  2296  372  298  5  -2  
15  29  32  2302  372  298  5  -2  
15  29  32  2313  372  298  5  -2  
15  29  32  2319  372  298  5  -2  
15  29  32  2330  372  298  5  -2  
