10  17  10  0  360  296  1  -2  
10  17  10  8  360  296  1  -2  
10  17  10  17  360  296  1  -2  
10  17  10  25  360  296  1  -2  
10  17  10  33  360  296  1  -2  
10  17  10  42  360  296  1  -2  
10  17  10  50  360  296  1  -2  
10  17  10  58  360  296  1  -2  
10  17  10  66  360  296  1  -2  
10  17  10  76  360  296  1  -2  
10  17  10  83  360  296  1  -2  
10  17  10  92  360  296  1  -2  
10  17  10  100  360  296  1  -2  
10  17  10  108  360  296  1  -2  
10  17  10  116  360  296  1  -2  
10  17  10  125  360  296  1  -2  
10  17  10  135  360  296  1  -2  
10  17  10  142  360  296  1  -2  
10  17  10  150  360  296  1  -2  
10  17  10  158  360  295  1  -2  
10  17  10  166  360  295  1  -2  
10  17  10  176  361  293  1  -2  
10  17  10  186  367  292  1  -2  
10  17  10  192  370  291  1  -2  
10  17  10  199  376  291  1  -2  
10  17  10  207  376  291  1  -2  
10  17  10  215  381  291  1  -2  
10  17  10  225  386  291  1  -2  
10  17  10  235  401  291  1  -2  
10  17  10  241  409  291  1  -2  
10  17  10  249  421  291  1  -2  
10  17  10  258  435  291  1  -2  
10  17  10  266  448  294  1  -2  
10  17  10  275  463  295  1  -2  
10  17  10  282  477  297  1  -2  
10  17  10  291  488  298  1  -2  
10  17  10  303  497  301  2  -2  
10  17  10  310  503  302  2  -2  
10  17  10  320  509  302  2  -2  
10  17  10  327  513  303  2  -2  
10  17  10  336  515  303  2  -2  
10  17  10  344  515  303  2  -2  
10  17  10  353  516  303  2  -2  
10  17  10  360  517  303  2  -2  
10  17  10  370  519  303  2  -2  
10  17  10  376  521  303  2  -2  
10  17  10  386  525  303  2  -2  
10  17  10  394  527  303  2  -2  
10  17  10  404  530  303  2  -2  
10  17  10  410  535  303  2  -2  
10  17  10  420  539  303  2  -2  
10  17  10  427  542  303  2  -2  
10  17  10  437  546  303  2  -2  
10  17  10  443  548  303  2  -2  
10  17  10  454  550  303  2  -2  
10  17  10  460  550  303  2  -2  
10  17  10  470  550  303  2  -2  
10  17  10  477  550  303  2  -2  
10  17  10  486  550  303  2  -2  
10  17  10  494  550  303  2  -2  
10  17  10  503  550  303  2  -2  
10  17  10  509  550  303  2  -2  
10  17  10  520  550  303  2  -2  
10  17  10  527  550  303  2  -2  
10  17  10  536  550  303  2  -2  
10  17  10  543  550  303  2  -2  
10  17  10  553  550  303  2  -2  
10  17  10  560  550  303  2  -2  
10  17  10  570  550  303  2  -2  
10  17  10  577  550  303  2  -2  
10  17  10  587  550  303  2  -2  
10  17  10  594  550  303  2  -2  
10  17  10  603  550  303  2  -2  
10  17  10  609  550  303  2  -2  
10  17  10  620  550  303  2  -2  
10  17  10  627  550  303  2  -2  
10  17  10  637  550  303  2  -2  
10  17  10  644  550  303  2  -2  
10  17  10  653  550  303  2  -2  
10  17  10  661  550  303  2  -2  
10  17  10  670  550  303  2  -2  
10  17  10  679  550  303  2  -2  
10  17  10  689  550  303  2  -2  
10  17  10  697  550  303  2  -2  
10  17  10  707  550  303  2  -2  
10  17  10  715  550  303  2  -2  
10  17  10  724  550  303  2  -2  
10  17  10  732  550  303  2  -2  
10  17  10  740  550  303  2  -2  
10  17  10  749  550  303  2  -2  
10  17  10  756  550  303  2  -2  
10  17  10  765  550  303  2  -2  
10  17  10  773  550  303  2  -2  
10  17  10  782  550  303  2  -2  
10  17  10  790  550  303  2  -2  
10  17  10  798  550  303  2  -2  
10  17  10  806  550  303  2  -2  
10  17  10  815  550  303  2  -2  
10  17  10  823  550  303  2  -2  
10  17  10  833  550  303  2  -2  
10  17  10  840  550  303  2  -2  
10  17  10  848  550  303  2  -2  
10  17  10  856  550  303  2  -2  
10  17  10  865  550  303  2  -2  
10  17  10  874  550  303  2  -2  
10  17  10  883  550  303  2  -2  
10  17  10  891  550  303  2  -2  
10  17  10  900  550  303  2  -2  
10  17  10  906  550  303  2  -2  
10  17  10  915  550  303  2  -2  
10  17  10  925  550  303  2  -2  
10  17  10  933  550  303  2  -2  
10  17  10  940  550  303  2  -2  
10  17  10  948  548  305  2  -2  
10  17  10  956  548  305  2  -2  
10  17  10  965  547  306  2  -2  
10  17  10  974  547  306  2  -2  
10  17  10  985  547  306  2  -2  
10  17  10  990  546  307  2  -2  
10  17  11  998  546  307  2  -2  
10  17  11  1007  545  307  2  -2  
10  17  11  1016  544  307  2  -2  
10  17  11  1022  544  307  2  -2  
10  17  11  1032  543  307  2  -2  
10  17  11  1040  541  307  2  -2  
10  17  11  1048  540  307  2  -2  
10  17  11  1057  539  307  2  -2  
10  17  11  1065  538  307  2  -2  
10  17  11  1074  537  307  2  -2  
10  17  11  1083  536  307  2  -2  
10  17  11  1091  534  307  2  -2  
10  17  11  1100  533  307  2  -2  
10  17  11  1107  532  307  2  -2  
10  17  11  1116  528  307  2  -2  
10  17  11  1124  524  307  2  -2  
10  17  11  1132  521  307  2  -2  
10  17  11  1142  516  307  2  -2  
10  17  11  1150  509  307  2  -2  
10  17  11  1157  502  307  2  -2  
10  17  11  1165  491  305  2  -2  
10  17  11  1173  481  302  2  -2  
10  17  11  1185  471  301  2  -2  
10  17  11  1190  449  297  2  -2  
10  17  11  1198  449  297  2  -2  
10  17  11  1207  439  295  2  -2  
10  17  11  1217  430  295  2  -2  
10  17  11  1225  418  294  2  -2  
10  17  11  1234  412  292  2  -2  
10  17  11  1241  409  291  2  -2  
10  17  11  1250  407  291  2  -2  
10  17  11  1257  404  291  2  -2  
10  17  11  1268  400  291  2  -2  
10  17  11  1275  397  291  2  -2  
10  17  11  1284  393  291  2  -2  
10  17  11  1292  390  291  3  -2  
10  17  11  1300  385  291  3  -2  
10  17  11  1308  380  291  3  -2  
10  17  11  1317  375  291  3  -2  
10  17  11  1325  371  291  3  -2  
10  17  11  1333  369  291  3  -2  
10  17  11  1341  367  291  3  -2  
10  17  11  1350  364  291  3  -2  
10  17  11  1357  364  291  3  -2  
10  17  11  1367  363  291  3  -2  
10  17  11  1375  362  291  3  -2  
10  17  11  1384  361  291  3  -2  
10  17  11  1391  360  291  3  -2  
10  17  11  1400  360  291  3  -2  
10  17  11  1407  360  291  3  -2  
10  17  11  1415  360  291  3  -2  
10  17  11  1425  360  291  3  -2  
10  17  11  1434  360  291  3  -2  
10  17  11  1442  360  291  3  -2  
10  17  11  1452  360  291  3  -2  
10  17  11  1459  360  291  3  -2  
10  17  11  1469  360  291  3  -2  
10  17  11  1476  360  291  3  -2  
10  17  11  1485  360  291  3  -2  
10  17  11  1493  360  291  3  -2  
10  17  11  1501  360  291  3  -2  
10  17  11  1508  360  291  3  -2  
10  17  11  1518  360  291  3  -2  
10  17  11  1526  360  291  3  -2  
10  17  11  1535  360  291  3  -2  
10  17  11  1543  360  291  3  -2  
10  17  11  1551  360  291  3  -2  
10  17  11  1558  360  291  3  -2  
10  17  11  1569  360  291  3  -2  
10  17  11  1576  360  291  3  -2  
10  17  11  1585  360  291  3  -2  
10  17  11  1593  360  291  3  -2  
10  17  11  1602  360  291  3  -2  
10  17  11  1608  360  291  3  -2  
10  17  11  1619  360  291  3  -2  
10  17  11  1626  360  291  3  -2  
10  17  11  1637  360  291  3  -2  
10  17  11  1643  360  291  3  -2  
10  17  11  1653  365  291  3  -2  
10  17  11  1660  374  291  3  -2  
10  17  11  1669  381  291  3  -2  
10  17  11  1676  387  291  3  -2  
10  17  11  1687  393  291  3  -2  
10  17  11  1694  398  291  3  -2  
10  17  11  1704  403  291  3  -2  
10  17  11  1711  407  291  3  -2  
10  17  11  1719  410  291  3  -2  
10  17  11  1727  413  291  3  -2  
10  17  11  1737  417  291  3  -2  
10  17  11  1746  425  291  3  -2  
10  17  11  1753  432  291  3  -2  
10  17  11  1760  439  291  3  -2  
10  17  11  1770  447  291  3  -2  
10  17  11  1777  454  291  3  -2  
10  17  11  1787  461  291  3  -2  
10  17  11  1795  467  291  3  -2  
10  17  11  1805  476  291  3  -2  
10  17  11  1810  481  291  3  -2  
10  17  11  1821  484  291  3  -2  
10  17  11  1827  487  291  3  -2  
10  17  11  1837  488  291  3  -2  
10  17  11  1845  490  291  3  -2  
10  17  11  1854  490  291  3  -2  
10  17  11  1859  490  291  3  -2  
10  17  11  1870  490  291  3  -2  
10  17  11  1877  490  291  3  -2  
10  17  11  1887  490  291  3  -2  
10  17  11  1894  490  291  3  -2  
10  17  11  1904  490  291  3  -2  
10  17  11  1910  490  291  3  -2  
10  17  11  1920  492  291  3  -2  
10  17  11  1926  493  291  3  -2  
10  17  11  1936  494  291  3  -2  
10  17  11  1944  497  292  3  -2  
10  17  11  1952  498  292  3  -2  
10  17  11  1960  500  292  3  -2  
10  17  11  1969  501  292  3  -2  
10  17  11  1976  502  292  3  -2  
10  17  11  1986  502  292  3  -2  
10  17  12  1995  503  292  4  -2  
10  17  12  2003  503  292  4  -2  
10  17  12  2010  505  293  4  -2  
10  17  12  2019  506  293  4  -2  
10  17  12  2026  509  293  4  -2  
10  17  12  2036  511  293  4  -2  
10  17  12  2043  514  293  4  -2  
10  17  12  2052  516  293  4  -2  
10  17  12  2060  520  294  4  -2  
10  17  12  2070  521  295  4  -2  
10  17  12  2077  523  295  4  -2  
10  17  12  2086  524  295  4  -2  
10  17  12  2095  525  295  4  -2  
10  17  12  2103  525  296  4  -2  
10  17  12  2110  525  296  4  -2  
10  17  12  2119  525  296  4  -2  
10  17  12  2127  525  296  4  -2  
10  17  12  2136  525  296  4  -2  
10  17  12  2144  525  296  4  -2  
10  17  12  2151  525  296  4  -2  
10  17  12  2160  525  296  4  -2  
10  17  12  2168  525  296  4  -2  
10  17  12  2178  525  296  4  -2  
10  17  12  2186  526  296  4  -2  
10  17  12  2194  526  296  4  -2  
10  17  12  2203  527  296  4  -2  
10  17  12  2210  527  296  4  -2  
10  17  12  2218  527  296  4  -2  
10  17  12  2227  527  296  4  -2  
10  17  12  2237  527  296  4  -2  
10  17  12  2244  527  296  4  -2  
10  17  12  2253  527  296  4  -2  
10  17  12  2261  527  296  4  -2  
10  17  12  2269  527  296  4  -2  
10  17  12  2278  527  296  4  -2  
10  17  12  2285  527  296  4  -2  
10  17  12  2296  527  296  4  -2  
10  17  12  2303  527  296  4  -2  
10  17  12  2311  527  297  4  -2  
10  17  12  2320  527  297  4  -2  
10  17  12  2329  527  298  4  -2  
10  17  12  2337  526  301  4  -2  
10  17  12  2346  522  305  4  -2  
10  17  12  2354  518  309  4  -2  
10  17  12  2362  515  311  4  -2  
10  17  12  2370  507  318  4  -2  
10  17  12  2378  502  321  4  -2  
10  17  12  2386  494  324  4  -2  
10  17  12  2395  487  329  4  -2  
10  17  12  2405  481  331  4  -2  
10  17  12  2411  472  335  4  -2  
10  17  12  2420  467  337  4  -2  
10  17  12  2428  456  340  4  -2  
10  17  12  2437  449  341  4  -2  
10  17  12  2445  439  343  4  -2  
10  17  12  2455  430  346  4  -2  
10  17  12  2462  423  346  4  -2  
10  17  12  2471  415  347  4  -2  
10  17  12  2479  408  348  4  -2  
10  17  12  2489  402  349  4  -2  
10  17  12  2496  394  349  4  -2  
10  17  12  2506  391  351  4  -2  
10  17  12  2515  387  352  4  -2  
10  17  12  2521  384  353  4  -2  
10  17  12  2530  383  353  4  -2  
10  17  12  2539  379  354  4  -2  
10  17  12  2547  376  356  4  -2  
10  17  12  2555  375  356  4  -2  
10  17  12  2563  374  356  4  -2  
10  17  12  2572  371  356  4  -2  
10  17  12  2580  369  356  4  -2  
10  17  12  2588  369  356  4  -2  
10  17  12  2596  367  357  4  -2  
10  17  12  2605  366  357  4  -2  
10  17  12  2613  365  357  4  -2  
10  17  12  2622  363  357  4  -2  
10  17  12  2629  363  357  4  -2  
10  17  12  2639  363  357  4  -2  
10  17  12  2647  363  357  4  -2  
10  17  12  2655  363  357  4  -2  
10  17  12  2665  363  357  4  -2  
10  17  12  2673  363  357  4  -2  
10  17  12  2681  363  357  4  -2  
10  17  12  2689  363  357  4  -2  
10  17  12  2699  363  357  4  -2  
10  17  12  2705  363  357  4  -2  
10  17  12  2714  363  357  4  -2  
10  17  12  2722  363  357  4  -2  
10  17  12  2730  363  357  4  -2  
10  17  12  2740  363  357  4  -2  
10  17  12  2747  362  357  4  -2  
10  17  12  2756  362  357  4  -2  
10  17  12  2764  361  356  4  -2  
10  17  12  2773  361  356  4  -2  
10  17  12  2780  361  356  4  -2  
10  17  12  2788  361  356  4  -2  
10  17  12  2799  361  356  4  -2  
10  17  12  2807  361  356  4  -2  
10  17  12  2816  361  356  4  -2  
10  17  12  2824  361  356  4  -2  
10  17  12  2830  361  356  4  -2  
10  17  12  2839  361  356  4  -2  
10  17  12  2847  361  356  4  -2  
10  17  12  2855  361  356  4  -2  
10  17  12  2866  361  356  4  -2  
10  17  12  2874  361  356  4  -2  
10  17  12  2883  361  356  4  -2  
10  17  12  2889  361  356  4  -2  
10  17  12  2899  361  356  4  -2  
10  17  12  2907  361  356  4  -2  
10  17  12  2917  361  356  4  -2  
10  17  12  2922  361  356  4  -2  
10  17  12  2933  361  356  4  -2  
10  17  12  2940  361  356  4  -2  
10  17  12  2949  361  356  4  -2  
10  17  12  2957  361  356  4  -2  
10  17  12  2966  361  356  4  -2  
10  17  12  2974  361  356  4  -2  
10  17  12  2983  361  356  4  -2  
10  17  13  2991  360  356  4  -2  
10  17  13  2999  360  352  4  -2  
10  17  13  3007  359  351  4  -2  
