11  44  28  0  370  325  1  -2  
11  44  28  8  370  325  1  -2  
11  44  28  17  370  325  1  -2  
11  44  28  27  370  325  1  -2  
11  44  28  33  370  325  1  -2  
11  44  28  42  370  325  1  -2  
11  44  28  51  370  325  1  -2  
11  44  28  59  370  325  1  -2  
11  44  28  67  370  325  1  -2  
11  44  28  75  370  325  1  -2  
11  44  28  84  370  325  1  -2  
11  44  28  92  370  325  1  -2  
11  44  28  101  370  325  1  -2  
11  44  28  108  370  325  1  -2  
11  44  28  117  370  325  1  -2  
11  44  28  125  370  325  1  -2  
11  44  28  133  370  325  1  -2  
11  44  28  142  370  325  1  -2  
11  44  28  150  370  325  1  -2  
11  44  28  158  370  325  1  -2  
11  44  28  167  370  325  1  -2  
11  44  28  175  370  325  1  -2  
11  44  28  184  370  325  1  -2  
11  44  28  192  370  325  1  -2  
11  44  28  200  370  325  1  -2  
11  44  28  209  370  325  1  -2  
11  44  28  217  370  325  1  -2  
11  44  28  227  370  325  1  -2  
11  44  28  234  370  325  1  -2  
11  44  28  243  370  325  1  -2  
11  44  28  251  370  325  1  -2  
11  44  28  259  370  325  1  -2  
11  44  28  267  370  325  1  -2  
11  44  29  277  370  325  1  -2  
11  44  29  283  370  325  1  -2  
11  44  29  292  370  325  1  -2  
11  44  29  300  370  325  1  -2  
11  44  29  309  370  325  1  -2  
11  44  29  317  371  325  1  -2  
11  44  29  327  374  325  1  -2  
11  44  29  333  379  325  1  -2  
11  44  29  342  386  325  1  -2  
11  44  29  351  396  325  1  -2  
11  44  29  358  405  325  1  -2  
11  44  29  368  415  325  1  -2  
11  44  29  377  433  325  1  -2  
11  44  29  384  440  325  1  -2  
11  44  29  392  440  325  1  -2  
11  44  29  400  447  325  1  -2  
11  44  29  408  452  325  1  -2  
11  44  29  417  456  325  1  -2  
11  44  29  427  462  325  1  -2  
11  44  29  436  466  325  1  -2  
11  44  29  443  471  325  1  -2  
11  44  29  451  479  325  1  -2  
11  44  29  459  486  325  1  -2  
11  44  29  467  494  325  1  -2  
11  44  29  477  504  325  2  -2  
11  44  29  485  511  325  2  -2  
11  44  29  493  518  325  2  -2  
11  44  29  502  522  325  2  -2  
11  44  29  511  527  325  2  -2  
11  44  29  519  529  325  2  -2  
11  44  29  527  530  325  2  -2  
11  44  29  535  531  325  2  -2  
11  44  29  544  532  325  2  -2  
11  44  29  551  532  325  2  -2  
11  44  29  559  533  325  2  -2  
11  44  29  568  533  325  2  -2  
11  44  29  577  533  325  2  -2  
11  44  29  586  533  325  2  -2  
11  44  29  593  534  325  2  -2  
11  44  29  601  534  325  2  -2  
11  44  29  610  534  325  2  -2  
11  44  29  618  534  325  2  -2  
11  44  29  627  534  325  2  -2  
11  44  29  635  534  325  2  -2  
11  44  29  643  534  325  2  -2  
11  44  29  651  534  325  2  -2  
11  44  29  658  534  325  2  -2  
11  44  29  667  534  325  2  -2  
11  44  29  676  534  325  2  -2  
11  44  29  684  534  325  2  -2  
11  44  29  694  534  325  2  -2  
11  44  29  701  534  325  2  -2  
11  44  29  709  534  325  2  -2  
11  44  29  719  534  325  2  -2  
11  44  29  726  534  325  2  -2  
11  44  29  736  534  325  2  -2  
11  44  29  744  534  325  2  -2  
11  44  29  752  534  325  2  -2  
11  44  29  760  534  325  2  -2  
11  44  29  768  534  325  2  -2  
11  44  29  777  534  325  2  -2  
11  44  29  786  534  325  2  -2  
11  44  29  793  534  325  2  -2  
11  44  29  801  534  325  2  -2  
11  44  29  810  534  325  2  -2  
11  44  29  818  534  325  2  -2  
11  44  29  827  534  325  2  -2  
11  44  29  834  534  325  2  -2  
11  44  29  843  534  325  2  -2  
11  44  29  851  534  325  2  -2  
11  44  29  860  534  325  2  -2  
11  44  29  868  534  325  2  -2  
11  44  29  876  532  325  2  -2  
11  44  29  885  530  325  2  -2  
11  44  29  893  526  325  2  -2  
11  44  29  901  525  326  2  -2  
11  44  29  910  520  326  2  -2  
11  44  29  919  516  326  2  -2  
11  44  29  927  513  326  2  -2  
11  44  29  934  508  326  2  -2  
11  44  29  945  503  329  2  -2  
11  44  29  952  492  329  2  -2  
11  44  29  960  485  329  2  -2  
11  44  29  968  479  329  2  -2  
11  44  29  977  472  330  2  -2  
11  44  29  983  463  331  2  -2  
11  44  29  993  463  331  2  -2  
11  44  29  1001  449  331  2  -2  
11  44  29  1010  443  331  2  -2  
11  44  29  1019  438  331  2  -2  
11  44  29  1028  432  331  2  -2  
11  44  29  1036  429  331  2  -2  
11  44  29  1043  425  331  2  -2  
11  44  29  1051  420  331  2  -2  
11  44  29  1063  416  331  2  -2  
11  44  29  1069  414  331  2  -2  
11  44  29  1077  409  331  2  -2  
11  44  29  1086  405  331  2  -2  
11  44  29  1095  400  331  2  -2  
11  44  29  1103  396  331  3  -2  
11  44  29  1110  391  331  3  -2  
11  44  29  1119  387  331  3  -2  
11  44  29  1130  381  331  3  -2  
11  44  29  1137  371  331  3  -2  
11  44  29  1145  367  331  3  -2  
11  44  29  1152  367  331  3  -2  
11  44  29  1160  362  331  3  -2  
11  44  29  1169  361  331  3  -2  
11  44  29  1178  359  331  3  -2  
11  44  29  1187  358  331  3  -2  
11  44  29  1197  358  331  3  -2  
11  44  29  1202  357  331  3  -2  
11  44  29  1212  357  331  3  -2  
11  44  29  1219  356  331  3  -2  
11  44  29  1228  356  331  3  -2  
11  44  29  1237  356  331  3  -2  
11  44  29  1246  356  331  3  -2  
11  44  29  1252  356  331  3  -2  
11  44  29  1262  356  331  3  -2  
11  44  29  1269  356  331  3  -2  
11  44  30  1278  356  331  3  -2  
11  44  30  1285  356  331  3  -2  
11  44  30  1296  356  331  3  -2  
11  44  30  1304  356  331  3  -2  
11  44  30  1312  356  331  3  -2  
11  44  30  1320  356  331  3  -2  
11  44  30  1330  356  331  3  -2  
11  44  30  1338  356  331  3  -2  
11  44  30  1346  356  331  3  -2  
11  44  30  1352  356  331  3  -2  
11  44  30  1362  356  331  3  -2  
11  44  30  1370  356  331  3  -2  
11  44  30  1380  356  331  3  -2  
11  44  30  1387  356  331  3  -2  
11  44  30  1396  356  331  3  -2  
11  44  30  1403  356  331  3  -2  
11  44  30  1412  356  331  3  -2  
11  44  30  1419  356  331  3  -2  
11  44  30  1428  356  331  3  -2  
11  44  30  1437  356  331  3  -2  
11  44  30  1447  357  331  3  -2  
11  44  30  1454  361  331  3  -2  
11  44  30  1463  363  331  3  -2  
11  44  30  1471  370  331  3  -2  
11  44  30  1480  376  331  3  -2  
11  44  30  1487  383  331  3  -2  
11  44  30  1498  388  331  3  -2  
11  44  30  1504  400  331  3  -2  
11  44  30  1514  400  331  3  -2  
11  44  30  1520  409  331  3  -2  
11  44  30  1531  414  331  3  -2  
11  44  30  1538  419  331  3  -2  
11  44  30  1549  426  331  3  -2  
11  44  30  1555  431  331  3  -2  
11  44  30  1565  441  331  3  -2  
11  44  30  1571  448  331  3  -2  
11  44  30  1581  455  331  3  -2  
11  44  30  1587  460  331  3  -2  
11  44  30  1599  465  331  3  -2  
11  44  30  1606  469  331  3  -2  
11  44  30  1615  474  331  3  -2  
11  44  30  1621  479  331  3  -2  
11  44  30  1631  484  331  3  -2  
11  44  30  1638  486  332  3  -2  
11  44  30  1647  488  332  3  -2  
11  44  30  1655  488  332  3  -2  
11  44  30  1664  489  332  3  -2  
11  44  30  1671  490  332  3  -2  
11  44  30  1682  490  332  3  -2  
11  44  30  1688  491  332  3  -2  
11  44  30  1699  491  332  3  -2  
11  44  30  1706  492  332  3  -2  
11  44  30  1715  492  332  3  -2  
11  44  30  1722  493  332  3  -2  
11  44  30  1732  493  332  3  -2  
11  44  30  1738  495  332  3  -2  
11  44  30  1749  496  332  3  -2  
11  44  30  1756  499  332  4  -2  
11  44  30  1765  502  332  4  -2  
11  44  30  1772  504  332  4  -2  
11  44  30  1781  506  332  4  -2  
11  44  30  1789  509  332  4  -2  
11  44  30  1799  510  332  4  -2  
11  44  30  1806  513  332  4  -2  
11  44  30  1815  517  332  4  -2  
11  44  30  1822  518  332  4  -2  
11  44  30  1831  521  332  4  -2  
11  44  30  1839  523  332  4  -2  
11  44  30  1849  525  332  4  -2  
11  44  30  1856  527  332  4  -2  
11  44  30  1865  527  332  4  -2  
11  44  30  1872  527  332  4  -2  
11  44  30  1881  527  332  4  -2  
11  44  30  1889  527  332  4  -2  
11  44  30  1899  527  332  4  -2  
11  44  30  1906  527  332  4  -2  
11  44  30  1915  527  332  4  -2  
11  44  30  1921  527  332  4  -2  
11  44  30  1932  527  332  4  -2  
11  44  30  1938  527  332  4  -2  
11  44  30  1949  527  332  4  -2  
11  44  30  1956  527  332  4  -2  
11  44  30  1965  527  332  4  -2  
11  44  30  1972  527  332  4  -2  
11  44  30  1981  527  332  4  -2  
11  44  30  1989  527  332  4  -2  
11  44  30  1999  527  332  4  -2  
11  44  30  2006  527  332  4  -2  
11  44  30  2015  527  332  4  -2  
11  44  30  2022  527  332  4  -2  
11  44  30  2032  527  332  4  -2  
11  44  30  2040  527  332  4  -2  
11  44  30  2049  527  332  4  -2  
11  44  30  2056  526  332  4  -2  
11  44  30  2065  526  332  4  -2  
11  44  30  2073  514  332  4  -2  
11  44  30  2082  504  332  4  -2  
11  44  30  2090  496  332  4  -2  
11  44  30  2099  487  332  4  -2  
11  44  30  2106  479  332  4  -2  
11  44  30  2116  469  332  4  -2  
11  44  30  2123  461  332  4  -2  
11  44  30  2132  450  332  4  -2  
11  44  30  2139  440  332  4  -2  
11  44  30  2149  430  332  4  -2  
11  44  30  2157  422  332  4  -2  
11  44  30  2165  414  332  4  -2  
11  44  30  2172  407  332  4  -2  
11  44  30  2181  402  332  4  -2  
11  44  30  2188  397  332  4  -2  
