10  17  2  0  368  302  1  -2  
10  17  2  8  368  302  1  -2  
10  17  2  16  368  302  1  -2  
10  17  2  24  368  302  1  -2  
10  17  2  33  368  302  1  -2  
10  17  2  41  368  302  1  -2  
10  17  2  50  368  302  1  -2  
10  17  2  57  368  302  1  -2  
10  17  2  66  368  302  1  -2  
10  17  2  75  368  302  1  -2  
10  17  2  82  368  302  1  -2  
10  17  2  91  368  302  1  -2  
10  17  2  100  368  302  1  -2  
10  17  2  109  368  302  1  -2  
10  17  2  116  368  302  1  -2  
10  17  2  124  368  302  1  -2  
10  17  2  133  368  302  1  -2  
10  17  2  141  368  302  1  -2  
10  17  2  150  368  302  1  -2  
10  17  2  157  368  302  1  -2  
10  17  2  166  368  302  1  -2  
10  17  2  174  368  302  1  -2  
10  17  2  183  368  302  1  -2  
10  17  2  190  368  302  1  -2  
10  17  2  200  368  302  1  -2  
10  17  2  207  368  302  1  -2  
10  17  2  216  368  302  1  -2  
10  17  2  224  368  302  1  -2  
10  17  2  233  368  302  1  -2  
10  17  2  240  368  302  1  -2  
10  17  2  250  368  302  1  -2  
10  17  2  259  368  302  1  -2  
10  17  2  266  368  301  1  -2  
10  17  2  273  368  301  1  -2  
10  17  2  283  369  301  1  -2  
10  17  2  291  369  301  1  -2  
10  17  2  300  370  301  1  -2  
10  17  2  307  370  301  1  -2  
10  17  2  316  371  301  1  -2  
10  17  2  325  371  300  1  -2  
10  17  2  333  372  300  1  -2  
10  17  2  342  372  300  1  -2  
10  17  2  351  373  300  1  -2  
10  17  2  358  374  300  1  -2  
10  17  2  366  378  300  1  -2  
10  17  2  375  383  300  1  -2  
10  17  2  383  390  300  1  -2  
10  17  2  392  398  300  1  -2  
10  17  2  400  409  303  1  -2  
10  17  2  409  434  306  1  -2  
10  17  2  416  446  307  1  -2  
10  17  2  425  453  309  1  -2  
10  17  2  433  455  309  1  -2  
10  17  2  441  460  309  1  -2  
10  17  2  450  462  310  1  -2  
10  17  2  459  463  310  1  -2  
10  17  2  467  465  310  1  -2  
10  17  2  474  466  310  1  -2  
10  17  2  483  467  310  1  -2  
10  17  2  491  468  310  1  -2  
10  17  2  500  469  310  1  -2  
10  17  2  507  471  310  1  -2  
10  17  2  516  473  310  1  -2  
10  17  2  525  477  310  1  -2  
10  17  2  533  479  310  1  -2  
10  17  2  541  484  311  1  -2  
10  17  2  550  493  311  1  -2  
10  17  2  558  500  313  2  -2  
10  17  2  566  507  313  2  -2  
10  17  2  575  517  315  2  -2  
10  17  2  583  524  315  2  -2  
10  17  2  592  531  316  2  -2  
10  17  2  600  534  317  2  -2  
10  17  2  608  534  317  2  -2  
10  17  2  615  534  317  2  -2  
10  17  2  625  534  317  2  -2  
10  17  2  632  534  317  2  -2  
10  17  2  641  534  317  2  -2  
10  17  2  650  534  317  2  -2  
10  17  2  659  534  317  2  -2  
10  17  2  667  534  317  2  -2  
10  17  2  674  534  317  2  -2  
10  17  2  683  534  317  2  -2  
10  17  2  691  534  317  2  -2  
10  17  3  700  534  317  2  -2  
10  17  3  707  534  317  2  -2  
10  17  3  716  534  317  2  -2  
10  17  3  725  534  317  2  -2  
10  17  3  732  534  317  2  -2  
10  17  3  741  534  317  2  -2  
10  17  3  750  534  317  2  -2  
10  17  3  759  534  317  2  -2  
10  17  3  766  534  317  2  -2  
10  17  3  777  534  317  2  -2  
10  17  3  784  534  317  2  -2  
10  17  3  792  534  317  2  -2  
10  17  3  800  534  317  2  -2  
10  17  3  809  534  317  2  -2  
10  17  3  817  534  317  2  -2  
10  17  3  828  534  317  2  -2  
10  17  3  835  534  317  2  -2  
10  17  3  844  534  317  2  -2  
10  17  3  852  534  317  2  -2  
10  17  3  860  534  318  2  -2  
10  17  3  869  533  320  2  -2  
10  17  3  877  532  320  2  -2  
10  17  3  884  531  320  2  -2  
10  17  3  893  528  320  2  -2  
10  17  3  901  526  321  2  -2  
10  17  3  909  526  321  2  -2  
10  17  3  918  522  321  2  -2  
10  17  3  926  520  321  2  -2  
10  17  3  934  518  322  2  -2  
10  17  3  942  515  322  2  -2  
10  17  3  950  514  322  2  -2  
10  17  3  959  510  322  2  -2  
10  17  3  968  505  322  2  -2  
10  17  3  975  501  322  2  -2  
10  17  3  985  497  322  2  -2  
10  17  3  993  492  322  2  -2  
10  17  3  1002  485  322  2  -2  
10  17  3  1010  479  322  2  -2  
10  17  3  1019  470  322  2  -2  
10  17  3  1027  463  322  2  -2  
10  17  3  1034  455  322  2  -2  
10  17  3  1042  448  322  2  -2  
10  17  3  1051  443  322  2  -2  
10  17  3  1059  435  322  2  -2  
10  17  3  1068  428  322  2  -2  
10  17  3  1076  423  322  2  -2  
10  17  3  1084  416  322  2  -2  
10  17  3  1092  411  322  2  -2  
10  17  3  1101  405  319  2  -2  
10  17  3  1109  401  319  2  -2  
10  17  3  1118  396  318  3  -2  
10  17  3  1127  392  318  3  -2  
10  17  3  1136  390  318  3  -2  
10  17  3  1143  382  318  3  -2  
10  17  3  1151  382  318  3  -2  
10  17  3  1160  378  318  3  -2  
10  17  3  1167  377  318  3  -2  
10  17  3  1177  377  318  3  -2  
10  17  3  1184  375  318  3  -2  
10  17  3  1193  375  318  3  -2  
10  17  3  1201  374  318  3  -2  
10  17  3  1209  374  318  3  -2  
10  17  3  1217  374  318  3  -2  
10  17  3  1225  374  318  3  -2  
10  17  3  1234  374  318  3  -2  
10  17  3  1243  374  318  3  -2  
10  17  3  1252  374  318  3  -2  
10  17  3  1259  374  318  3  -2  
10  17  3  1268  374  318  3  -2  
10  17  3  1277  374  318  3  -2  
10  17  3  1284  374  318  3  -2  
10  17  3  1293  374  318  3  -2  
10  17  3  1301  374  318  3  -2  
10  17  3  1309  374  318  3  -2  
10  17  3  1318  374  318  3  -2  
10  17  3  1327  374  318  3  -2  
10  17  3  1334  374  318  3  -2  
10  17  3  1344  374  318  3  -2  
10  17  3  1353  374  318  3  -2  
10  17  3  1360  374  318  3  -2  
10  17  3  1368  374  318  3  -2  
10  17  3  1377  374  318  3  -2  
10  17  3  1384  374  318  3  -2  
10  17  3  1393  374  318  3  -2  
10  17  3  1402  374  318  3  -2  
10  17  3  1410  374  318  3  -2  
10  17  3  1418  374  318  3  -2  
10  17  3  1427  374  318  3  -2  
10  17  3  1434  374  318  3  -2  
10  17  3  1443  374  318  3  -2  
10  17  3  1451  374  318  3  -2  
10  17  3  1459  374  318  3  -2  
10  17  3  1469  374  318  3  -2  
10  17  3  1477  374  318  3  -2  
10  17  3  1484  374  318  3  -2  
10  17  3  1494  374  318  3  -2  
10  17  3  1503  374  318  3  -2  
10  17  3  1511  374  318  3  -2  
10  17  3  1519  374  318  3  -2  
10  17  3  1527  374  318  3  -2  
10  17  3  1534  374  318  3  -2  
10  17  3  1543  374  318  3  -2  
10  17  3  1551  374  318  3  -2  
10  17  3  1559  374  318  3  -2  
10  17  3  1569  374  318  3  -2  
10  17  3  1577  374  318  3  -2  
10  17  3  1583  374  318  3  -2  
10  17  3  1594  374  318  3  -2  
10  17  3  1603  374  318  3  -2  
10  17  3  1611  374  318  3  -2  
10  17  3  1618  374  318  3  -2  
10  17  3  1627  374  318  3  -2  
10  17  3  1633  374  318  3  -2  
10  17  3  1643  374  318  3  -2  
10  17  3  1651  374  318  3  -2  
10  17  3  1659  374  318  3  -2  
10  17  3  1669  374  318  3  -2  
10  17  3  1676  374  318  3  -2  
10  17  3  1684  374  318  3  -2  
10  17  3  1693  374  318  3  -2  
10  17  4  1701  374  318  3  -2  
10  17  4  1709  374  318  3  -2  
10  17  4  1719  374  318  3  -2  
10  17  4  1727  374  318  3  -2  
10  17  4  1733  374  318  3  -2  
10  17  4  1743  374  318  3  -2  
10  17  4  1752  374  318  3  -2  
10  17  4  1760  374  318  3  -2  
10  17  4  1769  374  318  3  -2  
10  17  4  1779  374  318  3  -2  
10  17  4  1785  374  318  3  -2  
10  17  4  1796  374  318  3  -2  
10  17  4  1802  374  318  3  -2  
10  17  4  1813  374  318  3  -2  
10  17  4  1820  374  318  3  -2  
10  17  4  1829  374  318  3  -2  
10  17  4  1835  374  318  3  -2  
10  17  4  1846  375  317  3  -2  
10  17  4  1854  377  317  3  -2  
10  17  4  1864  380  315  3  -2  
10  17  4  1870  385  314  3  -2  
10  17  4  1880  385  314  3  -2  
10  17  4  1888  396  312  3  -2  
10  17  4  1897  405  310  3  -2  
10  17  4  1905  410  310  3  -2  
10  17  4  1914  415  308  3  -2  
10  17  4  1922  422  307  3  -2  
10  17  4  1933  431  307  3  -2  
10  17  4  1941  438  306  3  -2  
10  17  4  1950  443  306  3  -2  
10  17  4  1960  450  306  3  -2  
10  17  4  1967  458  306  3  -2  
10  17  4  1976  458  306  3  -2  
10  17  4  1985  462  306  3  -2  
10  17  4  1992  468  306  3  -2  
10  17  4  1999  468  306  3  -2  
10  17  4  2010  470  306  3  -2  
10  17  4  2019  473  306  3  -2  
10  17  4  2025  477  306  3  -2  
10  17  4  2034  479  306  3  -2  
10  17  4  2043  482  306  3  -2  
10  17  4  2051  487  306  3  -2  
10  17  4  2060  491  306  3  -2  
10  17  4  2068  494  306  3  -2  
10  17  4  2075  499  306  4  -2  
10  17  4  2084  505  306  4  -2  
10  17  4  2092  510  306  4  -2  
10  17  4  2101  515  306  4  -2  
10  17  4  2109  520  306  4  -2  
10  17  4  2116  526  308  4  -2  
10  17  4  2126  530  309  4  -2  
10  17  4  2133  531  309  4  -2  
10  17  4  2142  534  310  4  -2  
10  17  4  2150  535  310  4  -2  
10  17  4  2160  535  310  4  -2  
10  17  4  2168  536  310  4  -2  
10  17  4  2175  536  310  4  -2  
10  17  4  2184  536  310  4  -2  
10  17  4  2193  536  311  4  -2  
10  17  4  2201  536  311  4  -2  
10  17  4  2210  536  311  4  -2  
10  17  4  2218  536  311  4  -2  
10  17  4  2227  536  311  4  -2  
10  17  4  2236  536  311  4  -2  
10  17  4  2245  536  311  4  -2  
10  17  4  2253  536  311  4  -2  
10  17  4  2264  536  311  4  -2  
10  17  4  2272  536  311  4  -2  
10  17  4  2282  536  311  4  -2  
10  17  4  2291  536  311  4  -2  
10  17  4  2299  536  311  4  -2  
10  17  4  2309  536  311  4  -2  
10  17  4  2316  536  311  4  -2  
10  17  4  2324  536  311  4  -2  
10  17  4  2332  536  311  4  -2  
10  17  4  2341  536  311  4  -2  
10  17  4  2351  536  311  4  -2  
10  17  4  2359  536  311  4  -2  
10  17  4  2368  536  311  4  -2  
10  17  4  2375  536  314  4  -2  
10  17  4  2384  530  316  4  -2  
10  17  4  2392  511  321  4  -2  
10  17  4  2400  500  321  4  -2  
10  17  4  2409  500  321  4  -2  
10  17  4  2418  475  322  4  -2  
10  17  4  2426  461  322  4  -2  
10  17  4  2434  450  322  4  -2  
10  17  4  2443  439  325  4  -2  
10  17  4  2451  431  325  4  -2  
10  17  4  2460  424  325  4  -2  
10  17  4  2468  420  325  4  -2  
10  17  4  2475  417  325  4  -2  
10  17  4  2484  416  325  4  -2  
10  17  4  2492  413  325  4  -2  
10  17  4  2500  413  325  4  -2  
10  17  4  2509  412  325  4  -2  
10  17  4  2518  410  325  4  -2  
10  17  4  2526  409  325  4  -2  
10  17  4  2534  406  325  4  -2  
10  17  4  2543  406  325  4  -2  
10  17  4  2551  404  325  4  -2  
10  17  4  2561  402  325  4  -2  
