10  34  24  0  351  286  1  -2  
10  34  24  8  351  286  1  -2  
10  34  24  16  351  286  1  -2  
10  34  24  25  351  286  1  -2  
10  34  24  32  351  286  1  -2  
10  34  24  41  351  286  1  -2  
10  34  24  49  351  286  1  -2  
10  34  24  59  351  286  1  -2  
10  34  24  66  351  286  1  -2  
10  34  24  73  351  286  1  -2  
10  34  24  82  351  286  1  -2  
10  34  24  91  351  286  1  -2  
10  34  24  99  352  286  1  -2  
10  34  24  109  355  286  1  -2  
10  34  24  116  359  286  1  -2  
10  34  24  125  364  286  1  -2  
10  34  24  133  371  286  1  -2  
10  34  24  141  379  286  1  -2  
10  34  24  149  389  286  1  -2  
10  34  24  159  401  286  1  -2  
10  34  24  166  423  286  1  -2  
10  34  24  175  434  286  1  -2  
10  34  24  183  443  286  1  -2  
10  34  24  191  453  286  1  -2  
10  34  24  200  461  286  1  -2  
10  34  24  207  466  286  1  -2  
10  34  24  216  475  286  1  -2  
10  34  24  224  481  286  1  -2  
10  34  24  233  485  286  1  -2  
10  34  24  241  490  286  1  -2  
10  34  24  251  494  286  1  -2  
10  34  24  259  498  286  1  -2  
10  34  24  266  501  286  1  -2  
10  34  24  275  505  286  1  -2  
10  34  24  285  507  286  1  -2  
10  34  24  292  508  286  1  -2  
10  34  24  300  509  286  1  -2  
10  34  24  309  509  286  1  -2  
10  34  24  317  510  286  2  -2  
10  34  24  325  510  286  2  -2  
10  34  24  333  510  286  2  -2  
10  34  24  341  512  286  2  -2  
10  34  24  350  512  286  2  -2  
10  34  24  360  512  286  2  -2  
10  34  24  367  512  286  2  -2  
10  34  24  374  512  286  2  -2  
10  34  24  384  512  286  2  -2  
10  34  24  391  512  286  2  -2  
10  34  24  400  512  286  2  -2  
10  34  24  410  512  286  2  -2  
10  34  24  416  512  286  2  -2  
10  34  24  425  512  286  2  -2  
10  34  24  434  512  286  2  -2  
10  34  24  441  512  286  2  -2  
10  34  24  450  512  286  2  -2  
10  34  24  459  512  286  2  -2  
10  34  24  467  512  286  2  -2  
10  34  24  475  512  286  2  -2  
10  34  24  483  512  286  2  -2  
10  34  24  491  512  286  2  -2  
10  34  24  500  512  286  2  -2  
10  34  24  510  512  286  2  -2  
10  34  24  516  512  286  2  -2  
10  34  24  524  512  286  2  -2  
10  34  24  533  512  286  2  -2  
10  34  24  542  512  286  2  -2  
10  34  24  550  512  286  2  -2  
10  34  24  559  512  286  2  -2  
10  34  24  566  512  286  2  -2  
10  34  24  575  512  286  2  -2  
10  34  24  584  512  286  2  -2  
10  34  24  591  512  286  2  -2  
10  34  24  600  512  286  2  -2  
10  34  24  609  512  286  2  -2  
10  34  24  616  512  286  2  -2  
10  34  24  625  512  286  2  -2  
10  34  24  633  512  286  2  -2  
10  34  24  641  512  286  2  -2  
10  34  24  651  512  286  2  -2  
10  34  24  658  512  286  2  -2  
10  34  24  667  512  286  2  -2  
10  34  24  675  512  286  2  -2  
10  34  24  684  512  286  2  -2  
10  34  24  692  512  286  2  -2  
10  34  24  700  512  286  2  -2  
10  34  24  709  512  286  2  -2  
10  34  24  717  512  286  2  -2  
10  34  24  725  512  286  2  -2  
10  34  24  734  512  286  2  -2  
10  34  24  741  509  286  2  -2  
10  34  24  751  509  286  2  -2  
10  34  24  760  506  286  2  -2  
10  34  24  768  504  286  2  -2  
10  34  24  777  503  286  2  -2  
10  34  24  784  501  286  2  -2  
10  34  24  793  497  287  2  -2  
10  34  24  801  496  287  2  -2  
10  34  24  810  493  287  2  -2  
10  34  24  834  492  287  2  -2  
10  34  24  841  484  289  2  -2  
10  34  24  851  482  289  2  -2  
10  34  24  860  481  289  2  -2  
10  34  24  867  478  289  2  -2  
10  34  24  876  475  290  2  -2  
10  34  24  885  475  290  2  -2  
10  34  24  894  471  291  2  -2  
10  34  24  901  470  291  2  -2  
10  34  24  910  468  292  2  -2  
10  34  24  919  466  293  2  -2  
10  34  24  926  461  294  2  -2  
10  34  24  934  461  294  2  -2  
10  34  24  943  458  295  2  -2  
10  34  24  952  453  297  2  -2  
10  34  24  960  450  297  2  -2  
10  34  24  968  445  299  2  -2  
10  34  24  977  442  299  2  -2  
10  34  24  985  437  301  2  -2  
10  34  24  993  433  302  2  -2  
10  34  25  1001  426  304  2  -2  
10  34  25  1010  420  307  2  -2  
10  34  25  1019  415  308  2  -2  
10  34  25  1026  408  309  2  -2  
10  34  25  1034  404  310  2  -2  
10  34  25  1042  398  312  3  -2  
10  34  25  1051  395  313  3  -2  
10  34  25  1060  391  314  3  -2  
10  34  25  1066  389  315  3  -2  
10  34  25  1075  387  315  3  -2  
10  34  25  1083  386  315  3  -2  
10  34  25  1092  380  317  3  -2  
10  34  25  1100  380  317  3  -2  
10  34  25  1109  376  318  3  -2  
10  34  25  1117  373  319  3  -2  
10  34  25  1125  372  319  3  -2  
10  34  25  1134  369  320  3  -2  
10  34  25  1143  365  321  3  -2  
10  34  25  1151  363  321  3  -2  
10  34  25  1160  362  322  3  -2  
10  34  25  1167  362  322  3  -2  
10  34  25  1175  361  322  3  -2  
10  34  25  1184  361  322  3  -2  
10  34  25  1191  361  322  3  -2  
10  34  25  1200  361  322  3  -2  
10  34  25  1209  361  322  3  -2  
10  34  25  1217  361  322  3  -2  
10  34  25  1225  361  322  3  -2  
10  34  25  1234  361  322  3  -2  
10  34  25  1242  361  322  3  -2  
10  34  25  1250  361  322  3  -2  
10  34  25  1259  361  322  3  -2  
10  34  25  1268  361  322  3  -2  
10  34  25  1275  361  322  3  -2  
10  34  25  1283  361  322  3  -2  
10  34  25  1291  361  322  3  -2  
10  34  25  1300  361  322  3  -2  
10  34  25  1310  361  322  3  -2  
10  34  25  1317  361  322  3  -2  
10  34  25  1325  361  322  3  -2  
10  34  25  1333  361  322  3  -2  
10  34  25  1342  361  322  3  -2  
10  34  25  1350  361  322  3  -2  
10  34  25  1359  361  322  3  -2  
10  34  25  1368  361  322  3  -2  
10  34  25  1375  361  322  3  -2  
10  34  25  1385  361  322  3  -2  
10  34  25  1392  361  322  3  -2  
10  34  25  1400  361  322  3  -2  
10  34  25  1409  361  322  3  -2  
10  34  25  1416  361  322  3  -2  
10  34  25  1425  361  322  3  -2  
10  34  25  1434  361  322  3  -2  
10  34  25  1441  361  322  3  -2  
10  34  25  1450  360  323  3  -2  
10  34  25  1459  361  323  3  -2  
10  34  25  1468  364  323  3  -2  
10  34  25  1475  368  323  3  -2  
10  34  25  1485  372  323  3  -2  
10  34  25  1492  376  324  3  -2  
10  34  25  1501  382  324  3  -2  
10  34  25  1511  388  324  3  -2  
10  34  25  1519  398  324  3  -2  
10  34  25  1525  405  324  3  -2  
10  34  25  1534  405  324  3  -2  
10  34  25  1543  417  324  3  -2  
10  34  25  1551  423  324  3  -2  
10  34  25  1560  432  324  3  -2  
10  34  25  1567  437  324  3  -2  
10  34  25  1575  442  324  3  -2  
10  34  25  1584  447  324  3  -2  
10  34  25  1593  450  324  3  -2  
10  34  25  1600  453  324  3  -2  
10  34  25  1609  453  324  3  -2  
10  34  25  1618  456  325  3  -2  
10  34  25  1626  457  325  3  -2  
10  34  25  1634  457  325  3  -2  
10  34  25  1642  458  325  3  -2  
10  34  25  1650  459  325  3  -2  
10  34  25  1660  459  325  3  -2  
10  34  25  1667  459  325  3  -2  
10  34  25  1674  459  325  3  -2  
10  34  25  1685  460  325  3  -2  
10  34  25  1692  460  325  3  -2  
10  34  25  1700  460  325  3  -2  
10  34  25  1710  460  325  3  -2  
10  34  25  1718  460  325  3  -2  
10  34  25  1726  460  325  3  -2  
10  34  25  1734  460  325  3  -2  
10  34  25  1742  460  325  3  -2  
10  34  25  1751  460  325  3  -2  
10  34  25  1761  459  326  3  -2  
10  34  25  1768  455  327  3  -2  
10  34  25  1776  450  327  3  -2  
10  34  25  1784  441  328  3  -2  
10  34  25  1792  431  331  3  -2  
10  34  25  1800  422  332  3  -2  
10  34  25  1811  415  332  3  -2  
10  34  25  1817  408  333  3  -2  
10  34  25  1825  401  334  3  -2  
10  34  25  1832  397  337  3  -2  
10  34  25  1842  392  338  3  -2  
10  34  25  1850  386  340  3  -2  
10  34  25  1860  381  340  3  -2  
10  34  25  1868  374  342  3  -2  
10  34  25  1876  368  343  3  -2  
10  34  25  1884  363  344  3  -2  
10  34  25  1892  358  344  3  -2  
10  34  25  1900  354  345  3  -2  
10  34  25  1911  351  347  3  -2  
10  34  25  1917  349  348  3  -2  
10  34  25  1925  349  348  3  -2  
10  34  25  1933  349  348  3  -2  
10  34  25  1942  349  348  3  -2  
10  34  25  1951  349  348  3  -2  
10  34  25  1961  349  348  3  -2  
10  34  25  1968  349  348  3  -2  
10  34  25  1975  349  348  3  -2  
10  34  25  1985  349  348  3  -2  
10  34  25  1993  349  348  3  -2  
10  34  26  2000  349  348  3  -2  
10  34  26  2009  349  348  3  -2  
10  34  26  2017  349  348  3  -2  
10  34  26  2026  349  348  3  -2  
10  34  26  2035  349  348  3  -2  
10  34  26  2042  349  348  3  -2  
10  34  26  2050  349  348  3  -2  
10  34  26  2060  349  348  3  -2  
10  34  26  2067  349  348  3  -2  
10  34  26  2079  349  348  3  -2  
