15  36  42  0  336  304  1  -2  
15  36  42  9  336  304  1  -2  
15  36  42  15  336  304  1  -2  
15  36  42  25  336  304  1  -2  
15  36  42  33  336  304  1  -2  
15  36  42  41  336  304  1  -2  
15  36  42  50  336  304  1  -2  
15  36  42  60  336  304  1  -2  
15  36  42  65  338  304  1  -2  
15  36  42  75  339  304  1  -2  
15  36  42  83  340  304  1  -2  
15  36  42  91  342  304  1  -2  
15  36  42  100  344  304  1  -2  
15  36  42  109  348  304  1  -2  
15  36  42  115  351  304  1  -2  
15  36  42  126  356  304  1  -2  
15  36  42  133  366  304  1  -2  
15  36  42  143  374  304  1  -2  
15  36  42  150  384  304  1  -2  
15  36  42  159  393  304  1  -2  
15  36  42  166  409  304  1  -2  
15  36  42  176  409  304  1  -2  
15  36  42  181  428  304  1  -2  
15  36  42  194  428  304  1  -2  
15  36  42  200  446  304  1  -2  
15  36  42  211  455  304  1  -2  
15  36  42  215  463  304  1  -2  
15  36  42  227  463  304  1  -2  
15  36  42  233  472  304  1  -2  
15  36  42  242  475  304  1  -2  
15  36  42  249  478  304  1  -2  
15  36  42  259  481  304  1  -2  
15  36  42  265  486  304  1  -2  
15  36  42  275  490  304  1  -2  
15  36  42  282  497  304  2  -2  
15  36  42  292  504  304  2  -2  
15  36  42  299  513  304  2  -2  
15  36  42  308  523  304  2  -2  
15  36  42  315  529  304  2  -2  
15  36  42  325  539  304  2  -2  
15  36  42  332  545  304  2  -2  
15  36  42  342  546  304  2  -2  
15  36  42  349  548  304  2  -2  
15  36  42  359  548  304  2  -2  
15  36  42  365  548  304  2  -2  
15  36  42  375  548  304  2  -2  
15  36  42  381  548  304  2  -2  
15  36  42  392  548  304  2  -2  
15  36  42  399  548  304  2  -2  
15  36  42  409  548  304  2  -2  
15  36  42  416  548  304  2  -2  
15  36  42  425  548  304  2  -2  
15  36  42  432  548  304  2  -2  
15  36  42  442  548  304  2  -2  
15  36  42  449  548  304  2  -2  
15  36  42  458  548  304  2  -2  
15  36  42  465  548  304  2  -2  
15  36  42  475  548  304  2  -2  
15  36  42  482  548  304  2  -2  
15  36  42  492  548  304  2  -2  
15  36  42  500  548  304  2  -2  
15  36  42  509  548  304  2  -2  
15  36  42  515  548  304  2  -2  
15  36  42  525  548  304  2  -2  
15  36  42  532  548  304  2  -2  
15  36  42  542  548  304  2  -2  
15  36  42  549  548  304  2  -2  
15  36  42  559  548  304  2  -2  
15  36  42  567  548  304  2  -2  
15  36  42  575  548  304  2  -2  
15  36  42  582  549  305  2  -2  
15  36  42  592  549  305  2  -2  
15  36  42  599  549  305  2  -2  
15  36  42  610  549  305  2  -2  
15  36  42  615  549  305  2  -2  
15  36  42  625  549  305  2  -2  
15  36  42  632  549  305  2  -2  
15  36  42  642  549  305  2  -2  
15  36  42  649  549  305  2  -2  
15  36  42  659  549  305  2  -2  
15  36  42  666  547  306  2  -2  
15  36  42  675  545  306  2  -2  
15  36  42  682  541  306  2  -2  
15  36  43  692  536  308  2  -2  
15  36  43  700  527  309  2  -2  
15  36  43  709  517  312  2  -2  
15  36  43  716  503  316  2  -2  
15  36  43  726  489  319  2  -2  
15  36  43  732  474  321  2  -2  
15  36  43  742  459  323  2  -2  
15  36  43  749  442  326  2  -2  
15  36  43  759  426  328  2  -2  
15  36  43  767  399  331  2  -2  
15  36  43  776  385  332  3  -2  
15  36  43  782  373  336  3  -2  
15  36  43  792  373  336  3  -2  
15  36  43  800  356  338  3  -2  
15  36  43  810  351  339  3  -2  
15  36  43  817  347  339  3  -2  
15  36  43  825  344  341  3  -2  
15  36  43  832  344  341  3  -2  
15  36  43  842  344  341  3  -2  
15  36  43  850  344  341  3  -2  
15  36  43  859  344  341  3  -2  
15  36  43  866  344  341  3  -2  
15  36  43  875  344  341  3  -2  
15  36  43  883  344  341  3  -2  
15  36  43  892  344  341  3  -2  
15  36  43  899  344  341  3  -2  
15  36  43  910  344  341  3  -2  
15  36  43  917  344  341  3  -2  
15  36  43  926  344  341  3  -2  
15  36  43  934  344  341  3  -2  
15  36  43  943  344  341  3  -2  
15  36  43  950  344  341  3  -2  
15  36  43  960  344  341  3  -2  
15  36  43  967  344  341  3  -2  
15  36  43  977  344  341  3  -2  
15  36  43  984  344  341  3  -2  
15  36  43  993  344  341  3  -2  
15  36  43  1001  344  341  3  -2  
15  36  43  1010  344  341  3  -2  
15  36  43  1018  344  341  3  -2  
15  36  43  1026  344  341  3  -2  
15  36  43  1033  344  341  3  -2  
15  36  43  1043  344  341  3  -2  
15  36  43  1051  344  341  3  -2  
15  36  43  1060  344  341  3  -2  
15  36  43  1068  344  341  3  -2  
15  36  43  1077  344  341  3  -2  
15  36  43  1085  344  341  3  -2  
15  36  43  1093  344  341  3  -2  
15  36  43  1101  344  341  3  -2  
15  36  43  1110  344  341  3  -2  
15  36  43  1119  344  341  3  -2  
15  36  43  1126  344  341  3  -2  
15  36  43  1135  344  341  3  -2  
15  36  43  1144  344  341  3  -2  
15  36  43  1153  344  341  3  -2  
15  36  43  1161  344  341  3  -2  
15  36  43  1171  344  341  3  -2  
15  36  43  1180  344  341  3  -2  
15  36  43  1190  344  341  3  -2  
15  36  43  1197  344  341  3  -2  
15  36  43  1207  344  341  3  -2  
15  36  43  1214  344  341  3  -2  
15  36  43  1224  344  341  3  -2  
15  36  43  1230  344  341  3  -2  
15  36  43  1240  344  341  3  -2  
15  36  43  1247  344  341  3  -2  
15  36  43  1257  344  341  3  -2  
15  36  43  1264  344  341  3  -2  
15  36  43  1272  345  341  3  -2  
15  36  43  1281  348  341  3  -2  
15  36  43  1291  350  340  3  -2  
15  36  43  1297  352  340  3  -2  
15  36  43  1305  355  339  3  -2  
15  36  43  1314  355  339  3  -2  
15  36  43  1324  356  339  3  -2  
15  36  43  1331  358  337  3  -2  
15  36  43  1340  359  337  3  -2  
15  36  43  1347  362  336  3  -2  
15  36  43  1357  363  336  3  -2  
15  36  43  1364  365  336  3  -2  
15  36  43  1372  369  336  3  -2  
15  36  43  1380  374  335  3  -2  
15  36  43  1390  377  335  3  -2  
15  36  43  1398  383  334  3  -2  
15  36  43  1407  387  334  3  -2  
15  36  43  1414  391  334  3  -2  
15  36  43  1425  396  334  3  -2  
15  36  43  1431  403  334  3  -2  
15  36  43  1440  406  334  3  -2  
15  36  43  1448  410  334  3  -2  
15  36  43  1457  413  334  3  -2  
15  36  43  1465  418  334  3  -2  
15  36  43  1473  424  334  3  -2  
15  36  43  1480  429  334  3  -2  
15  36  43  1490  435  334  3  -2  
15  36  43  1498  444  334  3  -2  
15  36  43  1507  452  334  3  -2  
15  36  43  1513  462  334  3  -2  
15  36  43  1524  472  334  3  -2  
15  36  43  1531  484  334  3  -2  
15  36  43  1540  492  334  3  -2  
15  36  43  1548  498  334  3  -2  
15  36  43  1557  503  334  4  -2  
15  36  43  1563  505  334  4  -2  
15  36  43  1574  507  334  4  -2  
15  36  43  1581  509  334  4  -2  
15  36  43  1591  509  334  4  -2  
15  36  43  1597  510  334  4  -2  
15  36  43  1607  511  334  4  -2  
15  36  43  1615  511  334  4  -2  
15  36  43  1622  512  334  4  -2  
15  36  43  1631  512  334  4  -2  
15  36  43  1640  513  334  4  -2  
15  36  43  1648  514  334  4  -2  
15  36  43  1657  516  334  4  -2  
15  36  43  1664  517  334  4  -2  
15  36  43  1674  518  334  4  -2  
15  36  43  1681  518  334  4  -2  
15  36  44  1691  520  334  4  -2  
15  36  44  1697  520  334  4  -2  
15  36  44  1707  520  334  4  -2  
15  36  44  1714  520  334  4  -2  
15  36  44  1724  520  334  4  -2  
15  36  44  1730  520  334  4  -2  
15  36  44  1742  520  334  4  -2  
15  36  44  1748  520  334  4  -2  
15  36  44  1757  520  334  4  -2  
15  36  44  1765  520  334  4  -2  
15  36  44  1774  520  334  4  -2  
15  36  44  1781  520  334  4  -2  
15  36  44  1792  520  334  4  -2  
15  36  44  1798  520  334  4  -2  
15  36  44  1807  520  334  4  -2  
15  36  44  1815  520  334  4  -2  
15  36  44  1824  520  334  4  -2  
15  36  44  1831  520  334  4  -2  
15  36  44  1841  520  334  4  -2  
15  36  44  1848  516  332  4  -2  
15  36  44  1857  514  332  4  -2  
15  36  44  1865  509  332  4  -2  
15  36  44  1874  502  332  4  -2  
15  36  44  1881  495  332  4  -2  
15  36  44  1891  485  332  4  -2  
15  36  44  1898  475  332  4  -2  
15  36  44  1907  464  332  4  -2  
15  36  44  1915  450  332  4  -2  
15  36  44  1924  437  332  4  -2  
15  36  44  1931  425  332  4  -2  
15  36  44  1940  414  332  4  -2  
15  36  44  1948  405  332  4  -2  
15  36  44  1957  400  332  4  -2  
15  36  44  1964  396  332  4  -2  
15  36  44  1974  393  332  5  -2  
15  36  44  1981  392  332  5  -2  
15  36  44  1991  391  332  5  -2  
15  36  44  1997  389  332  5  -2  
15  36  44  2006  389  332  5  -2  
15  36  44  2014  387  332  5  -2  
15  36  44  2023  387  332  5  -2  
15  36  44  2031  384  332  5  -2  
15  36  44  2041  381  332  5  -2  
15  36  44  2048  380  332  5  -2  
15  36  44  2056  379  332  5  -2  
15  36  44  2063  377  332  5  -2  
15  36  44  2073  376  332  5  -2  
15  36  44  2081  376  332  5  -2  
15  36  44  2091  376  332  5  -2  
15  36  44  2097  376  332  5  -2  
15  36  44  2106  375  332  5  -2  
15  36  44  2113  375  332  5  -2  
15  36  44  2122  375  332  5  -2  
15  36  44  2130  375  332  5  -2  
15  36  44  2140  375  332  5  -2  
15  36  44  2147  375  332  5  -2  
15  36  44  2156  375  332  5  -2  
15  36  44  2164  375  332  5  -2  
15  36  44  2173  375  332  5  -2  
15  36  44  2180  375  332  5  -2  
15  36  44  2192  375  332  5  -2  
15  36  44  2199  375  332  5  -2  
15  36  44  2207  375  332  5  -2  
15  36  44  2215  375  332  5  -2  
15  36  44  2224  375  332  5  -2  
15  36  44  2232  375  332  5  -2  
15  36  44  2241  375  332  5  -2  
15  36  44  2248  375  332  5  -2  
15  36  44  2258  375  332  5  -2  
15  36  44  2265  375  332  5  -2  
15  36  44  2274  375  332  5  -2  
15  36  44  2282  375  332  5  -2  
15  36  44  2291  375  332  5  -2  
15  36  44  2299  375  332  5  -2  
15  36  44  2308  375  332  5  -2  
15  36  44  2316  375  332  5  -2  
15  36  44  2324  375  332  5  -2  
15  36  44  2332  375  332  5  -2  
15  36  44  2341  375  332  5  -2  
15  36  44  2349  375  332  5  -2  
15  36  44  2357  375  332  5  -2  
15  36  44  2366  375  332  5  -2  
15  36  44  2374  375  332  5  -2  
15  36  44  2382  375  332  5  -2  
15  36  44  2391  375  332  5  -2  
15  36  44  2398  375  332  5  -2  
15  36  44  2407  375  332  5  -2  
15  36  44  2415  375  332  5  -2  
15  36  44  2424  375  332  5  -2  
15  36  44  2432  375  332  5  -2  
15  36  44  2441  375  332  5  -2  
15  36  44  2449  375  332  5  -2  
15  36  44  2458  375  332  5  -2  
15  36  44  2466  375  332  5  -2  
15  36  44  2474  375  332  5  -2  
15  36  44  2482  375  332  5  -2  
