15  36  49  0  360  303  1  -2  
15  36  49  8  360  303  1  -2  
15  36  49  16  360  303  1  -2  
15  36  49  24  360  303  1  -2  
15  36  49  33  360  303  1  -2  
15  36  49  42  360  303  1  -2  
15  36  49  50  360  303  1  -2  
15  36  49  58  360  303  1  -2  
15  36  49  66  360  303  1  -2  
15  36  49  74  360  303  1  -2  
15  36  49  83  360  303  1  -2  
15  36  49  91  360  303  1  -2  
15  36  49  100  360  303  1  -2  
15  36  49  108  360  303  1  -2  
15  36  49  116  360  303  1  -2  
15  36  49  124  363  303  1  -2  
15  36  49  133  368  303  1  -2  
15  36  49  143  380  303  1  -2  
15  36  49  150  390  303  1  -2  
15  36  49  160  399  303  1  -2  
15  36  49  167  409  303  1  -2  
15  36  49  177  419  303  1  -2  
15  36  49  183  431  303  1  -2  
15  36  49  191  441  303  1  -2  
15  36  49  200  449  303  1  -2  
15  36  49  208  457  303  1  -2  
15  36  49  217  466  303  1  -2  
15  36  49  225  473  303  1  -2  
15  36  49  234  478  303  1  -2  
15  36  49  244  485  303  1  -2  
15  36  49  249  493  303  1  -2  
15  36  49  258  496  303  1  -2  
15  36  49  267  501  303  2  -2  
15  36  49  275  503  303  2  -2  
15  36  49  283  507  303  2  -2  
15  36  49  292  509  303  2  -2  
15  36  49  299  511  303  2  -2  
15  36  49  307  514  303  2  -2  
15  36  49  316  517  303  2  -2  
15  36  49  326  518  303  2  -2  
15  36  49  334  520  303  2  -2  
15  36  49  343  520  303  2  -2  
15  36  49  350  521  303  2  -2  
15  36  49  358  522  303  2  -2  
15  36  49  367  524  303  2  -2  
15  36  49  377  526  303  2  -2  
15  36  49  384  528  303  2  -2  
15  36  49  393  530  303  2  -2  
15  36  49  401  532  303  2  -2  
15  36  49  410  532  303  2  -2  
15  36  49  418  532  303  2  -2  
15  36  49  427  532  303  2  -2  
15  36  49  434  532  303  2  -2  
15  36  49  444  532  303  2  -2  
15  36  49  451  532  303  2  -2  
15  36  49  461  532  303  2  -2  
15  36  49  468  532  303  2  -2  
15  36  49  478  532  303  2  -2  
15  36  49  485  532  303  2  -2  
15  36  49  494  532  303  2  -2  
15  36  49  502  532  303  2  -2  
15  36  49  511  532  303  2  -2  
15  36  49  518  532  303  2  -2  
15  36  49  528  532  303  2  -2  
15  36  49  534  532  303  2  -2  
15  36  49  545  532  303  2  -2  
15  36  49  552  532  303  2  -2  
15  36  49  561  532  303  2  -2  
15  36  49  568  532  303  2  -2  
15  36  49  578  532  303  2  -2  
15  36  49  584  532  303  2  -2  
15  36  49  594  532  303  2  -2  
15  36  49  601  532  303  2  -2  
15  36  49  611  532  303  2  -2  
15  36  49  617  532  303  2  -2  
15  36  49  628  532  303  2  -2  
15  36  49  633  532  303  2  -2  
15  36  49  645  532  303  2  -2  
15  36  49  652  532  303  2  -2  
15  36  49  662  532  303  2  -2  
15  36  49  668  532  303  2  -2  
15  36  49  678  532  303  2  -2  
15  36  49  684  532  303  2  -2  
15  36  49  694  532  303  2  -2  
15  36  49  700  532  303  2  -2  
15  36  49  711  532  303  2  -2  
15  36  49  718  532  303  2  -2  
15  36  49  728  532  303  2  -2  
15  36  49  734  532  303  2  -2  
15  36  49  745  532  303  2  -2  
15  36  49  752  532  303  2  -2  
15  36  49  761  532  303  2  -2  
15  36  49  768  532  303  2  -2  
15  36  49  778  532  303  2  -2  
15  36  50  785  532  303  2  -2  
15  36  50  794  532  303  2  -2  
15  36  50  801  532  303  2  -2  
15  36  50  811  532  303  2  -2  
15  36  50  818  532  303  2  -2  
15  36  50  828  532  303  2  -2  
15  36  50  834  532  303  2  -2  
15  36  50  844  532  303  2  -2  
15  36  50  852  532  303  2  -2  
15  36  50  861  532  303  2  -2  
15  36  50  869  532  303  2  -2  
15  36  50  878  532  303  2  -2  
15  36  50  884  532  303  2  -2  
15  36  50  895  529  303  2  -2  
15  36  50  902  525  303  2  -2  
15  36  50  912  523  303  2  -2  
15  36  50  918  518  303  2  -2  
15  36  50  928  509  305  2  -2  
15  36  50  934  502  305  2  -2  
15  36  50  944  490  305  2  -2  
15  36  50  952  477  305  2  -2  
15  36  50  962  462  305  2  -2  
15  36  50  967  447  305  2  -2  
15  36  50  978  434  305  2  -2  
15  36  50  984  421  305  2  -2  
15  36  50  995  407  305  2  -2  
15  36  50  1002  397  305  3  -2  
15  36  50  1011  389  305  3  -2  
15  36  50  1018  381  305  3  -2  
15  36  50  1028  372  305  3  -2  
15  36  50  1034  362  305  3  -2  
15  36  50  1045  362  305  3  -2  
15  36  50  1052  357  305  3  -2  
15  36  50  1062  357  305  3  -2  
15  36  50  1068  356  305  3  -2  
15  36  50  1078  356  305  3  -2  
15  36  50  1085  356  305  3  -2  
15  36  50  1095  356  305  3  -2  
15  36  50  1102  356  305  3  -2  
15  36  50  1112  356  305  3  -2  
15  36  50  1118  356  305  3  -2  
15  36  50  1128  356  305  3  -2  
15  36  50  1134  354  305  3  -2  
15  36  50  1144  353  306  3  -2  
15  36  50  1152  349  306  3  -2  
15  36  50  1162  347  306  3  -2  
15  36  50  1168  345  306  3  -2  
15  36  50  1178  345  306  3  -2  
15  36  50  1184  345  306  3  -2  
15  36  50  1195  345  306  3  -2  
15  36  50  1202  345  306  3  -2  
15  36  50  1211  345  306  3  -2  
15  36  50  1219  345  306  3  -2  
15  36  50  1228  345  306  3  -2  
15  36  50  1234  345  306  3  -2  
15  36  50  1245  345  306  3  -2  
15  36  50  1252  345  306  3  -2  
15  36  50  1261  345  306  3  -2  
15  36  50  1268  345  306  3  -2  
15  36  50  1278  345  306  3  -2  
15  36  50  1286  345  306  3  -2  
15  36  50  1295  345  306  3  -2  
15  36  50  1302  345  306  3  -2  
15  36  50  1311  345  306  3  -2  
15  36  50  1318  345  306  3  -2  
15  36  50  1328  345  306  3  -2  
15  36  50  1334  345  306  3  -2  
15  36  50  1345  347  306  3  -2  
15  36  50  1352  351  306  3  -2  
15  36  50  1361  356  306  3  -2  
15  36  50  1368  363  306  3  -2  
15  36  50  1378  370  306  3  -2  
15  36  50  1385  381  306  3  -2  
15  36  50  1395  391  306  3  -2  
15  36  50  1402  403  306  3  -2  
15  36  50  1412  415  306  3  -2  
15  36  50  1418  428  306  3  -2  
15  36  50  1428  443  306  3  -2  
15  36  50  1435  473  306  3  -2  
15  36  50  1445  473  306  3  -2  
15  36  50  1452  496  306  4  -2  
15  36  50  1462  506  306  4  -2  
15  36  50  1469  511  306  4  -2  
15  36  50  1478  515  306  4  -2  
15  36  50  1485  516  306  4  -2  
15  36  50  1495  516  306  4  -2  
15  36  50  1503  517  306  4  -2  
15  36  50  1512  517  306  4  -2  
15  36  50  1518  517  306  4  -2  
15  36  50  1528  517  306  4  -2  
15  36  50  1535  519  306  4  -2  
15  36  50  1545  519  306  4  -2  
15  36  50  1552  521  306  4  -2  
15  36  50  1561  522  306  4  -2  
15  36  50  1568  524  306  4  -2  
15  36  50  1577  527  306  4  -2  
15  36  50  1585  528  306  4  -2  
15  36  50  1595  529  306  4  -2  
15  36  50  1602  531  306  4  -2  
15  36  50  1611  531  306  4  -2  
15  36  50  1619  532  306  4  -2  
15  36  50  1627  532  306  4  -2  
15  36  50  1635  533  307  4  -2  
15  36  50  1644  533  307  4  -2  
15  36  50  1653  533  307  4  -2  
15  36  50  1662  533  307  4  -2  
15  36  50  1669  533  307  4  -2  
15  36  50  1678  533  307  4  -2  
15  36  50  1685  533  307  4  -2  
15  36  50  1695  533  307  4  -2  
15  36  50  1702  533  307  4  -2  
15  36  50  1711  533  307  4  -2  
15  36  50  1718  533  307  4  -2  
15  36  50  1728  533  307  4  -2  
15  36  50  1736  533  307  4  -2  
15  36  50  1745  533  307  4  -2  
15  36  50  1752  533  307  4  -2  
15  36  50  1761  533  307  4  -2  
15  36  50  1769  533  307  4  -2  
15  36  50  1778  533  307  4  -2  
15  36  51  1785  533  307  4  -2  
15  36  51  1795  533  307  4  -2  
15  36  51  1803  533  307  4  -2  
15  36  51  1811  533  307  4  -2  
15  36  51  1819  533  307  4  -2  
15  36  51  1827  533  307  4  -2  
15  36  51  1836  533  307  4  -2  
15  36  51  1845  533  307  4  -2  
15  36  51  1853  533  307  4  -2  
15  36  51  1861  533  307  4  -2  
15  36  51  1870  533  307  4  -2  
15  36  51  1878  533  307  4  -2  
15  36  51  1886  533  307  4  -2  
15  36  51  1895  533  307  4  -2  
15  36  51  1903  533  307  4  -2  
15  36  51  1911  533  307  4  -2  
15  36  51  1920  533  307  4  -2  
15  36  51  1927  533  307  4  -2  
15  36  51  1936  533  307  4  -2  
15  36  51  1945  533  307  4  -2  
15  36  51  1953  533  307  4  -2  
15  36  51  1961  533  307  4  -2  
15  36  51  1969  533  307  4  -2  
15  36  51  1978  533  307  4  -2  
15  36  51  1986  533  307  4  -2  
15  36  51  1995  533  307  4  -2  
15  36  51  2003  533  307  4  -2  
15  36  51  2011  533  307  4  -2  
15  36  51  2018  533  307  4  -2  
15  36  51  2027  533  307  4  -2  
15  36  51  2035  533  307  4  -2  
15  36  51  2044  533  307  4  -2  
15  36  51  2052  532  307  4  -2  
15  36  51  2060  529  307  4  -2  
15  36  51  2069  528  307  4  -2  
15  36  51  2077  524  307  4  -2  
15  36  51  2085  520  307  4  -2  
15  36  51  2094  518  307  4  -2  
15  36  51  2101  511  307  4  -2  
15  36  51  2110  507  307  4  -2  
15  36  51  2119  500  307  4  -2  
15  36  51  2127  495  307  4  -2  
15  36  51  2135  489  307  4  -2  
15  36  51  2144  483  307  4  -2  
15  36  51  2152  478  307  4  -2  
15  36  51  2161  472  307  4  -2  
15  36  51  2169  466  307  4  -2  
15  36  51  2176  460  307  4  -2  
15  36  51  2185  454  307  4  -2  
15  36  51  2194  449  307  4  -2  
15  36  51  2202  442  307  4  -2  
15  36  51  2210  435  307  4  -2  
15  36  51  2219  430  307  4  -2  
15  36  51  2227  423  307  4  -2  
15  36  51  2235  419  307  4  -2  
15  36  51  2244  414  307  4  -2  
15  36  51  2253  408  307  4  -2  
15  36  51  2260  405  307  4  -2  
15  36  51  2269  405  307  4  -2  
15  36  51  2277  403  307  4  -2  
15  36  51  2286  401  307  4  -2  
15  36  51  2295  400  307  4  -2  
15  36  51  2302  399  307  5  -2  
15  36  51  2310  397  307  5  -2  
15  36  51  2318  393  307  5  -2  
15  36  51  2327  391  307  5  -2  
15  36  51  2335  388  307  5  -2  
15  36  51  2344  384  307  5  -2  
15  36  51  2351  382  307  5  -2  
15  36  51  2360  380  307  5  -2  
15  36  51  2368  379  307  5  -2  
15  36  51  2377  377  307  5  -2  
15  36  51  2385  376  307  5  -2  
15  36  51  2393  375  307  5  -2  
15  36  51  2402  374  307  5  -2  
15  36  51  2410  374  307  5  -2  
15  36  51  2418  374  307  5  -2  
15  36  51  2426  374  307  5  -2  
15  36  51  2435  372  307  5  -2  
15  36  51  2444  372  307  5  -2  
15  36  51  2452  371  307  5  -2  
15  36  51  2460  371  307  5  -2  
15  36  51  2468  371  307  5  -2  
15  36  51  2477  371  307  5  -2  
15  36  51  2485  370  307  5  -2  
15  36  51  2494  368  307  5  -2  
15  36  51  2503  367  307  5  -2  
15  36  51  2510  366  307  5  -2  
15  36  51  2519  366  307  5  -2  
15  36  51  2527  366  307  5  -2  
15  36  51  2535  366  307  5  -2  
15  36  51  2544  366  307  5  -2  
15  36  51  2552  366  307  5  -2  
15  36  51  2560  366  307  5  -2  
15  36  51  2568  366  307  5  -2  
15  36  51  2577  366  307  5  -2  
15  36  51  2585  366  307  5  -2  
15  36  51  2594  366  307  5  -2  
15  36  51  2602  366  307  5  -2  
15  36  51  2610  366  307  5  -2  
15  36  51  2618  366  307  5  -2  
15  36  51  2627  366  307  5  -2  
15  36  51  2635  366  307  5  -2  
15  36  51  2644  366  307  5  -2  
15  36  51  2652  366  307  5  -2  
15  36  51  2660  366  307  5  -2  
15  36  51  2669  366  307  5  -2  
15  36  51  2677  366  307  5  -2  
15  36  51  2685  366  307  5  -2  
15  36  51  2694  366  307  5  -2  
15  36  51  2703  366  307  5  -2  
15  36  51  2710  366  307  5  -2  
15  36  51  2719  366  307  5  -2  
15  36  51  2727  366  307  5  -2  
15  36  51  2736  366  307  5  -2  
15  36  51  2744  366  307  5  -2  
15  36  51  2753  366  307  5  -2  
15  36  51  2761  366  307  5  -2  
15  36  51  2769  366  307  5  -2  
15  36  51  2777  366  307  5  -2  
15  36  52  2786  366  307  5  -2  
15  36  52  2794  366  307  5  -2  
15  36  52  2803  366  307  5  -2  
15  36  52  2810  366  307  5  -2  
