10  34  17  0  359  287  1  -2  
10  34  17  8  359  287  1  -2  
10  34  17  17  359  287  1  -2  
10  34  17  24  359  287  1  -2  
10  34  17  32  359  287  1  -2  
10  34  17  41  359  287  1  -2  
10  34  17  49  359  287  1  -2  
10  34  17  57  359  287  1  -2  
10  34  17  66  359  287  1  -2  
10  34  17  76  359  287  1  -2  
10  34  17  82  359  287  1  -2  
10  34  17  91  359  287  1  -2  
10  34  17  99  360  286  1  -2  
10  34  17  107  363  286  1  -2  
10  34  17  117  365  286  1  -2  
10  34  17  125  368  286  1  -2  
10  34  17  133  371  286  1  -2  
10  34  17  142  373  286  1  -2  
10  34  17  150  377  286  1  -2  
10  34  17  158  381  285  1  -2  
10  34  17  168  385  285  1  -2  
10  34  17  174  387  284  1  -2  
10  34  17  183  392  284  1  -2  
10  34  17  191  398  283  1  -2  
10  34  17  200  403  283  1  -2  
10  34  17  208  408  283  1  -2  
10  34  17  217  412  283  1  -2  
10  34  17  225  417  281  1  -2  
10  34  17  233  420  281  1  -2  
10  34  17  242  423  280  1  -2  
10  34  17  251  426  280  1  -2  
10  34  17  257  430  280  1  -2  
10  34  17  267  434  280  1  -2  
10  34  17  277  436  280  1  -2  
10  34  17  283  443  280  1  -2  
10  34  17  291  443  280  1  -2  
10  34  17  299  444  280  1  -2  
10  34  17  307  444  280  1  -2  
10  34  17  317  447  280  1  -2  
10  34  17  325  448  280  1  -2  
10  34  17  333  449  280  1  -2  
10  34  17  344  451  280  1  -2  
10  34  17  350  453  280  1  -2  
10  34  17  358  457  280  1  -2  
10  34  17  368  459  280  1  -2  
10  34  17  377  464  280  1  -2  
10  34  17  385  467  280  1  -2  
10  34  17  396  471  280  1  -2  
10  34  17  401  478  280  1  -2  
10  34  17  410  478  280  1  -2  
10  34  17  418  481  280  1  -2  
10  34  17  428  483  280  1  -2  
10  34  17  436  487  280  1  -2  
10  34  17  445  489  280  1  -2  
10  34  17  452  492  280  1  -2  
10  34  17  462  496  280  1  -2  
10  34  17  469  498  280  1  -2  
10  34  17  479  503  280  1  -2  
10  34  17  485  507  280  1  -2  
10  34  17  495  511  280  1  -2  
10  34  17  501  512  280  1  -2  
10  34  17  510  515  280  1  -2  
10  34  17  519  517  280  1  -2  
10  34  17  528  519  280  1  -2  
10  34  17  534  521  280  1  -2  
10  34  17  545  523  280  1  -2  
10  34  17  551  523  281  2  -2  
10  34  18  561  524  281  2  -2  
10  34  18  568  524  281  2  -2  
10  34  18  578  524  281  2  -2  
10  34  18  585  524  281  2  -2  
10  34  18  593  524  281  2  -2  
10  34  18  601  524  281  2  -2  
10  34  18  610  524  281  2  -2  
10  34  18  618  524  281  2  -2  
10  34  18  628  524  281  2  -2  
10  34  18  635  524  281  2  -2  
10  34  18  645  524  281  2  -2  
10  34  18  651  524  281  2  -2  
10  34  18  659  524  281  2  -2  
10  34  18  667  524  281  2  -2  
10  34  18  677  524  281  2  -2  
10  34  18  683  524  281  2  -2  
10  34  18  694  524  281  2  -2  
10  34  18  700  524  281  2  -2  
10  34  18  709  524  281  2  -2  
10  34  18  718  524  281  2  -2  
10  34  18  728  524  281  2  -2  
10  34  18  734  524  281  2  -2  
10  34  18  745  524  281  2  -2  
10  34  18  750  524  281  2  -2  
10  34  18  759  524  281  2  -2  
10  34  18  767  524  281  2  -2  
10  34  18  777  524  281  2  -2  
10  34  18  785  524  281  2  -2  
10  34  18  794  524  281  2  -2  
10  34  18  801  524  281  2  -2  
10  34  18  810  524  281  2  -2  
10  34  18  817  524  281  2  -2  
10  34  18  827  524  281  2  -2  
10  34  18  833  524  281  2  -2  
10  34  18  844  524  281  2  -2  
10  34  18  851  524  281  2  -2  
10  34  18  861  524  281  2  -2  
10  34  18  867  524  281  2  -2  
10  34  18  878  524  281  2  -2  
10  34  18  883  524  281  2  -2  
10  34  18  894  524  281  2  -2  
10  34  18  900  524  281  2  -2  
10  34  18  911  524  281  2  -2  
10  34  18  918  524  281  2  -2  
10  34  18  928  524  281  2  -2  
10  34  18  933  524  281  2  -2  
10  34  18  944  524  281  2  -2  
10  34  18  950  524  281  2  -2  
10  34  18  961  524  281  2  -2  
10  34  18  967  524  281  2  -2  
10  34  18  977  524  281  2  -2  
10  34  18  984  523  281  2  -2  
10  34  18  994  523  281  2  -2  
10  34  18  1001  520  281  2  -2  
10  34  18  1010  519  281  2  -2  
10  34  18  1017  515  282  2  -2  
10  34  18  1028  514  282  2  -2  
10  34  18  1034  508  282  2  -2  
10  34  18  1044  508  282  2  -2  
10  34  18  1051  502  284  2  -2  
10  34  18  1061  499  285  2  -2  
10  34  18  1067  496  285  2  -2  
10  34  18  1077  493  285  2  -2  
10  34  18  1085  490  286  2  -2  
10  34  18  1094  488  286  2  -2  
10  34  18  1101  486  286  2  -2  
10  34  18  1111  483  287  2  -2  
10  34  18  1117  479  287  2  -2  
10  34  18  1128  474  289  2  -2  
10  34  18  1134  471  289  2  -2  
10  34  18  1144  468  291  2  -2  
10  34  18  1151  465  291  2  -2  
10  34  18  1160  458  294  2  -2  
10  34  18  1167  454  295  2  -2  
10  34  18  1177  449  296  2  -2  
10  34  18  1184  445  297  2  -2  
10  34  18  1194  439  299  2  -2  
10  34  18  1201  434  301  2  -2  
10  34  18  1211  428  302  2  -2  
10  34  18  1217  423  303  2  -2  
10  34  18  1228  416  305  2  -2  
10  34  18  1234  397  309  3  -2  
10  34  18  1244  397  309  3  -2  
10  34  18  1251  379  313  3  -2  
10  34  18  1263  379  313  3  -2  
10  34  18  1268  365  316  3  -2  
10  34  18  1278  362  317  3  -2  
10  34  18  1286  359  318  3  -2  
10  34  18  1294  358  318  3  -2  
10  34  18  1302  358  318  3  -2  
10  34  18  1311  358  318  3  -2  
10  34  18  1318  358  318  3  -2  
10  34  18  1328  358  318  3  -2  
10  34  18  1335  358  318  3  -2  
10  34  18  1344  358  318  3  -2  
10  34  18  1352  358  318  3  -2  
10  34  18  1361  358  318  3  -2  
10  34  18  1368  358  318  3  -2  
10  34  18  1378  358  318  3  -2  
10  34  18  1386  358  318  3  -2  
10  34  18  1394  358  318  3  -2  
10  34  18  1402  358  318  3  -2  
10  34  18  1411  358  318  3  -2  
10  34  18  1418  358  318  3  -2  
10  34  18  1428  358  318  3  -2  
10  34  18  1436  358  318  3  -2  
10  34  18  1444  358  318  3  -2  
10  34  18  1452  358  318  3  -2  
10  34  18  1461  358  318  3  -2  
10  34  18  1468  358  318  3  -2  
10  34  18  1478  358  318  3  -2  
10  34  18  1486  358  318  3  -2  
10  34  18  1494  358  318  3  -2  
10  34  18  1502  358  318  3  -2  
10  34  18  1511  358  318  3  -2  
10  34  18  1518  358  318  3  -2  
10  34  18  1528  358  318  3  -2  
10  34  18  1536  358  318  3  -2  
10  34  18  1544  358  318  3  -2  
10  34  18  1552  358  318  3  -2  
10  34  19  1561  358  318  3  -2  
10  34  19  1568  358  318  3  -2  
10  34  19  1578  358  318  3  -2  
10  34  19  1586  358  318  3  -2  
10  34  19  1594  358  318  3  -2  
10  34  19  1603  358  318  3  -2  
10  34  19  1611  358  318  3  -2  
10  34  19  1618  358  318  3  -2  
10  34  19  1628  358  318  3  -2  
10  34  19  1636  358  318  3  -2  
10  34  19  1644  358  318  3  -2  
10  34  19  1651  358  318  3  -2  
10  34  19  1661  358  318  3  -2  
10  34  19  1668  358  318  3  -2  
10  34  19  1678  358  318  3  -2  
10  34  19  1686  358  318  3  -2  
10  34  19  1694  358  318  3  -2  
10  34  19  1703  360  318  3  -2  
10  34  19  1711  363  318  3  -2  
10  34  19  1718  366  318  3  -2  
10  34  19  1728  371  318  3  -2  
10  34  19  1736  375  318  3  -2  
10  34  19  1744  380  318  3  -2  
10  34  19  1753  385  318  3  -2  
10  34  19  1761  392  318  3  -2  
10  34  19  1768  400  318  3  -2  
10  34  19  1778  410  318  3  -2  
10  34  19  1786  422  318  3  -2  
10  34  19  1794  431  318  3  -2  
10  34  19  1802  444  318  3  -2  
10  34  19  1811  457  320  3  -2  
10  34  19  1820  469  320  3  -2  
10  34  19  1828  489  320  3  -2  
10  34  19  1836  496  320  4  -2  
10  34  19  1844  501  320  4  -2  
10  34  19  1852  504  320  4  -2  
10  34  19  1861  504  320  4  -2  
10  34  19  1869  504  320  4  -2  
10  34  19  1878  504  320  4  -2  
10  34  19  1886  504  320  4  -2  
10  34  19  1894  504  320  4  -2  
10  34  19  1902  504  320  4  -2  
10  34  19  1910  504  320  4  -2  
10  34  19  1920  504  320  4  -2  
10  34  19  1927  504  320  4  -2  
10  34  19  1936  504  320  4  -2  
10  34  19  1944  504  320  4  -2  
10  34  19  1952  504  320  4  -2  
10  34  19  1960  499  320  4  -2  
10  34  19  1969  492  323  4  -2  
10  34  19  1978  485  323  4  -2  
10  34  19  1987  475  324  4  -2  
10  34  19  1995  463  327  4  -2  
10  34  19  2003  434  331  4  -2  
10  34  19  2012  434  331  4  -2  
10  34  19  2021  406  334  4  -2  
