11  34  6  0  352  328  1  -2  
11  34  6  10  352  328  1  -2  
11  34  6  16  352  328  1  -2  
11  34  6  26  352  328  1  -2  
11  34  6  33  352  328  1  -2  
11  34  6  42  352  328  1  -2  
11  34  6  49  352  328  1  -2  
11  34  6  60  352  328  1  -2  
11  34  6  66  352  328  1  -2  
11  34  6  77  352  328  1  -2  
11  34  6  83  352  327  1  -2  
11  34  6  93  352  327  1  -2  
11  34  6  100  353  326  1  -2  
11  34  6  110  353  326  1  -2  
11  34  6  116  353  326  1  -2  
11  34  6  126  353  326  1  -2  
11  34  6  133  353  326  1  -2  
11  34  6  143  354  326  1  -2  
11  34  6  150  354  326  1  -2  
11  34  6  160  355  326  1  -2  
11  34  6  167  356  326  1  -2  
11  34  6  177  356  326  1  -2  
11  34  6  184  357  326  1  -2  
11  34  6  192  357  326  1  -2  
11  34  6  200  359  327  1  -2  
11  34  6  210  359  327  1  -2  
11  34  6  216  360  327  1  -2  
11  34  6  227  360  327  1  -2  
11  34  6  233  361  327  1  -2  
11  34  6  244  362  327  1  -2  
11  34  6  249  363  327  1  -2  
11  34  6  260  364  327  1  -2  
11  34  6  267  365  327  1  -2  
11  34  6  277  366  327  1  -2  
11  34  6  283  369  327  1  -2  
11  34  6  293  371  327  1  -2  
11  34  6  299  373  327  1  -2  
11  34  6  309  377  327  1  -2  
11  34  6  316  380  327  1  -2  
11  34  6  326  385  327  1  -2  
11  34  7  333  390  327  1  -2  
11  34  7  342  396  327  1  -2  
11  34  7  348  405  327  1  -2  
11  34  7  359  415  327  1  -2  
11  34  7  366  422  327  1  -2  
11  34  7  377  430  327  1  -2  
11  34  7  384  447  327  1  -2  
11  34  7  392  447  327  1  -2  
11  34  7  399  462  327  1  -2  
11  34  7  409  462  327  1  -2  
11  34  7  417  474  327  1  -2  
11  34  7  428  479  327  1  -2  
11  34  7  435  484  327  1  -2  
11  34  7  444  488  327  1  -2  
11  34  7  452  492  327  1  -2  
11  34  7  460  493  327  1  -2  
11  34  7  468  497  327  2  -2  
11  34  7  477  500  327  2  -2  
11  34  7  484  502  327  2  -2  
11  34  7  493  506  326  2  -2  
11  34  7  502  508  326  2  -2  
11  34  7  513  511  325  2  -2  
11  34  7  525  514  325  2  -2  
11  34  7  531  515  325  2  -2  
11  34  7  541  515  325  2  -2  
11  34  7  547  516  324  2  -2  
11  34  7  558  516  324  2  -2  
11  34  7  564  516  324  2  -2  
11  34  7  572  518  324  2  -2  
11  34  7  581  518  323  2  -2  
11  34  7  590  519  323  2  -2  
11  34  7  598  520  323  2  -2  
11  34  7  606  520  323  2  -2  
11  34  7  615  520  323  2  -2  
11  34  7  625  520  323  2  -2  
11  34  7  631  520  323  2  -2  
11  34  7  640  520  323  2  -2  
11  34  7  646  521  323  2  -2  
11  34  7  657  521  323  2  -2  
11  34  7  664  521  323  2  -2  
11  34  7  675  521  323  2  -2  
11  34  7  681  521  323  2  -2  
11  34  7  693  521  323  2  -2  
11  34  7  697  521  323  2  -2  
11  34  7  708  521  323  2  -2  
11  34  7  715  521  323  2  -2  
11  34  7  725  521  323  2  -2  
11  34  7  731  521  323  2  -2  
11  34  7  742  521  323  2  -2  
11  34  7  748  521  323  2  -2  
11  34  7  758  518  323  2  -2  
11  34  7  765  514  324  2  -2  
11  34  7  775  507  326  2  -2  
11  34  7  783  494  329  2  -2  
11  34  7  790  477  330  2  -2  
11  34  7  798  459  330  2  -2  
11  34  7  808  436  332  2  -2  
11  34  7  815  399  332  2  -2  
11  34  7  826  399  332  2  -2  
11  34  7  831  367  332  3  -2  
11  34  7  842  367  332  3  -2  
11  34  7  849  349  332  3  -2  
11  34  7  858  344  332  3  -2  
11  34  7  865  340  332  3  -2  
11  34  7  875  339  332  3  -2  
11  34  7  881  339  332  3  -2  
11  34  7  892  339  332  3  -2  
11  34  7  898  339  332  3  -2  
11  34  7  908  338  332  3  -2  
11  34  7  915  338  332  3  -2  
11  34  7  925  338  332  3  -2  
11  34  7  931  336  332  3  -2  
11  34  7  942  334  332  3  -2  
11  34  7  948  332  332  3  -2  
11  34  7  958  329  332  3  -2  
11  34  7  965  326  332  3  -2  
11  34  7  975  326  332  3  -2  
11  34  7  982  326  332  3  -2  
11  34  7  992  326  332  3  -2  
11  34  7  999  326  332  3  -2  
11  34  7  1008  326  332  3  -2  
11  34  7  1016  326  332  3  -2  
11  34  7  1025  326  332  3  -2  
11  34  7  1032  326  332  3  -2  
11  34  7  1042  326  332  3  -2  
11  34  7  1049  326  332  3  -2  
11  34  7  1058  326  332  3  -2  
11  34  7  1065  326  332  3  -2  
11  34  7  1076  326  332  3  -2  
11  34  7  1081  326  332  3  -2  
11  34  7  1092  326  332  3  -2  
11  34  7  1098  326  332  3  -2  
11  34  7  1110  326  332  3  -2  
11  34  7  1116  326  332  3  -2  
11  34  7  1126  326  332  3  -2  
11  34  7  1131  326  332  3  -2  
11  34  7  1142  326  332  3  -2  
11  34  7  1148  326  332  3  -2  
11  34  7  1158  326  332  3  -2  
11  34  7  1165  326  332  3  -2  
11  34  7  1175  326  332  3  -2  
11  34  7  1182  326  332  3  -2  
11  34  7  1193  326  332  3  -2  
11  34  7  1199  326  332  3  -2  
11  34  7  1208  326  332  3  -2  
11  34  7  1216  329  331  3  -2  
11  34  7  1226  336  329  3  -2  
11  34  7  1231  344  329  3  -2  
11  34  7  1243  344  329  3  -2  
11  34  7  1249  369  328  3  -2  
11  34  7  1259  381  325  3  -2  
11  34  7  1265  395  325  3  -2  
11  34  7  1276  395  325  3  -2  
11  34  7  1282  420  325  3  -2  
11  34  7  1292  428  324  3  -2  
11  34  7  1298  435  324  3  -2  
11  34  7  1309  440  324  3  -2  
11  34  7  1315  445  324  3  -2  
11  34  7  1326  448  324  3  -2  
11  34  8  1331  452  324  3  -2  
11  34  8  1341  453  324  3  -2  
11  34  8  1349  456  324  3  -2  
11  34  8  1359  458  324  3  -2  
11  34  8  1365  460  324  3  -2  
11  34  8  1376  463  324  3  -2  
11  34  8  1381  466  324  3  -2  
11  34  8  1393  469  324  3  -2  
11  34  8  1399  477  324  3  -2  
11  34  8  1409  477  324  3  -2  
11  34  8  1415  490  324  3  -2  
11  34  8  1426  490  324  3  -2  
11  34  8  1432  501  324  4  -2  
11  34  8  1442  501  324  4  -2  
11  34  8  1449  508  324  4  -2  
11  34  8  1458  512  324  4  -2  
11  34  8  1466  517  324  4  -2  
11  34  8  1476  520  324  4  -2  
11  34  8  1483  522  324  4  -2  
11  34  8  1491  525  324  4  -2  
11  34  8  1499  526  324  4  -2  
11  34  8  1509  528  324  4  -2  
11  34  8  1516  528  324  4  -2  
11  34  8  1525  529  324  4  -2  
11  34  8  1532  529  324  4  -2  
11  34  8  1542  529  324  4  -2  
11  34  8  1548  529  324  4  -2  
11  34  8  1559  529  324  4  -2  
11  34  8  1566  530  324  4  -2  
11  34  8  1576  532  324  4  -2  
11  34  8  1583  532  324  4  -2  
11  34  8  1592  532  324  4  -2  
11  34  8  1598  532  324  4  -2  
11  34  8  1609  532  324  4  -2  
11  34  8  1616  532  324  4  -2  
11  34  8  1626  532  324  4  -2  
11  34  8  1633  532  324  4  -2  
11  34  8  1642  532  324  4  -2  
11  34  8  1648  532  324  4  -2  
11  34  8  1659  532  324  4  -2  
11  34  8  1666  532  324  4  -2  
11  34  8  1676  532  324  4  -2  
11  34  8  1682  532  324  4  -2  
11  34  8  1692  532  324  4  -2  
11  34  8  1699  532  324  4  -2  
11  34  8  1709  532  324  4  -2  
11  34  8  1716  532  324  4  -2  
11  34  8  1726  532  324  4  -2  
11  34  8  1733  532  324  4  -2  
11  34  8  1742  532  324  4  -2  
11  34  8  1750  532  324  4  -2  
11  34  8  1759  532  324  4  -2  
11  34  8  1766  532  324  4  -2  
11  34  8  1776  533  324  4  -2  
11  34  8  1783  533  325  4  -2  
11  34  8  1792  526  326  4  -2  
11  34  8  1800  514  329  4  -2  
11  34  8  1809  501  330  4  -2  
11  34  8  1816  468  331  4  -2  
11  34  8  1827  468  331  4  -2  
11  34  8  1834  441  331  4  -2  
11  34  8  1843  433  331  4  -2  
11  34  8  1851  426  331  4  -2  
11  34  8  1860  419  331  4  -2  
11  34  8  1868  414  333  4  -2  
11  34  8  1878  408  335  4  -2  
11  34  8  1887  404  335  4  -2  
11  34  8  1895  399  336  4  -2  
11  34  8  1903  394  336  4  -2  
