10  34  30  0  348  286  1  -2  
10  34  30  9  348  286  1  -2  
10  34  30  16  348  286  1  -2  
10  34  30  24  348  286  1  -2  
10  34  30  33  348  286  1  -2  
10  34  30  41  349  286  1  -2  
10  34  30  49  350  286  1  -2  
10  34  30  58  353  286  1  -2  
10  34  30  67  356  286  1  -2  
10  34  30  74  359  286  1  -2  
10  34  30  83  363  286  1  -2  
10  34  30  91  366  286  1  -2  
10  34  30  100  370  286  1  -2  
10  34  30  109  373  286  1  -2  
10  34  30  116  380  287  1  -2  
10  34  30  125  388  288  1  -2  
10  34  30  133  395  288  1  -2  
10  34  30  141  408  288  1  -2  
10  34  30  149  420  291  1  -2  
10  34  30  159  435  292  1  -2  
10  34  30  167  464  293  1  -2  
10  34  30  175  477  293  1  -2  
10  34  30  183  490  293  1  -2  
10  34  30  191  505  293  2  -2  
10  34  30  200  519  293  2  -2  
10  34  30  209  529  293  2  -2  
10  34  30  218  535  293  2  -2  
10  34  30  225  541  294  2  -2  
10  34  30  233  543  294  2  -2  
10  34  30  241  545  294  2  -2  
10  34  30  250  545  294  2  -2  
10  34  30  259  545  294  2  -2  
10  34  30  267  545  294  2  -2  
10  34  30  275  545  294  2  -2  
10  34  30  283  545  294  2  -2  
10  34  30  291  545  294  2  -2  
10  34  30  300  545  294  2  -2  
10  34  30  309  545  294  2  -2  
10  34  30  316  545  294  2  -2  
10  34  30  324  545  294  2  -2  
10  34  30  333  545  294  2  -2  
10  34  30  342  545  294  2  -2  
10  34  30  349  545  294  2  -2  
10  34  30  359  545  294  2  -2  
10  34  30  367  545  294  2  -2  
10  34  30  375  545  294  2  -2  
10  34  30  383  545  294  2  -2  
10  34  30  391  545  294  2  -2  
10  34  30  400  545  294  2  -2  
10  34  30  409  545  294  2  -2  
10  34  30  417  545  294  2  -2  
10  34  30  425  545  294  2  -2  
10  34  30  433  545  294  2  -2  
10  34  30  442  544  294  2  -2  
10  34  30  450  542  294  2  -2  
10  34  30  459  539  294  2  -2  
10  34  30  467  535  294  2  -2  
10  34  30  475  532  294  2  -2  
10  34  31  483  529  294  2  -2  
10  34  31  492  526  294  2  -2  
10  34  31  500  523  294  2  -2  
10  34  31  509  519  296  2  -2  
10  34  31  517  513  298  2  -2  
10  34  31  525  508  299  2  -2  
10  34  31  533  504  299  2  -2  
10  34  31  542  500  300  2  -2  
10  34  31  551  486  302  2  -2  
10  34  31  560  479  303  2  -2  
10  34  31  568  474  304  2  -2  
10  34  31  576  467  304  2  -2  
10  34  31  585  460  306  2  -2  
10  34  31  592  451  308  2  -2  
10  34  31  600  444  309  2  -2  
10  34  31  609  439  309  2  -2  
10  34  31  617  432  310  2  -2  
10  34  31  625  426  314  2  -2  
10  34  31  633  421  315  2  -2  
10  34  31  642  417  316  2  -2  
10  34  31  651  413  317  2  -2  
10  34  31  659  410  319  2  -2  
10  34  31  670  405  320  2  -2  
10  34  31  676  398  322  3  -2  
10  34  31  684  398  322  3  -2  
10  34  31  692  396  322  3  -2  
10  34  31  700  388  324  3  -2  
10  34  31  710  385  325  3  -2  
10  34  31  717  373  326  3  -2  
10  34  31  727  373  326  3  -2  
10  34  31  740  365  327  3  -2  
10  34  31  747  365  327  3  -2  
10  34  31  756  365  327  3  -2  
10  34  31  766  365  327  3  -2  
10  34  31  776  365  327  3  -2  
10  34  31  788  365  327  3  -2  
10  34  31  795  365  327  3  -2  
10  34  31  805  352  330  3  -2  
10  34  31  813  352  330  3  -2  
10  34  31  823  352  330  3  -2  
10  34  31  830  352  330  3  -2  
10  34  31  838  352  330  3  -2  
10  34  31  847  352  330  3  -2  
10  34  31  854  352  330  3  -2  
10  34  31  863  352  330  3  -2  
10  34  31  871  351  330  3  -2  
10  34  31  880  351  330  3  -2  
10  34  31  888  351  330  3  -2  
10  34  31  895  351  330  3  -2  
10  34  31  904  351  330  3  -2  
10  34  31  913  351  330  3  -2  
10  34  31  921  351  330  3  -2  
10  34  31  930  351  330  3  -2  
10  34  31  938  351  330  3  -2  
10  34  31  945  351  330  3  -2  
10  34  31  954  351  330  3  -2  
10  34  31  963  351  330  3  -2  
10  34  31  972  351  330  3  -2  
10  34  31  980  351  330  3  -2  
10  34  31  988  351  330  3  -2  
10  34  31  995  351  330  3  -2  
10  34  31  1004  351  330  3  -2  
10  34  31  1013  351  330  3  -2  
10  34  31  1021  351  330  3  -2  
10  34  31  1030  351  330  3  -2  
10  34  31  1038  352  330  3  -2  
10  34  31  1045  354  330  3  -2  
10  34  31  1055  357  330  3  -2  
10  34  31  1064  366  330  3  -2  
10  34  31  1073  371  330  3  -2  
10  34  31  1081  376  330  3  -2  
10  34  31  1089  381  330  3  -2  
10  34  31  1097  386  330  3  -2  
10  34  31  1107  393  330  3  -2  
10  34  31  1115  402  330  3  -2  
10  34  31  1124  408  330  3  -2  
10  34  31  1133  417  330  3  -2  
10  34  31  1140  425  330  3  -2  
10  34  31  1149  434  330  3  -2  
10  34  31  1156  440  330  3  -2  
10  34  31  1164  450  330  3  -2  
10  34  31  1172  459  330  3  -2  
10  34  31  1181  469  330  3  -2  
10  34  31  1190  481  330  3  -2  
10  34  31  1198  498  333  3  -2  
10  34  31  1205  498  333  3  -2  
10  34  31  1215  502  335  4  -2  
10  34  31  1224  508  336  4  -2  
10  34  31  1232  509  336  4  -2  
10  34  31  1240  510  336  4  -2  
10  34  31  1247  510  336  4  -2  
10  34  31  1256  510  336  4  -2  
10  34  31  1265  510  336  4  -2  
10  34  31  1273  512  336  4  -2  
10  34  31  1281  512  336  4  -2  
10  34  31  1290  512  336  4  -2  
10  34  31  1297  512  336  4  -2  
10  34  31  1306  512  336  4  -2  
10  34  31  1314  512  336  4  -2  
10  34  31  1322  512  336  4  -2  
10  34  31  1331  512  336  4  -2  
10  34  31  1341  513  336  4  -2  
10  34  31  1347  513  336  4  -2  
10  34  31  1357  513  336  4  -2  
10  34  31  1364  513  336  4  -2  
10  34  31  1373  513  336  4  -2  
10  34  31  1381  513  336  4  -2  
10  34  31  1391  513  336  4  -2  
10  34  31  1399  513  337  4  -2  
10  34  31  1407  511  339  4  -2  
10  34  31  1415  508  340  4  -2  
10  34  31  1424  501  341  4  -2  
10  34  31  1432  494  344  4  -2  
10  34  31  1440  486  344  4  -2  
10  34  31  1449  477  346  4  -2  
10  34  31  1456  467  347  4  -2  
10  34  31  1465  457  348  4  -2  
10  34  31  1474  448  351  4  -2  
10  34  32  1482  436  352  4  -2  
10  34  32  1490  427  353  4  -2  
10  34  32  1498  417  353  4  -2  
10  34  32  1507  407  354  4  -2  
10  34  32  1516  397  357  4  -2  
10  34  32  1523  390  358  4  -2  
10  34  32  1531  381  359  4  -2  
10  34  32  1538  374  359  4  -2  
10  34  32  1547  369  361  4  -2  
10  34  32  1556  365  361  4  -2  
10  34  32  1564  363  362  4  -2  
10  34  32  1573  363  362  4  -2  
10  34  32  1581  363  362  4  -2  
10  34  32  1589  363  362  4  -2  
10  34  32  1597  363  362  4  -2  
10  34  32  1606  363  362  4  -2  
10  34  32  1614  363  362  4  -2  
