10  33  27  0  371  284  1  -2  
10  33  27  6  371  284  1  -2  
10  33  27  16  371  284  1  -2  
10  33  27  24  371  284  1  -2  
10  33  27  33  371  284  1  -2  
10  33  27  40  371  284  1  -2  
10  33  27  49  371  284  1  -2  
10  33  27  57  371  284  1  -2  
10  33  27  66  371  284  1  -2  
10  33  27  73  371  284  1  -2  
10  33  27  83  371  284  1  -2  
10  33  27  90  372  284  1  -2  
10  33  27  101  372  284  1  -2  
10  33  27  108  373  284  1  -2  
10  33  27  118  376  284  1  -2  
10  33  27  127  377  284  1  -2  
10  33  27  136  381  284  1  -2  
10  33  27  144  384  284  1  -2  
10  33  27  155  387  284  1  -2  
10  33  27  161  394  284  1  -2  
10  33  27  170  394  284  1  -2  
10  33  27  178  399  284  1  -2  
10  33  27  187  403  284  1  -2  
10  33  27  197  406  285  1  -2  
10  33  27  202  408  285  1  -2  
10  33  27  213  412  285  1  -2  
10  33  27  219  415  286  1  -2  
10  33  27  227  419  286  1  -2  
10  33  27  236  422  286  1  -2  
10  33  27  244  428  288  1  -2  
10  33  27  253  431  288  1  -2  
10  33  27  260  434  289  1  -2  
10  33  27  269  437  290  1  -2  
10  33  27  277  441  290  1  -2  
10  33  27  286  444  290  1  -2  
10  33  27  296  448  291  1  -2  
10  33  27  302  452  291  1  -2  
10  33  27  312  457  293  1  -2  
10  33  27  320  461  293  1  -2  
10  33  27  329  465  294  1  -2  
10  33  27  336  472  295  1  -2  
10  33  27  346  472  295  1  -2  
10  33  27  352  475  295  1  -2  
10  33  27  362  478  295  1  -2  
10  33  27  369  484  295  1  -2  
10  33  27  380  486  296  1  -2  
10  33  27  386  489  296  1  -2  
10  33  27  397  492  296  1  -2  
10  33  27  404  494  296  1  -2  
10  33  27  412  497  296  1  -2  
10  33  27  419  498  296  1  -2  
10  33  27  427  501  296  2  -2  
10  33  27  436  502  296  2  -2  
10  33  27  445  503  296  2  -2  
10  33  27  453  506  296  2  -2  
10  33  27  460  509  296  2  -2  
10  33  27  469  511  296  2  -2  
10  33  27  477  515  296  2  -2  
10  33  27  486  518  296  2  -2  
10  33  27  497  521  296  2  -2  
10  33  27  503  524  296  2  -2  
10  33  27  510  525  296  2  -2  
10  33  27  519  528  296  2  -2  
10  33  27  527  531  296  2  -2  
10  33  27  537  533  296  2  -2  
10  33  27  546  538  296  2  -2  
10  33  27  551  540  296  2  -2  
10  33  27  562  540  296  2  -2  
10  33  27  569  541  296  2  -2  
10  33  27  579  542  296  2  -2  
10  33  27  586  542  296  2  -2  
10  33  27  595  544  296  2  -2  
10  33  27  601  544  296  2  -2  
10  33  27  612  545  296  2  -2  
10  33  27  619  545  296  2  -2  
10  33  27  629  546  296  2  -2  
10  33  27  636  548  296  2  -2  
10  33  27  646  548  296  2  -2  
10  33  27  652  548  296  2  -2  
10  33  27  663  549  296  2  -2  
10  33  27  670  549  296  2  -2  
10  33  28  677  549  296  2  -2  
10  33  28  686  549  296  2  -2  
10  33  28  696  549  296  2  -2  
10  33  28  701  549  296  2  -2  
10  33  28  712  549  296  2  -2  
10  33  28  719  549  296  2  -2  
10  33  28  727  549  296  2  -2  
10  33  28  736  549  296  2  -2  
10  33  28  745  549  296  2  -2  
10  33  28  755  549  296  2  -2  
10  33  28  761  549  296  2  -2  
10  33  28  770  549  296  2  -2  
10  33  28  777  549  296  2  -2  
10  33  28  786  549  296  2  -2  
10  33  28  797  549  296  2  -2  
10  33  28  805  549  296  2  -2  
10  33  28  814  549  296  2  -2  
10  33  28  819  549  296  2  -2  
10  33  28  827  549  296  2  -2  
10  33  28  836  549  296  2  -2  
10  33  28  846  549  296  2  -2  
10  33  28  852  549  296  2  -2  
10  33  28  862  549  296  2  -2  
10  33  28  869  549  296  2  -2  
10  33  28  877  549  296  2  -2  
10  33  28  886  549  296  2  -2  
10  33  28  895  549  296  2  -2  
10  33  28  904  549  296  2  -2  
10  33  28  912  547  298  2  -2  
10  33  28  919  546  298  2  -2  
10  33  28  930  543  298  2  -2  
10  33  28  936  539  298  2  -2  
10  33  28  947  536  299  2  -2  
10  33  28  954  529  300  2  -2  
10  33  28  963  525  300  2  -2  
10  33  28  970  522  301  2  -2  
10  33  28  980  518  301  2  -2  
10  33  28  986  514  302  2  -2  
10  33  28  997  511  302  2  -2  
10  33  28  1005  508  302  2  -2  
10  33  28  1014  505  303  2  -2  
10  33  28  1020  502  303  2  -2  
10  33  28  1030  498  303  2  -2  
10  33  28  1037  497  304  2  -2  
10  33  28  1047  494  304  2  -2  
10  33  28  1055  492  304  2  -2  
10  33  28  1064  490  305  2  -2  
10  33  28  1072  488  305  2  -2  
10  33  28  1079  485  305  2  -2  
10  33  28  1087  484  305  2  -2  
10  33  28  1096  480  305  2  -2  
10  33  28  1103  477  305  2  -2  
10  33  28  1114  476  305  2  -2  
10  33  28  1120  471  305  2  -2  
10  33  28  1130  471  305  2  -2  
10  33  28  1137  466  305  2  -2  
10  33  28  1148  466  305  2  -2  
10  33  28  1154  462  305  2  -2  
10  33  28  1164  458  307  2  -2  
10  33  28  1172  455  307  2  -2  
10  33  28  1181  454  307  2  -2  
10  33  28  1187  450  307  2  -2  
10  33  28  1198  446  307  2  -2  
10  33  28  1206  445  307  2  -2  
10  33  28  1214  440  307  2  -2  
10  33  28  1220  437  307  2  -2  
10  33  28  1231  432  307  2  -2  
10  33  28  1237  429  307  2  -2  
10  33  28  1247  425  307  2  -2  
10  33  28  1255  422  307  2  -2  
10  33  28  1264  420  307  2  -2  
10  33  28  1271  416  308  2  -2  
10  33  28  1281  414  308  2  -2  
10  33  28  1288  411  309  2  -2  
10  33  28  1298  411  309  2  -2  
10  33  28  1307  407  309  2  -2  
10  33  28  1314  406  310  2  -2  
10  33  28  1322  404  310  2  -2  
10  33  28  1331  401  310  2  -2  
10  33  28  1339  398  312  3  -2  
10  33  28  1348  396  312  3  -2  
10  33  28  1355  392  312  3  -2  
10  33  28  1365  390  313  3  -2  
10  33  28  1372  385  314  3  -2  
10  33  28  1382  381  315  3  -2  
10  33  28  1388  377  317  3  -2  
10  33  28  1398  374  318  3  -2  
10  33  28  1405  371  318  3  -2  
10  33  28  1415  368  318  3  -2  
10  33  28  1421  365  318  3  -2  
10  33  28  1431  364  318  3  -2  
10  33  28  1438  362  319  3  -2  
10  33  28  1448  361  319  3  -2  
10  33  28  1456  360  321  3  -2  
10  33  28  1465  359  321  3  -2  
10  33  28  1472  358  321  3  -2  
10  33  28  1481  358  321  3  -2  
10  33  28  1489  358  321  3  -2  
10  33  28  1498  358  321  3  -2  
10  33  28  1506  356  322  3  -2  
10  33  28  1515  355  322  3  -2  
10  33  28  1522  355  322  3  -2  
10  33  28  1531  355  322  3  -2  
10  33  28  1538  355  322  3  -2  
10  33  28  1549  355  322  3  -2  
10  33  28  1556  355  322  3  -2  
10  33  28  1565  355  322  3  -2  
10  33  28  1573  355  322  3  -2  
10  33  28  1581  355  322  3  -2  
10  33  28  1589  355  322  3  -2  
10  33  28  1598  355  322  3  -2  
10  33  28  1606  355  322  3  -2  
10  33  28  1616  359  322  3  -2  
10  33  28  1621  366  322  3  -2  
10  33  28  1632  374  322  3  -2  
10  33  28  1639  384  322  3  -2  
10  33  28  1648  396  322  3  -2  
10  33  28  1656  409  322  3  -2  
10  33  28  1665  421  322  3  -2  
10  33  28  1672  429  322  3  -2  
10  33  29  1682  441  322  3  -2  
10  33  29  1687  459  322  3  -2  
10  33  29  1698  459  322  3  -2  
10  33  29  1706  473  322  3  -2  
10  33  29  1715  481  322  3  -2  
10  33  29  1723  488  322  3  -2  
10  33  29  1732  493  322  3  -2  
10  33  29  1738  498  322  4  -2  
10  33  29  1748  502  322  4  -2  
10  33  29  1757  507  322  4  -2  
10  33  29  1765  510  322  4  -2  
10  33  29  1772  515  322  4  -2  
10  33  29  1782  518  322  4  -2  
10  33  29  1789  522  322  4  -2  
10  33  29  1799  524  322  4  -2  
10  33  29  1808  526  322  4  -2  
10  33  29  1817  528  322  4  -2  
10  33  29  1825  531  322  4  -2  
10  33  29  1834  534  322  4  -2  
10  33  29  1841  540  322  4  -2  
10  33  29  1850  543  322  4  -2  
10  33  29  1859  545  322  4  -2  
10  33  29  1867  548  322  4  -2  
10  33  29  1875  548  322  4  -2  
10  33  29  1883  549  322  4  -2  
10  33  29  1891  549  322  4  -2  
10  33  29  1899  549  322  4  -2  
10  33  29  1907  549  322  4  -2  
10  33  29  1916  549  322  4  -2  
10  33  29  1926  549  322  4  -2  
10  33  29  1933  549  322  4  -2  
10  33  29  1941  549  322  4  -2  
10  33  29  1950  549  322  4  -2  
10  33  29  1958  549  322  4  -2  
10  33  29  1967  549  322  4  -2  
10  33  29  1975  546  322  4  -2  
10  33  29  1984  541  323  4  -2  
10  33  29  1992  533  323  4  -2  
10  33  29  1999  522  326  4  -2  
10  33  29  2007  514  327  4  -2  
10  33  29  2017  503  328  4  -2  
10  33  29  2025  483  334  4  -2  
10  33  29  2035  474  335  4  -2  
10  33  29  2041  462  335  4  -2  
10  33  29  2051  454  336  4  -2  
10  33  29  2061  443  339  4  -2  
10  33  29  2067  433  340  4  -2  
10  33  29  2078  426  341  4  -2  
10  33  29  2086  421  341  4  -2  
10  33  29  2095  414  342  4  -2  
10  33  29  2101  409  342  4  -2  
10  33  29  2112  405  342  4  -2  
10  33  29  2118  400  342  4  -2  
10  33  29  2128  396  342  4  -2  
10  33  29  2135  395  342  4  -2  
10  33  29  2144  392  342  4  -2  
10  33  29  2152  391  342  4  -2  
10  33  29  2162  390  342  4  -2  
