15  36  6  0  354  306  1  -2  
15  36  6  9  354  306  1  -2  
15  36  6  17  354  306  1  -2  
15  36  6  25  354  306  1  -2  
15  36  6  35  355  306  1  -2  
15  36  6  42  360  306  1  -2  
15  36  6  51  367  306  1  -2  
15  36  6  59  371  307  1  -2  
15  36  6  67  379  308  1  -2  
15  36  6  76  386  311  1  -2  
15  36  6  85  393  312  1  -2  
15  36  6  92  405  313  1  -2  
15  36  6  100  417  315  1  -2  
15  36  6  109  429  317  1  -2  
15  36  6  117  439  318  1  -2  
15  36  6  126  449  318  1  -2  
15  36  6  135  456  320  1  -2  
15  36  6  142  462  321  1  -2  
15  36  6  151  465  321  1  -2  
15  36  6  159  467  321  1  -2  
15  36  6  167  470  321  1  -2  
15  36  6  176  471  321  1  -2  
15  36  6  184  474  321  1  -2  
15  36  6  192  477  321  1  -2  
15  36  6  201  479  321  1  -2  
15  36  6  209  481  321  1  -2  
15  36  6  218  482  321  1  -2  
15  36  6  226  484  321  1  -2  
15  36  6  235  484  321  1  -2  
15  36  6  244  486  321  1  -2  
15  36  6  251  488  321  1  -2  
15  36  6  259  490  321  1  -2  
15  36  6  267  493  321  1  -2  
15  36  6  276  497  321  2  -2  
15  36  6  285  502  321  2  -2  
15  36  6  293  505  321  2  -2  
15  36  6  302  509  321  2  -2  
15  36  6  311  511  321  2  -2  
15  36  6  318  512  321  2  -2  
15  36  6  328  513  321  2  -2  
15  36  6  337  513  321  2  -2  
15  36  6  346  514  321  2  -2  
15  36  6  354  514  321  2  -2  
15  36  6  362  514  321  2  -2  
15  36  6  370  514  321  2  -2  
15  36  6  377  518  321  2  -2  
15  36  6  386  518  321  2  -2  
15  36  6  396  522  321  2  -2  
15  36  6  402  523  321  2  -2  
15  36  6  413  523  321  2  -2  
15  36  6  420  525  321  2  -2  
15  36  6  430  525  321  2  -2  
15  36  6  437  525  321  2  -2  
15  36  6  445  525  321  2  -2  
15  36  6  453  525  321  2  -2  
15  36  6  464  525  321  2  -2  
15  36  6  470  525  321  2  -2  
15  36  6  479  525  321  2  -2  
15  36  6  486  526  321  2  -2  
15  36  6  495  527  321  2  -2  
15  36  6  503  527  321  2  -2  
15  36  6  514  529  321  2  -2  
15  36  6  520  529  321  2  -2  
15  36  6  529  529  321  2  -2  
15  36  6  536  529  321  2  -2  
15  36  6  547  529  321  2  -2  
15  36  6  553  530  321  2  -2  
15  36  6  564  530  321  2  -2  
15  36  6  570  530  321  2  -2  
15  36  6  579  531  321  2  -2  
15  36  6  586  533  321  2  -2  
15  36  6  595  533  321  2  -2  
15  36  6  603  533  321  2  -2  
15  36  6  613  533  321  2  -2  
15  36  6  622  533  321  2  -2  
15  36  6  631  533  321  2  -2  
15  36  6  638  533  321  2  -2  
15  36  6  649  533  321  2  -2  
15  36  6  656  533  321  2  -2  
15  36  6  666  533  321  2  -2  
15  36  6  671  533  321  2  -2  
15  36  6  682  533  321  2  -2  
15  36  6  690  533  321  2  -2  
15  36  6  699  533  321  2  -2  
15  36  6  706  533  321  2  -2  
15  36  6  715  533  321  2  -2  
15  36  6  721  533  321  2  -2  
15  36  6  732  533  321  2  -2  
15  36  6  739  533  321  2  -2  
15  36  6  749  533  321  2  -2  
15  36  6  756  533  321  2  -2  
15  36  6  766  533  321  2  -2  
15  36  6  774  533  321  2  -2  
15  36  6  782  533  321  2  -2  
15  36  6  789  533  321  2  -2  
15  36  6  799  533  321  2  -2  
15  36  6  806  533  321  2  -2  
15  36  6  816  533  321  2  -2  
15  36  6  822  533  321  2  -2  
15  36  6  832  533  321  2  -2  
15  36  6  839  533  321  2  -2  
15  36  6  848  533  321  2  -2  
15  36  6  856  533  321  2  -2  
15  36  6  866  533  321  2  -2  
15  36  6  874  533  321  2  -2  
15  36  6  882  533  321  2  -2  
15  36  6  889  533  321  2  -2  
15  36  6  899  533  321  2  -2  
15  36  6  906  533  321  2  -2  
15  36  6  917  533  321  2  -2  
15  36  6  922  533  321  2  -2  
15  36  7  932  533  321  2  -2  
15  36  7  939  533  321  2  -2  
15  36  7  949  529  319  2  -2  
15  36  7  956  527  319  2  -2  
15  36  7  965  524  318  2  -2  
15  36  7  973  522  318  2  -2  
15  36  7  982  521  318  2  -2  
15  36  7  989  518  317  2  -2  
15  36  7  999  516  317  2  -2  
15  36  7  1006  514  317  2  -2  
15  36  7  1016  511  317  2  -2  
15  36  7  1022  507  317  2  -2  
15  36  7  1032  504  317  2  -2  
15  36  7  1039  500  317  2  -2  
15  36  7  1049  495  317  2  -2  
15  36  7  1056  490  317  2  -2  
15  36  7  1066  483  317  2  -2  
15  36  7  1072  476  317  2  -2  
15  36  7  1083  469  317  2  -2  
15  36  7  1089  454  317  2  -2  
15  36  7  1099  454  317  2  -2  
15  36  7  1106  441  317  2  -2  
15  36  7  1116  441  317  2  -2  
15  36  7  1122  432  317  2  -2  
15  36  7  1132  432  317  2  -2  
15  36  7  1139  426  317  2  -2  
15  36  7  1149  424  317  2  -2  
15  36  7  1155  422  317  2  -2  
15  36  7  1166  418  318  2  -2  
15  36  7  1174  414  318  2  -2  
15  36  7  1183  411  318  2  -2  
15  36  7  1189  404  318  2  -2  
15  36  7  1199  398  318  3  -2  
15  36  7  1206  387  320  3  -2  
15  36  7  1216  379  320  3  -2  
15  36  7  1223  372  321  3  -2  
15  36  7  1232  367  321  3  -2  
15  36  7  1239  361  322  3  -2  
15  36  7  1249  360  322  3  -2  
15  36  7  1256  359  322  3  -2  
15  36  7  1266  359  322  3  -2  
15  36  7  1272  359  322  3  -2  
15  36  7  1281  359  322  3  -2  
15  36  7  1288  359  322  3  -2  
15  36  7  1298  359  322  3  -2  
15  36  7  1305  359  322  3  -2  
15  36  7  1315  359  322  3  -2  
15  36  7  1323  359  322  3  -2  
15  36  7  1331  359  322  3  -2  
15  36  7  1339  359  322  3  -2  
15  36  7  1348  359  322  3  -2  
15  36  7  1355  359  322  3  -2  
15  36  7  1365  359  322  3  -2  
15  36  7  1371  359  322  3  -2  
15  36  7  1381  359  322  3  -2  
15  36  7  1389  359  322  3  -2  
15  36  7  1398  359  322  3  -2  
15  36  7  1405  359  322  3  -2  
15  36  7  1415  359  322  3  -2  
15  36  7  1423  359  322  3  -2  
15  36  7  1431  359  322  3  -2  
15  36  7  1439  359  322  3  -2  
15  36  7  1448  359  322  3  -2  
15  36  7  1456  359  322  3  -2  
15  36  7  1465  359  322  3  -2  
15  36  7  1472  359  322  3  -2  
15  36  7  1481  359  322  3  -2  
15  36  7  1490  359  322  3  -2  
15  36  7  1499  359  322  3  -2  
15  36  7  1508  359  322  3  -2  
15  36  7  1517  359  322  3  -2  
15  36  7  1527  359  322  3  -2  
15  36  7  1536  359  322  3  -2  
15  36  7  1546  359  322  3  -2  
15  36  7  1554  359  322  3  -2  
15  36  7  1563  359  322  3  -2  
15  36  7  1570  359  322  3  -2  
15  36  7  1579  359  322  3  -2  
15  36  7  1586  359  322  3  -2  
15  36  7  1597  359  322  3  -2  
15  36  7  1604  359  322  3  -2  
15  36  7  1613  359  322  3  -2  
15  36  7  1620  359  322  3  -2  
15  36  7  1629  359  322  3  -2  
15  36  7  1637  359  322  3  -2  
15  36  7  1646  359  322  3  -2  
15  36  7  1654  359  322  3  -2  
15  36  7  1663  359  322  3  -2  
15  36  7  1670  359  322  3  -2  
15  36  7  1680  359  322  3  -2  
15  36  7  1685  359  322  3  -2  
15  36  7  1696  359  322  3  -2  
15  36  7  1702  359  322  3  -2  
15  36  7  1712  359  322  3  -2  
15  36  7  1718  359  322  3  -2  
15  36  7  1728  359  322  3  -2  
15  36  7  1736  359  322  3  -2  
15  36  7  1747  359  322  3  -2  
15  36  7  1754  359  322  3  -2  
15  36  7  1763  359  322  3  -2  
15  36  7  1769  359  322  3  -2  
15  36  7  1780  359  322  3  -2  
15  36  7  1786  359  322  3  -2  
15  36  7  1797  359  322  3  -2  
15  36  7  1804  359  322  3  -2  
15  36  7  1813  359  322  3  -2  
15  36  7  1819  359  322  3  -2  
15  36  7  1830  359  322  3  -2  
15  36  7  1836  359  322  3  -2  
15  36  7  1846  359  322  3  -2  
15  36  7  1854  362  322  3  -2  
15  36  7  1863  367  322  3  -2  
15  36  7  1870  375  322  3  -2  
15  36  7  1880  386  322  3  -2  
15  36  7  1887  397  322  3  -2  
15  36  7  1896  407  322  3  -2  
15  36  7  1904  420  322  3  -2  
15  36  7  1913  434  322  3  -2  
15  36  7  1920  447  322  3  -2  
15  36  8  1930  460  322  3  -2  
15  36  8  1936  482  322  3  -2  
15  36  8  1947  482  322  3  -2  
15  36  8  1955  496  322  4  -2  
15  36  8  1964  501  322  4  -2  
15  36  8  1969  504  322  4  -2  
15  36  8  1980  504  322  4  -2  
15  36  8  1988  511  322  4  -2  
15  36  8  1998  516  322  4  -2  
15  36  8  2004  519  322  4  -2  
15  36  8  2015  519  322  4  -2  
15  36  8  2020  522  322  4  -2  
15  36  8  2030  522  322  4  -2  
15  36  8  2037  522  322  4  -2  
15  36  8  2046  522  322  4  -2  
15  36  8  2055  522  322  4  -2  
15  36  8  2064  522  322  4  -2  
15  36  8  2071  522  322  4  -2  
15  36  8  2081  522  322  4  -2  
15  36  8  2087  522  322  4  -2  
15  36  8  2098  522  322  4  -2  
15  36  8  2105  522  322  4  -2  
15  36  8  2114  522  322  4  -2  
15  36  8  2120  523  322  4  -2  
15  36  8  2130  523  322  4  -2  
15  36  8  2136  523  322  4  -2  
15  36  8  2147  523  322  4  -2  
15  36  8  2155  523  322  4  -2  
15  36  8  2164  523  322  4  -2  
15  36  8  2172  523  322  4  -2  
15  36  8  2180  523  322  4  -2  
15  36  8  2187  523  322  4  -2  
15  36  8  2198  523  322  4  -2  
15  36  8  2204  523  322  4  -2  
15  36  8  2214  523  322  4  -2  
15  36  8  2220  523  322  4  -2  
15  36  8  2231  523  322  4  -2  
15  36  8  2238  523  322  4  -2  
15  36  8  2247  524  322  4  -2  
15  36  8  2255  524  322  4  -2  
15  36  8  2264  524  322  4  -2  
15  36  8  2272  524  322  4  -2  
15  36  8  2281  524  322  4  -2  
15  36  8  2288  524  322  4  -2  
15  36  8  2298  524  322  4  -2  
15  36  8  2305  524  322  4  -2  
15  36  8  2314  524  322  4  -2  
15  36  8  2321  524  322  4  -2  
15  36  8  2330  524  322  4  -2  
15  36  8  2338  524  322  4  -2  
15  36  8  2347  524  322  4  -2  
15  36  8  2355  524  322  4  -2  
15  36  8  2365  524  322  4  -2  
15  36  8  2372  524  322  4  -2  
15  36  8  2381  524  322  4  -2  
15  36  8  2388  524  322  4  -2  
15  36  8  2398  524  322  4  -2  
15  36  8  2405  524  322  4  -2  
15  36  8  2414  524  322  4  -2  
15  36  8  2423  524  322  4  -2  
15  36  8  2432  524  322  4  -2  
15  36  8  2438  523  322  4  -2  
15  36  8  2448  522  322  4  -2  
15  36  8  2456  518  322  4  -2  
15  36  8  2464  513  322  4  -2  
15  36  8  2472  506  322  4  -2  
15  36  8  2481  495  322  4  -2  
15  36  8  2490  483  322  4  -2  
15  36  8  2498  466  322  4  -2  
15  36  8  2506  446  322  4  -2  
15  36  8  2514  395  322  5  -2  
15  36  8  2521  371  322  5  -2  
15  36  8  2531  371  322  5  -2  
15  36  8  2539  336  322  5  -2  
15  36  8  2548  324  322  5  -2  
15  36  8  2555  319  322  5  -2  
15  36  8  2564  319  322  5  -2  
15  36  8  2573  319  322  5  -2  
15  36  8  2581  319  322  5  -2  
15  36  8  2588  319  322  5  -2  
15  36  8  2598  319  322  5  -2  
15  36  8  2607  319  322  5  -2  
15  36  8  2616  319  322  5  -2  
15  36  8  2623  319  322  5  -2  
15  36  8  2633  319  322  5  -2  
15  36  8  2640  319  322  5  -2  
15  36  8  2648  319  322  5  -2  
15  36  8  2656  319  322  5  -2  
15  36  8  2666  319  322  5  -2  
15  36  8  2675  319  322  5  -2  
15  36  8  2682  319  322  5  -2  
15  36  8  2690  319  322  5  -2  
15  36  8  2698  319  322  5  -2  
15  36  8  2707  319  322  5  -2  
15  36  8  2716  319  322  5  -2  
15  36  8  2724  319  322  5  -2  
15  36  8  2733  319  322  5  -2  
15  36  8  2740  319  322  5  -2  
15  36  8  2748  319  322  5  -2  
15  36  8  2757  319  322  5  -2  
15  36  8  2766  319  322  5  -2  
15  36  8  2775  319  322  5  -2  
15  36  8  2782  319  322  5  -2  
15  36  8  2791  319  322  5  -2  
15  36  8  2798  319  322  5  -2  
15  36  8  2808  319  322  5  -2  
15  36  8  2816  319  322  5  -2  
15  36  8  2825  319  322  5  -2  
15  36  8  2833  319  322  5  -2  
15  36  8  2840  319  322  5  -2  
15  36  8  2850  319  322  5  -2  
15  36  8  2858  319  322  5  -2  
15  36  8  2867  319  322  5  -2  
15  36  8  2875  319  322  5  -2  
15  36  8  2882  319  322  5  -2  
15  36  8  2890  319  322  5  -2  
15  36  8  2899  319  322  5  -2  
15  36  8  2908  319  322  5  -2  
15  36  8  2917  319  322  5  -2  
15  36  9  2925  319  322  5  -2  
15  36  9  2933  319  322  5  -2  
