11  33  32  0  354  324  1  -2  
11  33  32  9  354  324  1  -2  
11  33  32  17  354  324  1  -2  
11  33  32  26  354  323  1  -2  
11  33  32  31  354  323  1  -2  
11  33  32  41  354  323  1  -2  
11  33  32  48  354  323  1  -2  
11  33  32  58  354  323  1  -2  
11  33  32  64  354  323  1  -2  
11  33  32  75  354  323  1  -2  
11  33  32  81  354  323  1  -2  
11  33  32  91  354  323  1  -2  
11  33  32  98  354  323  1  -2  
11  33  32  108  355  322  1  -2  
11  33  32  115  355  322  1  -2  
11  33  32  125  356  322  1  -2  
11  33  32  131  356  322  1  -2  
11  33  32  142  356  322  1  -2  
11  33  32  148  357  322  1  -2  
11  33  32  158  358  322  1  -2  
11  33  32  165  358  322  1  -2  
11  33  32  175  358  322  1  -2  
11  33  32  182  360  320  1  -2  
11  33  32  191  360  320  1  -2  
11  33  32  199  361  320  1  -2  
11  33  32  208  362  320  1  -2  
11  33  32  215  362  320  1  -2  
11  33  32  225  362  320  1  -2  
11  33  32  232  362  320  1  -2  
11  33  32  241  364  320  1  -2  
11  33  32  248  367  320  1  -2  
11  33  32  258  369  320  1  -2  
11  33  32  266  371  320  1  -2  
11  33  32  275  375  320  1  -2  
11  33  32  282  383  320  1  -2  
11  33  32  291  383  320  1  -2  
11  33  32  298  395  320  1  -2  
11  33  32  308  395  320  1  -2  
11  33  32  316  411  319  1  -2  
11  33  32  325  416  319  1  -2  
11  33  32  331  421  318  1  -2  
11  33  32  341  424  318  1  -2  
11  33  32  348  429  317  1  -2  
11  33  32  358  433  317  1  -2  
11  33  32  366  437  317  1  -2  
11  33  32  375  443  317  1  -2  
11  33  32  382  448  317  1  -2  
11  33  32  391  452  317  1  -2  
11  33  32  398  457  317  1  -2  
11  33  32  408  462  315  1  -2  
11  33  32  416  466  315  1  -2  
11  33  32  425  469  315  1  -2  
11  33  32  432  474  315  1  -2  
11  33  32  442  478  315  1  -2  
11  33  32  450  481  315  1  -2  
11  33  32  458  483  315  1  -2  
11  33  32  466  486  315  1  -2  
11  33  32  475  487  315  1  -2  
11  33  32  482  491  315  1  -2  
11  33  32  491  491  315  1  -2  
11  33  32  499  496  315  2  -2  
11  33  32  508  498  315  2  -2  
11  33  32  516  500  315  2  -2  
11  33  32  526  504  315  2  -2  
11  33  32  532  507  315  2  -2  
11  33  32  541  509  315  2  -2  
11  33  32  549  513  315  2  -2  
11  33  32  558  517  315  2  -2  
11  33  32  566  518  315  2  -2  
11  33  32  575  523  315  2  -2  
11  33  32  583  527  315  2  -2  
11  33  32  591  533  315  2  -2  
11  33  32  599  543  315  2  -2  
11  33  32  608  550  315  2  -2  
11  33  32  616  557  315  2  -2  
11  33  32  625  562  315  2  -2  
11  33  32  633  566  315  2  -2  
11  33  32  641  568  315  2  -2  
11  33  32  649  569  315  2  -2  
11  33  32  658  569  315  2  -2  
11  33  32  666  569  315  2  -2  
11  33  32  675  569  315  2  -2  
11  33  32  682  569  315  2  -2  
11  33  32  691  569  315  2  -2  
11  33  32  699  569  315  2  -2  
11  33  32  708  569  315  2  -2  
11  33  32  715  569  315  2  -2  
11  33  32  725  569  315  2  -2  
11  33  32  732  570  315  2  -2  
11  33  32  741  570  315  2  -2  
11  33  32  749  570  315  2  -2  
11  33  32  758  570  315  2  -2  
11  33  32  766  570  315  2  -2  
11  33  32  775  570  315  2  -2  
11  33  32  782  570  315  2  -2  
11  33  32  791  570  315  2  -2  
11  33  32  800  570  315  2  -2  
11  33  32  808  570  315  2  -2  
11  33  32  817  570  315  2  -2  
11  33  32  825  570  315  2  -2  
11  33  32  832  570  315  2  -2  
11  33  32  841  570  315  2  -2  
11  33  32  849  570  315  2  -2  
11  33  32  858  570  315  2  -2  
11  33  32  867  568  315  2  -2  
11  33  32  875  562  316  2  -2  
11  33  32  882  546  319  2  -2  
11  33  32  892  546  319  2  -2  
11  33  32  899  528  320  2  -2  
11  33  33  908  528  320  2  -2  
11  33  33  916  505  320  2  -2  
11  33  33  925  496  320  2  -2  
11  33  33  932  486  320  2  -2  
11  33  33  942  477  321  2  -2  
11  33  33  950  470  323  2  -2  
11  33  33  958  463  324  2  -2  
11  33  33  967  456  325  2  -2  
11  33  33  975  453  325  2  -2  
11  33  33  982  449  326  2  -2  
11  33  33  991  446  327  2  -2  
11  33  33  1000  442  327  2  -2  
11  33  33  1010  440  327  2  -2  
11  33  33  1018  437  327  2  -2  
11  33  33  1026  435  328  2  -2  
11  33  33  1035  434  328  2  -2  
11  33  33  1042  433  328  2  -2  
11  33  33  1050  431  328  2  -2  
11  33  33  1059  428  330  2  -2  
11  33  33  1066  416  331  2  -2  
11  33  33  1077  416  331  2  -2  
11  33  33  1085  393  331  3  -2  
11  33  33  1094  379  331  3  -2  
11  33  33  1102  368  331  3  -2  
11  33  33  1109  358  331  3  -2  
11  33  33  1118  349  331  3  -2  
11  33  33  1126  347  331  3  -2  
11  33  33  1136  347  331  3  -2  
11  33  33  1143  347  331  3  -2  
11  33  33  1151  347  331  3  -2  
11  33  33  1160  347  331  3  -2  
11  33  33  1168  347  331  3  -2  
11  33  33  1176  347  331  3  -2  
11  33  33  1185  347  331  3  -2  
11  33  33  1194  347  331  3  -2  
11  33  33  1201  345  331  3  -2  
11  33  33  1210  345  331  3  -2  
11  33  33  1218  345  331  3  -2  
11  33  33  1227  345  331  3  -2  
11  33  33  1236  345  331  3  -2  
11  33  33  1245  345  331  3  -2  
11  33  33  1252  345  331  3  -2  
11  33  33  1260  345  331  3  -2  
11  33  33  1268  345  331  3  -2  
11  33  33  1276  345  331  3  -2  
11  33  33  1286  345  331  3  -2  
11  33  33  1295  345  331  3  -2  
11  33  33  1302  345  331  3  -2  
11  33  33  1310  345  331  3  -2  
11  33  33  1318  348  331  3  -2  
11  33  33  1326  355  329  3  -2  
11  33  33  1336  367  328  3  -2  
11  33  33  1345  383  327  3  -2  
11  33  33  1353  408  327  3  -2  
11  33  33  1360  444  323  3  -2  
11  33  33  1369  485  323  3  -2  
11  33  33  1377  522  323  4  -2  
11  33  33  1386  560  321  4  -2  
11  33  33  1395  592  319  4  -2  
11  33  33  1402  613  317  4  -2  
11  33  33  1412  630  315  4  -2  
11  33  33  1420  644  312  4  -2  
11  33  33  1427  646  312  4  -2  
11  33  33  1435  646  312  4  -2  
11  33  33  1444  646  312  4  -2  
11  33  33  1452  646  312  4  -2  
11  33  33  1460  646  312  4  -2  
11  33  33  1470  646  312  4  -2  
11  33  33  1478  646  312  4  -2  
11  33  33  1486  646  312  4  -2  
11  33  33  1495  647  312  4  -2  
11  33  33  1502  647  312  4  -2  
11  33  33  1511  647  312  4  -2  
11  33  33  1520  647  312  4  -2  
11  33  33  1528  647  312  4  -2  
11  33  33  1537  647  312  4  -2  
11  33  33  1545  647  312  4  -2  
11  33  33  1555  647  312  4  -2  
11  33  33  1563  647  312  4  -2  
11  33  33  1569  647  312  4  -2  
11  33  33  1578  647  312  4  -2  
11  33  33  1588  647  312  4  -2  
11  33  33  1596  645  312  4  -2  
11  33  33  1606  641  312  4  -2  
11  33  33  1611  636  312  4  -2  
11  33  33  1620  636  312  4  -2  
11  33  33  1629  620  317  4  -2  
11  33  33  1638  610  317  4  -2  
11  33  33  1646  598  317  4  -2  
11  33  33  1656  583  318  4  -2  
11  33  33  1663  570  321  4  -2  
11  33  33  1672  555  321  4  -2  
11  33  33  1679  540  321  4  -2  
11  33  33  1689  527  321  4  -2  
11  33  33  1696  515  321  4  -2  
11  33  33  1706  505  321  4  -2  
11  33  33  1712  496  321  4  -2  
11  33  33  1723  488  321  4  -2  
11  33  33  1729  481  321  4  -2  
11  33  33  1740  474  321  4  -2  
11  33  33  1748  463  321  4  -2  
11  33  33  1758  457  321  4  -2  
11  33  33  1763  452  321  4  -2  
11  33  33  1772  452  321  4  -2  
11  33  33  1780  443  321  4  -2  
11  33  33  1790  441  321  4  -2  
11  33  33  1796  439  321  4  -2  
11  33  33  1807  435  322  4  -2  
11  33  33  1813  434  322  4  -2  
11  33  33  1823  430  322  4  -2  
11  33  33  1830  426  323  4  -2  
11  33  33  1839  421  323  4  -2  
11  33  33  1847  417  324  4  -2  
11  33  33  1857  412  324  4  -2  
11  33  33  1864  410  326  4  -2  
11  33  33  1874  406  326  4  -2  
11  33  33  1880  406  326  4  -2  
11  33  33  1891  404  326  4  -2  
11  33  33  1897  403  326  4  -2  
11  33  34  1907  403  326  4  -2  
11  33  34  1914  402  327  4  -2  
11  33  34  1924  402  327  4  -2  
11  33  34  1931  400  327  4  -2  
11  33  34  1941  399  327  4  -2  
11  33  34  1947  398  328  4  -2  
11  33  34  1958  398  328  4  -2  
