11  33  0  0  353  316  1  -2  
11  33  0  8  353  316  1  -2  
11  33  0  16  354  316  1  -2  
11  33  0  25  354  316  1  -2  
11  33  0  34  354  316  1  -2  
11  33  0  42  356  316  1  -2  
11  33  0  49  356  316  1  -2  
11  33  0  58  356  316  1  -2  
11  33  0  66  356  315  1  -2  
11  33  0  75  357  314  1  -2  
11  33  0  83  357  314  1  -2  
11  33  0  92  358  314  1  -2  
11  33  0  100  358  314  1  -2  
11  33  0  108  359  312  1  -2  
11  33  0  116  359  312  1  -2  
11  33  0  125  360  310  1  -2  
11  33  0  133  362  310  1  -2  
11  33  0  142  368  309  1  -2  
11  33  0  150  373  309  1  -2  
11  33  0  161  378  307  1  -2  
11  33  0  170  387  307  1  -2  
11  33  0  178  394  307  1  -2  
11  33  0  187  402  307  1  -2  
11  33  0  194  409  307  1  -2  
11  33  0  204  419  307  1  -2  
11  33  0  211  427  307  1  -2  
11  33  0  219  436  307  1  -2  
11  33  0  228  442  307  1  -2  
11  33  0  237  448  307  1  -2  
11  33  0  245  454  307  1  -2  
11  33  0  254  457  307  1  -2  
11  33  0  262  460  307  1  -2  
11  33  0  270  463  307  1  -2  
11  33  0  277  467  307  1  -2  
11  33  0  287  471  307  1  -2  
11  33  0  294  474  307  1  -2  
11  33  0  303  478  308  1  -2  
11  33  0  312  482  309  1  -2  
11  33  0  320  485  309  1  -2  
11  33  0  328  490  309  1  -2  
11  33  0  336  493  309  1  -2  
11  33  0  344  497  309  2  -2  
11  33  0  353  501  309  2  -2  
11  33  0  361  506  309  2  -2  
11  33  0  369  511  309  2  -2  
11  33  0  378  516  309  2  -2  
11  33  0  386  521  309  2  -2  
11  33  0  394  525  309  2  -2  
11  33  0  403  528  309  2  -2  
11  33  0  412  530  309  2  -2  
11  33  0  420  533  309  2  -2  
11  33  0  428  537  309  2  -2  
11  33  0  437  538  309  2  -2  
11  33  0  446  543  309  2  -2  
11  33  0  454  543  309  2  -2  
11  33  0  463  543  309  2  -2  
11  33  0  470  545  309  2  -2  
11  33  0  478  545  309  2  -2  
11  33  0  486  546  309  2  -2  
11  33  0  495  546  309  2  -2  
11  33  0  504  547  309  2  -2  
11  33  0  511  547  309  2  -2  
11  33  0  519  549  309  2  -2  
11  33  0  527  549  309  2  -2  
11  33  0  536  549  309  2  -2  
11  33  0  545  549  309  2  -2  
11  33  0  553  549  309  2  -2  
11  33  0  563  549  309  2  -2  
11  33  0  570  549  309  2  -2  
11  33  0  578  549  309  2  -2  
11  33  0  586  549  309  2  -2  
11  33  0  595  549  309  2  -2  
11  33  0  604  549  309  2  -2  
11  33  0  611  549  309  2  -2  
11  33  0  621  549  309  2  -2  
11  33  0  628  549  309  2  -2  
11  33  0  637  549  309  2  -2  
11  33  0  645  549  309  2  -2  
11  33  0  654  549  309  2  -2  
11  33  0  662  549  309  2  -2  
11  33  0  669  549  309  2  -2  
11  33  0  678  549  309  2  -2  
11  33  0  686  549  310  2  -2  
11  33  0  694  545  311  2  -2  
11  33  0  703  539  311  2  -2  
11  33  0  711  529  311  2  -2  
11  33  0  719  517  311  2  -2  
11  33  0  727  504  311  2  -2  
11  33  0  736  489  311  2  -2  
11  33  0  744  477  311  2  -2  
11  33  0  753  464  311  2  -2  
11  33  0  760  452  311  2  -2  
11  33  0  769  442  311  2  -2  
11  33  0  777  434  311  2  -2  
11  33  0  786  425  311  2  -2  
11  33  0  794  419  311  2  -2  
11  33  0  802  413  311  2  -2  
11  33  0  811  408  311  2  -2  
11  33  0  819  403  311  2  -2  
11  33  0  828  398  311  3  -2  
11  33  0  837  388  311  3  -2  
11  33  0  845  382  311  3  -2  
11  33  0  853  380  311  3  -2  
11  33  0  862  377  311  3  -2  
11  33  0  870  373  311  3  -2  
11  33  0  878  371  311  3  -2  
11  33  0  887  368  311  3  -2  
11  33  0  895  365  311  3  -2  
11  33  0  903  364  311  3  -2  
11  33  0  912  360  311  3  -2  
11  33  0  919  358  311  3  -2  
11  33  1  927  358  311  3  -2  
11  33  1  937  357  311  3  -2  
11  33  1  944  357  311  3  -2  
11  33  1  954  357  311  3  -2  
11  33  1  962  357  311  3  -2  
11  33  1  969  357  311  3  -2  
11  33  1  977  357  311  3  -2  
11  33  1  985  357  311  3  -2  
11  33  1  994  357  311  3  -2  
11  33  1  1003  357  311  3  -2  
11  33  1  1011  357  311  3  -2  
11  33  1  1022  357  311  3  -2  
11  33  1  1027  356  312  3  -2  
11  33  1  1037  356  312  3  -2  
11  33  1  1044  356  312  3  -2  
11  33  1  1053  356  312  3  -2  
11  33  1  1062  356  312  3  -2  
11  33  1  1069  356  312  3  -2  
11  33  1  1077  356  312  3  -2  
11  33  1  1087  356  312  3  -2  
11  33  1  1094  356  312  3  -2  
11  33  1  1104  356  312  3  -2  
11  33  1  1112  356  312  3  -2  
11  33  1  1122  356  312  3  -2  
11  33  1  1128  356  312  3  -2  
11  33  1  1137  356  312  3  -2  
11  33  1  1146  356  312  3  -2  
11  33  1  1154  356  312  3  -2  
11  33  1  1162  356  312  3  -2  
11  33  1  1173  356  312  3  -2  
11  33  1  1180  356  312  3  -2  
11  33  1  1191  356  312  3  -2  
11  33  1  1197  356  312  3  -2  
11  33  1  1207  356  312  3  -2  
11  33  1  1214  356  312  3  -2  
11  33  1  1224  356  312  3  -2  
11  33  1  1232  356  312  3  -2  
11  33  1  1241  356  312  3  -2  
11  33  1  1247  356  312  3  -2  
11  33  1  1257  356  312  3  -2  
11  33  1  1263  356  312  3  -2  
11  33  1  1274  356  312  3  -2  
11  33  1  1281  356  312  3  -2  
11  33  1  1291  356  312  3  -2  
11  33  1  1297  356  312  3  -2  
11  33  1  1306  356  312  3  -2  
11  33  1  1314  356  312  3  -2  
11  33  1  1324  356  312  3  -2  
11  33  1  1332  356  312  3  -2  
11  33  1  1341  356  312  3  -2  
11  33  1  1347  356  312  3  -2  
11  33  1  1357  356  312  3  -2  
11  33  1  1364  356  312  3  -2  
11  33  1  1375  356  312  3  -2  
11  33  1  1382  368  312  3  -2  
11  33  1  1391  382  310  3  -2  
11  33  1  1397  395  309  3  -2  
11  33  1  1407  414  308  3  -2  
11  33  1  1415  427  308  3  -2  
11  33  1  1425  442  308  3  -2  
11  33  1  1432  453  308  3  -2  
11  33  1  1440  462  308  3  -2  
11  33  1  1448  470  308  3  -2  
11  33  1  1458  475  308  3  -2  
11  33  1  1466  478  308  3  -2  
11  33  1  1476  481  308  3  -2  
11  33  1  1485  482  308  3  -2  
11  33  1  1492  486  307  3  -2  
11  33  1  1501  486  307  3  -2  
11  33  1  1510  490  307  3  -2  
11  33  1  1517  493  307  3  -2  
11  33  1  1527  496  305  4  -2  
11  33  1  1536  500  305  4  -2  
11  33  1  1543  504  305  4  -2  
11  33  1  1551  509  305  4  -2  
11  33  1  1559  511  305  4  -2  
11  33  1  1567  514  305  4  -2  
11  33  1  1576  516  305  4  -2  
11  33  1  1584  516  305  4  -2  
11  33  1  1593  516  305  4  -2  
11  33  1  1600  517  304  4  -2  
11  33  1  1609  518  304  4  -2  
11  33  1  1617  520  304  4  -2  
11  33  1  1626  523  303  4  -2  
11  33  1  1633  526  303  4  -2  
11  33  1  1643  531  303  4  -2  
11  33  1  1653  533  303  4  -2  
11  33  1  1659  535  302  4  -2  
11  33  1  1668  535  302  4  -2  
11  33  1  1676  535  302  4  -2  
11  33  1  1684  535  302  4  -2  
11  33  1  1693  535  302  4  -2  
11  33  1  1702  535  302  4  -2  
11  33  1  1709  535  302  4  -2  
11  33  1  1718  535  302  4  -2  
11  33  1  1727  535  302  4  -2  
11  33  1  1735  535  302  4  -2  
11  33  1  1744  535  302  4  -2  
11  33  1  1752  535  302  4  -2  
11  33  1  1761  535  302  4  -2  
11  33  1  1768  535  302  4  -2  
11  33  1  1778  535  302  4  -2  
11  33  1  1785  535  302  4  -2  
11  33  1  1793  535  302  4  -2  
11  33  1  1802  535  302  4  -2  
11  33  1  1809  535  302  4  -2  
11  33  1  1818  535  302  4  -2  
11  33  1  1827  535  302  4  -2  
11  33  1  1834  535  302  4  -2  
11  33  1  1843  535  302  4  -2  
11  33  1  1852  535  302  4  -2  
11  33  1  1861  535  302  4  -2  
11  33  1  1869  535  302  4  -2  
11  33  1  1877  535  302  4  -2  
11  33  1  1886  535  302  4  -2  
11  33  1  1894  528  302  4  -2  
11  33  1  1902  522  302  4  -2  
11  33  1  1910  512  302  4  -2  
11  33  1  1918  503  302  4  -2  
11  33  2  1928  492  302  4  -2  
11  33  2  1935  483  302  4  -2  
11  33  2  1944  475  302  4  -2  
11  33  2  1952  466  302  4  -2  
11  33  2  1959  458  302  4  -2  
11  33  2  1969  451  302  4  -2  
11  33  2  1976  444  302  4  -2  
11  33  2  1985  439  302  4  -2  
11  33  2  1994  432  302  4  -2  
11  33  2  2004  426  302  4  -2  
11  33  2  2010  422  302  4  -2  
11  33  2  2021  418  302  4  -2  
11  33  2  2026  414  302  4  -2  
11  33  2  2036  411  302  4  -2  
11  33  2  2044  409  302  4  -2  
11  33  2  2054  405  302  4  -2  
11  33  2  2061  401  302  4  -2  
