15  35  59  0  369  305  1  -2  
15  35  59  7  369  304  1  -2  
15  35  59  17  369  304  1  -2  
15  35  59  24  369  303  1  -2  
15  35  59  32  369  303  1  -2  
15  35  59  41  369  303  1  -2  
15  35  59  49  369  303  1  -2  
15  35  59  59  369  303  1  -2  
15  35  59  67  370  303  1  -2  
15  35  59  75  372  303  1  -2  
15  35  59  82  379  303  1  -2  
15  35  59  91  385  303  1  -2  
15  35  59  101  399  303  1  -2  
15  35  59  108  414  303  1  -2  
15  35  59  117  434  303  1  -2  
15  35  59  124  454  303  1  -2  
15  35  59  132  478  303  1  -2  
15  35  59  141  506  303  2  -2  
15  35  59  150  530  303  2  -2  
15  35  59  159  554  303  2  -2  
15  35  59  167  574  303  2  -2  
15  35  59  175  591  303  2  -2  
15  35  59  182  602  303  2  -2  
15  35  59  191  612  303  2  -2  
15  35  59  201  618  303  2  -2  
15  35  59  209  619  303  2  -2  
15  35  59  217  619  303  2  -2  
15  35  59  224  619  303  2  -2  
15  35  59  235  619  303  2  -2  
15  35  59  242  619  303  2  -2  
15  35  59  251  619  303  2  -2  
15  35  59  258  619  303  2  -2  
15  35  59  268  619  303  2  -2  
15  35  59  275  619  303  2  -2  
15  35  59  284  619  303  2  -2  
15  35  59  292  619  303  2  -2  
15  35  59  301  619  303  2  -2  
15  35  59  309  619  303  2  -2  
15  35  59  317  619  303  2  -2  
15  35  59  325  619  303  2  -2  
15  35  59  334  619  303  2  -2  
15  35  59  341  619  303  2  -2  
15  35  59  351  619  303  2  -2  
15  35  59  358  619  303  2  -2  
15  35  59  368  619  303  2  -2  
15  35  59  374  619  303  2  -2  
15  35  59  384  619  303  2  -2  
15  35  59  391  619  303  2  -2  
15  35  59  402  619  303  2  -2  
15  35  59  409  617  303  2  -2  
15  35  59  418  617  303  2  -2  
15  35  59  425  616  303  2  -2  
15  35  59  432  615  303  2  -2  
15  35  59  441  615  303  2  -2  
15  35  59  452  615  303  2  -2  
15  35  59  459  614  303  2  -2  
15  35  59  468  614  303  2  -2  
15  35  59  475  614  303  2  -2  
15  35  59  485  614  303  2  -2  
15  35  59  491  614  303  2  -2  
15  35  59  501  614  303  2  -2  
15  35  59  509  614  303  2  -2  
15  35  59  518  614  303  2  -2  
15  35  59  524  614  303  2  -2  
15  35  59  535  614  303  2  -2  
15  35  59  542  614  303  2  -2  
15  35  59  551  614  303  2  -2  
15  35  59  559  614  303  2  -2  
15  35  59  568  614  303  2  -2  
15  35  59  573  614  303  2  -2  
15  35  59  585  614  303  2  -2  
15  35  59  592  614  303  2  -2  
15  35  59  601  614  303  2  -2  
15  35  59  609  614  303  2  -2  
15  35  59  618  614  303  2  -2  
15  35  59  625  612  303  2  -2  
15  35  59  635  612  303  2  -2  
15  35  59  641  612  303  2  -2  
15  35  59  652  612  303  2  -2  
15  35  59  659  610  303  2  -2  
15  35  59  668  610  303  2  -2  
15  35  59  675  609  303  2  -2  
15  35  59  685  609  303  2  -2  
15  35  59  693  608  303  2  -2  
15  35  59  702  607  303  2  -2  
15  35  59  709  607  303  2  -2  
15  35  59  718  606  303  2  -2  
15  35  59  725  605  303  2  -2  
15  35  59  735  603  303  2  -2  
15  35  59  742  601  303  2  -2  
15  35  59  752  598  303  2  -2  
15  35  59  759  594  303  2  -2  
15  35  59  768  589  304  2  -2  
15  35  59  775  582  304  2  -2  
15  35  59  784  572  304  2  -2  
15  36  0  793  562  304  2  -2  
15  36  0  804  551  304  2  -2  
15  36  0  812  519  304  2  -2  
15  36  0  822  501  304  2  -2  
15  36  0  829  481  304  2  -2  
15  36  0  837  460  304  2  -2  
15  36  0  845  442  304  2  -2  
15  36  0  854  425  304  2  -2  
15  36  0  861  412  304  2  -2  
15  36  0  871  402  304  2  -2  
15  36  0  879  394  304  3  -2  
15  36  0  887  389  304  3  -2  
15  36  0  894  383  304  3  -2  
15  36  0  903  380  304  3  -2  
15  36  0  912  376  304  3  -2  
15  36  0  921  373  304  3  -2  
15  36  0  929  371  304  3  -2  
15  36  0  937  367  304  3  -2  
15  36  0  946  366  304  3  -2  
15  36  0  954  366  304  3  -2  
15  36  0  963  366  304  3  -2  
15  36  0  970  366  304  3  -2  
15  36  0  979  366  304  3  -2  
15  36  0  987  365  304  3  -2  
15  36  0  996  365  304  3  -2  
15  36  0  1004  362  304  3  -2  
15  36  0  1014  361  304  3  -2  
15  36  0  1081  358  304  3  -2  
15  36  0  1089  357  304  3  -2  
15  36  0  1098  357  304  3  -2  
15  36  0  1104  357  304  3  -2  
15  36  0  1113  357  304  3  -2  
15  36  0  1121  357  304  3  -2  
15  36  0  1130  357  304  3  -2  
15  36  0  1138  357  304  3  -2  
15  36  0  1146  357  304  3  -2  
15  36  0  1154  357  304  3  -2  
15  36  0  1163  357  304  3  -2  
15  36  0  1171  357  304  3  -2  
15  36  0  1179  357  304  3  -2  
15  36  0  1187  357  304  3  -2  
15  36  0  1195  357  304  3  -2  
15  36  0  1204  357  304  3  -2  
15  36  0  1212  357  304  3  -2  
15  36  0  1220  357  304  3  -2  
15  36  0  1229  357  304  3  -2  
15  36  0  1238  357  304  3  -2  
15  36  0  1245  357  304  3  -2  
15  36  0  1253  357  304  3  -2  
15  36  0  1263  357  304  3  -2  
15  36  0  1271  357  304  3  -2  
15  36  0  1279  357  304  3  -2  
15  36  0  1288  357  304  3  -2  
15  36  0  1297  357  304  3  -2  
15  36  0  1304  357  304  3  -2  
15  36  0  1314  357  304  3  -2  
15  36  0  1322  357  304  3  -2  
15  36  0  1330  357  304  3  -2  
15  36  0  1339  357  304  3  -2  
15  36  0  1346  357  304  3  -2  
15  36  0  1355  357  304  3  -2  
15  36  0  1363  357  304  3  -2  
15  36  0  1372  357  304  3  -2  
15  36  0  1379  357  304  3  -2  
15  36  0  1388  357  304  3  -2  
15  36  0  1397  357  304  3  -2  
15  36  0  1405  357  304  3  -2  
15  36  0  1414  357  304  3  -2  
15  36  0  1422  357  304  3  -2  
15  36  0  1431  357  304  3  -2  
15  36  0  1440  357  304  3  -2  
15  36  0  1446  357  304  3  -2  
15  36  0  1455  357  304  3  -2  
15  36  0  1463  357  304  3  -2  
15  36  0  1472  357  304  3  -2  
15  36  0  1479  357  304  3  -2  
15  36  0  1488  357  304  3  -2  
15  36  0  1498  357  304  3  -2  
15  36  0  1506  357  304  3  -2  
15  36  0  1516  357  304  3  -2  
15  36  0  1524  357  304  3  -2  
15  36  0  1534  357  304  3  -2  
15  36  0  1540  357  304  3  -2  
15  36  0  1551  357  304  3  -2  
15  36  0  1559  357  304  3  -2  
15  36  0  1568  357  305  3  -2  
15  36  0  1575  357  305  3  -2  
15  36  0  1585  359  305  3  -2  
15  36  0  1591  362  305  3  -2  
15  36  0  1601  367  306  3  -2  
15  36  0  1608  381  309  3  -2  
15  36  0  1618  396  310  3  -2  
15  36  0  1625  429  316  3  -2  
15  36  0  1635  429  316  3  -2  
15  36  0  1641  459  317  3  -2  
15  36  0  1652  459  317  3  -2  
15  36  0  1659  481  317  3  -2  
15  36  0  1669  490  317  3  -2  
15  36  0  1676  498  317  4  -2  
15  36  0  1686  505  317  4  -2  
15  36  0  1691  512  318  4  -2  
15  36  0  1702  517  318  4  -2  
15  36  0  1709  524  318  4  -2  
15  36  0  1719  529  318  4  -2  
15  36  0  1726  534  318  4  -2  
15  36  0  1735  539  318  4  -2  
15  36  0  1743  543  318  4  -2  
15  36  0  1752  548  318  4  -2  
15  36  0  1760  551  318  4  -2  
15  36  0  1768  552  318  4  -2  
15  36  0  1775  555  318  4  -2  
15  36  0  1785  555  318  4  -2  
15  36  1  1792  556  318  4  -2  
15  36  1  1802  556  318  4  -2  
15  36  1  1809  559  318  4  -2  
15  36  1  1819  559  318  4  -2  
15  36  1  1825  565  319  4  -2  
15  36  1  1835  565  319  4  -2  
15  36  1  1843  570  319  4  -2  
15  36  1  1852  570  319  4  -2  
15  36  1  1860  570  319  4  -2  
15  36  1  1869  570  319  4  -2  
15  36  1  1875  570  319  4  -2  
15  36  1  1885  570  319  4  -2  
15  36  1  1892  570  319  4  -2  
15  36  1  1901  570  319  4  -2  
15  36  1  1909  570  319  4  -2  
15  36  1  1919  570  319  4  -2  
15  36  1  1925  570  319  4  -2  
15  36  1  1935  567  319  4  -2  
15  36  1  1942  564  319  4  -2  
15  36  1  1952  559  319  4  -2  
15  36  1  1959  549  319  4  -2  
15  36  1  1969  537  319  4  -2  
15  36  1  1975  521  319  4  -2  
15  36  1  1985  498  319  4  -2  
15  36  1  1993  461  319  4  -2  
15  36  1  2002  420  319  4  -2  
15  36  1  2010  318  319  4  -2  
15  36  1  2019  274  319  4  -2  
15  36  1  2027  243  319  4  -2  
15  36  1  2036  223  319  4  -2  
15  36  1  2044  211  319  4  -2  
15  36  1  2053  206  319  4  -2  
15  36  1  2061  205  320  4  -2  
15  36  1  2069  205  320  4  -2  
15  36  1  2077  205  320  4  -2  
15  36  1  2085  205  320  4  -2  
15  36  1  2093  205  320  4  -2  
15  36  1  2102  205  320  4  -2  
15  36  1  2110  205  320  4  -2  
15  36  1  2119  205  320  4  -2  
15  36  1  2127  205  320  4  -2  
15  36  1  2136  205  320  4  -2  
15  36  1  2143  205  320  4  -2  
15  36  1  2152  205  320  4  -2  
15  36  1  2160  205  320  4  -2  
15  36  1  2169  205  320  4  -2  
15  36  1  2177  205  320  4  -2  
15  36  1  2185  205  320  4  -2  
15  36  1  2193  205  320  4  -2  
15  36  1  2202  205  320  4  -2  
15  36  1  2210  205  320  4  -2  
15  36  1  2220  205  320  4  -2  
15  36  1  2227  205  320  4  -2  
15  36  1  2235  205  320  4  -2  
15  36  1  2243  205  320  4  -2  
15  36  1  2252  205  320  4  -2  
15  36  1  2261  205  320  4  -2  
15  36  1  2269  205  320  4  -2  
15  36  1  2278  205  320  4  -2  
15  36  1  2286  205  320  4  -2  
15  36  1  2295  205  320  4  -2  
15  36  1  2302  205  320  4  -2  
15  36  1  2310  205  320  4  -2  
15  36  1  2319  205  320  4  -2  
15  36  1  2327  205  320  4  -2  
15  36  1  2335  205  320  4  -2  
15  36  1  2343  205  320  4  -2  
15  36  1  2352  205  320  4  -2  
15  36  1  2360  205  320  4  -2  
15  36  1  2369  205  320  4  -2  
15  36  1  2378  205  320  4  -2  
15  36  1  2389  205  320  4  -2  
