11  33  16  0  358  323  1  -2  
11  33  16  9  358  323  1  -2  
11  33  16  18  358  323  1  -2  
11  33  16  26  358  323  1  -2  
11  33  16  33  358  323  1  -2  
11  33  16  43  358  323  1  -2  
11  33  16  51  358  323  1  -2  
11  33  16  59  358  323  1  -2  
11  33  16  67  358  323  1  -2  
11  33  16  75  358  323  1  -2  
11  33  16  84  358  323  1  -2  
11  33  16  93  358  323  1  -2  
11  33  16  102  358  323  1  -2  
11  33  16  109  358  323  1  -2  
11  33  16  118  358  323  1  -2  
11  33  16  126  358  323  1  -2  
11  33  16  135  358  323  1  -2  
11  33  16  142  358  323  1  -2  
11  33  16  152  358  323  1  -2  
11  33  16  159  358  323  1  -2  
11  33  16  168  358  322  1  -2  
11  33  16  175  358  322  1  -2  
11  33  16  184  359  322  1  -2  
11  33  16  193  362  322  1  -2  
11  33  16  202  366  322  1  -2  
11  33  16  210  371  322  1  -2  
11  33  16  218  379  322  1  -2  
11  33  16  226  391  321  1  -2  
11  33  16  234  403  321  1  -2  
11  33  16  242  413  321  1  -2  
11  33  16  252  424  321  1  -2  
11  33  16  259  436  321  1  -2  
11  33  16  268  443  321  1  -2  
11  33  16  276  450  321  1  -2  
11  33  16  284  455  321  1  -2  
11  33  16  293  459  321  1  -2  
11  33  16  301  462  321  1  -2  
11  33  16  309  466  321  1  -2  
11  33  16  318  469  321  1  -2  
11  33  16  326  471  321  1  -2  
11  33  16  335  474  321  1  -2  
11  33  16  343  479  321  1  -2  
11  33  16  352  483  321  1  -2  
11  33  16  360  486  321  1  -2  
11  33  16  369  488  321  1  -2  
11  33  16  376  490  321  1  -2  
11  33  17  385  493  321  1  -2  
11  33  17  393  494  321  1  -2  
11  33  17  402  498  321  2  -2  
11  33  17  410  502  321  2  -2  
11  33  17  417  504  321  2  -2  
11  33  17  426  508  321  2  -2  
11  33  17  435  512  321  2  -2  
11  33  17  443  517  321  2  -2  
11  33  17  452  522  321  2  -2  
11  33  17  461  527  321  2  -2  
11  33  17  468  533  320  2  -2  
11  33  17  477  538  320  2  -2  
11  33  17  485  542  319  2  -2  
11  33  17  494  546  317  2  -2  
11  33  17  502  550  317  2  -2  
11  33  17  510  552  316  2  -2  
11  33  17  518  554  316  2  -2  
11  33  17  527  558  316  2  -2  
11  33  17  535  563  315  2  -2  
11  33  17  543  567  315  2  -2  
11  33  17  552  569  314  2  -2  
11  33  17  561  570  314  2  -2  
11  33  17  570  572  313  2  -2  
11  33  17  577  573  312  2  -2  
11  33  17  585  573  312  2  -2  
11  33  17  593  573  312  2  -2  
11  33  17  602  573  312  2  -2  
11  33  17  610  573  312  2  -2  
11  33  17  619  573  312  2  -2  
11  33  17  627  573  312  2  -2  
11  33  17  636  573  312  2  -2  
11  33  17  643  573  312  2  -2  
11  33  17  652  574  312  2  -2  
11  33  17  661  574  312  2  -2  
11  33  17  669  574  312  2  -2  
11  33  17  676  574  312  2  -2  
11  33  17  685  574  312  2  -2  
11  33  17  693  574  312  2  -2  
11  33  17  702  574  312  2  -2  
11  33  17  712  574  312  2  -2  
11  33  17  721  574  312  2  -2  
11  33  17  728  574  312  2  -2  
11  33  17  736  574  312  2  -2  
11  33  17  745  574  312  2  -2  
11  33  17  752  574  312  2  -2  
11  33  17  761  574  312  2  -2  
11  33  17  769  574  312  2  -2  
11  33  17  777  574  312  2  -2  
11  33  17  786  574  312  2  -2  
11  33  17  794  574  312  2  -2  
11  33  17  802  574  312  2  -2  
11  33  17  810  574  312  2  -2  
11  33  17  818  574  312  2  -2  
11  33  17  827  574  312  2  -2  
11  33  17  836  574  312  2  -2  
11  33  17  843  574  312  2  -2  
11  33  17  853  574  312  2  -2  
11  33  17  862  574  312  2  -2  
11  33  17  870  574  312  2  -2  
11  33  17  877  574  312  2  -2  
11  33  17  886  574  312  2  -2  
11  33  17  893  574  312  2  -2  
11  33  17  902  574  312  2  -2  
11  33  17  911  574  312  2  -2  
11  33  17  918  574  312  2  -2  
11  33  17  927  574  312  2  -2  
11  33  17  936  574  312  2  -2  
11  33  17  943  574  312  2  -2  
11  33  17  953  574  312  2  -2  
11  33  17  964  573  312  2  -2  
11  33  17  971  572  312  2  -2  
11  33  17  978  570  312  2  -2  
11  33  17  987  567  312  2  -2  
11  33  17  997  566  313  2  -2  
11  33  17  1006  562  313  2  -2  
11  33  17  1016  558  314  2  -2  
11  33  17  1021  550  317  2  -2  
11  33  17  1030  550  317  2  -2  
11  33  17  1038  546  317  2  -2  
11  33  17  1048  542  317  2  -2  
11  33  17  1054  537  318  2  -2  
11  33  17  1065  537  318  2  -2  
11  33  17  1072  528  319  2  -2  
11  33  17  1082  523  319  2  -2  
11  33  17  1088  516  322  2  -2  
11  33  17  1097  510  322  2  -2  
11  33  17  1104  503  323  2  -2  
11  33  17  1115  498  324  2  -2  
11  33  17  1122  489  325  2  -2  
11  33  17  1131  484  325  2  -2  
11  33  17  1138  477  325  2  -2  
11  33  17  1149  472  325  2  -2  
11  33  17  1155  467  325  2  -2  
11  33  17  1165  460  325  2  -2  
11  33  17  1172  455  325  2  -2  
11  33  17  1183  450  325  2  -2  
11  33  17  1188  443  325  2  -2  
11  33  17  1198  438  325  2  -2  
11  33  17  1205  430  325  2  -2  
11  33  17  1215  424  328  2  -2  
11  33  17  1222  421  328  2  -2  
11  33  17  1232  416  328  2  -2  
11  33  17  1238  410  328  2  -2  
11  33  17  1248  410  328  2  -2  
11  33  17  1255  405  328  2  -2  
11  33  17  1265  405  328  2  -2  
11  33  17  1272  399  328  2  -2  
11  33  17  1282  397  328  3  -2  
11  33  17  1288  395  328  3  -2  
11  33  17  1300  392  328  3  -2  
11  33  17  1305  391  328  3  -2  
11  33  17  1315  388  328  3  -2  
11  33  17  1322  385  328  3  -2  
11  33  17  1332  383  328  3  -2  
11  33  17  1338  378  328  3  -2  
11  33  17  1349  376  328  3  -2  
11  33  17  1356  374  328  3  -2  
11  33  17  1364  372  328  3  -2  
11  33  17  1373  370  328  3  -2  
11  33  18  1382  370  328  3  -2  
11  33  18  1388  370  328  3  -2  
11  33  18  1399  369  328  3  -2  
11  33  18  1406  368  328  3  -2  
11  33  18  1416  367  328  3  -2  
11  33  18  1422  360  328  3  -2  
11  33  18  1432  360  328  3  -2  
11  33  18  1440  350  328  3  -2  
11  33  18  1450  350  328  3  -2  
11  33  18  1455  343  328  3  -2  
11  33  18  1467  343  328  3  -2  
11  33  18  1473  342  328  3  -2  
11  33  18  1483  342  328  3  -2  
11  33  18  1491  342  328  3  -2  
11  33  18  1500  342  328  3  -2  
11  33  18  1506  342  328  3  -2  
11  33  18  1515  342  328  3  -2  
11  33  18  1523  342  328  3  -2  
11  33  18  1533  342  328  3  -2  
11  33  18  1541  342  328  3  -2  
11  33  18  1550  342  328  3  -2  
11  33  18  1556  342  328  3  -2  
11  33  18  1564  342  328  3  -2  
11  33  18  1572  342  328  3  -2  
11  33  18  1581  342  328  3  -2  
11  33  18  1589  342  328  3  -2  
11  33  18  1599  342  328  3  -2  
11  33  18  1605  342  328  3  -2  
11  33  18  1615  342  328  3  -2  
11  33  18  1622  342  328  3  -2  
11  33  18  1632  342  328  3  -2  
11  33  18  1640  346  328  3  -2  
11  33  18  1649  351  328  3  -2  
11  33  18  1657  358  328  3  -2  
11  33  18  1666  370  327  3  -2  
11  33  18  1673  382  325  3  -2  
11  33  18  1683  395  324  3  -2  
11  33  18  1689  409  321  3  -2  
11  33  18  1699  422  321  3  -2  
11  33  18  1706  437  321  3  -2  
11  33  18  1716  450  321  3  -2  
11  33  18  1722  463  321  3  -2  
11  33  18  1732  477  321  3  -2  
11  33  18  1740  488  321  3  -2  
11  33  18  1749  495  321  4  -2  
11  33  18  1757  502  320  4  -2  
11  33  18  1766  507  320  4  -2  
11  33  18  1774  512  320  4  -2  
11  33  18  1783  518  319  4  -2  
11  33  18  1790  523  319  4  -2  
11  33  18  1799  528  319  4  -2  
11  33  18  1806  542  318  4  -2  
11  33  18  1816  542  318  4  -2  
11  33  18  1824  553  316  4  -2  
11  33  18  1832  554  316  4  -2  
11  33  18  1841  557  316  4  -2  
11  33  18  1849  558  316  4  -2  
11  33  18  1857  559  316  4  -2  
11  33  18  1865  559  316  4  -2  
11  33  18  1874  559  316  4  -2  
11  33  18  1882  561  316  4  -2  
11  33  18  1891  561  316  4  -2  
11  33  18  1899  561  316  4  -2  
11  33  18  1907  561  316  4  -2  
11  33  18  1915  562  316  4  -2  
11  33  18  1923  563  316  4  -2  
11  33  18  1933  563  316  4  -2  
11  33  18  1941  563  316  4  -2  
11  33  18  1948  563  316  4  -2  
11  33  18  1956  563  316  4  -2  
11  33  18  1966  563  316  4  -2  
11  33  18  1972  563  316  4  -2  
11  33  18  1983  563  316  4  -2  
11  33  18  1990  563  316  4  -2  
11  33  18  1999  563  316  4  -2  
11  33  18  2006  563  316  4  -2  
11  33  18  2016  563  316  4  -2  
11  33  18  2024  563  316  4  -2  
11  33  18  2032  563  316  4  -2  
11  33  18  2041  563  316  4  -2  
11  33  18  2049  563  316  4  -2  
11  33  18  2057  561  316  4  -2  
11  33  18  2065  556  316  4  -2  
11  33  18  2073  545  316  4  -2  
11  33  18  2083  532  316  4  -2  
11  33  18  2091  520  316  4  -2  
11  33  18  2099  507  316  4  -2  
11  33  18  2107  492  316  4  -2  
11  33  18  2115  477  316  4  -2  
11  33  18  2124  459  316  4  -2  
11  33  18  2132  444  316  4  -2  
11  33  18  2141  431  316  4  -2  
11  33  18  2150  418  316  4  -2  
11  33  18  2156  409  316  4  -2  
11  33  18  2166  404  316  4  -2  
11  33  18  2174  400  316  4  -2  
11  33  18  2183  400  316  4  -2  
