11  32  28  0  369  321  1  -2  
11  32  28  6  369  321  1  -2  
11  32  28  16  369  321  1  -2  
11  32  28  23  369  321  1  -2  
11  32  28  33  369  321  1  -2  
11  32  28  39  369  321  1  -2  
11  32  28  49  369  321  1  -2  
11  32  28  57  369  321  1  -2  
11  32  28  66  369  321  1  -2  
11  32  28  73  369  321  1  -2  
11  32  28  83  369  321  1  -2  
11  32  28  91  369  321  1  -2  
11  32  28  99  369  321  1  -2  
11  32  28  107  369  321  1  -2  
11  32  28  116  369  321  1  -2  
11  32  28  123  369  321  1  -2  
11  32  29  133  369  321  1  -2  
11  32  29  141  369  321  1  -2  
11  32  29  149  369  321  1  -2  
11  32  29  157  369  321  1  -2  
11  32  29  166  369  321  1  -2  
11  32  29  172  369  321  1  -2  
11  32  29  184  369  321  1  -2  
11  32  29  191  369  321  1  -2  
11  32  29  199  369  321  1  -2  
11  32  29  207  369  321  1  -2  
11  32  29  216  369  321  1  -2  
11  32  29  224  369  321  1  -2  
11  32  29  233  369  321  1  -2  
11  32  29  241  369  321  1  -2  
11  32  29  249  369  321  1  -2  
11  32  29  257  369  321  1  -2  
11  32  29  266  369  321  1  -2  
11  32  29  273  369  321  1  -2  
11  32  29  283  369  321  1  -2  
11  32  29  291  369  321  1  -2  
11  32  29  300  369  321  1  -2  
11  32  29  307  369  321  1  -2  
11  32  29  316  369  321  1  -2  
11  32  29  324  369  321  1  -2  
11  32  29  334  369  321  1  -2  
11  32  29  340  369  321  1  -2  
11  32  29  349  369  321  1  -2  
11  32  29  357  369  321  1  -2  
11  32  29  366  369  321  1  -2  
11  32  29  373  369  321  1  -2  
11  32  29  383  369  321  1  -2  
11  32  29  391  369  321  1  -2  
11  32  29  400  369  321  1  -2  
11  32  29  407  369  321  1  -2  
11  32  29  416  369  321  1  -2  
11  32  29  423  369  321  1  -2  
11  32  29  433  369  321  1  -2  
11  32  29  441  373  319  1  -2  
11  32  29  449  373  319  1  -2  
11  32  29  457  376  319  1  -2  
11  32  29  466  380  319  1  -2  
11  32  29  474  386  319  1  -2  
11  32  29  483  391  319  1  -2  
11  32  29  490  400  319  1  -2  
11  32  29  499  410  319  1  -2  
11  32  29  507  418  319  1  -2  
11  32  29  516  430  319  1  -2  
11  32  29  523  442  319  1  -2  
11  32  29  533  452  319  1  -2  
11  32  29  541  473  319  1  -2  
11  32  29  549  473  319  1  -2  
11  32  29  558  482  319  1  -2  
11  32  29  566  495  319  2  -2  
11  32  29  574  502  319  2  -2  
11  32  29  583  507  319  2  -2  
11  32  29  591  514  319  2  -2  
11  32  29  600  518  319  2  -2  
11  32  29  608  523  319  2  -2  
11  32  29  616  527  319  2  -2  
11  32  29  623  529  319  2  -2  
11  32  29  633  532  319  2  -2  
11  32  29  640  535  318  2  -2  
11  32  29  649  536  318  2  -2  
11  32  29  657  537  318  2  -2  
11  32  29  666  538  318  2  -2  
11  32  29  673  539  318  2  -2  
11  32  29  683  540  318  2  -2  
11  32  29  691  540  318  2  -2  
11  32  29  699  541  318  2  -2  
11  32  29  707  541  318  2  -2  
11  32  29  716  543  318  2  -2  
11  32  29  723  543  318  2  -2  
11  32  29  733  543  318  2  -2  
11  32  29  741  543  318  2  -2  
11  32  29  749  543  318  2  -2  
11  32  29  757  543  318  2  -2  
11  32  29  766  543  318  2  -2  
11  32  29  774  544  318  2  -2  
11  32  29  783  544  318  2  -2  
11  32  29  791  544  318  2  -2  
11  32  29  799  544  318  2  -2  
11  32  29  807  544  318  2  -2  
11  32  29  816  544  318  2  -2  
11  32  29  824  544  318  2  -2  
11  32  29  833  544  318  2  -2  
11  32  29  841  545  318  2  -2  
11  32  29  849  545  318  2  -2  
11  32  29  857  545  318  2  -2  
11  32  29  865  545  318  2  -2  
11  32  29  874  545  318  2  -2  
11  32  29  883  545  318  2  -2  
11  32  29  891  545  318  2  -2  
11  32  29  900  545  318  2  -2  
11  32  29  907  545  318  2  -2  
11  32  29  916  545  318  2  -2  
11  32  29  924  545  318  2  -2  
11  32  29  933  545  318  2  -2  
11  32  29  941  545  318  2  -2  
11  32  29  948  544  318  2  -2  
11  32  29  957  544  318  2  -2  
11  32  29  966  534  318  2  -2  
11  32  29  974  503  318  2  -2  
11  32  29  984  478  318  2  -2  
11  32  29  991  454  318  2  -2  
11  32  29  1000  423  318  2  -2  
11  32  29  1008  399  318  3  -2  
11  32  29  1016  368  318  3  -2  
11  32  29  1024  334  318  3  -2  
11  32  29  1033  307  318  3  -2  
11  32  29  1041  286  318  3  -2  
11  32  29  1050  273  318  3  -2  
11  32  29  1058  266  318  3  -2  
11  32  29  1065  264  318  3  -2  
11  32  29  1074  264  318  3  -2  
11  32  29  1083  264  318  3  -2  
11  32  29  1091  264  318  3  -2  
11  32  29  1100  264  318  3  -2  
11  32  29  1107  264  318  3  -2  
11  32  29  1116  264  318  3  -2  
11  32  29  1123  264  318  3  -2  
11  32  30  1133  264  318  3  -2  
11  32  30  1142  264  318  3  -2  
11  32  30  1149  264  318  3  -2  
11  32  30  1157  264  318  3  -2  
11  32  30  1166  264  318  3  -2  
11  32  30  1174  264  318  3  -2  
11  32  30  1183  264  318  3  -2  
11  32  30  1191  264  318  3  -2  
11  32  30  1199  264  318  3  -2  
11  32  30  1208  264  318  3  -2  
11  32  30  1216  264  318  3  -2  
11  32  30  1225  264  318  3  -2  
11  32  30  1233  264  318  3  -2  
11  32  30  1242  264  318  3  -2  
11  32  30  1250  264  318  3  -2  
11  32  30  1257  264  318  3  -2  
11  32  30  1266  264  318  3  -2  
11  32  30  1276  264  318  3  -2  
11  32  30  1284  264  318  3  -2  
11  32  30  1292  264  318  3  -2  
11  32  30  1301  265  318  3  -2  
11  32  30  1309  265  318  3  -2  
11  32  30  1318  266  318  3  -2  
11  32  30  1326  270  317  3  -2  
11  32  30  1334  271  317  3  -2  
11  32  30  1342  271  317  3  -2  
11  32  30  1351  282  316  3  -2  
11  32  30  1359  287  316  3  -2  
11  32  30  1367  297  316  3  -2  
11  32  30  1376  304  316  3  -2  
11  32  30  1385  310  316  3  -2  
11  32  30  1393  319  316  3  -2  
11  32  30  1400  326  316  3  -2  
11  32  30  1409  331  316  3  -2  
11  32  30  1417  337  316  3  -2  
11  32  30  1425  343  316  3  -2  
11  32  30  1434  351  316  3  -2  
11  32  30  1443  359  316  3  -2  
11  32  30  1451  365  316  3  -2  
11  32  30  1460  371  316  3  -2  
11  32  30  1468  378  316  3  -2  
11  32  30  1476  382  316  3  -2  
11  32  30  1484  386  316  3  -2  
11  32  30  1493  389  316  3  -2  
11  32  30  1502  391  316  3  -2  
11  32  30  1510  396  316  3  -2  
11  32  30  1519  396  316  3  -2  
11  32  30  1527  404  316  3  -2  
11  32  30  1535  410  316  3  -2  
11  32  30  1543  415  316  3  -2  
11  32  30  1552  422  316  3  -2  
11  32  30  1560  432  316  3  -2  
11  32  30  1569  439  319  3  -2  
11  32  30  1577  445  319  3  -2  
11  32  30  1584  450  319  3  -2  
11  32  30  1593  454  319  3  -2  
11  32  30  1602  455  319  3  -2  
11  32  30  1610  458  319  3  -2  
11  32  30  1618  459  319  3  -2  
11  32  30  1626  462  319  3  -2  
11  32  30  1634  464  319  3  -2  
11  32  30  1642  466  319  3  -2  
11  32  30  1651  468  319  3  -2  
11  32  30  1659  472  319  3  -2  
11  32  30  1667  475  319  3  -2  
11  32  30  1676  480  319  3  -2  
11  32  30  1683  484  319  3  -2  
11  32  30  1693  488  319  3  -2  
11  32  30  1700  491  319  3  -2  
11  32  30  1709  494  319  3  -2  
11  32  30  1718  499  319  4  -2  
11  32  30  1730  508  319  4  -2  
11  32  30  1736  510  319  4  -2  
11  32  30  1746  512  319  4  -2  
11  32  30  1753  513  319  4  -2  
11  32  30  1764  514  319  4  -2  
11  32  30  1771  514  319  4  -2  
11  32  30  1780  514  319  4  -2  
11  32  30  1787  514  319  4  -2  
11  32  30  1797  517  319  4  -2  
11  32  30  1803  523  319  4  -2  
11  32  30  1815  523  319  4  -2  
11  32  30  1822  539  319  4  -2  
11  32  30  1832  549  319  4  -2  
11  32  30  1837  558  319  4  -2  
11  32  30  1848  568  319  4  -2  
11  32  30  1856  575  319  4  -2  
11  32  30  1865  577  319  4  -2  
11  32  30  1872  579  319  4  -2  
11  32  30  1881  579  319  4  -2  
11  32  30  1887  579  319  4  -2  
11  32  30  1897  579  319  4  -2  
11  32  30  1904  579  319  4  -2  
11  32  30  1915  579  319  4  -2  
11  32  30  1922  579  319  4  -2  
11  32  30  1932  579  319  4  -2  
11  32  30  1939  579  319  4  -2  
11  32  30  1948  579  319  4  -2  
11  32  30  1954  579  319  4  -2  
11  32  30  1965  579  319  4  -2  
11  32  30  1973  579  319  4  -2  
11  32  30  1982  579  319  4  -2  
11  32  30  1990  579  319  4  -2  
11  32  30  1998  579  319  4  -2  
11  32  30  2006  579  319  4  -2  
11  32  30  2015  579  319  4  -2  
11  32  30  2023  579  319  4  -2  
11  32  30  2031  579  319  4  -2  
11  32  30  2039  579  319  4  -2  
11  32  30  2048  578  319  4  -2  
11  32  30  2056  576  320  4  -2  
11  32  30  2065  571  321  4  -2  
11  32  30  2072  564  322  4  -2  
11  32  30  2082  553  324  4  -2  
11  32  30  2089  540  326  4  -2  
11  32  30  2098  525  327  4  -2  
11  32  30  2106  510  327  4  -2  
11  32  30  2115  495  327  4  -2  
11  32  30  2123  479  327  4  -2  
11  32  30  2131  467  327  4  -2  
11  32  31  2141  455  327  4  -2  
11  32  31  2151  434  327  4  -2  
11  32  31  2162  425  327  4  -2  
11  32  31  2171  418  327  4  -2  
11  32  31  2181  410  327  4  -2  
11  32  31  2190  405  327  4  -2  
11  32  31  2201  398  327  4  -2  
