10  33  5  0  367  279  1  -2  
10  33  5  6  367  279  1  -2  
10  33  5  16  367  279  1  -2  
10  33  5  23  367  279  1  -2  
10  33  5  32  367  279  1  -2  
10  33  5  39  367  279  1  -2  
10  33  5  50  367  279  1  -2  
10  33  5  56  367  279  1  -2  
10  33  5  65  367  279  1  -2  
10  33  5  73  367  279  1  -2  
10  33  5  82  367  279  1  -2  
10  33  5  90  367  279  1  -2  
10  33  5  99  367  279  1  -2  
10  33  5  107  367  279  1  -2  
10  33  5  116  367  279  1  -2  
10  33  5  123  367  279  1  -2  
10  33  5  132  367  279  1  -2  
10  33  5  141  367  279  1  -2  
10  33  5  149  367  279  1  -2  
10  33  5  157  367  279  1  -2  
10  33  5  166  367  279  1  -2  
10  33  5  173  368  278  1  -2  
10  33  5  183  371  278  1  -2  
10  33  5  190  374  278  1  -2  
10  33  5  200  381  280  1  -2  
10  33  5  207  384  280  1  -2  
10  33  5  216  392  281  1  -2  
10  33  5  223  399  281  1  -2  
10  33  5  232  405  283  1  -2  
10  33  5  240  410  284  1  -2  
10  33  5  249  417  284  1  -2  
10  33  5  257  422  285  1  -2  
10  33  5  265  429  287  1  -2  
10  33  5  273  433  287  1  -2  
10  33  5  283  438  287  1  -2  
10  33  5  290  445  289  1  -2  
10  33  5  300  450  289  1  -2  
10  33  5  307  461  289  1  -2  
10  33  5  315  461  289  1  -2  
10  33  5  323  474  289  1  -2  
10  33  5  333  481  289  1  -2  
10  33  5  340  486  289  1  -2  
10  33  5  349  493  289  1  -2  
10  33  5  357  498  289  1  -2  
10  33  5  367  502  289  1  -2  
10  33  5  375  506  289  2  -2  
10  33  5  384  508  289  2  -2  
10  33  5  393  511  289  2  -2  
10  33  5  401  512  289  2  -2  
10  33  5  408  514  289  2  -2  
10  33  5  418  516  289  2  -2  
10  33  5  426  518  289  2  -2  
10  33  5  435  519  289  2  -2  
10  33  5  443  523  289  2  -2  
10  33  5  451  525  289  2  -2  
10  33  5  459  527  289  2  -2  
10  33  5  468  531  289  2  -2  
10  33  5  476  533  289  2  -2  
10  33  5  485  535  289  2  -2  
10  33  5  493  536  289  2  -2  
10  33  5  502  537  290  2  -2  
10  33  5  513  537  290  2  -2  
10  33  5  520  537  290  2  -2  
10  33  5  530  537  290  2  -2  
10  33  5  535  537  290  2  -2  
10  33  5  543  537  290  2  -2  
10  33  5  552  537  290  2  -2  
10  33  5  560  537  290  2  -2  
10  33  5  570  537  290  2  -2  
10  33  5  579  537  290  2  -2  
10  33  5  586  537  290  2  -2  
10  33  5  595  537  290  2  -2  
10  33  5  602  537  290  2  -2  
10  33  5  610  538  290  2  -2  
10  33  5  619  538  290  2  -2  
10  33  5  629  538  290  2  -2  
10  33  5  638  538  290  2  -2  
10  33  5  646  538  290  2  -2  
10  33  5  655  538  290  2  -2  
10  33  5  663  538  290  2  -2  
10  33  6  670  538  290  2  -2  
10  33  6  679  538  290  2  -2  
10  33  6  687  538  290  2  -2  
10  33  6  696  538  290  2  -2  
10  33  6  704  538  290  2  -2  
10  33  6  713  538  290  2  -2  
10  33  6  721  538  290  2  -2  
10  33  6  731  538  290  2  -2  
10  33  6  738  538  290  2  -2  
10  33  6  749  538  290  2  -2  
10  33  6  754  538  290  2  -2  
10  33  6  765  538  290  2  -2  
10  33  6  773  538  290  2  -2  
10  33  6  782  538  290  2  -2  
10  33  6  789  538  290  2  -2  
10  33  6  799  538  290  2  -2  
10  33  6  805  538  290  2  -2  
10  33  6  815  538  290  2  -2  
10  33  6  822  538  290  2  -2  
10  33  6  831  537  290  2  -2  
10  33  6  839  536  290  2  -2  
10  33  6  849  533  290  2  -2  
10  33  6  855  532  290  2  -2  
10  33  6  865  530  291  2  -2  
10  33  6  872  528  291  2  -2  
10  33  6  882  525  291  2  -2  
10  33  6  890  523  291  2  -2  
10  33  6  898  519  293  2  -2  
10  33  6  905  515  293  2  -2  
10  33  6  915  511  293  2  -2  
10  33  6  922  505  293  2  -2  
10  33  6  932  505  293  2  -2  
10  33  6  939  500  294  2  -2  
10  33  6  949  500  294  2  -2  
10  33  6  955  491  295  2  -2  
10  33  6  965  486  296  2  -2  
10  33  6  973  482  296  2  -2  
10  33  6  982  477  296  2  -2  
10  33  6  989  473  296  2  -2  
10  33  6  999  469  297  2  -2  
10  33  6  1006  465  298  2  -2  
10  33  6  1015  462  299  2  -2  
10  33  6  1022  458  300  2  -2  
10  33  6  1032  454  300  2  -2  
10  33  6  1040  451  300  2  -2  
10  33  6  1049  447  301  2  -2  
10  33  6  1055  445  301  2  -2  
10  33  6  1065  441  303  2  -2  
10  33  6  1072  438  303  2  -2  
10  33  6  1081  434  303  2  -2  
10  33  6  1090  431  304  2  -2  
10  33  6  1099  428  306  2  -2  
10  33  6  1105  424  306  2  -2  
10  33  6  1115  418  306  2  -2  
10  33  6  1123  412  308  2  -2  
10  33  6  1132  407  309  2  -2  
10  33  6  1140  391  310  3  -2  
10  33  6  1149  386  310  3  -2  
10  33  6  1154  381  312  3  -2  
10  33  6  1165  381  312  3  -2  
10  33  6  1172  371  314  3  -2  
10  33  6  1182  369  315  3  -2  
10  33  6  1189  368  315  3  -2  
10  33  6  1198  366  315  3  -2  
10  33  6  1206  365  315  3  -2  
10  33  6  1214  365  315  3  -2  
10  33  6  1222  363  316  3  -2  
10  33  6  1231  363  316  3  -2  
10  33  6  1239  363  316  3  -2  
10  33  6  1248  363  316  3  -2  
10  33  6  1255  362  316  3  -2  
10  33  6  1264  362  316  3  -2  
10  33  6  1272  362  316  3  -2  
10  33  6  1281  362  316  3  -2  
10  33  6  1290  362  316  3  -2  
10  33  6  1298  362  316  3  -2  
10  33  6  1305  362  316  3  -2  
10  33  6  1315  362  316  3  -2  
10  33  6  1322  362  316  3  -2  
10  33  6  1331  362  316  3  -2  
10  33  6  1340  362  316  3  -2  
10  33  6  1348  362  316  3  -2  
10  33  6  1355  362  316  3  -2  
10  33  6  1364  362  316  3  -2  
10  33  6  1372  362  316  3  -2  
10  33  6  1381  362  316  3  -2  
10  33  6  1389  362  316  3  -2  
10  33  6  1398  362  316  3  -2  
10  33  6  1406  362  316  3  -2  
10  33  6  1414  362  316  3  -2  
10  33  6  1422  362  316  3  -2  
10  33  6  1432  365  316  3  -2  
10  33  6  1439  370  316  3  -2  
10  33  6  1448  375  319  3  -2  
10  33  6  1454  381  320  3  -2  
10  33  6  1464  388  320  3  -2  
10  33  6  1471  395  321  3  -2  
10  33  6  1481  402  322  3  -2  
10  33  6  1490  412  323  3  -2  
10  33  6  1498  417  324  3  -2  
10  33  6  1505  423  326  3  -2  
10  33  6  1514  429  326  3  -2  
10  33  6  1522  436  327  3  -2  
10  33  6  1532  445  328  3  -2  
10  33  6  1539  461  332  3  -2  
10  33  6  1548  471  332  3  -2  
10  33  6  1555  480  333  3  -2  
10  33  6  1565  485  334  3  -2  
10  33  6  1571  492  334  3  -2  
10  33  6  1581  499  334  3  -2  
10  33  6  1589  504  334  4  -2  
10  33  6  1598  509  334  4  -2  
10  33  6  1605  511  334  4  -2  
10  33  6  1614  516  334  4  -2  
10  33  6  1622  520  334  4  -2  
10  33  6  1632  523  334  4  -2  
10  33  6  1639  524  334  4  -2  
10  33  6  1648  524  334  4  -2  
10  33  6  1655  524  334  4  -2  
10  33  6  1664  524  334  4  -2  
10  33  7  1671  524  334  4  -2  
10  33  7  1681  525  334  4  -2  
10  33  7  1690  525  334  4  -2  
10  33  7  1698  527  336  4  -2  
10  33  7  1705  528  336  4  -2  
10  33  7  1714  529  336  4  -2  
10  33  7  1721  530  336  4  -2  
10  33  7  1731  531  336  4  -2  
10  33  7  1739  532  336  4  -2  
10  33  7  1749  532  336  4  -2  
10  33  7  1755  532  336  4  -2  
10  33  7  1764  532  336  4  -2  
10  33  7  1771  532  336  4  -2  
10  33  7  1781  532  336  4  -2  
10  33  7  1790  532  336  4  -2  
10  33  7  1798  532  336  4  -2  
10  33  7  1806  532  336  4  -2  
10  33  7  1814  533  336  4  -2  
10  33  7  1822  533  336  4  -2  
10  33  7  1831  533  336  4  -2  
10  33  7  1839  533  336  4  -2  
10  33  7  1849  533  336  4  -2  
10  33  7  1858  533  336  4  -2  
10  33  7  1868  533  336  4  -2  
10  33  7  1879  533  336  4  -2  
10  33  7  1887  533  336  4  -2  
10  33  7  1895  533  336  4  -2  
10  33  7  1903  533  336  4  -2  
10  33  7  1914  533  336  4  -2  
10  33  7  1920  533  336  4  -2  
10  33  7  1931  533  336  4  -2  
10  33  7  1937  533  336  4  -2  
10  33  7  1945  533  336  4  -2  
10  33  7  1953  533  336  4  -2  
10  33  7  1963  533  336  4  -2  
10  33  7  1970  533  336  4  -2  
10  33  7  1981  533  336  4  -2  
10  33  7  1988  533  336  4  -2  
10  33  7  1998  533  336  4  -2  
10  33  7  2004  531  336  4  -2  
10  33  7  2013  529  336  4  -2  
10  33  7  2020  526  336  4  -2  
10  33  7  2031  523  336  4  -2  
10  33  7  2037  520  336  4  -2  
10  33  7  2048  518  336  4  -2  
10  33  7  2055  514  336  4  -2  
10  33  7  2063  510  336  4  -2  
10  33  7  2070  508  336  4  -2  
10  33  7  2081  503  336  4  -2  
10  33  7  2088  498  336  4  -2  
10  33  7  2098  493  336  4  -2  
10  33  7  2104  487  336  4  -2  
10  33  7  2114  482  336  4  -2  
10  33  7  2120  477  336  4  -2  
10  33  7  2132  472  336  4  -2  
10  33  7  2138  464  336  4  -2  
10  33  7  2147  464  336  4  -2  
10  33  7  2155  456  336  4  -2  
10  33  7  2164  456  336  4  -2  
10  33  7  2170  448  336  4  -2  
10  33  7  2181  448  336  4  -2  
10  33  7  2189  441  336  4  -2  
10  33  7  2197  439  336  4  -2  
10  33  7  2206  436  336  4  -2  
10  33  7  2214  432  337  4  -2  
10  33  7  2222  431  337  4  -2  
10  33  7  2231  428  338  4  -2  
10  33  7  2239  427  338  4  -2  
10  33  7  2248  424  338  4  -2  
10  33  7  2254  422  340  4  -2  
10  33  7  2264  419  341  4  -2  
10  33  7  2271  418  341  4  -2  
10  33  7  2282  414  341  4  -2  
10  33  7  2288  413  341  4  -2  
10  33  7  2297  410  342  4  -2  
10  33  7  2304  408  342  4  -2  
10  33  7  2314  406  342  4  -2  
10  33  7  2321  404  343  4  -2  
10  33  7  2331  401  343  4  -2  
10  33  7  2338  400  343  4  -2  
10  33  7  2347  398  343  4  -2  
10  33  7  2354  395  344  4  -2  
10  33  7  2364  395  344  4  -2  
10  33  7  2372  392  344  4  -2  
10  33  7  2381  392  344  4  -2  
10  33  7  2390  389  344  4  -2  
10  33  7  2397  389  344  4  -2  
10  33  7  2405  388  344  4  -2  
10  33  7  2414  387  345  4  -2  
10  33  7  2421  386  345  4  -2  
10  33  7  2431  386  345  4  -2  
10  33  7  2439  385  345  4  -2  
10  33  7  2448  385  345  4  -2  
10  33  7  2455  383  346  4  -2  
10  33  7  2464  383  346  4  -2  
10  33  7  2471  383  346  4  -2  
10  33  7  2481  382  347  4  -2  
10  33  7  2488  382  347  4  -2  
10  33  7  2497  381  347  4  -2  
10  33  7  2505  381  347  4  -2  
10  33  7  2513  381  347  4  -2  
