15  35  16  0  356  308  1  -2  
15  35  16  9  356  308  1  -2  
15  35  16  18  356  308  1  -2  
15  35  16  26  356  308  1  -2  
15  35  16  34  356  308  1  -2  
15  35  16  42  356  308  1  -2  
15  35  16  50  356  308  1  -2  
15  35  16  58  356  308  1  -2  
15  35  16  67  356  308  1  -2  
15  35  16  76  356  308  1  -2  
15  35  16  84  356  308  1  -2  
15  35  16  91  357  308  1  -2  
15  35  16  101  361  308  1  -2  
15  35  16  108  366  309  1  -2  
15  35  16  118  371  309  1  -2  
15  35  17  126  382  312  1  -2  
15  35  17  134  392  313  1  -2  
15  35  17  141  403  313  1  -2  
15  35  17  151  418  313  1  -2  
15  35  17  157  437  313  1  -2  
15  35  17  166  453  313  1  -2  
15  35  17  175  470  313  1  -2  
15  35  17  183  484  313  1  -2  
15  35  17  194  496  313  2  -2  
15  35  17  200  508  313  2  -2  
15  35  17  211  508  313  2  -2  
15  35  17  220  517  313  2  -2  
15  35  17  227  518  313  2  -2  
15  35  17  235  519  313  2  -2  
15  35  17  244  519  313  2  -2  
15  35  17  254  521  313  2  -2  
15  35  17  261  521  313  2  -2  
15  35  17  269  521  313  2  -2  
15  35  17  277  521  313  2  -2  
15  35  17  286  521  313  2  -2  
15  35  17  295  521  313  2  -2  
15  35  17  302  521  313  2  -2  
15  35  17  311  521  313  2  -2  
15  35  17  320  521  313  2  -2  
15  35  17  327  521  313  2  -2  
15  35  17  335  521  313  2  -2  
15  35  17  344  521  313  2  -2  
15  35  17  354  521  313  2  -2  
15  35  17  360  521  313  2  -2  
15  35  17  369  521  313  2  -2  
15  35  17  377  521  313  2  -2  
15  35  17  387  521  313  2  -2  
15  35  17  397  521  313  2  -2  
15  35  17  405  521  313  2  -2  
15  35  17  415  521  313  2  -2  
15  35  17  423  521  313  2  -2  
15  35  17  433  521  313  2  -2  
15  35  17  440  521  313  2  -2  
15  35  17  451  521  313  2  -2  
15  35  17  459  523  313  2  -2  
15  35  17  468  525  313  2  -2  
15  35  17  477  525  313  2  -2  
15  35  17  486  525  313  2  -2  
15  35  17  497  525  313  2  -2  
15  35  17  505  525  313  2  -2  
15  35  17  515  525  313  2  -2  
15  35  17  523  525  313  2  -2  
15  35  17  534  525  313  2  -2  
15  35  17  542  525  313  2  -2  
15  35  17  551  525  313  2  -2  
15  35  17  559  525  313  2  -2  
15  35  17  569  525  313  2  -2  
15  35  17  578  525  313  2  -2  
15  35  17  587  525  313  2  -2  
15  35  17  596  525  313  2  -2  
15  35  17  605  525  313  2  -2  
15  35  17  613  525  313  2  -2  
15  35  17  620  525  313  2  -2  
15  35  17  631  525  313  2  -2  
15  35  17  637  525  313  2  -2  
15  35  17  649  525  313  2  -2  
15  35  17  656  525  313  2  -2  
15  35  17  667  525  313  2  -2  
15  35  17  675  525  313  2  -2  
15  35  17  686  525  313  2  -2  
15  35  17  696  525  313  2  -2  
15  35  17  705  525  313  2  -2  
15  35  17  716  525  313  2  -2  
15  35  17  725  525  313  2  -2  
15  35  17  735  525  313  2  -2  
15  35  17  750  525  313  2  -2  
15  35  17  765  525  313  2  -2  
15  35  17  774  525  313  2  -2  
15  35  17  784  521  313  2  -2  
15  35  17  794  515  313  2  -2  
15  35  17  803  505  313  2  -2  
15  35  17  814  477  313  2  -2  
15  35  17  822  459  313  2  -2  
15  35  17  831  436  315  2  -2  
15  35  17  839  418  315  2  -2  
15  35  17  851  395  315  3  -2  
15  35  17  859  360  315  3  -2  
15  35  17  869  345  315  3  -2  
15  35  17  879  330  315  3  -2  
15  35  17  887  319  315  3  -2  
15  35  17  895  309  315  3  -2  
15  35  17  904  302  315  3  -2  
15  35  17  914  299  315  3  -2  
15  35  17  920  298  315  3  -2  
15  35  17  930  298  315  3  -2  
15  35  17  936  298  315  3  -2  
15  35  17  947  298  315  3  -2  
15  35  17  953  298  315  3  -2  
15  35  17  964  298  315  3  -2  
15  35  17  971  298  315  3  -2  
15  35  17  981  298  315  3  -2  
15  35  17  987  298  315  3  -2  
15  35  17  997  298  315  3  -2  
15  35  17  1004  298  315  3  -2  
15  35  17  1011  298  315  3  -2  
15  35  17  1019  298  315  3  -2  
15  35  17  1029  298  315  3  -2  
15  35  17  1036  298  315  3  -2  
15  35  17  1047  298  315  3  -2  
15  35  17  1054  298  315  3  -2  
15  35  17  1061  298  315  3  -2  
15  35  17  1069  298  315  3  -2  
15  35  17  1081  298  315  3  -2  
15  35  17  1087  298  315  3  -2  
15  35  17  1097  298  315  3  -2  
15  35  17  1105  298  315  3  -2  
15  35  17  1114  298  315  3  -2  
15  35  17  1120  298  315  3  -2  
15  35  18  1128  298  315  3  -2  
15  35  18  1136  298  315  3  -2  
15  35  18  1147  298  315  3  -2  
15  35  18  1155  298  315  3  -2  
15  35  18  1164  298  315  3  -2  
15  35  18  1170  298  315  3  -2  
15  35  18  1177  298  315  3  -2  
15  35  18  1186  298  315  3  -2  
15  35  18  1197  298  315  3  -2  
15  35  18  1205  298  315  3  -2  
15  35  18  1214  298  315  3  -2  
15  35  18  1222  298  315  3  -2  
15  35  18  1231  298  315  3  -2  
15  35  18  1237  298  315  3  -2  
15  35  18  1247  298  315  3  -2  
15  35  18  1255  297  316  3  -2  
15  35  18  1264  297  316  3  -2  
15  35  18  1271  297  316  3  -2  
15  35  18  1280  297  316  3  -2  
15  35  18  1287  297  316  3  -2  
15  35  18  1297  297  316  3  -2  
15  35  18  1305  297  316  3  -2  
15  35  18  1314  297  316  3  -2  
15  35  18  1320  297  316  3  -2  
15  35  18  1331  297  316  3  -2  
15  35  18  1337  298  316  3  -2  
15  35  18  1347  298  316  3  -2  
15  35  18  1354  298  316  3  -2  
15  35  18  1364  298  316  3  -2  
15  35  18  1370  298  316  3  -2  
15  35  18  1380  298  316  3  -2  
15  35  18  1388  300  317  3  -2  
15  35  18  1398  300  317  3  -2  
15  35  18  1405  300  317  3  -2  
15  35  18  1415  303  317  3  -2  
15  35  18  1421  303  317  3  -2  
15  35  18  1432  304  317  3  -2  
15  35  18  1438  305  317  3  -2  
15  35  18  1448  307  318  3  -2  
15  35  18  1455  308  318  3  -2  
15  35  18  1466  311  318  3  -2  
15  35  18  1473  314  318  3  -2  
15  35  18  1482  317  318  3  -2  
15  35  18  1489  319  318  3  -2  
15  35  18  1500  323  318  3  -2  
15  35  18  1509  335  318  3  -2  
15  35  18  1518  342  319  3  -2  
15  35  18  1526  348  319  3  -2  
15  35  18  1536  360  319  3  -2  
15  35  18  1547  372  319  3  -2  
15  35  18  1556  398  319  3  -2  
15  35  18  1566  413  319  3  -2  
15  35  18  1575  431  319  3  -2  
15  35  18  1585  448  319  3  -2  
15  35  18  1593  463  319  3  -2  
15  35  18  1602  476  319  3  -2  
15  35  18  1610  488  319  3  -2  
15  35  18  1620  495  319  4  -2  
15  35  18  1635  505  319  4  -2  
15  35  18  1644  511  319  4  -2  
15  35  18  1655  513  319  4  -2  
15  35  18  1666  514  319  4  -2  
15  35  18  1675  515  320  4  -2  
15  35  18  1686  517  320  4  -2  
15  35  18  1697  517  320  4  -2  
15  35  18  1707  520  320  4  -2  
15  35  18  1718  524  320  4  -2  
15  35  18  1727  526  320  4  -2  
15  35  18  1737  529  320  4  -2  
15  35  18  1752  533  320  4  -2  
15  35  18  1761  536  320  4  -2  
15  35  18  1770  537  320  4  -2  
15  35  18  1779  537  320  4  -2  
15  35  18  1788  537  320  4  -2  
15  35  18  1797  537  320  4  -2  
15  35  18  1805  537  320  4  -2  
15  35  18  1817  537  320  4  -2  
15  35  18  1826  537  320  4  -2  
15  35  18  1835  537  320  4  -2  
15  35  18  1847  537  320  4  -2  
15  35  18  1854  537  320  4  -2  
15  35  18  1863  537  320  4  -2  
15  35  18  1872  537  320  4  -2  
15  35  18  1882  537  320  4  -2  
15  35  18  1890  537  320  4  -2  
15  35  18  1901  537  320  4  -2  
15  35  18  1908  537  320  4  -2  
15  35  18  1918  537  320  4  -2  
15  35  18  1929  537  320  4  -2  
15  35  18  1937  537  320  4  -2  
15  35  18  1948  537  320  4  -2  
15  35  18  1957  537  320  4  -2  
15  35  18  1967  537  320  4  -2  
15  35  18  1976  537  320  4  -2  
15  35  18  1985  537  320  4  -2  
15  35  18  1996  537  320  4  -2  
15  35  18  2006  537  320  4  -2  
15  35  18  2017  537  320  4  -2  
15  35  18  2029  537  320  4  -2  
15  35  18  2037  537  320  4  -2  
15  35  18  2050  536  320  4  -2  
15  35  18  2059  519  320  4  -2  
15  35  18  2070  506  320  4  -2  
15  35  18  2081  488  320  4  -2  
15  35  18  2089  471  320  4  -2  
15  35  18  2100  448  320  4  -2  
15  35  18  2111  414  320  4  -2  
15  35  18  2120  402  320  4  -2  
15  35  19  2131  392  323  5  -2  
15  35  19  2138  390  323  5  -2  
15  35  19  2150  390  323  5  -2  
15  35  19  2159  390  323  5  -2  
15  35  19  2167  390  323  5  -2  
15  35  19  2176  390  323  5  -2  
15  35  19  2183  389  323  5  -2  
15  35  19  2193  386  323  5  -2  
15  35  19  2200  382  323  5  -2  
15  35  19  2210  379  322  5  -2  
15  35  19  2217  373  322  5  -2  
15  35  19  2226  373  322  5  -2  
15  35  19  2236  372  322  5  -2  
15  35  19  2243  372  322  5  -2  
15  35  19  2252  372  322  5  -2  
15  35  19  2260  372  322  5  -2  
15  35  19  2269  372  322  5  -2  
15  35  19  2277  372  322  5  -2  
15  35  19  2285  372  322  5  -2  
15  35  19  2294  372  322  5  -2  
15  35  19  2303  372  322  5  -2  
15  35  19  2312  372  322  5  -2  
15  35  19  2318  372  322  5  -2  
15  35  19  2327  372  322  5  -2  
15  35  19  2335  372  322  5  -2  
15  35  19  2343  372  322  5  -2  
15  35  19  2352  372  322  5  -2  
15  35  19  2360  372  322  5  -2  
15  35  19  2369  372  322  5  -2  
15  35  19  2378  372  322  5  -2  
15  35  19  2387  372  322  5  -2  
15  35  19  2397  372  322  5  -2  
15  35  19  2405  372  322  5  -2  
15  35  19  2415  372  322  5  -2  
15  35  19  2421  372  322  5  -2  
15  35  19  2431  372  322  5  -2  
15  35  19  2439  372  322  5  -2  
15  35  19  2448  372  322  5  -2  
15  35  19  2475  372  322  5  -2  
15  35  19  2484  372  322  5  -2  
15  35  19  2492  372  322  5  -2  
15  35  19  2501  372  322  5  -2  
15  35  19  2509  372  322  5  -2  
15  35  19  2518  372  322  5  -2  
15  35  19  2526  372  322  5  -2  
15  35  19  2535  372  322  5  -2  
15  35  19  2542  372  322  5  -2  
15  35  19  2550  372  322  5  -2  
15  35  19  2559  372  322  5  -2  
15  35  19  2568  372  322  5  -2  
15  35  19  2576  372  322  5  -2  
15  35  19  2585  372  322  5  -2  
15  35  19  2593  372  322  5  -2  
15  35  19  2600  372  322  5  -2  
15  35  19  2609  372  322  5  -2  
15  35  19  2618  372  322  5  -2  
15  35  19  2628  372  322  5  -2  
15  35  19  2635  372  322  5  -2  
15  35  19  2643  372  322  5  -2  
15  35  19  2652  372  322  5  -2  
15  35  19  2663  372  322  5  -2  
15  35  19  2669  372  322  5  -2  
