10  32  49  0  359  278  1  -2  
10  32  49  11  359  278  1  -2  
10  32  49  19  359  278  1  -2  
10  32  49  30  359  278  1  -2  
10  32  49  36  359  278  1  -2  
10  32  49  48  359  278  1  -2  
10  32  49  54  359  278  1  -2  
10  32  49  64  359  278  1  -2  
10  32  49  74  359  278  1  -2  
10  32  49  84  359  278  1  -2  
10  32  49  94  359  278  1  -2  
10  32  49  102  359  278  1  -2  
10  32  49  112  359  278  1  -2  
10  32  49  121  359  278  1  -2  
10  32  49  132  359  278  1  -2  
10  32  49  142  359  278  1  -2  
10  32  49  153  359  278  1  -2  
10  32  49  163  359  278  1  -2  
10  32  50  171  359  278  1  -2  
10  32  50  181  360  278  1  -2  
10  32  50  193  360  278  1  -2  
10  32  50  202  360  278  1  -2  
10  32  50  212  360  278  1  -2  
10  32  50  224  361  278  1  -2  
10  32  50  233  362  278  1  -2  
10  32  50  244  364  278  1  -2  
10  32  50  256  365  278  1  -2  
10  32  50  265  367  279  1  -2  
10  32  50  274  370  281  1  -2  
10  32  50  284  373  282  1  -2  
10  32  50  294  376  282  1  -2  
10  32  50  302  380  282  1  -2  
10  32  50  313  382  283  1  -2  
10  32  50  321  385  284  1  -2  
10  32  50  333  385  285  1  -2  
10  32  50  342  386  285  1  -2  
10  32  50  352  388  285  1  -2  
10  32  50  363  389  286  1  -2  
10  32  50  372  391  286  1  -2  
10  32  50  384  393  286  1  -2  
10  32  50  394  398  286  1  -2  
10  32  50  402  404  287  1  -2  
10  32  50  412  411  289  1  -2  
10  32  50  420  414  290  1  -2  
10  32  50  431  420  291  1  -2  
10  32  50  438  432  292  1  -2  
10  32  50  447  436  292  1  -2  
10  32  50  455  442  293  1  -2  
10  32  50  464  445  293  1  -2  
10  32  50  472  452  295  1  -2  
10  32  50  482  455  295  1  -2  
10  32  50  493  459  295  1  -2  
10  32  50  501  465  295  1  -2  
10  32  50  511  471  296  1  -2  
10  32  50  520  483  297  1  -2  
10  32  50  531  487  297  1  -2  
10  32  50  538  490  297  1  -2  
10  32  50  546  494  297  1  -2  
10  32  50  554  496  297  1  -2  
10  32  50  563  498  297  1  -2  
10  32  50  573  500  297  2  -2  
10  32  50  582  501  297  2  -2  
10  32  50  591  505  297  2  -2  
10  32  50  600  507  297  2  -2  
10  32  50  611  512  297  2  -2  
10  32  50  619  516  297  2  -2  
10  32  50  631  521  297  2  -2  
10  32  50  640  531  297  2  -2  
10  32  50  650  534  297  2  -2  
10  32  50  661  538  297  2  -2  
10  32  50  669  542  297  2  -2  
10  32  50  680  543  297  2  -2  
10  32  50  687  547  297  2  -2  
10  32  50  697  547  297  2  -2  
10  32  50  704  547  297  2  -2  
10  32  50  713  547  297  2  -2  
10  32  50  719  547  297  2  -2  
10  32  50  730  547  297  2  -2  
10  32  50  736  547  297  2  -2  
10  32  50  747  547  297  2  -2  
10  32  50  752  547  297  2  -2  
10  32  50  763  547  297  2  -2  
10  32  50  770  548  297  2  -2  
10  32  50  780  549  297  2  -2  
10  32  50  788  549  297  2  -2  
10  32  50  797  549  297  2  -2  
10  32  50  803  549  297  2  -2  
10  32  50  813  549  297  2  -2  
10  32  50  819  549  297  2  -2  
10  32  50  831  549  297  2  -2  
10  32  50  838  549  297  2  -2  
10  32  50  846  549  297  2  -2  
10  32  50  854  549  297  2  -2  
10  32  50  863  549  297  2  -2  
10  32  50  870  549  297  2  -2  
10  32  50  880  549  297  2  -2  
10  32  50  888  549  297  2  -2  
10  32  50  896  549  297  2  -2  
10  32  50  903  549  297  2  -2  
10  32  50  912  549  297  2  -2  
10  32  50  920  549  297  2  -2  
10  32  50  930  549  297  2  -2  
10  32  50  937  549  297  2  -2  
10  32  50  947  549  297  2  -2  
10  32  50  953  549  297  2  -2  
10  32  50  963  549  297  2  -2  
10  32  50  970  549  297  2  -2  
10  32  50  980  549  297  2  -2  
10  32  50  987  549  297  2  -2  
10  32  50  996  549  297  2  -2  
10  32  50  1003  549  297  2  -2  
10  32  50  1013  549  297  2  -2  
10  32  50  1020  549  297  2  -2  
10  32  50  1030  549  297  2  -2  
10  32  50  1035  549  297  2  -2  
10  32  50  1047  549  297  2  -2  
10  32  50  1055  549  297  2  -2  
10  32  50  1065  549  297  2  -2  
10  32  50  1073  549  297  2  -2  
10  32  50  1082  549  297  2  -2  
10  32  50  1092  549  297  2  -2  
10  32  50  1099  549  297  2  -2  
10  32  50  1109  549  297  2  -2  
10  32  50  1116  549  297  2  -2  
10  32  50  1127  549  297  2  -2  
10  32  50  1134  549  297  2  -2  
10  32  50  1143  546  297  2  -2  
10  32  50  1150  543  297  2  -2  
10  32  50  1159  541  297  2  -2  
10  32  51  1166  539  297  2  -2  
10  32  51  1177  537  297  2  -2  
10  32  51  1184  533  297  2  -2  
10  32  51  1192  531  297  2  -2  
10  32  51  1200  528  297  2  -2  
10  32  51  1209  525  298  2  -2  
10  32  51  1217  523  298  2  -2  
10  32  51  1225  519  300  2  -2  
10  32  51  1232  515  301  2  -2  
10  32  51  1242  512  301  2  -2  
10  32  51  1250  508  302  2  -2  
10  32  51  1259  503  303  2  -2  
10  32  51  1265  500  303  2  -2  
10  32  51  1277  494  305  2  -2  
10  32  51  1283  491  305  2  -2  
10  32  51  1292  486  306  2  -2  
10  32  51  1299  482  306  2  -2  
10  32  51  1310  478  306  2  -2  
10  32  51  1317  473  307  2  -2  
10  32  51  1324  469  308  2  -2  
10  32  51  1332  464  310  2  -2  
10  32  51  1342  458  313  2  -2  
10  32  51  1349  449  314  2  -2  
10  32  51  1360  447  316  2  -2  
10  32  51  1367  442  317  2  -2  
10  32  51  1379  437  318  2  -2  
10  32  51  1384  433  318  2  -2  
10  32  51  1393  428  319  2  -2  
10  32  51  1400  423  319  2  -2  
10  32  51  1410  417  321  2  -2  
10  32  51  1418  412  322  2  -2  
10  32  51  1431  405  322  2  -2  
10  32  51  1440  405  322  2  -2  
10  32  51  1449  405  322  2  -2  
10  32  51  1457  405  322  2  -2  
10  32  51  1468  405  322  2  -2  
10  32  51  1474  405  322  2  -2  
10  32  51  1483  361  329  3  -2  
10  32  51  1493  357  329  3  -2  
10  32  51  1499  352  330  3  -2  
10  32  51  1509  348  330  3  -2  
10  32  51  1516  344  331  3  -2  
10  32  51  1527  342  332  3  -2  
10  32  51  1534  337  333  3  -2  
10  32  51  1544  334  334  3  -2  
10  32  51  1550  334  334  3  -2  
10  32  51  1560  333  334  3  -2  
10  32  51  1567  332  334  3  -2  
10  32  51  1577  332  334  3  -2  
10  32  51  1583  332  334  3  -2  
10  32  51  1592  332  334  3  -2  
10  32  51  1600  332  334  3  -2  
10  32  51  1610  332  334  3  -2  
10  32  51  1616  332  334  3  -2  
10  32  51  1625  332  334  3  -2  
10  32  51  1633  332  334  3  -2  
10  32  51  1644  332  334  3  -2  
10  32  51  1649  332  334  3  -2  
10  32  51  1660  332  334  3  -2  
10  32  51  1667  332  334  3  -2  
10  32  51  1677  332  334  3  -2  
10  32  51  1684  333  334  3  -2  
10  32  51  1693  335  334  3  -2  
10  32  51  1700  340  334  3  -2  
10  32  51  1710  346  334  3  -2  
10  32  51  1717  353  334  3  -2  
10  32  51  1727  358  334  3  -2  
10  32  51  1734  366  334  3  -2  
10  32  51  1744  370  334  3  -2  
10  32  51  1752  375  334  3  -2  
10  32  51  1761  378  334  3  -2  
10  32  51  1768  382  334  3  -2  
10  32  51  1777  384  334  3  -2  
10  32  51  1784  386  334  3  -2  
10  32  51  1793  389  334  3  -2  
10  32  51  1800  392  334  3  -2  
10  32  51  1810  395  334  3  -2  
10  32  51  1817  400  334  3  -2  
10  32  51  1826  404  334  3  -2  
10  32  51  1833  408  334  3  -2  
10  32  51  1843  413  334  3  -2  
10  32  51  1849  418  334  3  -2  
10  32  51  1860  423  334  3  -2  
10  32  51  1867  428  334  3  -2  
10  32  51  1876  434  334  3  -2  
10  32  51  1883  439  334  3  -2  
10  32  51  1893  444  334  3  -2  
10  32  51  1899  449  334  3  -2  
10  32  51  1910  454  334  3  -2  
10  32  51  1917  464  334  3  -2  
10  32  51  1927  464  334  3  -2  
10  32  51  1934  472  334  3  -2  
10  32  51  1943  473  334  3  -2  
10  32  51  1951  474  335  3  -2  
10  32  51  1960  474  335  3  -2  
10  32  51  1966  474  335  3  -2  
10  32  51  1977  474  335  3  -2  
10  32  51  1985  474  335  3  -2  
10  32  51  1994  474  335  3  -2  
10  32  51  2000  475  336  3  -2  
10  32  51  2010  475  336  3  -2  
10  32  51  2018  476  336  3  -2  
10  32  51  2027  479  336  3  -2  
10  32  51  2034  482  336  3  -2  
10  32  51  2044  486  336  3  -2  
10  32  51  2051  489  337  3  -2  
10  32  51  2062  492  338  3  -2  
10  32  51  2067  496  339  3  -2  
10  32  51  2079  496  339  3  -2  
10  32  51  2084  499  339  3  -2  
10  32  51  2095  499  339  3  -2  
10  32  51  2102  499  339  3  -2  
10  32  51  2111  500  340  3  -2  
10  32  51  2119  500  340  3  -2  
10  32  51  2128  500  340  3  -2  
10  32  51  2136  500  340  3  -2  
10  32  51  2145  500  340  3  -2  
10  32  51  2152  501  340  3  -2  
10  32  51  2162  503  340  3  -2  
10  32  52  2169  505  340  4  -2  
10  32  52  2180  507  340  4  -2  
10  32  52  2186  510  340  4  -2  
10  32  52  2194  510  340  4  -2  
10  32  52  2202  510  340  4  -2  
10  32  52  2212  510  340  4  -2  
10  32  52  2219  510  340  4  -2  
10  32  52  2228  510  340  4  -2  
10  32  52  2237  510  340  4  -2  
10  32  52  2246  511  340  4  -2  
10  32  52  2253  511  340  4  -2  
10  32  52  2261  511  340  4  -2  
10  32  52  2269  511  340  4  -2  
10  32  52  2279  511  340  4  -2  
10  32  52  2284  511  340  4  -2  
10  32  52  2294  511  340  4  -2  
10  32  52  2302  511  340  4  -2  
10  32  52  2312  511  340  4  -2  
10  32  52  2319  511  340  4  -2  
10  32  52  2328  511  340  4  -2  
10  32  52  2337  511  340  4  -2  
10  32  52  2344  511  340  4  -2  
10  32  52  2352  511  340  4  -2  
10  32  52  2361  511  340  4  -2  
10  32  52  2370  511  340  4  -2  
10  32  52  2379  511  340  4  -2  
10  32  52  2386  511  340  4  -2  
10  32  52  2395  511  340  4  -2  
10  32  52  2402  511  340  4  -2  
10  32  52  2412  511  340  4  -2  
10  32  52  2419  511  340  4  -2  
10  32  52  2429  511  340  4  -2  
10  32  52  2437  511  340  4  -2  
10  32  52  2444  511  340  4  -2  
10  32  52  2453  511  340  4  -2  
10  32  52  2461  511  340  4  -2  
10  32  52  2470  511  340  4  -2  
10  32  52  2478  511  340  4  -2  
10  32  52  2488  511  340  4  -2  
10  32  52  2496  511  340  4  -2  
10  32  52  2503  511  340  4  -2  
10  32  52  2512  511  340  4  -2  
10  32  52  2521  510  341  4  -2  
10  32  52  2529  507  341  4  -2  
10  32  52  2538  503  341  4  -2  
10  32  52  2546  501  342  4  -2  
10  32  52  2554  496  342  4  -2  
10  32  52  2562  490  343  4  -2  
10  32  52  2571  483  345  4  -2  
10  32  52  2579  476  345  4  -2  
10  32  52  2588  469  346  4  -2  
10  32  52  2596  462  346  4  -2  
10  32  52  2605  455  348  4  -2  
10  32  52  2614  447  349  4  -2  
10  32  52  2622  433  352  4  -2  
10  32  52  2630  427  352  4  -2  
10  32  52  2638  420  354  4  -2  
10  32  52  2647  415  355  4  -2  
10  32  52  2655  409  357  4  -2  
10  32  52  2664  404  358  4  -2  
10  32  52  2672  395  358  4  -2  
10  32  52  2680  390  359  4  -2  
10  32  52  2689  386  360  4  -2  
10  32  52  2698  382  360  4  -2  
10  32  52  2705  379  360  4  -2  
10  32  52  2714  375  360  4  -2  
10  32  52  2722  373  360  4  -2  
10  32  52  2730  372  360  4  -2  
10  32  52  2739  371  360  4  -2  
10  32  52  2748  370  360  4  -2  
10  32  52  2756  370  360  4  -2  
10  32  52  2764  369  361  4  -2  
10  32  52  2771  369  361  4  -2  
10  32  52  2780  369  361  4  -2  
10  32  52  2789  368  362  4  -2  
10  32  52  2798  368  362  4  -2  
10  32  52  2806  367  362  4  -2  
10  32  52  2815  366  362  4  -2  
10  32  52  2823  366  362  4  -2  
10  32  52  2832  364  362  4  -2  
10  32  52  2839  364  362  4  -2  
10  32  52  2848  364  362  4  -2  
10  32  52  2857  364  362  4  -2  
