11  32  51  0  372  319  1  -2  
11  32  51  8  372  319  1  -2  
11  32  51  18  372  319  1  -2  
11  32  51  25  372  319  1  -2  
11  32  51  33  372  319  1  -2  
11  32  51  42  372  319  1  -2  
11  32  51  50  372  319  1  -2  
11  32  51  59  372  319  1  -2  
11  32  51  68  372  319  1  -2  
11  32  51  75  372  319  1  -2  
11  32  51  83  372  319  1  -2  
11  32  51  92  372  319  1  -2  
11  32  51  100  372  319  1  -2  
11  32  51  110  372  319  1  -2  
11  32  51  118  372  319  1  -2  
11  32  51  125  372  319  1  -2  
11  32  51  133  372  319  1  -2  
11  32  51  142  372  319  1  -2  
11  32  51  150  372  319  1  -2  
11  32  51  159  372  319  1  -2  
11  32  51  168  372  319  1  -2  
11  32  51  175  372  319  1  -2  
11  32  51  184  372  319  1  -2  
11  32  51  192  372  319  1  -2  
11  32  51  200  372  319  1  -2  
11  32  51  209  372  318  1  -2  
11  32  51  218  372  318  1  -2  
11  32  51  225  373  317  1  -2  
11  32  52  233  373  317  1  -2  
11  32  52  242  373  317  1  -2  
11  32  52  250  373  317  1  -2  
11  32  52  259  373  317  1  -2  
11  32  52  269  373  317  1  -2  
11  32  52  277  373  317  1  -2  
11  32  52  283  373  317  1  -2  
11  32  52  292  373  317  1  -2  
11  32  52  302  373  317  1  -2  
11  32  52  310  374  317  1  -2  
11  32  52  319  376  316  1  -2  
11  32  52  327  377  316  1  -2  
11  32  52  338  380  316  1  -2  
11  32  52  343  381  316  1  -2  
11  32  52  352  384  316  1  -2  
11  32  52  360  386  316  1  -2  
11  32  52  369  389  316  1  -2  
11  32  52  378  391  316  1  -2  
11  32  52  384  395  316  1  -2  
11  32  52  393  398  316  1  -2  
11  32  52  402  403  316  1  -2  
11  32  52  409  410  316  1  -2  
11  32  52  419  415  316  1  -2  
11  32  52  427  421  316  1  -2  
11  32  52  437  426  316  1  -2  
11  32  52  443  429  316  1  -2  
11  32  52  453  433  316  1  -2  
11  32  52  460  436  316  1  -2  
11  32  52  470  438  316  1  -2  
11  32  52  479  449  316  1  -2  
11  32  52  489  457  316  1  -2  
11  32  52  497  467  316  1  -2  
11  32  52  505  476  318  1  -2  
11  32  52  514  484  319  1  -2  
11  32  52  523  491  319  1  -2  
11  32  52  532  496  319  2  -2  
11  32  52  541  497  319  2  -2  
11  32  52  550  499  319  2  -2  
11  32  52  559  501  319  2  -2  
11  32  52  569  502  319  2  -2  
11  32  52  577  503  319  2  -2  
11  32  52  586  504  319  2  -2  
11  32  52  593  504  319  2  -2  
11  32  52  602  505  319  2  -2  
11  32  52  610  505  319  2  -2  
11  32  52  618  507  319  2  -2  
11  32  52  626  507  319  2  -2  
11  32  52  637  508  319  2  -2  
11  32  52  643  509  319  2  -2  
11  32  52  654  512  319  2  -2  
11  32  52  667  520  319  2  -2  
11  32  52  680  522  319  2  -2  
11  32  52  689  529  319  2  -2  
11  32  52  698  530  319  2  -2  
11  32  52  709  531  319  2  -2  
11  32  52  720  533  319  2  -2  
11  32  52  728  535  319  2  -2  
11  32  52  739  537  319  2  -2  
11  32  52  746  541  319  2  -2  
11  32  52  756  546  319  2  -2  
11  32  52  763  551  319  2  -2  
11  32  52  772  554  319  2  -2  
11  32  52  779  559  319  2  -2  
11  32  52  789  561  319  2  -2  
11  32  52  795  561  319  2  -2  
11  32  52  805  562  319  2  -2  
11  32  52  812  562  319  2  -2  
11  32  52  822  562  319  2  -2  
11  32  52  829  562  319  2  -2  
11  32  52  839  562  319  2  -2  
11  32  52  845  562  319  2  -2  
11  32  52  855  562  319  2  -2  
11  32  52  862  562  319  2  -2  
11  32  52  872  562  319  2  -2  
11  32  52  878  562  319  2  -2  
11  32  52  889  562  319  2  -2  
11  32  52  895  562  319  2  -2  
11  32  52  905  562  319  2  -2  
11  32  52  914  562  319  2  -2  
11  32  52  921  562  319  2  -2  
11  32  52  929  562  319  2  -2  
11  32  52  939  562  319  2  -2  
11  32  52  947  562  319  2  -2  
11  32  52  955  561  319  2  -2  
11  32  52  962  556  319  2  -2  
11  32  52  971  544  319  2  -2  
11  32  52  978  529  319  2  -2  
11  32  52  988  509  319  2  -2  
11  32  52  997  485  319  2  -2  
11  32  52  1005  448  319  2  -2  
11  32  52  1012  414  319  2  -2  
11  32  52  1022  383  319  3  -2  
11  32  52  1029  354  319  3  -2  
11  32  52  1039  354  319  3  -2  
11  32  52  1047  343  319  3  -2  
11  32  52  1055  341  319  3  -2  
11  32  52  1063  340  319  3  -2  
11  32  52  1071  339  319  3  -2  
11  32  52  1080  337  319  3  -2  
11  32  52  1089  336  319  3  -2  
11  32  52  1097  334  319  3  -2  
11  32  52  1105  331  319  3  -2  
11  32  52  1112  328  319  3  -2  
11  32  52  1122  328  319  3  -2  
11  32  52  1129  328  319  3  -2  
11  32  52  1139  328  319  3  -2  
11  32  52  1147  328  319  3  -2  
11  32  52  1155  328  319  3  -2  
11  32  52  1164  328  319  3  -2  
11  32  52  1172  328  319  3  -2  
11  32  52  1181  328  319  3  -2  
11  32  52  1189  328  319  3  -2  
11  32  52  1198  328  319  3  -2  
11  32  52  1207  328  319  3  -2  
11  32  52  1214  328  319  3  -2  
11  32  52  1223  328  319  3  -2  
11  32  53  1231  328  319  3  -2  
11  32  53  1239  328  319  3  -2  
11  32  53  1248  328  319  3  -2  
11  32  53  1257  328  319  3  -2  
11  32  53  1264  328  319  3  -2  
11  32  53  1272  328  319  3  -2  
11  32  53  1281  328  319  3  -2  
11  32  53  1289  327  318  3  -2  
11  32  53  1299  327  318  3  -2  
11  32  53  1307  327  318  3  -2  
11  32  53  1314  327  318  3  -2  
11  32  53  1325  328  317  3  -2  
11  32  53  1331  330  317  3  -2  
11  32  53  1342  332  317  3  -2  
11  32  53  1351  340  316  3  -2  
11  32  53  1360  344  316  3  -2  
11  32  53  1369  349  316  3  -2  
11  32  53  1376  354  315  3  -2  
11  32  53  1386  361  315  3  -2  
11  32  53  1394  373  315  3  -2  
11  32  53  1404  386  315  3  -2  
11  32  53  1413  401  315  3  -2  
11  32  53  1424  416  318  3  -2  
11  32  53  1434  443  321  3  -2  
11  32  53  1443  455  322  3  -2  
11  32  53  1453  461  322  3  -2  
11  32  53  1462  470  322  3  -2  
11  32  53  1472  474  322  3  -2  
11  32  53  1481  476  322  3  -2  
11  32  53  1490  478  322  3  -2  
11  32  53  1498  479  322  3  -2  
11  32  53  1507  480  322  3  -2  
11  32  53  1518  481  322  3  -2  
11  32  53  1523  487  322  3  -2  
11  32  53  1532  487  322  3  -2  
11  32  53  1542  492  324  3  -2  
11  32  53  1551  500  324  4  -2  
11  32  53  1558  503  324  4  -2  
11  32  53  1566  506  324  4  -2  
11  32  53  1574  508  324  4  -2  
11  32  53  1581  510  324  4  -2  
11  32  53  1591  512  324  4  -2  
11  32  53  1599  513  324  4  -2  
11  32  53  1607  514  324  4  -2  
11  32  53  1617  514  324  4  -2  
11  32  53  1624  515  324  4  -2  
11  32  53  1633  515  324  4  -2  
11  32  53  1640  515  324  4  -2  
11  32  53  1648  515  324  4  -2  
11  32  53  1657  516  324  4  -2  
11  32  53  1666  516  324  4  -2  
11  32  53  1674  516  324  4  -2  
11  32  53  1682  520  323  4  -2  
11  32  53  1690  520  323  4  -2  
11  32  53  1700  525  323  4  -2  
11  32  53  1708  527  323  4  -2  
11  32  53  1716  531  321  4  -2  
11  32  53  1723  533  321  4  -2  
11  32  53  1731  536  320  4  -2  
11  32  53  1739  537  320  4  -2  
11  32  53  1748  537  320  4  -2  
11  32  53  1758  537  320  4  -2  
11  32  53  1766  537  320  4  -2  
11  32  53  1775  538  320  4  -2  
11  32  53  1783  539  319  4  -2  
11  32  53  1791  540  319  4  -2  
11  32  53  1800  544  318  4  -2  
11  32  53  1809  546  318  4  -2  
11  32  53  1819  550  316  4  -2  
11  32  53  1828  556  315  4  -2  
11  32  53  1840  561  313  4  -2  
11  32  53  1849  568  310  4  -2  
11  32  53  1859  569  310  4  -2  
11  32  53  1871  570  310  4  -2  
11  32  53  1880  571  309  4  -2  
11  32  53  1891  571  309  4  -2  
11  32  53  1902  571  309  4  -2  
11  32  53  1911  571  309  4  -2  
11  32  53  1922  571  309  4  -2  
11  32  53  1936  571  309  4  -2  
11  32  53  1951  571  309  4  -2  
11  32  53  1960  571  309  4  -2  
11  32  53  1977  567  309  4  -2  
11  32  53  1987  555  309  4  -2  
11  32  53  1995  548  309  4  -2  
11  32  53  2006  538  309  4  -2  
11  32  53  2015  525  309  4  -2  
11  32  53  2025  516  309  4  -2  
11  32  53  2035  508  309  4  -2  
11  32  53  2043  501  309  4  -2  
11  32  53  2052  493  309  4  -2  
11  32  53  2060  486  309  4  -2  
11  32  53  2070  479  309  4  -2  
11  32  53  2077  470  309  4  -2  
11  32  53  2087  470  309  4  -2  
11  32  53  2094  467  309  4  -2  
11  32  53  2104  466  309  4  -2  
11  32  53  2110  465  309  4  -2  
11  32  53  2121  462  309  4  -2  
11  32  53  2127  459  309  4  -2  
11  32  53  2137  456  309  4  -2  
11  32  53  2144  451  309  4  -2  
11  32  53  2154  446  309  4  -2  
11  32  53  2161  437  309  4  -2  
11  32  53  2170  430  308  4  -2  
11  32  53  2178  427  308  4  -2  
11  32  53  2188  421  306  4  -2  
11  32  53  2195  420  306  4  -2  
11  32  53  2203  417  305  4  -2  
11  32  53  2212  417  305  4  -2  
11  32  53  2220  416  305  4  -2  
11  32  53  2227  416  305  4  -2  
11  32  54  2237  416  305  4  -2  
11  32  54  2244  416  305  4  -2  
11  32  54  2253  415  305  4  -2  
11  32  54  2261  408  305  4  -2  
11  32  54  2270  408  305  4  -2  
