11  32  44  0  371  312  1  -2  
11  32  44  8  371  312  1  -2  
11  32  44  18  371  312  1  -2  
11  32  44  26  371  312  1  -2  
11  32  44  35  371  312  1  -2  
11  32  44  45  371  312  1  -2  
11  32  44  53  371  312  1  -2  
11  32  44  60  371  312  1  -2  
11  32  44  68  371  312  1  -2  
11  32  44  77  371  312  1  -2  
11  32  44  86  371  312  1  -2  
11  32  44  94  371  312  1  -2  
11  32  44  102  371  312  1  -2  
11  32  44  110  371  312  1  -2  
11  32  44  119  371  312  1  -2  
11  32  44  129  371  312  1  -2  
11  32  44  136  371  312  1  -2  
11  32  44  151  371  312  1  -2  
11  32  44  165  371  312  1  -2  
11  32  44  175  371  312  1  -2  
11  32  44  181  371  312  1  -2  
11  32  44  189  371  312  1  -2  
11  32  44  196  371  312  1  -2  
11  32  44  207  371  312  1  -2  
11  32  44  215  371  312  1  -2  
11  32  44  224  373  312  1  -2  
11  32  44  230  375  312  1  -2  
11  32  44  240  378  312  1  -2  
11  32  44  246  382  312  1  -2  
11  32  44  256  388  312  1  -2  
11  32  44  264  394  312  1  -2  
11  32  44  274  399  312  1  -2  
11  32  44  280  404  312  1  -2  
11  32  44  289  409  312  1  -2  
11  32  44  297  414  312  1  -2  
11  32  44  308  423  312  1  -2  
11  32  44  315  430  313  1  -2  
11  32  44  324  438  313  1  -2  
11  32  44  331  446  313  1  -2  
11  32  44  340  455  314  1  -2  
11  32  44  346  462  314  1  -2  
11  32  44  358  467  314  1  -2  
11  32  44  365  476  315  1  -2  
11  32  44  374  476  315  1  -2  
11  32  44  380  484  315  1  -2  
11  32  44  390  484  315  1  -2  
11  32  44  398  491  315  1  -2  
11  32  44  407  493  315  1  -2  
11  32  44  415  497  315  2  -2  
11  32  44  424  497  315  2  -2  
11  32  44  430  500  315  2  -2  
11  32  44  440  501  315  2  -2  
11  32  44  448  504  315  2  -2  
11  32  44  458  506  315  2  -2  
11  32  44  465  508  315  2  -2  
11  32  44  473  512  315  2  -2  
11  32  44  480  515  315  2  -2  
11  32  44  489  518  315  2  -2  
11  32  44  497  522  315  2  -2  
11  32  44  507  524  315  2  -2  
11  32  44  514  528  315  2  -2  
11  32  44  524  528  315  2  -2  
11  32  44  530  530  315  2  -2  
11  32  44  541  530  315  2  -2  
11  32  44  547  530  315  2  -2  
11  32  44  558  530  315  2  -2  
11  32  44  567  534  315  2  -2  
11  32  44  577  539  315  2  -2  
11  32  44  585  545  315  2  -2  
11  32  44  592  553  318  2  -2  
11  32  44  601  563  319  2  -2  
11  32  44  610  570  319  2  -2  
11  32  44  618  576  319  2  -2  
11  32  44  626  579  319  2  -2  
11  32  44  634  581  319  2  -2  
11  32  44  642  581  319  2  -2  
11  32  44  651  581  319  2  -2  
11  32  44  660  581  319  2  -2  
11  32  44  667  581  319  2  -2  
11  32  44  677  581  319  2  -2  
11  32  44  687  581  319  2  -2  
11  32  44  695  581  319  2  -2  
11  32  44  705  581  319  2  -2  
11  32  44  711  581  319  2  -2  
11  32  44  719  581  319  2  -2  
11  32  44  728  581  319  2  -2  
11  32  44  737  581  319  2  -2  
11  32  44  746  581  320  2  -2  
11  32  44  755  576  323  2  -2  
11  32  45  762  566  325  2  -2  
11  32  45  771  545  328  2  -2  
11  32  45  778  516  332  2  -2  
11  32  45  787  470  341  2  -2  
11  32  45  796  419  341  2  -2  
11  32  45  805  375  341  3  -2  
11  32  45  812  330  341  3  -2  
11  32  45  822  303  341  3  -2  
11  32  45  829  272  341  3  -2  
11  32  45  837  267  341  3  -2  
11  32  45  846  267  341  3  -2  
11  32  45  856  262  342  3  -2  
11  32  45  863  262  342  3  -2  
11  32  45  873  262  342  3  -2  
11  32  45  879  262  342  3  -2  
11  32  45  888  262  342  3  -2  
11  32  45  897  262  342  3  -2  
11  32  45  908  262  342  3  -2  
11  32  45  913  262  342  3  -2  
11  32  45  924  262  342  3  -2  
11  32  45  930  262  342  3  -2  
11  32  45  940  262  342  3  -2  
11  32  45  946  262  342  3  -2  
11  32  45  957  262  342  3  -2  
11  32  45  965  262  342  3  -2  
11  32  45  974  262  342  3  -2  
11  32  45  980  262  342  3  -2  
11  32  45  990  262  342  3  -2  
11  32  45  997  262  342  3  -2  
11  32  45  1006  262  342  3  -2  
11  32  45  1015  262  342  3  -2  
11  32  45  1024  262  342  3  -2  
11  32  45  1030  262  342  3  -2  
11  32  45  1041  262  342  3  -2  
11  32  45  1048  262  342  3  -2  
11  32  45  1058  262  342  3  -2  
11  32  45  1064  263  342  3  -2  
11  32  45  1074  263  342  3  -2  
11  32  45  1081  264  342  3  -2  
11  32  45  1090  266  342  3  -2  
11  32  45  1097  266  342  3  -2  
11  32  45  1108  267  342  3  -2  
11  32  45  1115  268  341  3  -2  
11  32  45  1124  268  341  3  -2  
11  32  45  1131  269  341  3  -2  
11  32  45  1140  271  341  3  -2  
11  32  45  1148  274  340  3  -2  
11  32  45  1158  276  340  3  -2  
11  32  45  1166  290  340  3  -2  
11  32  45  1174  298  340  3  -2  
11  32  45  1182  308  340  3  -2  
11  32  45  1190  316  340  3  -2  
11  32  45  1198  326  340  3  -2  
11  32  45  1208  333  340  3  -2  
11  32  45  1215  340  340  3  -2  
11  32  45  1224  347  340  3  -2  
11  32  45  1232  352  340  3  -2  
11  32  45  1240  360  340  3  -2  
11  32  45  1249  367  340  3  -2  
11  32  45  1258  372  340  3  -2  
11  32  45  1265  379  340  3  -2  
11  32  45  1275  384  340  3  -2  
11  32  45  1282  388  340  3  -2  
11  32  45  1290  393  340  3  -2  
11  32  45  1298  395  340  3  -2  
11  32  45  1308  398  340  3  -2  
11  32  45  1315  403  340  3  -2  
11  32  45  1324  407  340  3  -2  
11  32  45  1331  411  340  3  -2  
11  32  45  1341  413  340  3  -2  
11  32  45  1348  418  340  3  -2  
11  32  45  1358  422  340  3  -2  
11  32  45  1365  429  340  3  -2  
11  32  45  1374  429  340  3  -2  
11  32  45  1382  434  339  3  -2  
11  32  45  1390  438  337  3  -2  
11  32  45  1399  442  337  3  -2  
11  32  45  1408  445  337  3  -2  
11  32  45  1416  449  337  3  -2  
11  32  45  1424  453  337  3  -2  
11  32  45  1432  456  336  3  -2  
11  32  45  1440  457  336  3  -2  
11  32  45  1448  459  336  3  -2  
11  32  45  1457  461  336  3  -2  
11  32  45  1465  462  336  3  -2  
11  32  45  1474  464  336  3  -2  
11  32  45  1482  466  336  3  -2  
11  32  45  1490  468  335  3  -2  
11  32  45  1498  473  333  3  -2  
11  32  45  1507  476  332  3  -2  
11  32  45  1516  478  331  3  -2  
11  32  45  1524  482  331  3  -2  
11  32  45  1531  485  330  3  -2  
11  32  45  1540  491  328  3  -2  
11  32  45  1549  497  327  4  -2  
11  32  45  1557  502  327  4  -2  
11  32  45  1565  506  326  4  -2  
11  32  45  1574  508  325  4  -2  
11  32  45  1582  513  323  4  -2  
11  32  45  1590  515  322  4  -2  
11  32  45  1599  517  321  4  -2  
11  32  45  1608  521  321  4  -2  
11  32  45  1616  523  320  4  -2  
11  32  45  1624  525  318  4  -2  
11  32  45  1632  525  318  4  -2  
11  32  45  1641  526  318  4  -2  
11  32  45  1649  526  318  4  -2  
11  32  45  1657  526  318  4  -2  
11  32  45  1667  526  318  4  -2  
11  32  45  1675  528  317  4  -2  
11  32  45  1682  528  317  4  -2  
11  32  45  1690  529  317  4  -2  
11  32  45  1698  530  317  4  -2  
11  32  45  1707  531  317  4  -2  
11  32  45  1716  532  316  4  -2  
11  32  45  1724  532  316  4  -2  
11  32  45  1731  532  316  4  -2  
11  32  45  1740  532  316  4  -2  
11  32  45  1749  532  316  4  -2  
11  32  46  1758  532  316  4  -2  
11  32  46  1766  534  316  4  -2  
11  32  46  1774  536  315  4  -2  
11  32  46  1782  536  315  4  -2  
11  32  46  1791  536  315  4  -2  
11  32  46  1799  536  315  4  -2  
11  32  46  1807  536  315  4  -2  
11  32  46  1815  536  315  4  -2  
11  32  46  1824  536  315  4  -2  
11  32  46  1832  536  315  4  -2  
11  32  46  1841  536  315  4  -2  
11  32  46  1849  537  314  4  -2  
11  32  46  1858  537  314  4  -2  
11  32  46  1866  537  314  4  -2  
11  32  46  1874  537  314  4  -2  
11  32  46  1882  537  314  4  -2  
11  32  46  1891  537  314  4  -2  
11  32  46  1899  537  314  4  -2  
11  32  46  1908  537  314  4  -2  
11  32  46  1916  537  314  4  -2  
11  32  46  1924  537  314  4  -2  
11  32  46  1932  537  314  4  -2  
11  32  46  1940  537  314  4  -2  
11  32  46  1948  537  314  4  -2  
11  32  46  1956  537  314  4  -2  
11  32  46  1965  536  314  4  -2  
11  32  46  1973  520  315  4  -2  
11  32  46  1981  507  315  4  -2  
11  32  46  1990  507  315  4  -2  
11  32  46  1998  470  315  4  -2  
11  32  46  2007  449  315  4  -2  
11  32  46  2015  431  315  4  -2  
11  32  46  2024  413  315  4  -2  
11  32  46  2032  400  316  4  -2  
