15  35  9  0  351  303  1  -2  
15  35  9  9  351  303  1  -2  
15  35  9  17  351  303  1  -2  
15  35  9  26  351  303  1  -2  
15  35  9  33  351  303  1  -2  
15  35  9  43  351  303  1  -2  
15  35  9  50  351  303  1  -2  
15  35  9  59  351  303  1  -2  
15  35  9  67  351  303  1  -2  
15  35  9  76  351  303  1  -2  
15  35  9  84  351  303  1  -2  
15  35  9  93  352  303  1  -2  
15  35  9  100  354  303  1  -2  
15  35  9  109  355  303  1  -2  
15  35  9  117  356  303  1  -2  
15  35  9  126  359  303  1  -2  
15  35  9  133  364  303  1  -2  
15  35  9  143  371  305  1  -2  
15  35  9  150  380  307  1  -2  
15  35  9  159  389  307  1  -2  
15  35  9  167  399  309  1  -2  
15  35  9  176  409  311  1  -2  
15  35  9  184  421  313  1  -2  
15  35  9  193  433  314  1  -2  
15  35  9  200  441  315  1  -2  
15  35  9  209  450  315  1  -2  
15  35  9  217  458  315  1  -2  
15  35  9  226  463  315  1  -2  
15  35  9  234  468  315  1  -2  
15  35  9  243  474  315  1  -2  
15  35  9  250  480  315  1  -2  
15  35  9  259  482  315  1  -2  
15  35  9  267  483  315  1  -2  
15  35  9  277  485  315  1  -2  
15  35  9  285  486  315  1  -2  
15  35  9  293  489  315  1  -2  
15  35  9  301  491  315  1  -2  
15  35  9  309  493  315  1  -2  
15  35  9  317  495  315  2  -2  
15  35  9  326  499  315  2  -2  
15  35  9  334  502  315  2  -2  
15  35  9  343  505  315  2  -2  
15  35  9  350  509  315  2  -2  
15  35  9  359  513  315  2  -2  
15  35  9  367  516  315  2  -2  
15  35  9  376  518  315  2  -2  
15  35  9  384  519  315  2  -2  
15  35  9  393  519  315  2  -2  
15  35  9  400  519  315  2  -2  
15  35  9  409  519  315  2  -2  
15  35  9  417  519  315  2  -2  
15  35  9  426  519  315  2  -2  
15  35  9  434  519  315  2  -2  
15  35  9  443  519  315  2  -2  
15  35  9  450  520  315  2  -2  
15  35  9  459  520  315  2  -2  
15  35  9  468  525  315  2  -2  
15  35  9  476  529  315  2  -2  
15  35  9  485  532  315  2  -2  
15  35  9  494  535  315  2  -2  
15  35  9  500  536  315  2  -2  
15  35  9  509  536  315  2  -2  
15  35  9  517  538  315  2  -2  
15  35  9  526  538  315  2  -2  
15  35  9  534  538  315  2  -2  
15  35  9  543  538  315  2  -2  
15  35  9  552  538  315  2  -2  
15  35  9  560  538  315  2  -2  
15  35  9  567  539  315  2  -2  
15  35  9  576  540  315  2  -2  
15  35  9  584  540  315  2  -2  
15  35  9  593  540  315  2  -2  
15  35  9  602  540  315  2  -2  
15  35  9  609  540  315  2  -2  
15  35  9  618  540  315  2  -2  
15  35  9  626  540  315  2  -2  
15  35  9  635  540  315  2  -2  
15  35  9  644  540  315  2  -2  
15  35  9  652  540  315  2  -2  
15  35  9  659  540  315  2  -2  
15  35  9  668  541  315  2  -2  
15  35  9  676  541  315  2  -2  
15  35  9  684  541  315  2  -2  
15  35  10  694  541  315  2  -2  
15  35  10  700  541  315  2  -2  
15  35  10  709  541  315  2  -2  
15  35  10  718  541  315  2  -2  
15  35  10  726  541  315  2  -2  
15  35  10  734  541  315  2  -2  
15  35  10  744  541  315  2  -2  
15  35  10  752  541  315  2  -2  
15  35  10  758  541  315  2  -2  
15  35  10  767  541  315  2  -2  
15  35  10  775  541  315  2  -2  
15  35  10  783  541  315  2  -2  
15  35  10  793  541  315  2  -2  
15  35  10  801  541  315  2  -2  
15  35  10  808  541  315  2  -2  
15  35  10  817  541  315  2  -2  
15  35  10  825  541  315  2  -2  
15  35  10  833  541  315  2  -2  
15  35  10  843  541  315  2  -2  
15  35  10  848  542  315  2  -2  
15  35  10  858  542  315  2  -2  
15  35  10  866  542  315  2  -2  
15  35  10  875  541  315  2  -2  
15  35  10  884  537  315  2  -2  
15  35  10  892  529  317  2  -2  
15  35  10  901  522  319  2  -2  
15  35  10  908  510  320  2  -2  
15  35  10  918  500  321  2  -2  
15  35  10  926  486  324  2  -2  
15  35  10  934  475  325  2  -2  
15  35  10  944  461  328  2  -2  
15  35  10  952  451  330  2  -2  
15  35  10  960  441  332  2  -2  
15  35  10  968  435  332  2  -2  
15  35  10  977  430  333  2  -2  
15  35  10  985  422  333  2  -2  
15  35  10  994  416  334  2  -2  
15  35  10  1003  405  336  2  -2  
15  35  10  1010  401  337  2  -2  
15  35  10  1019  401  337  2  -2  
15  35  10  1028  394  338  2  -2  
15  35  10  1036  390  338  3  -2  
15  35  10  1044  386  338  3  -2  
15  35  10  1053  384  339  3  -2  
15  35  10  1061  381  339  3  -2  
15  35  10  1068  379  339  3  -2  
15  35  10  1077  377  339  3  -2  
15  35  10  1084  376  339  3  -2  
15  35  10  1094  375  339  3  -2  
15  35  10  1103  375  339  3  -2  
15  35  10  1110  374  339  3  -2  
15  35  10  1118  373  339  3  -2  
15  35  10  1126  372  339  3  -2  
15  35  10  1135  370  341  3  -2  
15  35  10  1143  368  341  3  -2  
15  35  10  1153  366  341  3  -2  
15  35  10  1160  365  341  3  -2  
15  35  10  1169  365  341  3  -2  
15  35  10  1176  365  341  3  -2  
15  35  10  1184  365  341  3  -2  
15  35  10  1195  365  341  3  -2  
15  35  10  1203  365  341  3  -2  
15  35  10  1210  365  341  3  -2  
15  35  10  1218  365  341  3  -2  
15  35  10  1227  365  341  3  -2  
15  35  10  1235  364  341  3  -2  
15  35  10  1244  364  341  3  -2  
15  35  10  1252  361  341  3  -2  
15  35  10  1260  360  341  3  -2  
15  35  10  1268  360  341  3  -2  
15  35  10  1277  360  341  3  -2  
15  35  10  1285  360  341  3  -2  
15  35  10  1294  360  341  3  -2  
15  35  10  1303  360  341  3  -2  
15  35  10  1311  360  341  3  -2  
15  35  10  1319  360  341  3  -2  
15  35  10  1327  360  341  3  -2  
15  35  10  1334  360  341  3  -2  
15  35  10  1344  360  341  3  -2  
15  35  10  1352  360  341  3  -2  
15  35  10  1361  360  341  3  -2  
15  35  10  1369  360  341  3  -2  
15  35  10  1377  360  341  3  -2  
15  35  10  1385  360  341  3  -2  
15  35  10  1394  360  341  3  -2  
15  35  10  1403  360  341  3  -2  
15  35  10  1412  360  341  3  -2  
15  35  10  1419  360  341  3  -2  
15  35  10  1427  360  341  3  -2  
15  35  10  1435  360  341  3  -2  
15  35  10  1445  360  341  3  -2  
15  35  10  1453  360  341  3  -2  
15  35  10  1459  360  341  3  -2  
15  35  10  1469  360  341  3  -2  
15  35  10  1477  360  341  3  -2  
15  35  10  1486  360  341  3  -2  
15  35  10  1494  360  341  3  -2  
15  35  10  1502  360  341  3  -2  
15  35  10  1512  360  341  3  -2  
15  35  10  1519  360  341  3  -2  
15  35  10  1526  360  341  3  -2  
15  35  10  1537  360  341  3  -2  
15  35  10  1544  360  341  3  -2  
15  35  10  1553  360  341  3  -2  
15  35  10  1562  360  341  3  -2  
15  35  10  1570  360  341  3  -2  
15  35  10  1578  360  341  3  -2  
15  35  10  1586  360  341  3  -2  
15  35  10  1594  360  341  3  -2  
15  35  10  1603  360  341  3  -2  
15  35  10  1612  360  341  3  -2  
15  35  10  1619  360  341  3  -2  
15  35  10  1627  360  341  3  -2  
15  35  10  1636  360  341  3  -2  
15  35  10  1644  360  341  3  -2  
15  35  10  1653  360  341  3  -2  
15  35  10  1661  360  341  3  -2  
15  35  10  1670  361  341  3  -2  
15  35  10  1677  370  339  3  -2  
15  35  10  1686  382  338  3  -2  
15  35  11  1694  399  335  3  -2  
15  35  11  1703  414  334  3  -2  
15  35  11  1712  434  332  3  -2  
15  35  11  1719  456  331  3  -2  
15  35  11  1727  473  331  3  -2  
15  35  11  1735  491  328  3  -2  
15  35  11  1745  505  328  4  -2  
15  35  11  1755  515  327  4  -2  
15  35  11  1762  525  327  4  -2  
15  35  11  1770  525  327  4  -2  
15  35  11  1779  528  327  4  -2  
15  35  11  1788  531  327  4  -2  
15  35  11  1795  531  327  4  -2  
15  35  11  1805  532  327  4  -2  
15  35  11  1814  532  327  4  -2  
15  35  11  1823  532  327  4  -2  
15  35  11  1830  532  327  4  -2  
15  35  11  1841  532  327  4  -2  
15  35  11  1847  533  327  4  -2  
15  35  11  1856  533  327  4  -2  
15  35  11  1864  533  327  4  -2  
15  35  11  1875  533  327  4  -2  
15  35  11  1882  535  327  4  -2  
15  35  11  1890  537  327  4  -2  
15  35  11  1896  537  327  4  -2  
15  35  11  1907  539  327  4  -2  
15  35  11  1914  539  327  4  -2  
15  35  11  1925  539  327  4  -2  
15  35  11  1930  539  327  4  -2  
15  35  11  1941  539  327  4  -2  
15  35  11  1948  539  327  4  -2  
15  35  11  1958  539  327  4  -2  
15  35  11  1965  539  327  4  -2  
15  35  11  1975  539  327  4  -2  
15  35  11  1982  539  327  4  -2  
15  35  11  1991  539  327  4  -2  
15  35  11  1997  539  327  4  -2  
15  35  11  2008  539  327  4  -2  
15  35  11  2015  539  327  4  -2  
15  35  11  2025  539  327  4  -2  
15  35  11  2032  539  327  4  -2  
15  35  11  2041  539  327  4  -2  
15  35  11  2048  539  327  4  -2  
15  35  11  2058  539  327  4  -2  
15  35  11  2065  539  327  4  -2  
15  35  11  2075  539  327  4  -2  
15  35  11  2082  539  327  4  -2  
15  35  11  2091  539  327  4  -2  
15  35  11  2098  539  327  4  -2  
15  35  11  2107  539  327  4  -2  
15  35  11  2115  539  327  4  -2  
15  35  11  2125  539  327  4  -2  
15  35  11  2132  539  327  4  -2  
15  35  11  2141  539  327  4  -2  
15  35  11  2148  539  327  4  -2  
15  35  11  2157  539  327  4  -2  
15  35  11  2165  539  327  4  -2  
15  35  11  2175  539  327  4  -2  
15  35  11  2182  539  327  4  -2  
15  35  11  2191  539  327  4  -2  
15  35  11  2200  539  327  4  -2  
15  35  11  2208  539  327  4  -2  
15  35  11  2216  539  327  4  -2  
15  35  11  2225  539  327  4  -2  
15  35  11  2233  539  327  4  -2  
15  35  11  2242  539  327  4  -2  
15  35  11  2250  539  327  4  -2  
15  35  11  2258  539  327  4  -2  
15  35  11  2267  539  327  4  -2  
15  35  11  2274  539  327  4  -2  
15  35  11  2283  539  327  4  -2  
15  35  11  2291  539  327  4  -2  
15  35  11  2300  539  327  4  -2  
15  35  11  2308  539  327  4  -2  
15  35  11  2317  539  327  4  -2  
15  35  11  2324  539  327  4  -2  
15  35  11  2334  539  327  4  -2  
15  35  11  2342  539  327  4  -2  
15  35  11  2349  539  327  4  -2  
15  35  11  2357  539  327  4  -2  
15  35  11  2367  536  327  4  -2  
15  35  11  2375  527  327  4  -2  
15  35  11  2383  510  327  4  -2  
15  35  11  2391  494  327  4  -2  
15  35  11  2399  471  327  4  -2  
15  35  11  2408  440  327  4  -2  
15  35  11  2417  413  327  4  -2  
15  35  11  2425  382  327  5  -2  
15  35  11  2434  358  327  5  -2  
15  35  11  2442  340  327  5  -2  
15  35  11  2450  328  327  5  -2  
15  35  11  2460  323  327  5  -2  
15  35  11  2468  322  326  5  -2  
15  35  11  2475  322  326  5  -2  
15  35  11  2484  322  326  5  -2  
15  35  11  2493  322  326  5  -2  
15  35  11  2500  322  326  5  -2  
15  35  11  2509  322  326  5  -2  
15  35  11  2516  322  326  5  -2  
15  35  11  2524  322  326  5  -2  
15  35  11  2533  322  326  5  -2  
15  35  11  2542  322  326  5  -2  
15  35  11  2550  322  326  5  -2  
15  35  11  2558  322  326  5  -2  
15  35  11  2566  322  326  5  -2  
15  35  11  2574  322  326  5  -2  
15  35  11  2583  322  326  5  -2  
15  35  11  2591  322  326  5  -2  
15  35  11  2600  322  326  5  -2  
15  35  11  2609  322  326  5  -2  
15  35  11  2616  322  326  5  -2  
15  35  11  2624  322  326  5  -2  
15  35  11  2633  322  326  5  -2  
15  35  11  2641  322  326  5  -2  
15  35  11  2650  322  326  5  -2  
15  35  11  2659  322  326  5  -2  
15  35  11  2667  322  326  5  -2  
15  35  11  2675  322  326  5  -2  
15  35  11  2683  322  326  5  -2  
15  35  11  2692  322  326  5  -2  
15  35  12  2700  322  326  5  -2  
15  35  12  2709  322  326  5  -2  
15  35  12  2717  322  326  5  -2  
15  35  12  2726  322  326  5  -2  
15  35  12  2734  322  326  5  -2  
15  35  12  2743  322  326  5  -2  
15  35  12  2749  322  326  5  -2  
15  35  12  2759  322  326  5  -2  
15  35  12  2767  322  326  5  -2  
15  35  12  2776  322  326  5  -2  
15  35  12  2784  322  326  5  -2  
15  35  12  2792  322  326  5  -2  
15  35  12  2800  322  326  5  -2  
15  35  12  2809  322  326  5  -2  
15  35  12  2817  322  326  5  -2  
15  35  12  2825  322  326  5  -2  
15  35  12  2834  322  326  5  -2  
15  35  12  2843  322  326  5  -2  
15  35  12  2851  322  326  5  -2  
15  35  12  2860  322  326  5  -2  
