15  35  2  0  363  308  1  -2  
15  35  2  7  363  308  1  -2  
15  35  2  16  363  308  1  -2  
15  35  2  25  363  308  1  -2  
15  35  2  34  363  308  1  -2  
15  35  2  39  363  308  1  -2  
15  35  2  48  363  308  1  -2  
15  35  2  56  363  308  1  -2  
15  35  2  65  363  308  1  -2  
15  35  2  72  363  308  1  -2  
15  35  2  81  363  308  1  -2  
15  35  2  89  363  308  1  -2  
15  35  2  101  363  308  1  -2  
15  35  2  106  374  308  1  -2  
15  35  2  117  374  308  1  -2  
15  35  2  124  392  308  1  -2  
15  35  2  134  407  308  1  -2  
15  35  2  141  420  308  1  -2  
15  35  2  150  440  308  1  -2  
15  35  2  157  464  308  1  -2  
15  35  2  167  485  308  1  -2  
15  35  2  175  512  308  2  -2  
15  35  2  185  536  308  2  -2  
15  35  2  193  553  308  2  -2  
15  35  2  203  573  308  2  -2  
15  35  2  212  603  308  2  -2  
15  35  2  220  613  308  2  -2  
15  35  2  228  620  308  2  -2  
15  35  2  235  624  307  2  -2  
15  35  2  244  624  307  2  -2  
15  35  2  253  624  307  2  -2  
15  35  2  262  624  307  2  -2  
15  35  2  269  624  307  2  -2  
15  35  2  277  624  307  2  -2  
15  35  2  285  624  307  2  -2  
15  35  2  294  624  307  2  -2  
15  35  2  303  624  307  2  -2  
15  35  2  311  624  307  2  -2  
15  35  2  319  624  307  2  -2  
15  35  2  328  624  307  2  -2  
15  35  2  336  624  307  2  -2  
15  35  2  345  624  307  2  -2  
15  35  2  353  624  307  2  -2  
15  35  2  362  624  307  2  -2  
15  35  2  370  624  307  2  -2  
15  35  2  378  624  307  2  -2  
15  35  2  387  624  307  2  -2  
15  35  2  396  624  307  2  -2  
15  35  2  403  620  307  2  -2  
15  35  2  414  619  307  2  -2  
15  35  2  422  616  307  2  -2  
15  35  2  428  613  307  2  -2  
15  35  2  437  607  309  2  -2  
15  35  2  445  603  309  2  -2  
15  35  2  454  595  310  2  -2  
15  35  2  462  587  310  2  -2  
15  35  2  469  577  311  2  -2  
15  35  2  478  566  313  2  -2  
15  35  2  487  553  315  2  -2  
15  35  2  495  538  317  2  -2  
15  35  2  504  523  320  2  -2  
15  35  2  512  512  322  2  -2  
15  35  2  520  502  323  2  -2  
15  35  2  528  493  325  2  -2  
15  35  2  538  488  325  2  -2  
15  35  2  545  484  326  2  -2  
15  35  2  554  479  326  2  -2  
15  35  2  564  477  326  2  -2  
15  35  2  572  469  328  2  -2  
15  35  2  578  463  329  2  -2  
15  35  2  586  463  329  2  -2  
15  35  2  596  458  329  2  -2  
15  35  2  604  445  330  2  -2  
15  35  2  612  439  330  2  -2  
15  35  2  621  434  330  2  -2  
15  35  2  629  427  330  2  -2  
15  35  2  638  422  330  2  -2  
15  35  2  647  417  330  2  -2  
15  35  2  654  412  330  2  -2  
15  35  2  662  408  330  2  -2  
15  35  2  670  407  330  2  -2  
15  35  2  679  404  330  2  -2  
15  35  2  686  403  330  2  -2  
15  35  2  695  403  330  2  -2  
15  35  2  704  402  330  2  -2  
15  35  2  712  399  330  2  -2  
15  35  2  720  396  330  3  -2  
15  35  2  728  393  330  3  -2  
15  35  2  737  389  330  3  -2  
15  35  2  745  383  330  3  -2  
15  35  2  754  380  330  3  -2  
15  35  2  765  377  330  3  -2  
15  35  2  773  375  330  3  -2  
15  35  2  783  375  330  3  -2  
15  35  2  791  375  330  3  -2  
15  35  2  801  375  330  3  -2  
15  35  2  809  375  330  3  -2  
15  35  2  819  375  330  3  -2  
15  35  2  827  375  330  3  -2  
15  35  2  835  375  330  3  -2  
15  35  2  843  375  330  3  -2  
15  35  2  851  375  330  3  -2  
15  35  2  859  375  330  3  -2  
15  35  2  867  375  330  3  -2  
15  35  2  875  375  330  3  -2  
15  35  2  885  375  330  3  -2  
15  35  3  894  375  330  3  -2  
15  35  3  901  375  330  3  -2  
15  35  3  909  375  330  3  -2  
15  35  3  920  375  330  3  -2  
15  35  3  928  375  330  3  -2  
15  35  3  938  375  330  3  -2  
15  35  3  948  375  330  3  -2  
15  35  3  956  375  330  3  -2  
15  35  3  967  375  330  3  -2  
15  35  3  976  375  330  3  -2  
15  35  3  987  375  330  3  -2  
15  35  3  996  375  330  3  -2  
15  35  3  1004  375  330  3  -2  
15  35  3  1014  375  330  3  -2  
15  35  3  1022  375  330  3  -2  
15  35  3  1033  375  330  3  -2  
15  35  3  1041  375  330  3  -2  
15  35  3  1052  375  330  3  -2  
15  35  3  1061  375  330  3  -2  
15  35  3  1070  375  330  3  -2  
15  35  3  1080  375  330  3  -2  
15  35  3  1089  375  330  3  -2  
15  35  3  1100  375  330  3  -2  
15  35  3  1109  375  330  3  -2  
15  35  3  1119  375  330  3  -2  
15  35  3  1128  375  330  3  -2  
15  35  3  1138  375  330  3  -2  
15  35  3  1148  375  330  3  -2  
15  35  3  1156  375  330  3  -2  
15  35  3  1168  375  330  3  -2  
15  35  3  1177  375  330  3  -2  
15  35  3  1186  375  330  3  -2  
15  35  3  1196  375  330  3  -2  
15  35  3  1206  375  330  3  -2  
15  35  3  1215  375  330  3  -2  
15  35  3  1223  375  330  3  -2  
15  35  3  1235  375  330  3  -2  
15  35  3  1241  375  330  3  -2  
15  35  3  1250  375  330  3  -2  
15  35  3  1259  375  330  3  -2  
15  35  3  1267  375  330  3  -2  
15  35  3  1276  378  330  3  -2  
15  35  3  1284  381  330  3  -2  
15  35  3  1292  384  330  3  -2  
15  35  3  1300  388  330  3  -2  
15  35  3  1309  391  330  3  -2  
15  35  3  1318  397  329  3  -2  
15  35  3  1326  399  329  3  -2  
15  35  3  1335  403  328  3  -2  
15  35  3  1341  408  328  3  -2  
15  35  3  1350  412  327  3  -2  
15  35  3  1358  417  327  3  -2  
15  35  3  1367  422  327  3  -2  
15  35  3  1376  429  327  3  -2  
15  35  3  1384  436  327  3  -2  
15  35  3  1392  446  327  3  -2  
15  35  3  1401  454  327  3  -2  
15  35  3  1410  461  327  3  -2  
15  35  3  1418  470  327  3  -2  
15  35  3  1426  475  326  3  -2  
15  35  3  1434  480  326  3  -2  
15  35  3  1442  483  324  3  -2  
15  35  3  1450  485  324  3  -2  
15  35  3  1459  485  323  3  -2  
15  35  3  1467  485  323  3  -2  
15  35  3  1474  485  323  3  -2  
15  35  3  1484  486  323  3  -2  
15  35  3  1493  487  323  3  -2  
15  35  3  1501  490  323  3  -2  
15  35  3  1509  494  323  3  -2  
15  35  3  1517  497  323  4  -2  
15  35  3  1525  502  323  4  -2  
15  35  3  1534  509  323  4  -2  
15  35  3  1543  514  323  4  -2  
15  35  3  1551  519  323  4  -2  
15  35  3  1558  523  323  4  -2  
15  35  3  1567  525  323  4  -2  
15  35  3  1576  525  323  4  -2  
15  35  3  1584  525  323  4  -2  
15  35  3  1592  525  323  4  -2  
15  35  3  1601  525  323  4  -2  
15  35  3  1608  525  323  4  -2  
15  35  3  1617  525  323  4  -2  
15  35  3  1626  525  323  4  -2  
15  35  3  1634  528  323  4  -2  
15  35  3  1642  532  323  4  -2  
15  35  3  1649  537  323  4  -2  
15  35  3  1659  542  323  4  -2  
15  35  3  1667  547  323  4  -2  
15  35  3  1676  550  323  4  -2  
15  35  3  1684  553  323  4  -2  
15  35  3  1691  553  323  4  -2  
15  35  3  1701  553  323  4  -2  
15  35  3  1709  553  323  4  -2  
15  35  3  1718  553  323  4  -2  
15  35  3  1726  553  323  4  -2  
15  35  3  1734  553  323  4  -2  
15  35  3  1742  553  323  4  -2  
15  35  3  1751  553  323  4  -2  
15  35  3  1759  553  323  4  -2  
15  35  3  1767  553  323  4  -2  
15  35  3  1776  553  323  4  -2  
15  35  3  1783  553  323  4  -2  
15  35  3  1791  553  323  4  -2  
15  35  3  1800  553  323  4  -2  
15  35  3  1809  553  323  4  -2  
15  35  3  1816  553  323  4  -2  
15  35  3  1825  553  323  4  -2  
15  35  3  1833  553  323  4  -2  
15  35  3  1842  553  323  4  -2  
15  35  3  1850  553  323  4  -2  
15  35  3  1858  553  323  4  -2  
15  35  3  1866  553  323  4  -2  
15  35  3  1875  553  323  4  -2  
15  35  3  1883  553  323  4  -2  
15  35  3  1891  553  323  4  -2  
15  35  4  1900  553  323  4  -2  
15  35  4  1908  553  323  4  -2  
15  35  4  1917  553  323  4  -2  
15  35  4  1925  553  323  4  -2  
15  35  4  1934  553  323  4  -2  
15  35  4  1942  553  323  4  -2  
15  35  4  1949  553  323  4  -2  
15  35  4  1959  553  323  4  -2  
15  35  4  1967  553  323  4  -2  
15  35  4  1975  553  323  4  -2  
15  35  4  1983  553  323  4  -2  
15  35  4  1991  553  323  4  -2  
15  35  4  1999  553  323  4  -2  
15  35  4  2008  553  323  4  -2  
15  35  4  2016  553  323  4  -2  
15  35  4  2024  553  323  4  -2  
15  35  4  2033  553  323  4  -2  
15  35  4  2042  553  323  4  -2  
15  35  4  2050  553  323  4  -2  
15  35  4  2058  553  323  4  -2  
15  35  4  2067  553  323  4  -2  
15  35  4  2076  553  323  4  -2  
15  35  4  2085  553  323  4  -2  
15  35  4  2094  553  323  4  -2  
15  35  4  2100  553  323  4  -2  
15  35  4  2110  553  323  4  -2  
15  35  4  2117  553  323  4  -2  
15  35  4  2126  553  323  4  -2  
15  35  4  2135  553  323  4  -2  
15  35  4  2143  553  323  4  -2  
15  35  4  2152  553  323  4  -2  
15  35  4  2160  553  323  4  -2  
15  35  4  2169  553  323  4  -2  
15  35  4  2177  553  323  4  -2  
15  35  4  2186  548  323  4  -2  
15  35  4  2194  541  322  4  -2  
15  35  4  2201  530  321  4  -2  
15  35  4  2209  518  318  4  -2  
15  35  4  2218  508  317  4  -2  
15  35  4  2227  498  317  4  -2  
15  35  4  2235  480  317  4  -2  
15  35  4  2243  467  317  4  -2  
15  35  4  2252  453  317  4  -2  
15  35  4  2260  435  317  4  -2  
15  35  4  2268  412  317  4  -2  
15  35  4  2277  382  317  5  -2  
15  35  4  2286  350  315  5  -2  
15  35  4  2295  320  315  5  -2  
15  35  4  2301  298  314  5  -2  
15  35  4  2311  286  314  5  -2  
15  35  4  2318  276  314  5  -2  
15  35  4  2329  275  314  5  -2  
15  35  4  2336  275  314  5  -2  
15  35  4  2344  275  314  5  -2  
15  35  4  2352  275  314  5  -2  
15  35  4  2360  275  314  5  -2  
15  35  4  2369  275  314  5  -2  
15  35  4  2376  275  314  5  -2  
15  35  4  2386  273  314  5  -2  
15  35  4  2396  273  314  5  -2  
15  35  4  2405  273  314  5  -2  
15  35  4  2414  273  314  5  -2  
15  35  4  2420  273  314  5  -2  
15  35  4  2430  273  314  5  -2  
15  35  4  2438  273  314  5  -2  
15  35  4  2446  273  314  5  -2  
15  35  4  2455  273  314  5  -2  
15  35  4  2466  273  314  5  -2  
15  35  4  2471  273  314  5  -2  
15  35  4  2483  273  314  5  -2  
15  35  4  2488  273  314  5  -2  
15  35  4  2499  273  314  5  -2  
15  35  4  2506  273  314  5  -2  
15  35  4  2516  273  314  5  -2  
15  35  4  2523  273  314  5  -2  
15  35  4  2533  273  314  5  -2  
15  35  4  2540  273  314  5  -2  
15  35  4  2549  273  314  5  -2  
15  35  4  2556  273  314  5  -2  
15  35  4  2566  273  314  5  -2  
15  35  4  2573  273  314  5  -2  
15  35  4  2582  273  314  5  -2  
15  35  4  2590  273  314  5  -2  
15  35  4  2599  273  314  5  -2  
15  35  4  2606  273  314  5  -2  
15  35  4  2616  273  314  5  -2  
15  35  4  2624  273  314  5  -2  
15  35  4  2632  273  314  5  -2  
15  35  4  2640  273  314  5  -2  
15  35  4  2649  273  314  5  -2  
15  35  4  2655  273  314  5  -2  
15  35  4  2666  273  314  5  -2  
15  35  4  2673  273  314  5  -2  
15  35  4  2683  273  314  5  -2  
