11  32  21  0  349  322  1  -2  
11  32  21  10  349  322  1  -2  
11  32  21  18  349  322  1  -2  
11  32  21  27  349  322  1  -2  
11  32  21  35  349  322  1  -2  
11  32  21  43  349  322  1  -2  
11  32  21  52  349  322  1  -2  
11  32  21  60  349  322  1  -2  
11  32  21  69  349  322  1  -2  
11  32  21  78  349  322  1  -2  
11  32  21  86  349  322  1  -2  
11  32  21  96  349  322  1  -2  
11  32  21  103  349  322  1  -2  
11  32  21  113  349  322  1  -2  
11  32  21  121  349  322  1  -2  
11  32  21  130  349  322  1  -2  
11  32  21  139  349  322  1  -2  
11  32  21  148  349  322  1  -2  
11  32  21  157  349  322  1  -2  
11  32  21  165  349  322  1  -2  
11  32  21  174  349  322  1  -2  
11  32  21  181  349  322  1  -2  
11  32  21  192  349  322  1  -2  
11  32  21  197  353  322  1  -2  
11  32  21  210  353  322  1  -2  
11  32  21  217  357  322  1  -2  
11  32  21  226  360  322  1  -2  
11  32  21  234  362  322  1  -2  
11  32  21  244  364  322  1  -2  
11  32  21  253  366  322  1  -2  
11  32  21  261  369  322  1  -2  
11  32  21  270  370  322  1  -2  
11  32  21  279  378  322  1  -2  
11  32  21  287  379  322  1  -2  
11  32  21  296  382  322  1  -2  
11  32  21  306  385  322  1  -2  
11  32  21  312  387  322  1  -2  
11  32  21  321  389  322  1  -2  
11  32  21  330  394  322  1  -2  
11  32  21  339  399  324  1  -2  
11  32  21  348  403  324  1  -2  
11  32  21  358  409  326  1  -2  
11  32  21  364  418  327  1  -2  
11  32  21  375  418  327  1  -2  
11  32  21  382  425  327  1  -2  
11  32  21  392  427  327  1  -2  
11  32  21  399  429  327  1  -2  
11  32  21  409  430  327  1  -2  
11  32  21  418  432  327  1  -2  
11  32  21  426  435  327  1  -2  
11  32  21  436  437  327  1  -2  
11  32  21  444  441  327  1  -2  
11  32  21  453  447  327  1  -2  
11  32  21  461  456  327  1  -2  
11  32  21  471  461  327  1  -2  
11  32  21  479  473  327  1  -2  
11  32  21  489  477  327  1  -2  
11  32  21  497  479  327  1  -2  
11  32  21  507  483  327  1  -2  
11  32  21  514  486  327  1  -2  
11  32  21  524  487  327  1  -2  
11  32  21  532  491  327  1  -2  
11  32  21  541  493  327  1  -2  
11  32  21  548  499  327  2  -2  
11  32  21  558  499  327  2  -2  
11  32  21  566  501  327  2  -2  
11  32  21  576  504  327  2  -2  
11  32  21  583  505  327  2  -2  
11  32  21  592  505  327  2  -2  
11  32  21  600  507  327  2  -2  
11  32  21  610  508  327  2  -2  
11  32  21  619  511  327  2  -2  
11  32  21  627  513  326  2  -2  
11  32  21  638  513  326  2  -2  
11  32  21  645  517  326  2  -2  
11  32  21  654  517  326  2  -2  
11  32  21  662  517  326  2  -2  
11  32  21  672  517  326  2  -2  
11  32  21  679  517  326  2  -2  
11  32  21  690  518  326  2  -2  
11  32  21  698  520  326  2  -2  
11  32  21  708  520  326  2  -2  
11  32  21  716  523  326  2  -2  
11  32  22  725  524  326  2  -2  
11  32  22  733  527  325  2  -2  
11  32  22  741  527  325  2  -2  
11  32  22  750  527  325  2  -2  
11  32  22  759  527  325  2  -2  
11  32  22  767  527  325  2  -2  
11  32  22  774  528  325  2  -2  
11  32  22  782  529  325  2  -2  
11  32  22  792  530  325  2  -2  
11  32  22  801  531  325  2  -2  
11  32  22  811  532  325  2  -2  
11  32  22  818  532  324  2  -2  
11  32  22  827  532  324  2  -2  
11  32  22  836  532  324  2  -2  
11  32  22  844  532  324  2  -2  
11  32  22  852  532  324  2  -2  
11  32  22  860  532  324  2  -2  
11  32  22  868  532  324  2  -2  
11  32  22  876  533  323  2  -2  
11  32  22  887  533  323  2  -2  
11  32  22  895  535  323  2  -2  
11  32  22  902  536  323  2  -2  
11  32  22  910  537  322  2  -2  
11  32  22  920  537  322  2  -2  
11  32  22  926  537  322  2  -2  
11  32  22  936  537  322  2  -2  
11  32  22  944  537  322  2  -2  
11  32  22  951  537  322  2  -2  
11  32  22  960  537  322  2  -2  
11  32  22  968  537  322  2  -2  
11  32  22  977  537  322  2  -2  
11  32  22  986  537  322  2  -2  
11  32  22  993  537  322  2  -2  
11  32  22  1002  537  322  2  -2  
11  32  22  1010  537  322  2  -2  
11  32  22  1018  537  322  2  -2  
11  32  22  1027  537  322  2  -2  
11  32  22  1036  537  322  2  -2  
11  32  22  1044  533  322  2  -2  
11  32  22  1052  528  322  2  -2  
11  32  22  1061  524  322  2  -2  
11  32  22  1070  516  322  2  -2  
11  32  22  1077  511  322  2  -2  
11  32  22  1086  509  322  2  -2  
11  32  22  1094  504  322  2  -2  
11  32  22  1102  500  322  2  -2  
11  32  22  1112  497  322  2  -2  
11  32  22  1120  492  322  2  -2  
11  32  22  1128  487  322  2  -2  
11  32  22  1137  485  322  2  -2  
11  32  22  1145  481  322  2  -2  
11  32  22  1152  477  322  2  -2  
11  32  22  1161  474  322  2  -2  
11  32  22  1168  469  322  2  -2  
11  32  22  1177  464  322  2  -2  
11  32  22  1186  457  322  2  -2  
11  32  22  1195  450  322  2  -2  
11  32  22  1203  443  322  2  -2  
11  32  22  1211  438  322  2  -2  
11  32  22  1220  433  322  2  -2  
11  32  22  1230  429  322  2  -2  
11  32  22  1239  422  322  2  -2  
11  32  22  1246  419  322  2  -2  
11  32  22  1255  415  322  2  -2  
11  32  22  1262  411  322  2  -2  
11  32  22  1272  406  322  2  -2  
11  32  22  1280  399  321  3  -2  
11  32  22  1289  394  321  3  -2  
11  32  22  1296  387  321  3  -2  
11  32  22  1305  379  321  3  -2  
11  32  22  1312  374  321  3  -2  
11  32  22  1321  371  321  3  -2  
11  32  22  1328  369  321  3  -2  
11  32  22  1337  367  321  3  -2  
11  32  22  1346  367  321  3  -2  
11  32  22  1355  365  321  3  -2  
11  32  22  1362  365  321  3  -2  
11  32  22  1371  365  321  3  -2  
11  32  22  1378  364  321  3  -2  
11  32  22  1388  364  321  3  -2  
11  32  22  1396  363  321  3  -2  
11  32  22  1405  362  321  3  -2  
11  32  22  1412  361  321  3  -2  
11  32  22  1421  361  321  3  -2  
11  32  22  1428  360  321  3  -2  
11  32  22  1438  360  321  3  -2  
11  32  22  1446  360  321  3  -2  
11  32  22  1456  360  321  3  -2  
11  32  22  1462  360  321  3  -2  
11  32  22  1472  360  321  3  -2  
11  32  22  1480  360  321  3  -2  
11  32  22  1489  360  321  3  -2  
11  32  22  1496  360  321  3  -2  
11  32  22  1505  360  321  3  -2  
11  32  22  1512  360  321  3  -2  
11  32  22  1521  360  321  3  -2  
11  32  22  1529  360  321  3  -2  
11  32  22  1538  360  321  3  -2  
11  32  22  1546  360  321  3  -2  
11  32  22  1556  360  321  3  -2  
11  32  22  1562  360  321  3  -2  
11  32  22  1571  360  321  3  -2  
11  32  22  1578  360  321  3  -2  
11  32  22  1587  360  321  3  -2  
11  32  22  1596  360  321  3  -2  
11  32  22  1606  360  321  3  -2  
11  32  22  1612  360  321  3  -2  
11  32  22  1622  360  321  3  -2  
11  32  22  1628  368  321  3  -2  
11  32  22  1639  368  321  3  -2  
11  32  22  1646  391  321  3  -2  
11  32  22  1655  401  321  3  -2  
11  32  22  1662  413  321  3  -2  
11  32  22  1672  423  321  3  -2  
11  32  22  1680  433  321  3  -2  
11  32  22  1689  441  321  3  -2  
11  32  22  1696  446  321  3  -2  
11  32  22  1706  452  321  3  -2  
11  32  22  1712  455  321  3  -2  
11  32  23  1722  458  321  3  -2  
11  32  23  1729  461  321  3  -2  
11  32  23  1739  463  321  3  -2  
11  32  23  1747  466  321  3  -2  
11  32  23  1756  470  321  3  -2  
11  32  23  1764  471  321  3  -2  
11  32  23  1774  476  321  3  -2  
11  32  23  1782  490  321  3  -2  
11  32  23  1790  497  321  4  -2  
11  32  23  1797  503  321  4  -2  
11  32  23  1807  503  321  4  -2  
11  32  23  1815  514  321  4  -2  
11  32  23  1824  518  321  4  -2  
11  32  23  1830  519  321  4  -2  
11  32  23  1840  522  321  4  -2  
11  32  23  1848  524  321  4  -2  
11  32  23  1857  526  321  4  -2  
11  32  23  1865  528  321  4  -2  
11  32  23  1874  532  321  4  -2  
11  32  23  1881  534  321  4  -2  
11  32  23  1890  537  321  4  -2  
11  32  23  1898  540  321  4  -2  
11  32  23  1907  540  321  4  -2  
11  32  23  1915  541  321  4  -2  
11  32  23  1924  541  321  4  -2  
11  32  23  1930  542  321  4  -2  
11  32  23  1940  542  321  4  -2  
11  32  23  1948  542  321  4  -2  
11  32  23  1957  542  321  4  -2  
11  32  23  1965  542  321  4  -2  
11  32  23  1973  542  321  4  -2  
11  32  23  1983  543  321  4  -2  
11  32  23  1990  544  321  4  -2  
11  32  23  1998  544  321  4  -2  
11  32  23  2007  544  321  4  -2  
11  32  23  2015  544  321  4  -2  
11  32  23  2024  544  321  4  -2  
11  32  23  2031  544  321  4  -2  
11  32  23  2040  544  321  4  -2  
11  32  23  2049  544  321  4  -2  
11  32  23  2057  544  321  4  -2  
11  32  23  2065  544  321  4  -2  
11  32  23  2073  544  321  4  -2  
11  32  23  2080  544  321  4  -2  
11  32  23  2090  544  321  4  -2  
11  32  23  2098  544  321  4  -2  
11  32  23  2107  544  321  4  -2  
11  32  23  2116  544  321  4  -2  
11  32  23  2124  544  321  4  -2  
11  32  23  2132  544  321  4  -2  
11  32  23  2141  544  321  4  -2  
11  32  23  2149  544  321  4  -2  
11  32  23  2157  544  321  4  -2  
11  32  23  2166  545  321  4  -2  
11  32  23  2174  520  321  4  -2  
11  32  23  2182  520  321  4  -2  
11  32  23  2190  504  321  4  -2  
11  32  23  2199  469  321  4  -2  
11  32  23  2207  451  321  4  -2  
11  32  23  2215  437  321  4  -2  
11  32  23  2224  427  321  4  -2  
11  32  23  2231  416  321  4  -2  
11  32  23  2239  409  321  4  -2  
11  32  23  2248  404  321  4  -2  
11  32  23  2257  400  321  4  -2  
