10  32  27  0  346  278  1  -2  
10  32  27  7  346  278  1  -2  
10  32  27  15  346  278  1  -2  
10  32  27  24  346  278  1  -2  
10  32  27  32  346  278  1  -2  
10  32  27  40  346  278  1  -2  
10  32  27  47  346  278  1  -2  
10  32  27  57  346  278  1  -2  
10  32  27  65  346  278  1  -2  
10  32  27  75  346  278  1  -2  
10  32  27  81  346  278  1  -2  
10  32  27  90  346  278  1  -2  
10  32  27  99  346  278  1  -2  
10  32  27  106  346  278  1  -2  
10  32  27  117  346  278  1  -2  
10  32  27  124  346  278  1  -2  
10  32  27  134  346  278  1  -2  
10  32  27  143  346  278  1  -2  
10  32  27  152  346  278  1  -2  
10  32  27  162  346  278  1  -2  
10  32  27  169  346  278  1  -2  
10  32  27  180  346  278  1  -2  
10  32  27  187  346  278  1  -2  
10  32  27  197  346  278  1  -2  
10  32  27  205  346  278  1  -2  
10  32  27  214  346  278  1  -2  
10  32  27  222  346  278  1  -2  
10  32  27  231  346  278  1  -2  
10  32  27  240  346  278  1  -2  
10  32  27  249  346  278  1  -2  
10  32  27  261  346  278  1  -2  
10  32  27  268  346  278  1  -2  
10  32  27  278  346  278  1  -2  
10  32  27  287  346  278  1  -2  
10  32  27  297  346  278  1  -2  
10  32  27  304  346  278  1  -2  
10  32  27  314  346  278  1  -2  
10  32  27  321  346  278  1  -2  
10  32  27  331  346  278  1  -2  
10  32  27  339  346  278  1  -2  
10  32  27  347  346  278  1  -2  
10  32  27  355  346  278  1  -2  
10  32  27  364  346  278  1  -2  
10  32  27  372  346  278  1  -2  
10  32  27  381  346  278  1  -2  
10  32  27  389  346  278  1  -2  
10  32  27  397  346  278  1  -2  
10  32  27  405  346  278  1  -2  
10  32  27  415  346  278  1  -2  
10  32  27  422  347  278  1  -2  
10  32  27  431  348  278  1  -2  
10  32  27  438  350  278  1  -2  
10  32  27  448  352  278  1  -2  
10  32  27  455  354  279  1  -2  
10  32  27  464  356  279  1  -2  
10  32  27  474  365  281  1  -2  
10  32  27  482  370  282  1  -2  
10  32  27  490  376  286  1  -2  
10  32  27  498  383  287  1  -2  
10  32  27  507  388  287  1  -2  
10  32  27  515  397  288  1  -2  
10  32  27  523  407  291  1  -2  
10  32  27  531  416  292  1  -2  
10  32  27  540  426  292  1  -2  
10  32  27  548  438  295  1  -2  
10  32  27  556  449  295  1  -2  
10  32  27  565  458  297  1  -2  
10  32  27  574  467  298  1  -2  
10  32  27  583  475  300  1  -2  
10  32  27  590  480  300  1  -2  
10  32  27  599  487  301  1  -2  
10  32  27  607  493  303  1  -2  
10  32  27  615  497  303  2  -2  
10  32  27  624  501  303  2  -2  
10  32  27  633  507  303  2  -2  
10  32  27  640  510  303  2  -2  
10  32  27  649  515  304  2  -2  
10  32  27  658  519  304  2  -2  
10  32  27  665  524  304  2  -2  
10  32  27  674  530  304  2  -2  
10  32  27  683  535  304  2  -2  
10  32  27  691  541  304  2  -2  
10  32  27  698  547  304  2  -2  
10  32  27  706  553  304  2  -2  
10  32  27  715  556  304  2  -2  
10  32  27  724  558  304  2  -2  
10  32  27  732  560  304  2  -2  
10  32  27  740  560  304  2  -2  
10  32  27  749  560  304  2  -2  
10  32  27  756  560  304  2  -2  
10  32  27  765  560  304  2  -2  
10  32  27  774  560  304  2  -2  
10  32  27  781  560  304  2  -2  
10  32  27  790  560  304  2  -2  
10  32  27  799  560  304  2  -2  
10  32  27  806  560  304  2  -2  
10  32  27  815  560  304  2  -2  
10  32  27  824  560  304  2  -2  
10  32  27  831  560  304  2  -2  
10  32  27  840  560  304  2  -2  
10  32  27  849  560  304  2  -2  
10  32  27  857  560  304  2  -2  
10  32  27  865  560  304  2  -2  
10  32  27  874  560  304  2  -2  
10  32  27  883  560  304  2  -2  
10  32  27  890  560  304  2  -2  
10  32  27  900  560  304  2  -2  
10  32  27  907  560  304  2  -2  
10  32  27  916  560  304  2  -2  
10  32  27  925  560  304  2  -2  
10  32  27  933  560  304  2  -2  
10  32  27  940  560  304  2  -2  
10  32  27  950  560  304  2  -2  
10  32  27  959  560  304  2  -2  
10  32  27  968  560  304  2  -2  
10  32  27  978  560  304  2  -2  
10  32  27  987  560  304  2  -2  
10  32  28  996  560  304  2  -2  
10  32  28  1005  560  304  2  -2  
10  32  28  1014  560  304  2  -2  
10  32  28  1021  560  304  2  -2  
10  32  28  1031  560  304  2  -2  
10  32  28  1039  560  304  2  -2  
10  32  28  1046  560  304  2  -2  
10  32  28  1055  560  304  2  -2  
10  32  28  1063  560  304  2  -2  
10  32  28  1074  560  304  2  -2  
10  32  28  1080  560  304  2  -2  
10  32  28  1089  560  304  2  -2  
10  32  28  1098  560  304  2  -2  
10  32  28  1106  560  304  2  -2  
10  32  28  1115  560  304  2  -2  
10  32  28  1122  560  304  2  -2  
10  32  28  1132  560  304  2  -2  
10  32  28  1140  560  304  2  -2  
10  32  28  1147  560  304  2  -2  
10  32  28  1157  560  304  2  -2  
10  32  28  1167  560  304  2  -2  
10  32  28  1174  560  304  2  -2  
10  32  28  1184  560  304  2  -2  
10  32  28  1191  560  304  2  -2  
10  32  28  1200  560  304  2  -2  
10  32  28  1207  560  304  2  -2  
10  32  28  1215  560  304  2  -2  
10  32  28  1226  560  304  2  -2  
10  32  28  1233  560  304  2  -2  
10  32  28  1243  560  304  2  -2  
10  32  28  1251  560  304  2  -2  
10  32  28  1260  560  304  2  -2  
10  32  28  1266  560  304  2  -2  
10  32  28  1275  560  304  2  -2  
10  32  28  1284  560  304  2  -2  
10  32  28  1294  560  304  2  -2  
10  32  28  1300  560  304  2  -2  
10  32  28  1309  558  304  2  -2  
10  32  28  1316  558  304  2  -2  
10  32  28  1326  556  304  2  -2  
10  32  28  1334  553  304  2  -2  
10  32  28  1344  552  304  2  -2  
10  32  28  1349  550  304  2  -2  
10  32  28  1359  548  304  2  -2  
10  32  28  1366  546  304  2  -2  
10  32  28  1377  544  304  2  -2  
10  32  28  1384  542  304  2  -2  
10  32  28  1391  540  304  2  -2  
10  32  28  1400  537  304  2  -2  
10  32  28  1409  532  304  2  -2  
10  32  28  1418  528  304  2  -2  
10  32  28  1427  525  304  2  -2  
10  32  28  1434  521  304  2  -2  
10  32  28  1442  517  304  2  -2  
10  32  28  1451  512  304  2  -2  
10  32  28  1461  507  304  2  -2  
10  32  28  1468  500  304  2  -2  
10  32  28  1477  495  304  2  -2  
10  32  28  1484  490  304  2  -2  
10  32  28  1494  486  304  2  -2  
10  32  28  1500  482  304  2  -2  
10  32  28  1509  477  304  2  -2  
10  32  28  1517  474  304  2  -2  
10  32  28  1526  472  304  2  -2  
10  32  28  1534  468  304  2  -2  
10  32  28  1544  465  304  2  -2  
10  32  28  1550  462  304  2  -2  
10  32  28  1559  458  304  2  -2  
10  32  28  1566  453  304  2  -2  
10  32  28  1577  449  304  2  -2  
10  32  28  1585  444  304  2  -2  
10  32  28  1594  434  304  2  -2  
10  32  28  1600  430  304  2  -2  
10  32  28  1607  430  304  2  -2  
10  32  28  1617  427  304  2  -2  
10  32  28  1627  419  304  2  -2  
10  32  28  1634  418  304  2  -2  
10  32  28  1644  416  304  2  -2  
10  32  28  1651  415  304  2  -2  
10  32  28  1661  414  305  2  -2  
10  32  28  1667  413  305  2  -2  
10  32  28  1677  412  305  2  -2  
10  32  28  1684  412  305  2  -2  
10  32  28  1694  411  305  2  -2  
10  32  28  1701  409  305  2  -2  
10  32  28  1710  408  306  2  -2  
10  32  28  1716  408  306  2  -2  
10  32  28  1727  408  306  2  -2  
10  32  28  1735  404  307  2  -2  
10  32  28  1744  403  307  2  -2  
10  32  28  1751  401  307  2  -2  
10  32  28  1761  399  308  3  -2  
10  32  28  1769  396  308  3  -2  
10  32  28  1778  396  308  3  -2  
10  32  28  1785  394  309  3  -2  
10  32  28  1794  393  309  3  -2  
10  32  28  1800  391  309  3  -2  
10  32  28  1811  391  309  3  -2  
10  32  28  1817  388  309  3  -2  
10  32  28  1828  387  310  3  -2  
10  32  28  1834  387  310  3  -2  
10  32  28  1844  387  310  3  -2  
10  32  28  1850  387  310  3  -2  
10  32  28  1861  387  310  3  -2  
10  32  28  1867  386  310  3  -2  
10  32  28  1877  386  310  3  -2  
10  32  28  1885  386  310  3  -2  
10  32  28  1894  386  310  3  -2  
10  32  28  1901  386  310  3  -2  
10  32  28  1912  386  310  3  -2  
10  32  28  1919  386  310  3  -2  
10  32  28  1928  386  310  3  -2  
10  32  28  1935  386  310  3  -2  
10  32  28  1945  386  310  3  -2  
10  32  28  1953  386  310  3  -2  
10  32  28  1962  386  310  3  -2  
10  32  28  1968  386  310  3  -2  
10  32  28  1978  386  310  3  -2  
10  32  28  1985  386  310  3  -2  
10  32  29  1995  386  310  3  -2  
10  32  29  2001  386  310  3  -2  
10  32  29  2011  386  310  3  -2  
10  32  29  2018  386  310  3  -2  
10  32  29  2028  387  310  3  -2  
10  32  29  2035  391  310  3  -2  
10  32  29  2045  393  310  3  -2  
10  32  29  2052  398  310  3  -2  
10  32  29  2061  403  310  3  -2  
10  32  29  2068  411  310  3  -2  
10  32  29  2079  420  310  3  -2  
10  32  29  2085  427  310  3  -2  
10  32  29  2095  437  310  3  -2  
10  32  29  2103  443  310  3  -2  
10  32  29  2112  450  310  3  -2  
10  32  29  2118  455  310  3  -2  
10  32  29  2128  464  310  3  -2  
10  32  29  2135  474  310  3  -2  
10  32  29  2145  474  310  3  -2  
10  32  29  2152  481  310  3  -2  
10  32  29  2162  481  310  3  -2  
10  32  29  2168  486  310  3  -2  
10  32  29  2178  490  310  3  -2  
10  32  29  2185  495  312  4  -2  
10  32  29  2195  499  312  4  -2  
10  32  29  2202  501  313  4  -2  
10  32  29  2212  504  313  4  -2  
10  32  29  2218  509  314  4  -2  
10  32  29  2228  512  314  4  -2  
10  32  29  2236  513  314  4  -2  
10  32  29  2247  514  314  4  -2  
10  32  29  2254  514  315  4  -2  
10  32  29  2261  514  315  4  -2  
10  32  29  2270  514  315  4  -2  
10  32  29  2278  514  315  4  -2  
10  32  29  2286  514  315  4  -2  
10  32  29  2295  514  315  4  -2  
10  32  29  2303  514  315  4  -2  
10  32  29  2312  514  315  4  -2  
10  32  29  2319  514  315  4  -2  
10  32  29  2328  514  315  4  -2  
10  32  29  2337  514  315  4  -2  
10  32  29  2346  514  315  4  -2  
10  32  29  2354  514  315  4  -2  
10  32  29  2361  514  315  4  -2  
10  32  29  2370  514  315  4  -2  
10  32  29  2378  514  315  4  -2  
10  32  29  2386  514  315  4  -2  
10  32  29  2395  514  315  4  -2  
10  32  29  2404  514  315  4  -2  
10  32  29  2412  514  315  4  -2  
10  32  29  2419  514  315  4  -2  
10  32  29  2428  514  315  4  -2  
10  32  29  2435  514  315  4  -2  
10  32  29  2445  514  315  4  -2  
10  32  29  2453  513  315  4  -2  
10  32  29  2461  507  315  4  -2  
10  32  29  2470  497  315  4  -2  
10  32  29  2478  488  315  4  -2  
10  32  29  2487  476  315  4  -2  
10  32  29  2495  465  315  4  -2  
10  32  29  2503  453  315  4  -2  
10  32  29  2512  443  315  4  -2  
10  32  29  2520  433  315  4  -2  
10  32  29  2528  424  314  4  -2  
10  32  29  2537  414  314  4  -2  
