10  33  56  0  346  268  1  -2  
10  33  56  6  346  268  1  -2  
10  33  56  16  346  268  1  -2  
10  33  56  23  346  268  1  -2  
10  33  56  32  346  268  1  -2  
10  33  56  39  345  268  1  -2  
10  33  56  48  345  268  1  -2  
10  33  56  56  347  269  1  -2  
10  33  56  66  347  269  1  -2  
10  33  56  73  351  270  1  -2  
10  33  56  82  351  270  1  -2  
10  33  56  91  355  271  1  -2  
10  33  56  99  361  272  1  -2  
10  33  56  106  365  274  1  -2  
10  33  56  117  365  274  1  -2  
10  33  56  123  376  276  1  -2  
10  33  56  132  381  276  1  -2  
10  33  56  141  386  277  1  -2  
10  33  56  150  393  281  1  -2  
10  33  56  156  399  281  1  -2  
10  33  56  165  404  282  1  -2  
10  33  56  174  409  282  1  -2  
10  33  56  182  415  283  1  -2  
10  33  56  191  420  283  1  -2  
10  33  56  200  425  285  1  -2  
10  33  56  206  431  285  1  -2  
10  33  56  215  434  286  1  -2  
10  33  56  223  438  286  1  -2  
10  33  56  232  442  287  1  -2  
10  33  56  241  446  287  1  -2  
10  33  56  250  450  288  1  -2  
10  33  56  258  453  288  1  -2  
10  33  56  267  455  288  1  -2  
10  33  56  275  462  288  1  -2  
10  33  56  285  465  288  1  -2  
10  33  56  292  469  288  1  -2  
10  33  56  302  472  288  1  -2  
10  33  56  310  473  288  1  -2  
10  33  56  319  477  288  1  -2  
10  33  56  328  478  288  1  -2  
10  33  56  336  481  288  1  -2  
10  33  57  347  485  288  1  -2  
10  33  57  356  491  288  1  -2  
10  33  57  365  495  288  1  -2  
10  33  57  373  499  288  1  -2  
10  33  57  383  501  290  1  -2  
10  33  57  391  504  291  2  -2  
10  33  57  400  508  291  2  -2  
10  33  57  408  513  292  2  -2  
10  33  57  421  518  292  2  -2  
10  33  57  429  524  293  2  -2  
10  33  57  437  525  293  2  -2  
10  33  57  446  529  293  2  -2  
10  33  57  455  530  293  2  -2  
10  33  57  464  531  295  2  -2  
10  33  57  472  532  295  2  -2  
10  33  57  483  533  295  2  -2  
10  33  57  489  533  295  2  -2  
10  33  57  499  533  295  2  -2  
10  33  57  506  533  295  2  -2  
10  33  57  516  533  295  2  -2  
10  33  57  523  533  295  2  -2  
10  33  57  534  533  295  2  -2  
10  33  57  541  534  295  2  -2  
10  33  57  551  534  295  2  -2  
10  33  57  560  534  295  2  -2  
10  33  57  568  534  295  2  -2  
10  33  57  577  534  295  2  -2  
10  33  57  585  534  295  2  -2  
10  33  57  594  534  295  2  -2  
10  33  57  603  534  295  2  -2  
10  33  57  612  534  295  2  -2  
10  33  57  621  534  295  2  -2  
10  33  57  630  534  295  2  -2  
10  33  57  639  534  295  2  -2  
10  33  57  649  534  295  2  -2  
10  33  57  655  534  295  2  -2  
10  33  57  665  534  295  2  -2  
10  33  57  672  534  295  2  -2  
10  33  57  682  534  295  2  -2  
10  33  57  689  534  295  2  -2  
10  33  57  700  534  295  2  -2  
10  33  57  709  534  295  2  -2  
10  33  57  719  534  295  2  -2  
10  33  57  726  534  295  2  -2  
10  33  57  737  534  295  2  -2  
10  33  57  744  534  295  2  -2  
10  33  57  754  534  295  2  -2  
10  33  57  762  534  295  2  -2  
10  33  57  771  534  295  2  -2  
10  33  57  781  534  295  2  -2  
10  33  57  789  534  295  2  -2  
10  33  57  800  534  295  2  -2  
10  33  57  807  534  295  2  -2  
10  33  57  817  534  295  2  -2  
10  33  57  824  534  295  2  -2  
10  33  57  835  534  295  2  -2  
10  33  57  843  534  295  2  -2  
10  33  57  852  534  295  2  -2  
10  33  57  861  532  295  2  -2  
10  33  57  870  530  295  2  -2  
10  33  57  879  527  296  2  -2  
10  33  57  888  523  296  2  -2  
10  33  57  895  521  296  2  -2  
10  33  57  906  518  297  2  -2  
10  33  57  915  513  297  2  -2  
10  33  57  924  505  299  2  -2  
10  33  57  934  499  300  2  -2  
10  33  57  943  496  300  2  -2  
10  33  57  952  493  301  2  -2  
10  33  57  961  488  302  2  -2  
10  33  57  970  483  302  2  -2  
10  33  57  979  477  302  2  -2  
10  33  57  988  466  306  2  -2  
10  33  57  999  461  306  2  -2  
10  33  57  1007  453  307  2  -2  
10  33  57  1016  446  307  2  -2  
10  33  57  1023  439  308  2  -2  
10  33  57  1034  432  310  2  -2  
10  33  57  1042  421  312  2  -2  
10  33  57  1051  421  312  2  -2  
10  33  57  1060  412  313  2  -2  
10  33  57  1068  407  314  2  -2  
10  33  57  1077  403  314  2  -2  
10  33  57  1085  400  316  2  -2  
10  33  57  1093  396  316  3  -2  
10  33  57  1102  393  316  3  -2  
10  33  57  1110  389  317  3  -2  
10  33  57  1119  381  320  3  -2  
10  33  57  1126  378  321  3  -2  
10  33  57  1133  372  322  3  -2  
10  33  57  1143  367  322  3  -2  
10  33  57  1152  363  323  3  -2  
10  33  57  1160  358  323  3  -2  
10  33  57  1169  356  323  3  -2  
10  33  57  1177  353  324  3  -2  
10  33  57  1185  351  324  3  -2  
10  33  57  1193  348  324  3  -2  
10  33  57  1201  347  326  3  -2  
10  33  57  1210  347  326  3  -2  
10  33  57  1219  347  326  3  -2  
10  33  57  1226  347  326  3  -2  
10  33  57  1235  347  326  3  -2  
10  33  57  1243  347  326  3  -2  
10  33  57  1251  347  326  3  -2  
10  33  57  1259  347  326  3  -2  
10  33  57  1268  347  326  3  -2  
10  33  57  1276  347  326  3  -2  
10  33  57  1285  347  326  3  -2  
10  33  57  1292  347  326  3  -2  
10  33  57  1301  347  326  3  -2  
10  33  57  1310  347  326  3  -2  
10  33  57  1319  347  326  3  -2  
10  33  57  1326  347  326  3  -2  
10  33  57  1335  347  326  3  -2  
10  33  58  1343  347  326  3  -2  
10  33  58  1351  347  326  3  -2  
10  33  58  1360  347  326  3  -2  
10  33  58  1369  347  326  3  -2  
10  33  58  1377  347  326  3  -2  
10  33  58  1386  347  326  3  -2  
10  33  58  1393  347  326  3  -2  
10  33  58  1401  347  326  3  -2  
10  33  58  1410  347  326  3  -2  
10  33  58  1419  347  326  3  -2  
10  33  58  1427  347  326  3  -2  
10  33  58  1435  347  326  3  -2  
10  33  58  1442  347  326  3  -2  
10  33  58  1452  347  326  3  -2  
10  33  58  1460  347  326  3  -2  
10  33  58  1469  347  326  3  -2  
10  33  58  1476  347  326  3  -2  
10  33  58  1485  347  326  3  -2  
10  33  58  1492  347  326  3  -2  
10  33  58  1501  347  326  3  -2  
10  33  58  1510  347  326  3  -2  
10  33  58  1519  347  326  3  -2  
10  33  58  1526  347  326  3  -2  
10  33  58  1535  347  326  3  -2  
10  33  58  1543  347  326  3  -2  
10  33  58  1551  347  326  3  -2  
10  33  58  1561  348  326  3  -2  
10  33  58  1570  350  326  3  -2  
10  33  58  1577  352  326  3  -2  
10  33  58  1585  355  326  3  -2  
10  33  58  1593  357  326  3  -2  
10  33  58  1602  361  326  3  -2  
10  33  58  1611  369  326  3  -2  
10  33  58  1620  376  326  3  -2  
10  33  58  1627  381  326  3  -2  
10  33  58  1635  388  326  3  -2  
10  33  58  1645  395  326  3  -2  
10  33  58  1652  401  326  3  -2  
10  33  58  1661  408  327  3  -2  
10  33  58  1670  414  328  3  -2  
10  33  58  1677  421  328  3  -2  
10  33  58  1685  426  328  3  -2  
10  33  58  1694  436  328  3  -2  
10  33  58  1702  444  328  3  -2  
10  33  58  1713  451  328  3  -2  
10  33  58  1719  461  328  3  -2  
10  33  58  1727  473  328  3  -2  
10  33  58  1736  481  328  3  -2  
10  33  58  1744  491  328  3  -2  
10  33  58  1753  501  329  4  -2  
10  33  58  1761  513  332  4  -2  
10  33  58  1770  525  332  4  -2  
10  33  58  1777  533  332  4  -2  
10  33  58  1786  545  333  4  -2  
10  33  58  1795  560  334  4  -2  
10  33  58  1803  567  334  4  -2  
10  33  58  1812  574  334  4  -2  
10  33  58  1820  581  338  4  -2  
10  33  58  1827  584  338  4  -2  
10  33  58  1837  586  338  4  -2  
10  33  58  1844  587  339  4  -2  
10  33  58  1852  587  339  4  -2  
10  33  58  1861  587  339  4  -2  
10  33  58  1869  587  339  4  -2  
10  33  58  1879  587  339  4  -2  
10  33  58  1887  587  339  4  -2  
10  33  58  1894  587  339  4  -2  
10  33  58  1903  587  339  4  -2  
10  33  58  1911  587  339  4  -2  
10  33  58  1921  587  339  4  -2  
10  33  58  1929  581  339  4  -2  
10  33  58  1937  568  339  4  -2  
10  33  58  1947  551  339  4  -2  
10  33  58  1953  510  339  4  -2  
10  33  58  1965  510  339  4  -2  
10  33  58  1974  470  339  4  -2  
10  33  58  1984  453  339  4  -2  
10  33  58  1990  437  339  4  -2  
10  33  58  2000  423  339  4  -2  
10  33  58  2007  412  339  4  -2  
10  33  58  2016  405  339  4  -2  
10  33  58  2025  401  339  4  -2  
10  33  58  2033  400  339  4  -2  
10  33  58  2041  400  339  4  -2  
10  33  58  2050  400  339  4  -2  
10  33  58  2057  400  339  4  -2  
10  33  58  2066  400  339  4  -2  
10  33  58  2074  400  339  4  -2  
10  33  58  2083  400  339  4  -2  
10  33  58  2091  400  339  4  -2  
10  33  58  2100  400  339  4  -2  
10  33  58  2107  400  339  4  -2  
10  33  58  2116  400  339  4  -2  
10  33  58  2124  400  339  4  -2  
10  33  58  2133  400  339  4  -2  
10  33  58  2141  400  339  4  -2  
10  33  58  2150  400  339  4  -2  
10  33  58  2157  400  339  4  -2  
10  33  58  2166  400  339  4  -2  
10  33  58  2173  400  339  4  -2  
10  33  58  2183  400  339  4  -2  
10  33  58  2191  400  339  4  -2  
10  33  58  2200  400  339  4  -2  
10  33  58  2208  400  339  4  -2  
10  33  58  2216  400  339  4  -2  
10  33  58  2225  400  339  4  -2  
10  33  58  2233  399  339  4  -2  
10  33  58  2241  396  339  4  -2  
10  33  58  2250  395  339  4  -2  
10  33  58  2257  393  339  4  -2  
10  33  58  2264  393  339  4  -2  
10  33  58  2274  392  339  4  -2  
10  33  58  2281  392  339  4  -2  
10  33  58  2291  392  339  4  -2  
10  33  58  2298  392  339  4  -2  
10  33  58  2306  392  339  4  -2  
10  33  58  2315  392  339  4  -2  
