15  36  20  0  360  306  1  -2  
15  36  20  9  360  306  1  -2  
15  36  20  17  360  306  1  -2  
15  36  20  25  360  306  1  -2  
15  36  20  34  360  306  1  -2  
15  36  20  42  360  306  1  -2  
15  36  20  50  360  306  1  -2  
15  36  20  59  360  306  1  -2  
15  36  20  66  360  306  1  -2  
15  36  20  75  360  306  1  -2  
15  36  20  83  367  306  1  -2  
15  36  20  90  372  306  1  -2  
15  36  20  100  380  306  1  -2  
15  36  20  109  387  306  1  -2  
15  36  20  117  395  306  1  -2  
15  36  20  126  400  306  1  -2  
15  36  20  134  409  306  1  -2  
15  36  20  142  417  306  1  -2  
15  36  20  150  424  306  1  -2  
15  36  20  159  434  306  1  -2  
15  36  20  167  442  306  1  -2  
15  36  20  175  454  306  1  -2  
15  36  20  184  464  306  1  -2  
15  36  20  191  473  306  1  -2  
15  36  20  200  479  306  1  -2  
15  36  20  209  489  306  1  -2  
15  36  20  217  494  306  1  -2  
15  36  20  227  501  306  2  -2  
15  36  20  233  510  306  2  -2  
15  36  20  242  510  306  2  -2  
15  36  20  250  517  306  2  -2  
15  36  20  259  519  306  2  -2  
15  36  20  267  521  306  2  -2  
15  36  20  277  523  306  2  -2  
15  36  20  285  524  306  2  -2  
15  36  20  292  525  306  2  -2  
15  36  20  302  526  306  2  -2  
15  36  20  310  528  306  2  -2  
15  36  20  319  531  306  2  -2  
15  36  20  325  532  306  2  -2  
15  36  20  334  536  306  2  -2  
15  36  20  342  540  306  2  -2  
15  36  20  352  542  306  2  -2  
15  36  20  361  545  306  2  -2  
15  36  20  371  547  306  2  -2  
15  36  20  378  548  306  2  -2  
15  36  20  389  548  306  2  -2  
15  36  20  395  548  306  2  -2  
15  36  20  406  548  306  2  -2  
15  36  20  413  548  306  2  -2  
15  36  20  423  548  306  2  -2  
15  36  20  430  548  306  2  -2  
15  36  20  439  548  306  2  -2  
15  36  20  448  548  306  2  -2  
15  36  20  456  548  306  2  -2  
15  36  20  465  548  306  2  -2  
15  36  20  474  548  306  2  -2  
15  36  20  483  548  306  2  -2  
15  36  20  491  548  306  2  -2  
15  36  20  501  548  306  2  -2  
15  36  20  509  548  306  2  -2  
15  36  20  520  548  306  2  -2  
15  36  20  526  548  306  2  -2  
15  36  20  536  548  306  2  -2  
15  36  20  543  548  306  2  -2  
15  36  20  550  548  306  2  -2  
15  36  20  560  548  306  2  -2  
15  36  20  570  548  306  2  -2  
15  36  20  578  548  306  2  -2  
15  36  20  587  548  306  2  -2  
15  36  20  593  548  306  2  -2  
15  36  20  600  548  306  2  -2  
15  36  20  610  548  306  2  -2  
15  36  20  618  548  306  2  -2  
15  36  20  625  548  306  2  -2  
15  36  21  633  548  306  2  -2  
15  36  21  643  548  306  2  -2  
15  36  21  650  548  306  2  -2  
15  36  21  659  548  306  2  -2  
15  36  21  668  548  306  2  -2  
15  36  21  675  548  306  2  -2  
15  36  21  686  548  306  2  -2  
15  36  21  693  548  306  2  -2  
15  36  21  702  548  306  2  -2  
15  36  21  710  548  306  2  -2  
15  36  21  719  548  306  2  -2  
15  36  21  725  548  306  2  -2  
15  36  21  735  548  306  2  -2  
15  36  21  742  548  306  2  -2  
15  36  21  752  548  306  2  -2  
15  36  21  760  548  306  2  -2  
15  36  21  770  548  306  2  -2  
15  36  21  777  548  306  2  -2  
15  36  21  785  548  306  2  -2  
15  36  21  792  548  306  2  -2  
15  36  21  800  548  306  2  -2  
15  36  21  810  548  306  2  -2  
15  36  21  819  548  306  2  -2  
15  36  21  826  548  306  2  -2  
15  36  21  835  546  306  2  -2  
15  36  21  843  545  306  2  -2  
15  36  21  853  542  306  2  -2  
15  36  21  859  541  306  2  -2  
15  36  21  869  538  306  2  -2  
15  36  21  877  536  306  2  -2  
15  36  21  886  534  306  2  -2  
15  36  21  893  530  306  2  -2  
15  36  21  903  527  306  2  -2  
15  36  21  910  524  306  2  -2  
15  36  21  918  523  306  2  -2  
15  36  21  926  519  306  2  -2  
15  36  21  936  516  307  2  -2  
15  36  21  943  515  307  2  -2  
15  36  21  952  512  307  2  -2  
15  36  21  960  510  307  2  -2  
15  36  21  969  508  308  2  -2  
15  36  21  976  505  308  2  -2  
15  36  21  986  502  308  2  -2  
15  36  21  992  497  309  2  -2  
15  36  21  1003  493  310  2  -2  
15  36  21  1010  491  311  2  -2  
15  36  21  1020  486  311  2  -2  
15  36  21  1026  474  312  2  -2  
15  36  21  1036  469  313  2  -2  
15  36  21  1043  464  313  2  -2  
15  36  21  1052  458  316  2  -2  
15  36  21  1061  455  317  2  -2  
15  36  21  1071  449  317  2  -2  
15  36  21  1078  444  318  2  -2  
15  36  21  1086  437  319  2  -2  
15  36  21  1093  432  319  2  -2  
15  36  21  1103  422  319  2  -2  
15  36  21  1110  413  321  2  -2  
15  36  21  1120  405  321  2  -2  
15  36  21  1129  396  323  3  -2  
15  36  21  1139  389  324  3  -2  
15  36  21  1145  378  325  3  -2  
15  36  21  1155  378  325  3  -2  
15  36  21  1161  371  327  3  -2  
15  36  21  1172  371  327  3  -2  
15  36  21  1179  367  328  3  -2  
15  36  21  1189  366  328  3  -2  
15  36  21  1195  366  328  3  -2  
15  36  21  1205  365  328  3  -2  
15  36  21  1211  364  328  3  -2  
15  36  21  1222  364  328  3  -2  
15  36  21  1229  364  328  3  -2  
15  36  21  1238  364  328  3  -2  
15  36  21  1245  364  328  3  -2  
15  36  21  1254  364  328  3  -2  
15  36  21  1260  364  328  3  -2  
15  36  21  1271  364  328  3  -2  
15  36  21  1278  364  328  3  -2  
15  36  21  1287  364  328  3  -2  
15  36  21  1294  363  328  3  -2  
15  36  21  1303  363  328  3  -2  
15  36  21  1311  363  328  3  -2  
15  36  21  1321  363  328  3  -2  
15  36  21  1328  363  328  3  -2  
15  36  21  1337  363  328  3  -2  
15  36  21  1344  363  328  3  -2  
15  36  21  1354  363  328  3  -2  
15  36  21  1360  363  328  3  -2  
15  36  21  1371  363  328  3  -2  
15  36  21  1378  363  328  3  -2  
15  36  21  1387  363  328  3  -2  
15  36  21  1394  363  328  3  -2  
15  36  21  1404  363  328  3  -2  
15  36  21  1411  363  328  3  -2  
15  36  21  1421  363  328  3  -2  
15  36  21  1428  363  328  3  -2  
15  36  21  1438  363  328  3  -2  
15  36  21  1445  363  328  3  -2  
15  36  21  1453  363  328  3  -2  
15  36  21  1462  363  328  3  -2  
15  36  21  1471  363  328  3  -2  
15  36  21  1478  363  328  3  -2  
15  36  21  1487  363  328  3  -2  
15  36  21  1494  363  328  3  -2  
15  36  21  1504  363  328  3  -2  
15  36  21  1510  363  328  3  -2  
15  36  21  1521  363  328  3  -2  
15  36  21  1528  363  328  3  -2  
15  36  21  1537  363  328  3  -2  
15  36  21  1544  363  328  3  -2  
15  36  21  1554  363  328  3  -2  
15  36  21  1561  363  328  3  -2  
15  36  21  1571  363  328  3  -2  
15  36  21  1578  363  328  3  -2  
15  36  21  1587  363  328  3  -2  
15  36  21  1593  363  328  3  -2  
15  36  21  1603  363  328  3  -2  
15  36  21  1611  363  328  3  -2  
15  36  21  1621  363  328  3  -2  
15  36  21  1628  363  328  3  -2  
15  36  22  1637  363  328  3  -2  
15  36  22  1644  363  328  3  -2  
15  36  22  1654  363  328  3  -2  
15  36  22  1660  363  328  3  -2  
15  36  22  1671  363  328  3  -2  
15  36  22  1679  363  328  3  -2  
15  36  22  1688  363  328  3  -2  
15  36  22  1695  363  328  3  -2  
15  36  22  1704  363  328  3  -2  
15  36  22  1711  363  328  3  -2  
15  36  22  1721  363  328  3  -2  
15  36  22  1729  363  328  3  -2  
15  36  22  1737  363  328  3  -2  
15  36  22  1744  363  328  3  -2  
15  36  22  1753  363  328  3  -2  
15  36  22  1761  363  328  3  -2  
15  36  22  1771  363  328  3  -2  
15  36  22  1779  367  328  3  -2  
15  36  22  1787  372  328  3  -2  
15  36  22  1796  375  328  3  -2  
15  36  22  1803  380  328  3  -2  
15  36  22  1810  384  328  3  -2  
15  36  22  1821  389  328  3  -2  
15  36  22  1829  394  328  3  -2  
15  36  22  1838  399  328  3  -2  
15  36  22  1845  404  328  3  -2  
15  36  22  1854  407  328  3  -2  
15  36  22  1863  412  328  3  -2  
15  36  22  1870  416  328  3  -2  
15  36  22  1879  422  328  3  -2  
15  36  22  1886  427  328  3  -2  
15  36  22  1895  432  328  3  -2  
15  36  22  1903  441  328  3  -2  
15  36  22  1912  448  328  3  -2  
15  36  22  1920  453  328  3  -2  
15  36  22  1929  458  328  3  -2  
15  36  22  1938  463  328  3  -2  
15  36  22  1946  473  328  3  -2  
15  36  22  1953  473  328  3  -2  
15  36  22  1963  477  328  3  -2  
15  36  22  1971  483  328  3  -2  
15  36  22  1980  484  328  3  -2  
15  36  22  1988  486  328  3  -2  
15  36  22  1996  486  328  3  -2  
15  36  22  2004  487  328  3  -2  
15  36  22  2013  490  328  3  -2  
15  36  22  2021  491  328  3  -2  
15  36  22  2029  494  328  3  -2  
15  36  22  2037  498  328  4  -2  
15  36  22  2047  500  328  4  -2  
15  36  22  2054  505  328  4  -2  
15  36  22  2061  509  328  4  -2  
15  36  22  2071  511  328  4  -2  
15  36  22  2079  513  328  4  -2  
15  36  22  2088  515  328  4  -2  
15  36  22  2095  516  328  4  -2  
15  36  22  2103  517  328  4  -2  
15  36  22  2112  518  328  4  -2  
15  36  22  2120  518  328  4  -2  
15  36  22  2129  519  328  4  -2  
15  36  22  2138  519  328  4  -2  
15  36  22  2147  520  328  4  -2  
15  36  22  2154  521  328  4  -2  
15  36  22  2164  524  328  4  -2  
15  36  22  2171  527  328  4  -2  
15  36  22  2180  532  328  4  -2  
15  36  22  2190  542  328  4  -2  
15  36  22  2197  549  328  4  -2  
15  36  22  2205  554  328  4  -2  
15  36  22  2213  559  328  4  -2  
15  36  22  2221  560  328  4  -2  
15  36  22  2229  561  328  4  -2  
15  36  22  2239  561  328  4  -2  
15  36  22  2247  561  328  4  -2  
15  36  22  2256  561  328  4  -2  
15  36  22  2263  561  328  4  -2  
15  36  22  2272  561  328  4  -2  
15  36  22  2280  561  328  4  -2  
15  36  22  2289  561  328  4  -2  
15  36  22  2298  561  328  4  -2  
15  36  22  2305  561  328  4  -2  
15  36  22  2313  561  328  4  -2  
15  36  22  2322  561  328  4  -2  
15  36  22  2330  561  328  4  -2  
15  36  22  2339  561  328  4  -2  
15  36  22  2347  561  328  4  -2  
15  36  22  2355  561  328  4  -2  
15  36  22  2363  561  328  4  -2  
15  36  22  2371  561  328  4  -2  
15  36  22  2380  561  328  4  -2  
15  36  22  2389  561  328  4  -2  
15  36  22  2396  561  328  4  -2  
15  36  22  2405  561  328  4  -2  
15  36  22  2413  561  328  4  -2  
15  36  22  2421  561  328  4  -2  
15  36  22  2430  561  328  4  -2  
15  36  22  2439  561  328  4  -2  
15  36  22  2447  561  328  4  -2  
15  36  22  2455  561  328  4  -2  
15  36  22  2463  561  328  4  -2  
15  36  22  2471  561  328  4  -2  
15  36  22  2480  561  328  4  -2  
15  36  22  2492  561  328  4  -2  
15  36  22  2500  561  328  4  -2  
15  36  22  2508  561  328  4  -2  
15  36  22  2516  561  328  4  -2  
15  36  22  2523  561  328  4  -2  
15  36  22  2534  561  328  4  -2  
15  36  22  2541  561  328  4  -2  
15  36  22  2551  561  328  4  -2  
15  36  22  2558  558  327  4  -2  
15  36  22  2566  555  327  4  -2  
15  36  22  2574  552  327  4  -2  
15  36  22  2583  545  327  4  -2  
15  36  22  2590  537  327  4  -2  
15  36  22  2600  530  327  4  -2  
15  36  22  2608  518  327  4  -2  
15  36  22  2616  507  327  4  -2  
15  36  22  2624  498  327  4  -2  
15  36  23  2633  488  327  4  -2  
15  36  23  2641  482  327  4  -2  
15  36  23  2651  476  327  4  -2  
15  36  23  2658  463  327  4  -2  
15  36  23  2667  463  327  4  -2  
15  36  23  2675  456  327  4  -2  
15  36  23  2684  442  327  4  -2  
15  36  23  2692  432  327  4  -2  
15  36  23  2701  424  327  4  -2  
15  36  23  2709  414  327  4  -2  
15  36  23  2717  406  327  4  -2  
15  36  23  2725  399  327  4  -2  
15  36  23  2734  395  327  5  -2  
15  36  23  2743  391  327  5  -2  
15  36  23  2752  391  327  5  -2  
15  36  23  2759  389  327  5  -2  
15  36  23  2768  388  327  5  -2  
15  36  23  2777  388  327  5  -2  
15  36  23  2785  387  327  5  -2  
15  36  23  2792  385  327  5  -2  
15  36  23  2803  383  327  5  -2  
15  36  23  2809  378  327  5  -2  
15  36  23  2820  378  327  5  -2  
15  36  23  2826  374  327  5  -2  
15  36  23  2836  374  327  5  -2  
15  36  23  2843  374  327  5  -2  
15  36  23  2853  374  327  5  -2  
15  36  23  2860  374  327  5  -2  
15  36  23  2869  374  327  5  -2  
15  36  23  2877  374  327  5  -2  
15  36  23  2886  374  327  5  -2  
15  36  23  2893  374  327  5  -2  
15  36  23  2902  374  327  5  -2  
15  36  23  2910  374  327  5  -2  
15  36  23  2919  374  327  5  -2  
15  36  23  2926  374  327  5  -2  
15  36  23  2936  374  327  5  -2  
15  36  23  2944  374  327  5  -2  
15  36  23  2953  374  327  5  -2  
15  36  23  2959  374  327  5  -2  
15  36  23  2970  374  327  5  -2  
15  36  23  2977  374  327  5  -2  
15  36  23  2986  374  327  5  -2  
15  36  23  2994  374  327  5  -2  
15  36  23  3002  374  327  5  -2  
15  36  23  3010  374  327  5  -2  
15  36  23  3020  374  327  5  -2  
15  36  23  3025  374  327  5  -2  
15  36  23  3035  374  327  5  -2  
15  36  23  3043  374  327  5  -2  
15  36  23  3052  374  327  5  -2  
15  36  23  3059  374  327  5  -2  
15  36  23  3069  374  327  5  -2  
15  36  23  3076  374  327  5  -2  
15  36  23  3085  374  327  5  -2  
15  36  23  3093  374  327  5  -2  
15  36  23  3102  374  327  5  -2  
15  36  23  3109  374  327  5  -2  
15  36  23  3119  374  327  5  -2  
15  36  23  3126  374  327  5  -2  
15  36  23  3136  374  327  5  -2  
15  36  23  3143  374  327  5  -2  
15  36  23  3152  374  327  5  -2  
15  36  23  3160  374  327  5  -2  
15  36  23  3169  374  327  5  -2  
15  36  23  3177  374  327  5  -2  
15  36  23  3186  374  327  5  -2  
