10  33  48  0  366  284  1  -2  
10  33  48  6  366  284  1  -2  
10  33  48  16  366  284  1  -2  
10  33  48  23  366  284  1  -2  
10  33  48  33  366  284  1  -2  
10  33  48  38  366  284  1  -2  
10  33  48  50  366  284  1  -2  
10  33  48  56  366  284  1  -2  
10  33  48  66  366  284  1  -2  
10  33  48  72  366  284  1  -2  
10  33  48  83  366  284  1  -2  
10  33  48  90  366  284  1  -2  
10  33  48  98  366  284  1  -2  
10  33  48  106  368  284  1  -2  
10  33  48  116  369  284  1  -2  
10  33  48  122  372  284  1  -2  
10  33  48  134  376  284  1  -2  
10  33  48  142  381  284  1  -2  
10  33  48  151  385  284  1  -2  
10  33  48  159  387  284  1  -2  
10  33  48  169  391  284  1  -2  
10  33  48  177  395  284  1  -2  
10  33  48  186  399  284  1  -2  
10  33  48  194  400  284  1  -2  
10  33  48  201  404  284  1  -2  
10  33  48  211  408  284  1  -2  
10  33  48  219  410  284  1  -2  
10  33  48  227  414  284  1  -2  
10  33  48  236  417  284  1  -2  
10  33  48  244  418  284  1  -2  
10  33  48  253  421  284  1  -2  
10  33  48  262  423  284  1  -2  
10  33  48  268  428  284  1  -2  
10  33  48  277  428  284  1  -2  
10  33  48  285  431  284  1  -2  
10  33  48  293  436  284  1  -2  
10  33  48  302  438  284  1  -2  
10  33  48  311  441  284  1  -2  
10  33  48  318  446  284  1  -2  
10  33  48  328  455  284  1  -2  
10  33  48  336  460  284  1  -2  
10  33  48  343  466  284  1  -2  
10  33  48  353  472  284  1  -2  
10  33  48  361  477  284  1  -2  
10  33  48  369  481  284  1  -2  
10  33  48  378  483  284  1  -2  
10  33  48  387  486  284  1  -2  
10  33  48  395  487  284  1  -2  
10  33  48  403  490  284  1  -2  
10  33  48  411  492  284  1  -2  
10  33  48  420  494  284  1  -2  
10  33  48  428  496  284  1  -2  
10  33  49  436  499  284  1  -2  
10  33  49  444  502  284  1  -2  
10  33  49  452  506  284  1  -2  
10  33  49  463  510  284  1  -2  
10  33  49  471  516  284  2  -2  
10  33  49  478  518  284  2  -2  
10  33  49  485  519  284  2  -2  
10  33  49  496  521  284  2  -2  
10  33  49  503  522  284  2  -2  
10  33  49  513  522  284  2  -2  
10  33  49  520  524  284  2  -2  
10  33  49  527  524  284  2  -2  
10  33  49  536  525  284  2  -2  
10  33  49  544  525  284  2  -2  
10  33  49  552  526  284  2  -2  
10  33  49  562  526  284  2  -2  
10  33  49  569  529  284  2  -2  
10  33  49  577  529  284  2  -2  
10  33  49  586  530  284  2  -2  
10  33  49  594  532  284  2  -2  
10  33  49  603  532  284  2  -2  
10  33  49  611  532  284  2  -2  
10  33  49  619  533  284  2  -2  
10  33  49  627  533  284  2  -2  
10  33  49  636  533  284  2  -2  
10  33  49  644  534  284  2  -2  
10  33  49  653  534  284  2  -2  
10  33  49  661  534  284  2  -2  
10  33  49  669  534  284  2  -2  
10  33  49  678  534  284  2  -2  
10  33  49  686  534  284  2  -2  
10  33  49  694  534  284  2  -2  
10  33  49  703  534  284  2  -2  
10  33  49  711  534  284  2  -2  
10  33  49  721  534  284  2  -2  
10  33  49  728  534  284  2  -2  
10  33  49  736  534  284  2  -2  
10  33  49  744  534  284  2  -2  
10  33  49  753  534  284  2  -2  
10  33  49  762  534  284  2  -2  
10  33  49  770  534  284  2  -2  
10  33  49  778  534  284  2  -2  
10  33  49  787  534  284  2  -2  
10  33  49  795  534  284  2  -2  
10  33  49  803  534  284  2  -2  
10  33  49  812  534  284  2  -2  
10  33  49  819  534  284  2  -2  
10  33  49  828  534  284  2  -2  
10  33  49  837  534  284  2  -2  
10  33  49  844  534  284  2  -2  
10  33  49  853  534  284  2  -2  
10  33  49  862  534  284  2  -2  
10  33  49  869  534  284  2  -2  
10  33  49  878  534  284  2  -2  
10  33  49  886  534  284  2  -2  
10  33  49  894  534  284  2  -2  
10  33  49  903  534  284  2  -2  
10  33  49  912  534  284  2  -2  
10  33  49  920  534  285  2  -2  
10  33  49  929  534  285  2  -2  
10  33  49  937  534  285  2  -2  
10  33  49  946  533  285  2  -2  
10  33  49  954  533  285  2  -2  
10  33  49  963  532  285  2  -2  
10  33  49  971  530  285  2  -2  
10  33  49  978  529  285  2  -2  
10  33  49  986  526  285  2  -2  
10  33  49  996  525  285  2  -2  
10  33  49  1003  524  285  2  -2  
10  33  49  1012  522  285  2  -2  
10  33  49  1019  520  285  2  -2  
10  33  49  1027  517  285  2  -2  
10  33  49  1036  517  285  2  -2  
10  33  49  1044  514  285  2  -2  
10  33  49  1052  512  285  2  -2  
10  33  49  1062  510  285  2  -2  
10  33  49  1069  508  285  2  -2  
10  33  49  1079  505  285  2  -2  
10  33  49  1086  504  286  2  -2  
10  33  49  1094  502  286  2  -2  
10  33  49  1103  500  286  2  -2  
10  33  49  1113  498  286  2  -2  
10  33  49  1121  496  287  2  -2  
10  33  49  1128  493  287  2  -2  
10  33  49  1136  491  287  2  -2  
10  33  49  1144  487  288  2  -2  
10  33  49  1153  483  288  2  -2  
10  33  49  1163  480  289  2  -2  
10  33  49  1170  479  289  2  -2  
10  33  49  1178  475  289  2  -2  
10  33  49  1186  472  291  2  -2  
10  33  49  1194  467  292  2  -2  
10  33  49  1203  463  293  2  -2  
10  33  49  1212  459  294  2  -2  
10  33  49  1221  454  296  2  -2  
10  33  49  1229  448  297  2  -2  
10  33  49  1236  443  298  2  -2  
10  33  49  1247  436  301  2  -2  
10  33  49  1253  424  304  2  -2  
10  33  49  1263  419  305  2  -2  
10  33  49  1271  413  307  2  -2  
10  33  49  1279  408  309  2  -2  
10  33  49  1286  403  310  2  -2  
10  33  49  1297  395  313  3  -2  
10  33  49  1304  392  313  3  -2  
10  33  49  1313  389  315  3  -2  
10  33  49  1320  386  315  3  -2  
10  33  49  1328  381  316  3  -2  
10  33  49  1336  375  319  3  -2  
10  33  49  1344  371  321  3  -2  
10  33  49  1353  367  321  3  -2  
10  33  49  1362  363  321  3  -2  
10  33  49  1370  361  322  3  -2  
10  33  49  1379  358  323  3  -2  
10  33  49  1386  354  323  3  -2  
10  33  49  1394  353  324  3  -2  
10  33  49  1403  353  324  3  -2  
10  33  49  1413  353  324  3  -2  
10  33  49  1420  352  325  3  -2  
10  33  49  1427  352  325  3  -2  
10  33  50  1436  352  325  3  -2  
10  33  50  1444  352  325  3  -2  
10  33  50  1453  352  325  3  -2  
10  33  50  1463  352  325  3  -2  
10  33  50  1471  352  325  3  -2  
10  33  50  1478  352  325  3  -2  
10  33  50  1486  352  325  3  -2  
10  33  50  1494  352  325  3  -2  
10  33  50  1503  352  325  3  -2  
10  33  50  1513  352  325  3  -2  
10  33  50  1520  352  325  3  -2  
10  33  50  1529  352  325  3  -2  
10  33  50  1536  352  325  3  -2  
10  33  50  1546  352  325  3  -2  
10  33  50  1553  352  325  3  -2  
10  33  50  1563  352  325  3  -2  
10  33  50  1571  352  325  3  -2  
10  33  50  1579  352  325  3  -2  
10  33  50  1586  352  325  3  -2  
10  33  50  1596  352  325  3  -2  
10  33  50  1603  352  325  3  -2  
10  33  50  1612  352  325  3  -2  
10  33  50  1619  352  325  3  -2  
10  33  50  1631  352  325  3  -2  
10  33  50  1637  352  325  3  -2  
10  33  50  1644  352  325  3  -2  
10  33  50  1652  352  325  3  -2  
10  33  50  1662  352  325  3  -2  
10  33  50  1669  352  325  3  -2  
10  33  50  1678  352  325  3  -2  
10  33  50  1684  352  325  3  -2  
10  33  50  1694  352  325  3  -2  
10  33  50  1702  352  325  3  -2  
10  33  50  1711  352  325  3  -2  
10  33  50  1719  352  325  3  -2  
10  33  50  1729  352  325  3  -2  
10  33  50  1736  352  325  3  -2  
10  33  50  1744  352  325  3  -2  
10  33  50  1752  352  325  3  -2  
10  33  50  1762  352  325  3  -2  
10  33  50  1770  352  325  3  -2  
10  33  50  1780  352  325  3  -2  
10  33  50  1787  352  325  3  -2  
10  33  50  1794  352  325  3  -2  
10  33  50  1802  352  325  3  -2  
10  33  50  1813  352  325  3  -2  
10  33  50  1820  352  325  3  -2  
10  33  50  1830  352  325  3  -2  
10  33  50  1836  352  325  3  -2  
10  33  50  1845  352  325  3  -2  
10  33  50  1853  352  325  3  -2  
10  33  50  1862  352  325  3  -2  
10  33  50  1870  352  325  3  -2  
10  33  50  1878  352  325  3  -2  
10  33  50  1885  352  325  3  -2  
10  33  50  1895  352  325  3  -2  
10  33  50  1903  352  325  3  -2  
10  33  50  1912  352  325  3  -2  
10  33  50  1920  352  325  3  -2  
10  33  50  1930  352  325  3  -2  
10  33  50  1936  352  325  3  -2  
10  33  50  1945  352  325  3  -2  
10  33  50  1954  352  325  3  -2  
10  33  50  1963  352  325  3  -2  
10  33  50  1970  352  325  3  -2  
10  33  50  1978  352  325  3  -2  
10  33  50  1985  352  325  3  -2  
10  33  50  1995  352  325  3  -2  
10  33  50  2003  352  325  3  -2  
10  33  50  2011  352  325  3  -2  
10  33  50  2020  352  325  3  -2  
10  33  50  2028  352  325  3  -2  
10  33  50  2036  352  325  3  -2  
10  33  50  2046  352  325  3  -2  
10  33  50  2053  352  325  3  -2  
10  33  50  2062  352  325  3  -2  
10  33  50  2070  352  325  3  -2  
10  33  50  2080  352  325  3  -2  
10  33  50  2086  352  325  3  -2  
10  33  50  2095  352  325  3  -2  
10  33  50  2103  352  325  3  -2  
10  33  50  2113  353  325  3  -2  
10  33  50  2121  357  325  3  -2  
10  33  50  2130  361  325  3  -2  
10  33  50  2136  366  325  3  -2  
10  33  50  2145  371  325  3  -2  
10  33  50  2153  378  325  3  -2  
10  33  50  2162  386  325  3  -2  
10  33  50  2170  398  325  3  -2  
10  33  50  2178  410  326  3  -2  
10  33  50  2186  423  326  3  -2  
10  33  50  2197  436  326  3  -2  
10  33  50  2203  458  329  3  -2  
10  33  50  2213  458  329  3  -2  
10  33  50  2221  478  329  3  -2  
10  33  50  2230  488  329  3  -2  
10  33  50  2238  500  330  4  -2  
10  33  50  2247  512  330  4  -2  
10  33  50  2254  520  331  4  -2  
10  33  50  2264  531  333  4  -2  
10  33  50  2270  539  333  4  -2  
10  33  50  2280  549  333  4  -2  
10  33  50  2286  558  335  4  -2  
10  33  50  2297  565  336  4  -2  
10  33  50  2304  570  337  4  -2  
10  33  50  2314  572  337  4  -2  
10  33  50  2320  573  337  4  -2  
10  33  50  2331  574  337  4  -2  
10  33  50  2336  574  337  4  -2  
10  33  50  2347  574  337  4  -2  
10  33  50  2354  574  337  4  -2  
10  33  50  2363  574  337  4  -2  
10  33  50  2372  574  337  4  -2  
10  33  50  2381  574  337  4  -2  
10  33  50  2388  575  338  4  -2  
10  33  50  2397  575  338  4  -2  
10  33  50  2404  575  338  4  -2  
10  33  50  2413  575  338  4  -2  
10  33  50  2421  575  338  4  -2  
10  33  51  2430  572  338  4  -2  
10  33  51  2438  547  338  4  -2  
10  33  51  2447  533  338  4  -2  
10  33  51  2455  517  341  4  -2  
10  33  51  2464  500  342  4  -2  
10  33  51  2473  485  342  4  -2  
10  33  51  2482  468  344  4  -2  
10  33  51  2488  453  345  4  -2  
10  33  51  2498  443  345  4  -2  
10  33  51  2505  433  345  4  -2  
10  33  51  2515  426  347  4  -2  
10  33  51  2522  422  347  4  -2  
10  33  51  2532  422  348  4  -2  
10  33  51  2539  422  348  4  -2  
10  33  51  2548  422  348  4  -2  
10  33  51  2556  422  348  4  -2  
10  33  51  2564  422  348  4  -2  
10  33  51  2572  422  348  4  -2  
10  33  51  2582  422  348  4  -2  
10  33  51  2589  422  348  4  -2  
10  33  51  2598  422  348  4  -2  
10  33  51  2606  422  348  4  -2  
10  33  51  2614  422  348  4  -2  
10  33  51  2622  422  348  4  -2  
10  33  51  2631  422  348  4  -2  
10  33  51  2640  422  348  4  -2  
10  33  51  2647  422  348  4  -2  
10  33  51  2656  422  348  4  -2  
10  33  51  2664  422  348  4  -2  
10  33  51  2673  422  348  4  -2  
10  33  51  2683  422  348  4  -2  
10  33  51  2691  422  348  4  -2  
10  33  51  2700  422  348  4  -2  
10  33  51  2708  422  348  4  -2  
10  33  51  2717  422  348  4  -2  
10  33  51  2725  422  348  4  -2  
10  33  51  2734  422  348  4  -2  
10  33  51  2742  422  348  4  -2  
10  33  51  2751  419  348  4  -2  
10  33  51  2759  418  348  4  -2  
10  33  51  2768  414  349  4  -2  
10  33  51  2777  410  349  4  -2  
10  33  51  2784  408  349  4  -2  
10  33  51  2794  406  349  4  -2  
10  33  51  2801  403  349  4  -2  
10  33  51  2811  402  349  4  -2  
10  33  51  2819  401  349  4  -2  
10  33  51  2825  400  349  4  -2  
10  33  51  2834  399  350  4  -2  
10  33  51  2842  399  350  4  -2  
10  33  51  2852  399  350  4  -2  
10  33  51  2861  399  350  4  -2  
10  33  51  2869  399  350  4  -2  
10  33  51  2877  399  350  4  -2  
10  33  51  2884  399  350  4  -2  
10  33  51  2893  399  350  4  -2  
10  33  51  2901  399  350  4  -2  
10  33  51  2911  399  350  4  -2  
10  33  51  2917  399  350  4  -2  
10  33  51  2926  399  350  4  -2  
10  33  51  2934  399  350  4  -2  
10  33  51  2943  398  350  4  -2  
10  33  51  2951  398  350  4  -2  
10  33  51  2960  398  350  4  -2  
10  33  51  2968  398  350  4  -2  
10  33  51  2977  398  350  4  -2  
10  33  51  2986  397  350  4  -2  
10  33  51  2995  396  350  4  -2  
10  33  51  3001  388  350  4  -2  
10  33  51  3011  378  350  4  -2  
10  33  51  3018  368  350  4  -2  
