11  33  38  0  353  317  1  -2  
11  33  39  8  353  317  1  -2  
11  33  39  16  353  317  1  -2  
11  33  39  25  353  317  1  -2  
11  33  39  34  353  317  1  -2  
11  33  39  41  353  317  1  -2  
11  33  39  49  353  317  1  -2  
11  33  39  58  353  317  1  -2  
11  33  39  66  353  317  1  -2  
11  33  39  75  353  317  1  -2  
11  33  39  83  353  317  1  -2  
11  33  39  92  352  316  1  -2  
11  33  39  100  352  316  1  -2  
11  33  39  109  352  316  1  -2  
11  33  39  116  352  316  1  -2  
11  33  39  124  352  316  1  -2  
11  33  39  134  352  316  1  -2  
11  33  39  142  352  316  1  -2  
11  33  39  150  352  316  1  -2  
11  33  39  158  352  316  1  -2  
11  33  39  166  352  316  1  -2  
11  33  39  175  352  316  1  -2  
11  33  39  183  352  316  1  -2  
11  33  39  192  352  316  1  -2  
11  33  39  199  352  316  1  -2  
11  33  39  208  352  316  1  -2  
11  33  39  217  352  316  1  -2  
11  33  39  225  352  316  1  -2  
11  33  39  234  352  316  1  -2  
11  33  39  243  352  316  1  -2  
11  33  39  250  352  316  1  -2  
11  33  39  259  352  316  1  -2  
11  33  39  266  353  316  1  -2  
11  33  39  275  353  316  1  -2  
11  33  39  283  353  316  1  -2  
11  33  39  293  353  316  1  -2  
11  33  39  299  354  316  1  -2  
11  33  39  308  355  316  1  -2  
11  33  39  316  356  316  1  -2  
11  33  39  325  357  316  1  -2  
11  33  39  334  361  316  1  -2  
11  33  39  342  374  316  1  -2  
11  33  39  349  386  315  1  -2  
11  33  39  359  386  315  1  -2  
11  33  39  369  413  311  1  -2  
11  33  39  377  428  311  1  -2  
11  33  39  385  441  311  1  -2  
11  33  39  393  453  310  1  -2  
11  33  39  401  465  310  1  -2  
11  33  39  410  473  310  1  -2  
11  33  39  418  478  310  1  -2  
11  33  39  426  483  310  1  -2  
11  33  39  434  486  310  1  -2  
11  33  39  445  487  310  1  -2  
11  33  39  452  487  310  1  -2  
11  33  39  461  487  310  1  -2  
11  33  39  468  487  310  1  -2  
11  33  39  477  487  310  1  -2  
11  33  39  485  487  310  1  -2  
11  33  39  493  489  310  1  -2  
11  33  39  501  489  310  1  -2  
11  33  39  513  490  310  1  -2  
11  33  39  518  490  310  1  -2  
11  33  39  526  491  310  1  -2  
11  33  39  535  493  310  1  -2  
11  33  39  544  494  310  1  -2  
11  33  39  552  498  310  2  -2  
11  33  39  560  500  310  2  -2  
11  33  39  567  503  310  2  -2  
11  33  39  576  506  310  2  -2  
11  33  39  585  509  310  2  -2  
11  33  39  594  510  310  2  -2  
11  33  39  603  512  310  2  -2  
11  33  39  610  512  310  2  -2  
11  33  39  618  513  310  2  -2  
11  33  39  627  513  310  2  -2  
11  33  39  635  514  310  2  -2  
11  33  39  643  514  310  2  -2  
11  33  39  651  515  310  2  -2  
11  33  39  660  515  310  2  -2  
11  33  39  669  515  310  2  -2  
11  33  39  678  518  310  2  -2  
11  33  39  686  518  310  2  -2  
11  33  39  694  518  310  2  -2  
11  33  39  702  518  310  2  -2  
11  33  39  710  518  310  2  -2  
11  33  39  719  518  310  2  -2  
11  33  39  727  518  310  2  -2  
11  33  39  735  519  310  2  -2  
11  33  39  744  520  310  2  -2  
11  33  39  752  521  310  2  -2  
11  33  39  760  521  310  2  -2  
11  33  39  768  521  310  2  -2  
11  33  39  777  521  310  2  -2  
11  33  39  785  521  310  2  -2  
11  33  39  794  521  310  2  -2  
11  33  39  803  521  310  2  -2  
11  33  39  810  521  310  2  -2  
11  33  39  818  521  310  2  -2  
11  33  39  826  521  310  2  -2  
11  33  39  835  521  310  2  -2  
11  33  39  844  521  310  2  -2  
11  33  39  851  521  310  2  -2  
11  33  39  860  521  310  2  -2  
11  33  39  869  521  310  2  -2  
11  33  39  877  521  310  2  -2  
11  33  39  885  521  310  2  -2  
11  33  39  895  521  310  2  -2  
11  33  39  902  521  310  2  -2  
11  33  39  912  521  310  2  -2  
11  33  39  919  521  310  2  -2  
11  33  39  927  522  310  2  -2  
11  33  39  934  522  310  2  -2  
11  33  39  946  521  311  2  -2  
11  33  39  953  514  312  2  -2  
11  33  39  960  505  315  2  -2  
11  33  39  968  491  316  2  -2  
11  33  39  978  477  316  2  -2  
11  33  39  986  463  317  2  -2  
11  33  39  994  447  317  2  -2  
11  33  39  1003  435  319  2  -2  
11  33  40  1011  425  319  2  -2  
11  33  40  1019  414  323  2  -2  
11  33  40  1028  407  324  2  -2  
11  33  40  1035  404  324  2  -2  
11  33  40  1044  401  324  2  -2  
11  33  40  1053  398  325  3  -2  
11  33  40  1060  394  325  3  -2  
11  33  40  1069  394  325  3  -2  
11  33  40  1077  391  326  3  -2  
11  33  40  1084  390  326  3  -2  
11  33  40  1095  390  326  3  -2  
11  33  40  1104  385  326  3  -2  
11  33  40  1114  381  327  3  -2  
11  33  40  1120  376  327  3  -2  
11  33  40  1131  372  328  3  -2  
11  33  40  1138  365  328  3  -2  
11  33  40  1147  358  329  3  -2  
11  33  40  1154  351  332  3  -2  
11  33  40  1164  343  333  3  -2  
11  33  40  1170  336  333  3  -2  
11  33  40  1181  330  334  3  -2  
11  33  40  1188  327  335  3  -2  
11  33  40  1197  327  335  3  -2  
11  33  40  1204  327  335  3  -2  
11  33  40  1214  327  335  3  -2  
11  33  40  1222  327  335  3  -2  
11  33  40  1231  327  335  3  -2  
11  33  40  1239  327  335  3  -2  
11  33  40  1246  327  335  3  -2  
11  33  40  1254  327  335  3  -2  
11  33  40  1266  327  335  3  -2  
11  33  40  1271  327  335  3  -2  
11  33  40  1281  327  335  3  -2  
11  33  40  1287  327  335  3  -2  
11  33  40  1298  327  335  3  -2  
11  33  40  1305  327  335  3  -2  
11  33  40  1316  327  335  3  -2  
11  33  40  1323  327  335  3  -2  
11  33  40  1332  327  335  3  -2  
11  33  40  1338  327  335  3  -2  
11  33  40  1348  327  335  3  -2  
11  33  40  1355  327  335  3  -2  
11  33  40  1366  327  335  3  -2  
11  33  40  1372  327  335  3  -2  
11  33  40  1382  327  335  3  -2  
11  33  40  1388  327  335  3  -2  
11  33  40  1398  327  335  3  -2  
11  33  40  1404  327  335  3  -2  
11  33  40  1416  327  335  3  -2  
11  33  40  1422  327  335  3  -2  
11  33  40  1432  327  335  3  -2  
11  33  40  1438  330  335  3  -2  
11  33  40  1450  333  335  3  -2  
11  33  40  1456  339  332  3  -2  
11  33  40  1466  344  332  3  -2  
11  33  40  1473  351  331  3  -2  
11  33  40  1482  358  330  3  -2  
11  33  40  1490  368  327  3  -2  
11  33  40  1498  377  327  3  -2  
11  33  40  1506  387  326  3  -2  
11  33  40  1516  399  325  3  -2  
11  33  40  1524  407  323  3  -2  
11  33  40  1531  419  323  3  -2  
11  33  40  1539  428  321  3  -2  
11  33  40  1548  438  319  3  -2  
11  33  40  1556  447  318  3  -2  
11  33  40  1566  453  318  3  -2  
11  33  40  1574  469  315  3  -2  
11  33  40  1582  476  315  3  -2  
11  33  40  1590  481  314  3  -2  
11  33  40  1600  490  314  3  -2  
11  33  40  1606  495  312  4  -2  
11  33  40  1616  501  311  4  -2  
11  33  40  1624  506  311  4  -2  
11  33  40  1632  511  311  4  -2  
11  33  40  1640  514  309  4  -2  
11  33  40  1648  517  309  4  -2  
11  33  40  1656  521  309  4  -2  
11  33  40  1667  526  309  4  -2  
11  33  40  1674  532  309  4  -2  
11  33  40  1682  535  309  4  -2  
11  33  40  1689  540  309  4  -2  
11  33  40  1699  542  309  4  -2  
11  33  40  1706  545  309  4  -2  
11  33  40  1715  545  309  4  -2  
11  33  40  1724  545  309  4  -2  
11  33  40  1732  545  309  4  -2  
11  33  40  1739  545  309  4  -2  
11  33  40  1748  545  309  4  -2  
11  33  40  1756  545  309  4  -2  
11  33  40  1765  545  309  4  -2  
11  33  40  1774  545  309  4  -2  
11  33  40  1782  545  309  4  -2  
11  33  40  1790  545  309  4  -2  
11  33  40  1798  545  309  4  -2  
11  33  40  1805  545  309  4  -2  
11  33  40  1815  545  309  4  -2  
11  33  40  1824  545  309  4  -2  
11  33  40  1831  545  309  4  -2  
11  33  40  1840  545  309  4  -2  
11  33  40  1848  545  309  4  -2  
11  33  40  1856  545  309  4  -2  
11  33  40  1866  542  309  4  -2  
11  33  40  1874  540  309  4  -2  
11  33  40  1883  533  312  4  -2  
11  33  40  1890  528  313  4  -2  
11  33  40  1898  521  315  4  -2  
11  33  40  1907  511  315  4  -2  
11  33  40  1915  499  318  4  -2  
11  33  40  1924  485  320  4  -2  
11  33  40  1932  473  322  4  -2  
11  33  40  1940  457  323  4  -2  
11  33  40  1949  439  324  4  -2  
11  33  40  1957  422  324  4  -2  
11  33  40  1966  407  324  4  -2  
