15  36  27  0  362  309  1  -2  
15  36  27  9  362  309  1  -2  
15  36  27  17  362  309  1  -2  
15  36  27  25  362  309  1  -2  
15  36  27  35  362  309  1  -2  
15  36  27  43  362  309  1  -2  
15  36  27  52  362  309  1  -2  
15  36  27  61  362  309  1  -2  
15  36  27  72  362  309  1  -2  
15  36  27  79  362  309  1  -2  
15  36  27  89  362  309  1  -2  
15  36  27  96  364  309  1  -2  
15  36  27  106  364  309  1  -2  
15  36  27  114  372  309  1  -2  
15  36  27  124  377  309  1  -2  
15  36  27  131  384  309  1  -2  
15  36  27  142  391  309  1  -2  
15  36  27  150  399  309  1  -2  
15  36  27  160  408  309  1  -2  
15  36  27  168  414  309  1  -2  
15  36  27  178  424  309  1  -2  
15  36  27  185  440  309  1  -2  
15  36  28  195  446  309  1  -2  
15  36  28  204  453  309  1  -2  
15  36  28  214  458  309  1  -2  
15  36  28  224  463  309  1  -2  
15  36  28  232  469  309  1  -2  
15  36  28  241  475  309  1  -2  
15  36  28  250  484  309  1  -2  
15  36  28  259  488  309  1  -2  
15  36  28  268  491  309  1  -2  
15  36  28  278  494  309  1  -2  
15  36  28  289  499  309  2  -2  
15  36  28  296  507  309  2  -2  
15  36  28  307  507  309  2  -2  
15  36  28  313  515  309  2  -2  
15  36  28  324  519  309  2  -2  
15  36  28  330  522  309  2  -2  
15  36  28  341  526  309  2  -2  
15  36  28  350  529  309  2  -2  
15  36  28  359  531  309  2  -2  
15  36  28  368  533  309  2  -2  
15  36  28  376  535  309  2  -2  
15  36  28  385  536  308  2  -2  
15  36  28  395  536  308  2  -2  
15  36  28  405  536  308  2  -2  
15  36  28  412  536  308  2  -2  
15  36  28  423  536  308  2  -2  
15  36  28  431  536  308  2  -2  
15  36  28  442  536  308  2  -2  
15  36  28  450  536  308  2  -2  
15  36  28  459  536  308  2  -2  
15  36  28  469  537  308  2  -2  
15  36  28  478  538  308  2  -2  
15  36  28  488  539  308  2  -2  
15  36  28  495  539  308  2  -2  
15  36  28  506  539  308  2  -2  
15  36  28  513  539  308  2  -2  
15  36  28  522  539  308  2  -2  
15  36  28  530  539  308  2  -2  
15  36  28  541  539  308  2  -2  
15  36  28  548  539  308  2  -2  
15  36  28  558  539  308  2  -2  
15  36  28  565  539  308  2  -2  
15  36  28  574  539  308  2  -2  
15  36  28  584  539  308  2  -2  
15  36  28  593  539  308  2  -2  
15  36  28  602  539  308  2  -2  
15  36  28  610  539  308  2  -2  
15  36  28  621  539  308  2  -2  
15  36  28  629  539  308  2  -2  
15  36  28  639  539  308  2  -2  
15  36  28  647  539  308  2  -2  
15  36  28  657  539  308  2  -2  
15  36  28  664  539  308  2  -2  
15  36  28  674  539  308  2  -2  
15  36  28  681  539  308  2  -2  
15  36  28  692  539  308  2  -2  
15  36  28  701  539  308  2  -2  
15  36  28  711  539  308  2  -2  
15  36  28  721  539  308  2  -2  
15  36  28  728  539  308  2  -2  
15  36  28  738  539  308  2  -2  
15  36  28  746  539  308  2  -2  
15  36  28  755  539  308  2  -2  
15  36  28  762  539  308  2  -2  
15  36  28  772  539  308  2  -2  
15  36  28  780  539  308  2  -2  
15  36  28  791  539  308  2  -2  
15  36  28  799  539  308  2  -2  
15  36  28  809  539  308  2  -2  
15  36  28  818  539  308  2  -2  
15  36  28  827  539  308  2  -2  
15  36  28  836  539  308  2  -2  
15  36  28  844  539  308  2  -2  
15  36  28  855  539  308  2  -2  
15  36  28  862  536  308  2  -2  
15  36  28  873  536  308  2  -2  
15  36  28  882  532  308  2  -2  
15  36  28  891  529  308  2  -2  
15  36  28  900  526  308  2  -2  
15  36  28  910  524  308  2  -2  
15  36  28  920  522  309  2  -2  
15  36  28  928  517  309  2  -2  
15  36  28  938  513  309  2  -2  
15  36  28  945  501  311  2  -2  
15  36  28  955  496  311  2  -2  
15  36  28  963  487  314  2  -2  
15  36  28  973  482  314  2  -2  
15  36  28  981  477  314  2  -2  
15  36  28  992  473  315  2  -2  
15  36  28  1001  469  315  2  -2  
15  36  28  1010  463  316  2  -2  
15  36  28  1020  461  316  2  -2  
15  36  28  1027  458  316  2  -2  
15  36  28  1037  454  316  2  -2  
15  36  28  1046  451  316  2  -2  
15  36  28  1056  447  316  2  -2  
15  36  28  1064  444  316  2  -2  
15  36  28  1074  439  316  2  -2  
15  36  28  1083  428  316  2  -2  
15  36  28  1093  425  316  2  -2  
15  36  28  1103  420  316  2  -2  
15  36  28  1111  417  316  2  -2  
15  36  28  1121  412  316  2  -2  
15  36  28  1130  403  316  2  -2  
15  36  28  1140  401  316  2  -2  
15  36  28  1149  398  316  3  -2  
15  36  28  1157  395  316  3  -2  
15  36  28  1166  395  316  3  -2  
15  36  28  1174  392  316  3  -2  
15  36  28  1183  392  316  3  -2  
15  36  29  1194  391  316  3  -2  
15  36  29  1204  387  316  3  -2  
15  36  29  1212  386  316  3  -2  
15  36  29  1223  384  316  3  -2  
15  36  29  1231  383  316  3  -2  
15  36  29  1241  382  316  3  -2  
15  36  29  1249  381  316  3  -2  
15  36  29  1258  381  316  3  -2  
15  36  29  1267  381  316  3  -2  
15  36  29  1276  381  316  3  -2  
15  36  29  1288  380  316  3  -2  
15  36  29  1298  379  316  3  -2  
15  36  29  1307  376  316  3  -2  
15  36  29  1316  376  316  3  -2  
15  36  29  1325  375  316  3  -2  
15  36  29  1333  373  316  3  -2  
15  36  29  1342  373  316  3  -2  
15  36  29  1352  372  316  3  -2  
15  36  29  1361  371  316  3  -2  
15  36  29  1372  370  316  3  -2  
15  36  29  1382  368  316  3  -2  
15  36  29  1392  368  316  3  -2  
15  36  29  1401  368  316  3  -2  
15  36  29  1410  368  316  3  -2  
15  36  29  1418  368  316  3  -2  
15  36  29  1427  368  316  3  -2  
15  36  29  1435  368  316  3  -2  
15  36  29  1445  368  316  3  -2  
15  36  29  1454  368  316  3  -2  
15  36  29  1462  368  316  3  -2  
15  36  29  1472  368  316  3  -2  
15  36  29  1482  368  316  3  -2  
15  36  29  1492  368  316  3  -2  
15  36  29  1501  368  316  3  -2  
15  36  29  1511  368  316  3  -2  
15  36  29  1520  368  316  3  -2  
15  36  29  1529  368  316  3  -2  
15  36  29  1540  368  316  3  -2  
15  36  29  1548  368  316  3  -2  
15  36  29  1558  368  316  3  -2  
15  36  29  1567  368  316  3  -2  
15  36  29  1575  368  316  3  -2  
15  36  29  1584  368  316  3  -2  
15  36  29  1593  368  316  3  -2  
15  36  29  1603  368  316  3  -2  
15  36  29  1611  368  316  3  -2  
15  36  29  1621  368  316  3  -2  
15  36  29  1630  368  316  3  -2  
15  36  29  1640  368  316  3  -2  
15  36  29  1648  368  316  3  -2  
15  36  29  1658  368  316  3  -2  
15  36  29  1666  368  316  3  -2  
15  36  29  1674  368  316  3  -2  
15  36  29  1682  368  316  3  -2  
15  36  29  1693  368  316  3  -2  
15  36  29  1699  368  316  3  -2  
15  36  29  1708  368  316  3  -2  
15  36  29  1717  368  316  3  -2  
15  36  29  1725  368  316  3  -2  
15  36  29  1732  368  316  3  -2  
15  36  29  1741  368  316  3  -2  
15  36  29  1749  368  316  3  -2  
15  36  29  1757  368  316  3  -2  
15  36  29  1766  368  316  3  -2  
15  36  29  1774  368  316  3  -2  
15  36  29  1784  368  316  3  -2  
15  36  29  1791  368  316  3  -2  
15  36  29  1799  368  316  3  -2  
15  36  29  1809  368  316  3  -2  
15  36  29  1817  368  316  3  -2  
15  36  29  1825  368  316  3  -2  
15  36  29  1833  368  316  3  -2  
15  36  29  1842  368  316  3  -2  
15  36  29  1850  368  316  3  -2  
15  36  29  1858  368  316  3  -2  
15  36  29  1869  368  316  3  -2  
15  36  29  1874  369  316  3  -2  
15  36  29  1884  369  316  3  -2  
15  36  29  1893  373  316  3  -2  
15  36  29  1900  376  316  3  -2  
15  36  29  1909  381  316  3  -2  
15  36  29  1917  387  316  3  -2  
15  36  29  1924  393  316  3  -2  
15  36  29  1933  402  316  3  -2  
15  36  29  1941  410  316  3  -2  
15  36  29  1950  422  316  3  -2  
15  36  29  1959  432  316  3  -2  
15  36  29  1967  442  316  3  -2  
15  36  29  1974  450  316  3  -2  
15  36  29  1983  460  316  3  -2  
15  36  29  1992  472  316  3  -2  
15  36  29  1999  480  316  3  -2  
15  36  29  2009  487  316  3  -2  
15  36  29  2017  492  316  3  -2  
15  36  29  2025  496  316  4  -2  
15  36  29  2033  498  316  4  -2  
15  36  29  2042  498  316  4  -2  
15  36  29  2050  498  316  4  -2  
15  36  29  2059  498  316  4  -2  
15  36  29  2067  498  316  4  -2  
15  36  29  2074  498  316  4  -2  
15  36  29  2083  498  316  4  -2  
15  36  29  2091  498  316  4  -2  
15  36  29  2099  498  316  4  -2  
15  36  29  2109  498  316  4  -2  
15  36  29  2117  498  316  4  -2  
15  36  29  2125  499  316  4  -2  
15  36  29  2133  499  316  4  -2  
15  36  29  2141  500  316  4  -2  
15  36  29  2149  502  316  4  -2  
15  36  29  2159  503  316  4  -2  
15  36  29  2167  504  316  4  -2  
15  36  29  2173  504  316  4  -2  
15  36  29  2183  504  316  4  -2  
15  36  30  2191  504  316  4  -2  
15  36  30  2199  504  316  4  -2  
15  36  30  2209  504  316  4  -2  
15  36  30  2217  504  316  4  -2  
15  36  30  2226  504  316  4  -2  
15  36  30  2233  504  316  4  -2  
15  36  30  2241  504  316  4  -2  
15  36  30  2249  504  316  4  -2  
15  36  30  2258  504  316  4  -2  
15  36  30  2269  504  316  4  -2  
15  36  30  2275  504  316  4  -2  
15  36  30  2283  504  316  4  -2  
15  36  30  2293  504  316  4  -2  
15  36  30  2300  504  316  4  -2  
15  36  30  2309  504  316  4  -2  
15  36  30  2317  504  316  4  -2  
15  36  30  2325  504  316  4  -2  
15  36  30  2334  504  316  4  -2  
15  36  30  2342  504  316  4  -2  
15  36  30  2351  504  316  4  -2  
15  36  30  2359  504  316  4  -2  
15  36  30  2369  504  316  4  -2  
15  36  30  2377  504  316  4  -2  
15  36  30  2383  504  316  4  -2  
15  36  30  2391  504  316  4  -2  
15  36  30  2401  504  316  4  -2  
15  36  30  2408  504  316  4  -2  
15  36  30  2419  504  316  4  -2  
15  36  30  2426  504  316  4  -2  
15  36  30  2434  499  316  4  -2  
15  36  30  2443  492  316  4  -2  
15  36  30  2451  485  316  4  -2  
15  36  30  2459  475  316  4  -2  
15  36  30  2469  464  316  4  -2  
15  36  30  2476  452  316  4  -2  
15  36  30  2484  437  316  4  -2  
15  36  30  2492  424  316  4  -2  
15  36  30  2501  412  316  4  -2  
15  36  30  2509  400  319  4  -2  
15  36  30  2519  390  319  5  -2  
15  36  30  2527  383  319  5  -2  
15  36  30  2536  379  320  5  -2  
15  36  30  2541  376  320  5  -2  
15  36  30  2548  375  320  5  -2  
15  36  30  2558  373  321  5  -2  
15  36  30  2568  373  321  5  -2  
15  36  30  2574  372  321  5  -2  
15  36  30  2582  370  321  5  -2  
15  36  30  2590  368  321  5  -2  
15  36  30  2600  364  322  5  -2  
15  36  30  2608  361  322  5  -2  
15  36  30  2618  357  324  5  -2  
15  36  30  2624  357  324  5  -2  
15  36  30  2635  357  324  5  -2  
15  36  30  2642  357  324  5  -2  
15  36  30  2650  357  324  5  -2  
15  36  30  2658  357  324  5  -2  
15  36  30  2666  357  324  5  -2  
15  36  30  2674  357  324  5  -2  
15  36  30  2682  357  324  5  -2  
15  36  30  2693  357  324  5  -2  
15  36  30  2702  357  324  5  -2  
15  36  30  2709  357  324  5  -2  
15  36  30  2720  357  324  5  -2  
15  36  30  2726  357  324  5  -2  
15  36  30  2735  357  324  5  -2  
15  36  30  2742  357  324  5  -2  
15  36  30  2752  357  324  5  -2  
15  36  30  2759  357  324  5  -2  
15  36  30  2770  357  324  5  -2  
15  36  30  2776  357  324  5  -2  
15  36  30  2786  357  324  5  -2  
15  36  30  2794  357  324  5  -2  
15  36  30  2803  357  324  5  -2  
15  36  30  2810  357  324  5  -2  
15  36  30  2821  357  324  5  -2  
15  36  30  2829  357  324  5  -2  
15  36  30  2838  357  324  5  -2  
15  36  30  2845  357  324  5  -2  
15  36  30  2854  357  324  5  -2  
15  36  30  2861  357  324  5  -2  
15  36  30  2871  357  324  5  -2  
15  36  30  2878  357  324  5  -2  
15  36  30  2887  357  324  5  -2  
15  36  30  2894  357  324  5  -2  
15  36  30  2904  357  324  5  -2  
