11  33  51  0  367  323  1  -2  
11  33  51  10  367  323  1  -2  
11  33  51  19  367  323  1  -2  
11  33  51  27  367  323  1  -2  
11  33  51  35  367  323  1  -2  
11  33  51  44  367  323  1  -2  
11  33  51  53  367  323  1  -2  
11  33  51  59  367  323  1  -2  
11  33  51  67  367  323  1  -2  
11  33  51  76  367  323  1  -2  
11  33  51  84  367  323  1  -2  
11  33  51  93  367  323  1  -2  
11  33  51  101  367  323  1  -2  
11  33  51  110  367  323  1  -2  
11  33  51  118  367  323  1  -2  
11  33  51  126  367  323  1  -2  
11  33  51  135  367  323  1  -2  
11  33  51  143  367  323  1  -2  
11  33  51  152  367  323  1  -2  
11  33  51  160  367  323  1  -2  
11  33  51  168  368  324  1  -2  
11  33  51  176  368  324  1  -2  
11  33  51  185  369  324  1  -2  
11  33  51  192  369  324  1  -2  
11  33  51  203  369  324  1  -2  
11  33  51  211  369  324  1  -2  
11  33  51  218  370  324  1  -2  
11  33  51  226  370  324  1  -2  
11  33  51  234  370  324  1  -2  
11  33  51  243  372  324  1  -2  
11  33  51  251  372  324  1  -2  
11  33  51  263  372  324  1  -2  
11  33  51  271  376  324  1  -2  
11  33  51  282  378  324  1  -2  
11  33  51  288  381  324  1  -2  
11  33  51  299  382  324  1  -2  
11  33  51  306  386  324  1  -2  
11  33  51  316  391  324  1  -2  
11  33  51  323  396  324  1  -2  
11  33  51  333  403  324  1  -2  
11  33  51  339  420  324  1  -2  
11  33  51  349  420  324  1  -2  
11  33  51  356  438  324  1  -2  
11  33  51  365  445  324  1  -2  
11  33  51  373  450  324  1  -2  
11  33  51  383  455  324  1  -2  
11  33  51  389  460  324  1  -2  
11  33  51  399  464  324  1  -2  
11  33  51  407  468  324  1  -2  
11  33  51  415  472  324  1  -2  
11  33  51  423  477  324  1  -2  
11  33  51  432  479  324  1  -2  
11  33  51  439  482  324  1  -2  
11  33  51  448  484  324  1  -2  
11  33  51  456  486  324  1  -2  
11  33  51  465  488  324  1  -2  
11  33  51  473  489  324  1  -2  
11  33  51  482  491  324  1  -2  
11  33  52  489  494  324  1  -2  
11  33  52  499  496  324  2  -2  
11  33  52  506  499  324  2  -2  
11  33  52  515  504  324  2  -2  
11  33  52  524  506  324  2  -2  
11  33  52  533  507  324  2  -2  
11  33  52  539  509  324  2  -2  
11  33  52  548  509  324  2  -2  
11  33  52  555  511  324  2  -2  
11  33  52  565  511  324  2  -2  
11  33  52  573  513  324  2  -2  
11  33  52  583  517  324  2  -2  
11  33  52  589  520  324  2  -2  
11  33  52  600  522  324  2  -2  
11  33  52  606  526  324  2  -2  
11  33  52  615  529  324  2  -2  
11  33  52  624  529  324  2  -2  
11  33  52  632  530  324  2  -2  
11  33  52  639  530  324  2  -2  
11  33  52  648  530  324  2  -2  
11  33  52  656  531  324  2  -2  
11  33  52  665  531  324  2  -2  
11  33  52  673  531  324  2  -2  
11  33  52  682  531  324  2  -2  
11  33  52  689  531  324  2  -2  
11  33  52  698  531  324  2  -2  
11  33  52  706  531  324  2  -2  
11  33  52  715  531  324  2  -2  
11  33  52  723  531  324  2  -2  
11  33  52  732  531  324  2  -2  
11  33  52  739  531  324  2  -2  
11  33  52  748  531  323  2  -2  
11  33  52  756  531  323  2  -2  
11  33  52  766  531  323  2  -2  
11  33  52  773  531  323  2  -2  
11  33  52  782  531  323  2  -2  
11  33  52  790  531  323  2  -2  
11  33  52  798  531  323  2  -2  
11  33  52  806  531  323  2  -2  
11  33  52  815  531  323  2  -2  
11  33  52  823  531  323  2  -2  
11  33  52  832  531  323  2  -2  
11  33  52  840  531  323  2  -2  
11  33  52  848  531  323  2  -2  
11  33  52  856  525  323  2  -2  
11  33  52  865  515  323  2  -2  
11  33  52  873  500  323  2  -2  
11  33  52  882  485  323  2  -2  
11  33  52  889  470  323  2  -2  
11  33  52  898  453  323  2  -2  
11  33  52  906  438  323  2  -2  
11  33  52  915  423  323  2  -2  
11  33  52  924  412  323  2  -2  
11  33  52  932  400  323  2  -2  
11  33  52  941  390  323  3  -2  
11  33  52  948  373  323  3  -2  
11  33  52  956  373  323  3  -2  
11  33  52  966  366  323  3  -2  
11  33  52  973  356  323  3  -2  
11  33  52  982  353  323  3  -2  
11  33  52  991  351  323  3  -2  
11  33  52  998  348  323  3  -2  
11  33  52  1006  346  323  3  -2  
11  33  52  1016  346  323  3  -2  
11  33  52  1023  345  323  3  -2  
11  33  52  1032  345  323  3  -2  
11  33  52  1039  345  323  3  -2  
11  33  52  1048  345  323  3  -2  
11  33  52  1056  345  323  3  -2  
11  33  52  1066  345  323  3  -2  
11  33  52  1073  345  323  3  -2  
11  33  52  1082  345  323  3  -2  
11  33  52  1090  345  323  3  -2  
11  33  52  1098  345  323  3  -2  
11  33  52  1106  345  323  3  -2  
11  33  52  1117  345  323  3  -2  
11  33  52  1124  345  323  3  -2  
11  33  52  1132  345  323  3  -2  
11  33  52  1139  345  323  3  -2  
11  33  52  1148  345  323  3  -2  
11  33  52  1157  345  323  3  -2  
11  33  52  1165  345  323  3  -2  
11  33  52  1173  345  323  3  -2  
11  33  52  1182  345  323  3  -2  
11  33  52  1190  345  323  3  -2  
11  33  52  1198  345  323  3  -2  
11  33  52  1206  345  323  3  -2  
11  33  52  1215  345  323  3  -2  
11  33  52  1224  345  323  3  -2  
11  33  52  1232  345  323  3  -2  
11  33  52  1239  345  323  3  -2  
11  33  52  1248  345  323  3  -2  
11  33  52  1256  345  323  3  -2  
11  33  52  1266  345  323  3  -2  
11  33  52  1273  345  323  3  -2  
11  33  52  1282  345  323  3  -2  
11  33  52  1290  345  323  3  -2  
11  33  52  1298  345  323  3  -2  
11  33  52  1307  345  323  3  -2  
11  33  52  1315  345  323  3  -2  
11  33  52  1324  345  323  3  -2  
11  33  52  1332  345  323  3  -2  
11  33  52  1339  345  323  3  -2  
11  33  52  1349  345  323  3  -2  
11  33  52  1356  345  323  3  -2  
11  33  52  1365  345  323  3  -2  
11  33  52  1373  345  323  3  -2  
11  33  52  1382  345  323  3  -2  
11  33  52  1390  345  323  3  -2  
11  33  52  1399  345  323  3  -2  
11  33  52  1407  345  323  3  -2  
11  33  52  1416  345  323  3  -2  
11  33  52  1424  349  323  3  -2  
11  33  52  1432  358  322  3  -2  
11  33  52  1440  366  321  3  -2  
11  33  52  1448  373  319  3  -2  
11  33  52  1456  382  319  3  -2  
11  33  52  1466  384  319  3  -2  
11  33  52  1474  392  316  3  -2  
11  33  52  1482  395  316  3  -2  
11  33  53  1490  404  315  3  -2  
11  33  53  1498  411  315  3  -2  
11  33  53  1506  418  314  3  -2  
11  33  53  1515  428  314  3  -2  
11  33  53  1523  436  314  3  -2  
11  33  53  1531  443  314  3  -2  
11  33  53  1539  450  314  3  -2  
11  33  53  1547  454  313  3  -2  
11  33  53  1557  458  313  3  -2  
11  33  53  1564  468  311  3  -2  
11  33  53  1573  471  311  3  -2  
11  33  53  1582  476  311  3  -2  
11  33  53  1590  479  311  3  -2  
11  33  53  1597  482  311  3  -2  
11  33  53  1606  487  311  3  -2  
11  33  53  1614  490  311  3  -2  
11  33  53  1622  493  311  3  -2  
11  33  53  1631  495  311  4  -2  
11  33  53  1639  498  310  4  -2  
11  33  53  1647  499  310  4  -2  
11  33  53  1656  503  310  4  -2  
11  33  53  1664  505  310  4  -2  
11  33  53  1673  508  309  4  -2  
11  33  53  1681  514  309  4  -2  
11  33  53  1690  519  308  4  -2  
11  33  53  1697  523  308  4  -2  
11  33  53  1705  527  308  4  -2  
11  33  53  1714  528  306  4  -2  
11  33  53  1723  531  306  4  -2  
11  33  53  1731  531  306  4  -2  
11  33  53  1740  531  306  4  -2  
11  33  53  1747  531  306  4  -2  
11  33  53  1755  531  306  4  -2  
11  33  53  1765  531  306  4  -2  
11  33  53  1773  531  306  4  -2  
11  33  53  1781  531  306  4  -2  
11  33  53  1789  531  306  4  -2  
11  33  53  1799  531  306  4  -2  
11  33  53  1807  531  306  4  -2  
11  33  53  1814  531  306  4  -2  
11  33  53  1823  531  306  4  -2  
11  33  53  1831  531  306  4  -2  
11  33  53  1840  531  306  4  -2  
11  33  53  1847  531  306  4  -2  
11  33  53  1857  531  306  4  -2  
11  33  53  1864  531  306  4  -2  
11  33  53  1874  531  306  4  -2  
11  33  53  1881  531  306  4  -2  
11  33  53  1890  531  306  4  -2  
11  33  53  1898  531  306  4  -2  
11  33  53  1906  531  306  4  -2  
11  33  53  1914  531  306  4  -2  
11  33  53  1923  531  306  4  -2  
11  33  53  1931  531  306  4  -2  
11  33  53  1941  529  306  4  -2  
11  33  53  1948  513  307  4  -2  
11  33  53  1958  499  309  4  -2  
11  33  53  1965  480  312  4  -2  
11  33  53  1974  460  312  4  -2  
