10  34  10  0  355  277  1  -2  
10  34  10  9  355  277  1  -2  
10  34  10  16  355  277  1  -2  
10  34  10  26  355  276  1  -2  
10  34  10  34  355  276  1  -2  
10  34  10  42  355  276  1  -2  
10  34  10  50  355  276  1  -2  
10  34  10  58  355  276  1  -2  
10  34  10  67  355  276  1  -2  
10  34  10  75  357  276  1  -2  
10  34  10  84  361  276  1  -2  
10  34  10  92  368  279  1  -2  
10  34  10  101  375  280  1  -2  
10  34  10  108  385  281  1  -2  
10  34  10  117  396  284  1  -2  
10  34  10  127  409  285  1  -2  
10  34  10  134  424  286  1  -2  
10  34  10  143  439  289  1  -2  
10  34  10  152  454  292  1  -2  
10  34  10  159  476  294  1  -2  
10  34  10  168  476  294  1  -2  
10  34  10  175  487  297  1  -2  
10  34  10  184  487  297  1  -2  
10  34  10  193  490  297  1  -2  
10  34  10  201  491  297  1  -2  
10  34  10  209  491  297  1  -2  
10  34  10  218  491  297  1  -2  
10  34  10  226  491  297  1  -2  
10  34  10  234  491  297  1  -2  
10  34  10  243  491  297  1  -2  
10  34  10  252  491  297  1  -2  
10  34  10  259  491  297  1  -2  
10  34  10  268  491  297  1  -2  
10  34  10  276  491  297  1  -2  
10  34  10  285  491  297  1  -2  
10  34  10  293  491  297  1  -2  
10  34  10  301  491  297  1  -2  
10  34  10  309  491  297  1  -2  
10  34  10  317  491  297  1  -2  
10  34  10  325  491  297  1  -2  
10  34  10  335  491  297  1  -2  
10  34  10  343  491  297  1  -2  
10  34  10  351  491  297  1  -2  
10  34  10  360  491  297  1  -2  
10  34  10  368  491  297  1  -2  
10  34  10  375  491  297  1  -2  
10  34  10  384  491  297  1  -2  
10  34  10  392  491  297  1  -2  
10  34  10  402  491  297  1  -2  
10  34  10  411  491  297  1  -2  
10  34  10  419  491  297  1  -2  
10  34  10  428  491  297  1  -2  
10  34  10  437  491  297  1  -2  
10  34  10  446  491  297  1  -2  
10  34  10  455  491  297  1  -2  
10  34  10  464  491  297  1  -2  
10  34  10  471  491  297  1  -2  
10  34  10  478  491  297  1  -2  
10  34  10  487  491  297  1  -2  
10  34  10  495  491  297  1  -2  
10  34  10  504  491  297  1  -2  
10  34  10  513  491  297  1  -2  
10  34  10  521  491  297  1  -2  
10  34  10  530  491  297  1  -2  
10  34  10  538  491  297  1  -2  
10  34  10  547  495  297  1  -2  
10  34  10  554  500  298  1  -2  
10  34  10  563  505  300  1  -2  
10  34  10  571  510  300  1  -2  
10  34  10  580  514  302  1  -2  
10  34  10  587  517  303  1  -2  
10  34  10  595  520  303  1  -2  
10  34  10  605  524  303  1  -2  
10  34  10  613  525  303  1  -2  
10  34  10  622  526  303  1  -2  
10  34  10  628  526  303  1  -2  
10  34  10  637  526  303  1  -2  
10  34  10  645  526  303  1  -2  
10  34  10  654  526  303  1  -2  
10  34  10  664  526  303  1  -2  
10  34  10  670  526  303  1  -2  
10  34  10  680  526  303  1  -2  
10  34  10  688  526  303  1  -2  
10  34  10  696  526  303  1  -2  
10  34  10  704  526  303  1  -2  
10  34  10  714  526  303  1  -2  
10  34  10  720  526  303  1  -2  
10  34  10  730  526  303  1  -2  
10  34  10  738  526  303  1  -2  
10  34  10  745  526  303  1  -2  
10  34  11  755  526  303  1  -2  
10  34  11  765  526  303  1  -2  
10  34  11  771  526  303  1  -2  
10  34  11  780  526  303  1  -2  
10  34  11  787  526  303  1  -2  
10  34  11  795  526  303  1  -2  
10  34  11  804  526  303  1  -2  
10  34  11  814  526  303  1  -2  
10  34  11  820  526  303  1  -2  
10  34  11  830  526  303  1  -2  
10  34  11  837  526  303  1  -2  
10  34  11  847  526  303  1  -2  
10  34  11  854  526  303  1  -2  
10  34  11  864  526  303  1  -2  
10  34  11  871  526  303  1  -2  
10  34  11  879  526  303  1  -2  
10  34  11  887  526  303  1  -2  
10  34  11  894  526  303  1  -2  
10  34  11  903  526  303  1  -2  
10  34  11  914  526  303  1  -2  
10  34  11  919  526  303  1  -2  
10  34  11  929  526  303  1  -2  
10  34  11  936  526  303  1  -2  
10  34  11  946  526  303  1  -2  
10  34  11  953  526  303  1  -2  
10  34  11  963  526  303  1  -2  
10  34  11  971  526  303  1  -2  
10  34  11  979  526  303  1  -2  
10  34  11  987  526  303  1  -2  
10  34  11  995  525  303  1  -2  
10  34  11  1004  521  303  1  -2  
10  34  11  1013  517  303  1  -2  
10  34  11  1022  517  303  1  -2  
10  34  11  1032  517  303  1  -2  
10  34  11  1038  517  303  1  -2  
10  34  11  1048  517  303  1  -2  
10  34  11  1054  492  303  1  -2  
10  34  11  1064  492  303  1  -2  
10  34  11  1072  480  303  1  -2  
10  34  11  1081  473  303  1  -2  
10  34  11  1087  468  303  1  -2  
10  34  11  1098  460  303  1  -2  
10  34  11  1105  453  303  1  -2  
10  34  11  1115  446  303  1  -2  
10  34  11  1122  441  303  1  -2  
10  34  11  1131  434  303  1  -2  
10  34  11  1137  424  303  1  -2  
10  34  11  1148  417  303  1  -2  
10  34  11  1154  409  303  1  -2  
10  34  11  1165  400  303  1  -2  
10  34  11  1171  390  303  2  -2  
10  34  11  1182  379  303  2  -2  
10  34  11  1188  369  303  2  -2  
10  34  11  1198  359  303  2  -2  
10  34  11  1205  349  303  2  -2  
10  34  11  1214  342  303  2  -2  
10  34  11  1221  337  303  2  -2  
10  34  11  1232  332  303  2  -2  
10  34  11  1238  321  303  2  -2  
10  34  11  1249  321  303  2  -2  
10  34  11  1255  315  303  2  -2  
10  34  11  1265  313  303  2  -2  
10  34  11  1273  313  303  2  -2  
10  34  11  1282  313  303  2  -2  
10  34  11  1288  313  303  2  -2  
10  34  11  1298  313  303  2  -2  
10  34  11  1305  313  303  2  -2  
10  34  11  1315  313  303  2  -2  
10  34  11  1322  313  303  2  -2  
10  34  11  1332  312  304  2  -2  
10  34  11  1339  312  304  2  -2  
10  34  11  1348  312  304  2  -2  
10  34  11  1354  312  304  2  -2  
10  34  11  1365  312  304  2  -2  
10  34  11  1372  312  304  2  -2  
10  34  11  1382  312  304  2  -2  
10  34  11  1388  312  304  2  -2  
10  34  11  1398  312  304  2  -2  
10  34  11  1406  312  304  2  -2  
10  34  11  1415  312  304  2  -2  
10  34  11  1423  312  304  2  -2  
10  34  11  1432  312  304  2  -2  
10  34  11  1438  312  304  2  -2  
10  34  11  1448  312  304  2  -2  
10  34  11  1456  312  304  2  -2  
10  34  11  1465  312  304  2  -2  
10  34  11  1473  312  304  2  -2  
10  34  11  1482  312  304  2  -2  
10  34  11  1488  312  304  2  -2  
10  34  11  1498  312  304  2  -2  
10  34  11  1505  312  304  2  -2  
10  34  11  1515  312  304  2  -2  
10  34  11  1521  312  304  2  -2  
10  34  11  1532  312  304  2  -2  
10  34  11  1539  312  304  2  -2  
10  34  11  1548  312  304  2  -2  
10  34  11  1554  312  304  2  -2  
10  34  11  1565  313  304  2  -2  
10  34  11  1572  314  304  2  -2  
10  34  11  1582  314  304  2  -2  
10  34  11  1589  314  304  2  -2  
10  34  11  1598  314  304  2  -2  
10  34  11  1605  314  304  2  -2  
10  34  11  1615  316  304  2  -2  
10  34  11  1623  317  304  2  -2  
10  34  11  1632  317  304  2  -2  
10  34  11  1639  317  304  2  -2  
10  34  11  1648  317  304  2  -2  
10  34  11  1657  317  304  2  -2  
10  34  11  1665  317  304  2  -2  
10  34  11  1673  317  304  2  -2  
10  34  11  1682  317  304  2  -2  
10  34  11  1690  317  304  2  -2  
10  34  11  1698  317  304  2  -2  
10  34  11  1705  317  304  2  -2  
10  34  11  1715  317  304  2  -2  
10  34  11  1723  317  304  2  -2  
10  34  11  1732  317  304  2  -2  
10  34  11  1739  317  304  2  -2  
10  34  11  1748  317  304  2  -2  
10  34  12  1754  317  304  2  -2  
10  34  12  1765  317  304  2  -2  
10  34  12  1773  317  304  2  -2  
10  34  12  1782  317  304  2  -2  
10  34  12  1789  317  304  2  -2  
10  34  12  1798  317  304  2  -2  
10  34  12  1806  318  304  2  -2  
10  34  12  1815  318  304  2  -2  
10  34  12  1823  319  304  2  -2  
10  34  12  1834  319  304  2  -2  
10  34  12  1839  321  304  2  -2  
10  34  12  1848  321  304  2  -2  
10  34  12  1855  323  304  2  -2  
10  34  12  1865  324  304  2  -2  
10  34  12  1874  325  304  2  -2  
10  34  12  1882  328  304  2  -2  
10  34  12  1890  330  306  2  -2  
10  34  12  1899  333  306  2  -2  
10  34  12  1906  336  307  2  -2  
10  34  12  1916  341  307  2  -2  
10  34  12  1923  344  307  2  -2  
10  34  12  1932  348  308  2  -2  
10  34  12  1939  351  308  2  -2  
10  34  12  1948  355  308  2  -2  
10  34  12  1954  358  308  2  -2  
10  34  12  1965  361  309  2  -2  
10  34  12  1974  366  309  2  -2  
10  34  12  1982  370  311  2  -2  
10  34  12  1989  373  311  2  -2  
10  34  12  1998  377  312  2  -2  
10  34  12  2004  382  312  2  -2  
10  34  12  2015  388  313  2  -2  
10  34  12  2024  398  314  2  -2  
10  34  12  2033  404  314  2  -2  
10  34  12  2040  409  316  2  -2  
10  34  12  2048  415  317  2  -2  
10  34  12  2057  423  318  2  -2  
10  34  12  2065  430  318  2  -2  
10  34  12  2074  437  318  2  -2  
10  34  12  2082  444  319  2  -2  
10  34  12  2090  453  322  2  -2  
10  34  12  2098  458  322  2  -2  
10  34  12  2106  461  323  2  -2  
10  34  12  2116  464  323  2  -2  
10  34  12  2124  467  323  2  -2  
10  34  12  2132  469  323  2  -2  
10  34  12  2139  471  323  2  -2  
10  34  12  2148  472  323  2  -2  
10  34  12  2156  473  323  2  -2  
10  34  12  2165  475  323  2  -2  
10  34  12  2174  478  323  2  -2  
10  34  12  2182  481  323  2  -2  
10  34  12  2189  485  323  2  -2  
10  34  12  2198  490  323  2  -2  
10  34  12  2207  495  323  3  -2  
10  34  12  2215  499  323  3  -2  
10  34  12  2223  502  323  3  -2  
10  34  12  2231  504  323  3  -2  
10  34  12  2239  505  323  3  -2  
10  34  12  2248  505  323  3  -2  
10  34  12  2256  505  323  3  -2  
10  34  12  2265  505  323  3  -2  
10  34  12  2273  505  323  3  -2  
10  34  12  2282  505  323  3  -2  
10  34  12  2289  505  323  3  -2  
10  34  12  2298  505  323  3  -2  
10  34  12  2307  505  323  3  -2  
10  34  12  2315  506  323  3  -2  
10  34  12  2323  506  323  3  -2  
10  34  12  2331  507  323  3  -2  
10  34  12  2339  507  323  3  -2  
10  34  12  2348  507  323  3  -2  
10  34  12  2356  507  323  3  -2  
10  34  12  2365  507  323  3  -2  
10  34  12  2373  507  323  3  -2  
10  34  12  2381  507  323  3  -2  
10  34  12  2390  507  323  3  -2  
10  34  12  2398  507  323  3  -2  
10  34  12  2406  507  323  3  -2  
10  34  12  2416  503  324  3  -2  
10  34  12  2424  489  327  3  -2  
10  34  12  2432  481  328  3  -2  
10  34  12  2440  472  329  3  -2  
10  34  12  2449  460  331  3  -2  
10  34  12  2457  447  333  3  -2  
10  34  12  2465  435  335  3  -2  
10  34  12  2473  423  336  3  -2  
10  34  12  2482  411  337  3  -2  
10  34  12  2490  401  340  3  -2  
10  34  12  2498  391  341  3  -2  
10  34  12  2507  384  341  4  -2  
10  34  12  2515  377  341  4  -2  
10  34  12  2524  370  342  4  -2  
10  34  12  2532  366  342  4  -2  
10  34  12  2540  363  343  4  -2  
10  34  12  2548  359  343  4  -2  
10  34  12  2556  355  343  4  -2  
10  34  12  2565  352  343  4  -2  
10  34  12  2573  349  344  4  -2  
10  34  12  2582  348  345  4  -2  
10  34  12  2589  346  345  4  -2  
10  34  12  2598  346  345  4  -2  
10  34  12  2606  346  345  4  -2  
10  34  12  2615  345  345  4  -2  
10  34  12  2623  345  345  4  -2  
10  34  12  2631  345  345  4  -2  
10  34  12  2639  345  345  4  -2  
10  34  12  2647  345  345  4  -2  
10  34  12  2655  345  345  4  -2  
10  34  12  2664  345  345  4  -2  
10  34  12  2673  344  345  4  -2  
