12  1  39  0  347  351  1  -2  
12  1  40  8  347  351  1  -2  
12  1  40  17  347  351  1  -2  
12  1  40  25  347  351  1  -2  
12  1  40  33  347  351  1  -2  
12  1  40  42  347  351  1  -2  
12  1  40  50  347  351  1  -2  
12  1  40  58  347  351  1  -2  
12  1  40  67  347  351  1  -2  
12  1  40  75  347  351  1  -2  
12  1  40  83  347  351  1  -2  
12  1  40  92  347  351  1  -2  
12  1  40  101  347  351  1  -2  
12  1  40  108  347  351  1  -2  
12  1  40  118  347  351  1  -2  
12  1  40  125  347  351  1  -2  
12  1  40  134  347  351  1  -2  
12  1  40  142  347  351  1  -2  
12  1  40  150  347  351  1  -2  
12  1  40  158  347  351  1  -2  
12  1  40  167  347  351  1  -2  
12  1  40  175  347  351  1  -2  
12  1  40  184  347  351  1  -2  
12  1  40  192  347  351  1  -2  
12  1  40  200  347  352  1  -2  
12  1  40  208  347  352  1  -2  
12  1  40  218  347  352  1  -2  
12  1  40  227  347  352  1  -2  
12  1  40  234  347  352  1  -2  
12  1  40  242  347  352  1  -2  
12  1  40  250  350  352  1  -2  
12  1  40  258  351  352  1  -2  
12  1  40  268  354  352  1  -2  
12  1  40  276  358  352  1  -2  
12  1  40  284  363  352  1  -2  
12  1  40  293  368  352  1  -2  
12  1  40  302  378  352  1  -2  
12  1  40  309  383  352  1  -2  
12  1  40  318  389  352  1  -2  
12  1  40  326  394  352  1  -2  
12  1  40  334  396  352  1  -2  
12  1  40  342  400  352  1  -2  
12  1  40  350  404  352  1  -2  
12  1  40  359  409  352  1  -2  
12  1  40  368  414  352  1  -2  
12  1  40  375  419  352  1  -2  
12  1  40  384  424  352  1  -2  
12  1  40  393  431  352  1  -2  
12  1  40  401  436  352  1  -2  
12  1  40  408  443  352  1  -2  
12  1  40  418  448  352  1  -2  
12  1  40  426  455  352  1  -2  
12  1  40  434  459  352  1  -2  
12  1  40  443  463  352  1  -2  
12  1  40  451  465  352  1  -2  
12  1  40  459  467  352  1  -2  
12  1  40  468  469  352  1  -2  
12  1  40  477  471  352  1  -2  
12  1  40  484  477  351  1  -2  
12  1  40  492  477  351  1  -2  
12  1  40  500  478  351  1  -2  
12  1  40  510  480  351  1  -2  
12  1  40  518  487  351  1  -2  
12  1  40  526  490  351  1  -2  
12  1  40  534  495  351  1  -2  
12  1  40  543  500  350  1  -2  
12  1  40  550  505  350  1  -2  
12  1  40  559  508  349  1  -2  
12  1  40  568  512  349  1  -2  
12  1  40  576  514  349  1  -2  
12  1  40  584  514  349  1  -2  
12  1  40  593  514  349  1  -2  
12  1  40  601  516  349  1  -2  
12  1  40  609  516  349  1  -2  
12  1  40  618  517  349  1  -2  
12  1  40  627  518  349  1  -2  
12  1  40  634  520  349  1  -2  
12  1  40  643  521  349  2  -2  
12  1  40  651  523  349  2  -2  
12  1  40  659  525  349  2  -2  
12  1  40  668  526  349  2  -2  
12  1  40  676  527  349  2  -2  
12  1  40  684  528  349  2  -2  
12  1  40  692  529  349  2  -2  
12  1  40  701  529  349  2  -2  
12  1  40  709  531  349  2  -2  
12  1  40  718  532  349  2  -2  
12  1  40  727  532  349  2  -2  
12  1  40  734  532  349  2  -2  
12  1  40  742  532  349  2  -2  
12  1  40  751  532  349  2  -2  
12  1  40  759  532  349  2  -2  
12  1  40  768  532  349  2  -2  
12  1  40  774  532  349  2  -2  
12  1  40  784  532  349  2  -2  
12  1  40  793  532  349  2  -2  
12  1  40  800  532  349  2  -2  
12  1  40  809  532  349  2  -2  
12  1  40  818  532  349  2  -2  
12  1  40  827  532  349  2  -2  
12  1  40  834  532  349  2  -2  
12  1  40  842  532  349  2  -2  
12  1  40  850  532  349  2  -2  
12  1  40  859  532  349  2  -2  
12  1  40  868  532  349  2  -2  
12  1  40  875  532  349  2  -2  
12  1  40  884  532  349  2  -2  
12  1  40  892  532  349  2  -2  
12  1  40  900  532  349  2  -2  
12  1  40  909  532  349  2  -2  
12  1  40  919  532  349  2  -2  
12  1  40  926  532  349  2  -2  
12  1  40  934  532  349  2  -2  
12  1  40  942  532  349  2  -2  
12  1  40  951  528  349  2  -2  
12  1  40  959  522  349  2  -2  
12  1  40  968  517  349  2  -2  
12  1  40  977  510  349  2  -2  
12  1  40  984  505  349  2  -2  
12  1  40  992  497  349  2  -2  
12  1  40  1001  492  349  2  -2  
12  1  41  1010  487  349  2  -2  
12  1  41  1019  481  349  2  -2  
12  1  41  1026  479  349  2  -2  
12  1  41  1035  475  349  2  -2  
12  1  41  1043  470  349  2  -2  
12  1  41  1050  465  349  2  -2  
12  1  41  1060  460  349  2  -2  
12  1  41  1069  453  349  2  -2  
12  1  41  1077  445  349  2  -2  
12  1  41  1085  434  349  2  -2  
12  1  41  1094  413  349  2  -2  
12  1  41  1103  403  347  2  -2  
12  1  41  1111  392  345  2  -2  
12  1  41  1120  385  344  2  -2  
12  1  41  1127  378  344  3  -2  
12  1  41  1135  375  344  3  -2  
12  1  41  1142  371  343  3  -2  
12  1  41  1151  367  343  3  -2  
12  1  41  1159  366  343  3  -2  
12  1  41  1168  365  343  3  -2  
12  1  41  1176  361  343  3  -2  
12  1  41  1186  358  343  3  -2  
12  1  41  1192  357  343  3  -2  
12  1  41  1201  353  343  3  -2  
12  1  41  1209  349  343  3  -2  
12  1  41  1218  343  342  3  -2  
12  1  41  1227  337  339  3  -2  
12  1  41  1236  332  339  3  -2  
12  1  41  1242  327  338  3  -2  
12  1  41  1251  321  337  3  -2  
12  1  41  1259  320  337  3  -2  
12  1  41  1268  317  337  3  -2  
12  1  41  1276  317  337  3  -2  
12  1  41  1287  317  337  3  -2  
12  1  41  1292  317  337  3  -2  
12  1  41  1301  317  337  3  -2  
12  1  41  1309  317  337  3  -2  
12  1  41  1318  317  337  3  -2  
12  1  41  1326  317  337  3  -2  
12  1  41  1335  317  337  3  -2  
12  1  41  1343  317  337  3  -2  
12  1  41  1353  317  337  3  -2  
12  1  41  1359  317  337  3  -2  
12  1  41  1370  317  337  3  -2  
12  1  41  1378  317  337  3  -2  
12  1  41  1386  317  337  3  -2  
12  1  41  1393  317  337  3  -2  
12  1  41  1404  317  337  3  -2  
12  1  41  1409  317  337  3  -2  
12  1  41  1420  319  337  3  -2  
12  1  41  1427  321  337  3  -2  
12  1  41  1437  324  337  3  -2  
12  1  41  1443  330  337  3  -2  
12  1  41  1450  330  337  3  -2  
12  1  41  1458  335  337  3  -2  
12  1  41  1469  340  337  3  -2  
12  1  41  1476  355  337  3  -2  
12  1  41  1486  364  337  3  -2  
12  1  41  1491  375  337  3  -2  
12  1  41  1501  375  337  3  -2  
12  1  41  1510  402  337  3  -2  
12  1  41  1519  417  337  3  -2  
12  1  41  1527  430  337  3  -2  
12  1  41  1536  440  337  3  -2  
12  1  41  1542  450  337  3  -2  
12  1  41  1553  460  337  3  -2  
12  1  41  1560  468  337  3  -2  
12  1  41  1568  477  337  3  -2  
12  1  41  1576  484  337  3  -2  
12  1  41  1586  489  337  3  -2  
12  1  41  1593  494  337  3  -2  
12  1  41  1602  498  337  3  -2  
12  1  41  1609  500  337  3  -2  
12  1  41  1619  503  337  4  -2  
12  1  41  1625  505  337  4  -2  
12  1  41  1636  508  337  4  -2  
12  1  41  1642  517  337  4  -2  
12  1  41  1653  517  337  4  -2  
12  1  41  1660  537  337  4  -2  
12  1  41  1669  537  337  4  -2  
12  1  41  1676  564  337  4  -2  
12  1  41  1687  564  337  4  -2  
12  1  41  1694  587  340  4  -2  
12  1  41  1703  593  340  4  -2  
12  1  41  1709  594  340  4  -2  
12  1  41  1720  594  340  4  -2  
12  1  41  1726  594  340  4  -2  
12  1  41  1736  594  340  4  -2  
12  1  41  1744  594  340  4  -2  
12  1  41  1753  594  340  4  -2  
12  1  41  1759  594  340  4  -2  
12  1  41  1770  594  340  4  -2  
12  1  41  1777  594  340  4  -2  
12  1  41  1786  594  340  4  -2  
12  1  41  1793  594  340  4  -2  
12  1  41  1803  594  340  4  -2  
12  1  41  1811  594  340  4  -2  
12  1  41  1821  592  340  4  -2  
12  1  41  1827  586  340  4  -2  
12  1  41  1836  586  340  4  -2  
12  1  41  1843  581  340  4  -2  
12  1  41  1853  576  340  4  -2  
12  1  41  1860  557  340  4  -2  
12  1  41  1871  557  340  4  -2  
12  1  41  1877  537  341  4  -2  
12  1  41  1886  525  341  4  -2  
12  1  41  1894  514  341  4  -2  
12  1  41  1902  500  341  4  -2  
12  1  41  1911  487  341  4  -2  
12  1  41  1920  471  341  4  -2  
12  1  41  1927  454  341  4  -2  
12  1  41  1936  436  341  4  -2  
12  1  41  1944  413  341  4  -2  
