11  8  13  0  360  309  1  -2  
11  8  13  6  360  309  1  -2  
11  8  13  17  360  309  1  -2  
11  8  13  23  360  309  1  -2  
11  8  13  34  360  309  1  -2  
11  8  13  40  360  309  1  -2  
11  8  13  50  360  309  1  -2  
11  8  13  57  360  309  1  -2  
11  8  13  67  360  309  1  -2  
11  8  13  73  360  309  1  -2  
11  8  13  82  360  309  1  -2  
11  8  13  90  360  309  1  -2  
11  8  13  100  360  309  1  -2  
11  8  13  107  360  309  1  -2  
11  8  13  117  360  309  1  -2  
11  8  13  123  360  309  1  -2  
11  8  13  134  360  309  1  -2  
11  8  13  140  360  309  1  -2  
11  8  13  150  360  309  1  -2  
11  8  13  156  360  310  1  -2  
11  8  13  167  364  310  1  -2  
11  8  13  173  368  310  1  -2  
11  8  13  183  373  310  1  -2  
11  8  13  190  380  310  1  -2  
11  8  13  200  386  310  1  -2  
11  8  13  207  392  310  1  -2  
11  8  13  217  400  310  1  -2  
11  8  13  225  407  311  1  -2  
11  8  13  234  414  311  1  -2  
11  8  13  239  421  311  1  -2  
11  8  13  249  429  312  1  -2  
11  8  13  256  434  312  1  -2  
11  8  13  266  441  312  1  -2  
11  8  13  273  447  313  1  -2  
11  8  13  283  452  313  1  -2  
11  8  13  289  464  313  1  -2  
11  8  13  300  464  313  1  -2  
11  8  13  305  473  315  1  -2  
11  8  13  316  473  315  1  -2  
11  8  13  324  483  316  1  -2  
11  8  13  333  489  317  1  -2  
11  8  13  340  492  317  1  -2  
11  8  13  349  497  317  2  -2  
11  8  13  356  503  317  2  -2  
11  8  13  366  505  317  2  -2  
11  8  13  372  510  317  2  -2  
11  8  13  383  514  317  2  -2  
11  8  13  389  519  317  2  -2  
11  8  13  399  524  317  2  -2  
11  8  13  406  529  317  2  -2  
11  8  13  416  534  317  2  -2  
11  8  13  424  538  317  2  -2  
11  8  13  433  540  317  2  -2  
11  8  13  439  542  317  2  -2  
11  8  13  449  543  317  2  -2  
11  8  13  456  543  317  2  -2  
11  8  13  466  543  317  2  -2  
11  8  13  474  543  317  2  -2  
11  8  13  483  543  317  2  -2  
11  8  13  489  543  317  2  -2  
11  8  13  499  543  317  2  -2  
11  8  13  506  543  317  2  -2  
11  8  13  516  543  317  2  -2  
11  8  13  522  543  317  2  -2  
11  8  13  533  543  317  2  -2  
11  8  13  539  543  317  2  -2  
11  8  13  549  543  317  2  -2  
11  8  13  556  543  317  2  -2  
11  8  13  567  543  317  2  -2  
11  8  13  574  543  317  2  -2  
11  8  13  583  543  317  2  -2  
11  8  13  590  543  317  2  -2  
11  8  13  599  543  317  2  -2  
11  8  13  606  543  317  2  -2  
11  8  13  616  543  317  2  -2  
11  8  13  624  543  317  2  -2  
11  8  13  633  543  317  2  -2  
11  8  13  639  543  317  2  -2  
11  8  13  649  543  317  2  -2  
11  8  13  657  543  317  2  -2  
11  8  13  666  543  317  2  -2  
11  8  13  673  543  317  2  -2  
11  8  13  683  543  317  2  -2  
11  8  14  689  543  317  2  -2  
11  8  14  699  543  317  2  -2  
11  8  14  706  543  317  2  -2  
11  8  14  716  543  317  2  -2  
11  8  14  724  543  317  2  -2  
11  8  14  733  543  317  2  -2  
11  8  14  739  543  317  2  -2  
11  8  14  750  543  317  2  -2  
11  8  14  758  543  317  2  -2  
11  8  14  766  543  317  2  -2  
11  8  14  773  543  317  2  -2  
11  8  14  783  543  317  2  -2  
11  8  14  789  543  317  2  -2  
11  8  14  799  543  317  2  -2  
11  8  14  806  543  317  2  -2  
11  8  14  817  543  317  2  -2  
11  8  14  822  543  317  2  -2  
11  8  14  833  543  317  2  -2  
11  8  14  840  543  317  2  -2  
11  8  14  849  543  317  2  -2  
11  8  14  856  543  317  2  -2  
11  8  14  866  543  317  2  -2  
11  8  14  873  543  317  2  -2  
11  8  14  883  543  317  2  -2  
11  8  14  889  543  317  2  -2  
11  8  14  899  543  317  2  -2  
11  8  14  906  543  317  2  -2  
11  8  14  916  543  317  2  -2  
11  8  14  924  543  317  2  -2  
11  8  14  932  543  317  2  -2  
11  8  14  940  543  317  2  -2  
11  8  14  949  540  317  2  -2  
11  8  14  957  535  317  2  -2  
11  8  14  966  528  317  2  -2  
11  8  14  974  521  317  2  -2  
11  8  14  983  511  317  2  -2  
11  8  14  991  501  317  2  -2  
11  8  14  1000  490  317  2  -2  
11  8  14  1007  478  317  2  -2  
11  8  14  1017  465  317  2  -2  
11  8  14  1025  453  317  2  -2  
11  8  14  1033  438  317  2  -2  
11  8  14  1040  426  317  2  -2  
11  8  14  1049  416  317  2  -2  
11  8  14  1058  405  316  2  -2  
11  8  14  1066  398  316  3  -2  
11  8  14  1073  392  315  3  -2  
11  8  14  1082  385  313  3  -2  
11  8  14  1089  382  313  3  -2  
11  8  14  1099  378  313  3  -2  
11  8  14  1108  370  313  3  -2  
11  8  14  1116  369  313  3  -2  
11  8  14  1124  366  313  3  -2  
11  8  14  1133  365  313  3  -2  
11  8  14  1140  365  313  3  -2  
11  8  14  1150  365  313  3  -2  
11  8  14  1156  365  313  3  -2  
11  8  14  1166  365  313  3  -2  
11  8  14  1174  365  313  3  -2  
11  8  14  1183  365  313  3  -2  
11  8  14  1190  365  313  3  -2  
11  8  14  1199  365  313  3  -2  
11  8  14  1206  365  313  3  -2  
11  8  14  1216  365  313  3  -2  
11  8  14  1224  365  313  3  -2  
11  8  14  1232  365  313  3  -2  
11  8  14  1240  365  313  3  -2  
11  8  14  1249  365  313  3  -2  
11  8  14  1258  365  313  3  -2  
11  8  14  1266  365  313  3  -2  
11  8  14  1274  371  313  3  -2  
11  8  14  1283  381  313  3  -2  
11  8  14  1290  395  313  3  -2  
11  8  14  1299  406  313  3  -2  
11  8  14  1308  435  313  3  -2  
11  8  14  1317  449  313  3  -2  
11  8  14  1324  464  313  3  -2  
11  8  14  1333  479  313  3  -2  
11  8  14  1340  494  313  3  -2  
11  8  14  1350  504  313  4  -2  
11  8  14  1357  516  313  4  -2  
11  8  14  1366  523  313  4  -2  
11  8  14  1374  527  313  4  -2  
11  8  14  1383  531  313  4  -2  
11  8  14  1390  532  313  4  -2  
11  8  14  1399  534  313  4  -2  
11  8  14  1407  534  313  4  -2  
11  8  14  1416  534  313  4  -2  
11  8  14  1425  534  313  4  -2  
11  8  14  1432  534  313  4  -2  
11  8  14  1440  534  313  4  -2  
11  8  14  1449  534  313  4  -2  
11  8  14  1456  534  313  4  -2  
11  8  14  1466  534  313  4  -2  
11  8  14  1474  534  313  4  -2  
11  8  14  1483  534  313  4  -2  
11  8  14  1490  534  313  4  -2  
11  8  14  1499  534  313  4  -2  
11  8  14  1507  534  313  4  -2  
11  8  14  1516  534  313  4  -2  
11  8  14  1524  534  313  4  -2  
11  8  14  1532  534  313  4  -2  
11  8  14  1540  534  313  4  -2  
11  8  14  1549  534  313  4  -2  
11  8  14  1557  534  313  4  -2  
11  8  14  1566  534  313  4  -2  
11  8  14  1575  534  313  4  -2  
11  8  14  1583  534  313  4  -2  
11  8  14  1590  534  313  4  -2  
11  8  14  1599  534  313  4  -2  
11  8  14  1608  534  313  4  -2  
11  8  14  1616  534  313  4  -2  
11  8  14  1625  534  313  4  -2  
11  8  14  1632  534  313  4  -2  
11  8  14  1640  534  313  4  -2  
11  8  14  1649  531  313  4  -2  
11  8  14  1657  526  313  4  -2  
11  8  14  1666  523  313  4  -2  
11  8  14  1675  515  313  4  -2  
11  8  14  1682  498  313  4  -2  
11  8  15  1691  498  313  4  -2  
11  8  15  1699  490  313  4  -2  
11  8  15  1707  471  313  4  -2  
11  8  15  1716  471  313  4  -2  
11  8  15  1725  453  313  4  -2  
11  8  15  1733  448  313  4  -2  
11  8  15  1741  439  313  4  -2  
11  8  15  1749  432  313  4  -2  
11  8  15  1757  425  310  4  -2  
11  8  15  1766  421  310  4  -2  
11  8  15  1775  416  310  4  -2  
11  8  15  1783  413  310  4  -2  
11  8  15  1792  410  310  4  -2  
11  8  15  1799  406  309  4  -2  
11  8  15  1808  405  309  4  -2  
11  8  15  1816  404  309  4  -2  
11  8  15  1825  404  309  4  -2  
11  8  15  1832  403  309  4  -2  
11  8  15  1841  403  309  4  -2  
11  8  15  1849  403  309  4  -2  
11  8  15  1858  403  309  4  -2  
11  8  15  1866  403  309  4  -2  
11  8  15  1875  403  309  4  -2  
11  8  15  1882  403  309  4  -2  
11  8  15  1891  403  309  4  -2  
11  8  15  1900  403  309  4  -2  
11  8  15  1908  402  309  4  -2  
11  8  15  1916  402  309  4  -2  
11  8  15  1925  400  309  4  -2  
11  8  15  1933  400  309  4  -2  
