12  1  31  0  347  328  1  -2  
12  1  31  10  347  328  1  -2  
12  1  32  18  347  328  1  -2  
12  1  32  27  347  328  1  -2  
12  1  32  35  347  328  1  -2  
12  1  32  43  347  328  1  -2  
12  1  32  52  347  328  1  -2  
12  1  32  59  347  328  1  -2  
12  1  32  68  347  328  1  -2  
12  1  32  77  347  328  1  -2  
12  1  32  84  347  328  1  -2  
12  1  32  93  347  328  1  -2  
12  1  32  100  347  328  1  -2  
12  1  32  110  347  328  1  -2  
12  1  32  118  347  328  1  -2  
12  1  32  127  347  328  1  -2  
12  1  32  134  347  328  1  -2  
12  1  32  143  347  328  1  -2  
12  1  32  151  347  328  1  -2  
12  1  32  159  347  328  1  -2  
12  1  32  167  347  328  1  -2  
12  1  32  177  347  328  1  -2  
12  1  32  185  347  328  1  -2  
12  1  32  193  347  328  1  -2  
12  1  32  201  347  328  1  -2  
12  1  32  209  347  328  1  -2  
12  1  32  218  347  328  1  -2  
12  1  32  227  347  328  1  -2  
12  1  32  234  347  328  1  -2  
12  1  32  243  347  328  1  -2  
12  1  32  251  347  328  1  -2  
12  1  32  259  347  328  1  -2  
12  1  32  267  347  328  1  -2  
12  1  32  275  347  328  1  -2  
12  1  32  285  347  328  1  -2  
12  1  32  291  347  328  1  -2  
12  1  32  301  347  328  1  -2  
12  1  32  309  348  328  1  -2  
12  1  32  318  349  328  1  -2  
12  1  32  327  357  328  1  -2  
12  1  32  334  362  328  1  -2  
12  1  32  343  367  328  1  -2  
12  1  32  351  372  328  1  -2  
12  1  32  359  377  328  1  -2  
12  1  32  368  383  329  1  -2  
12  1  32  375  390  329  1  -2  
12  1  32  385  395  331  1  -2  
12  1  32  394  404  332  1  -2  
12  1  32  400  412  332  1  -2  
12  1  32  409  419  332  1  -2  
12  1  32  417  426  333  1  -2  
12  1  32  427  433  333  1  -2  
12  1  32  434  443  333  1  -2  
12  1  32  443  450  335  1  -2  
12  1  32  452  457  337  1  -2  
12  1  32  461  467  337  1  -2  
12  1  32  469  472  338  1  -2  
12  1  32  478  479  339  1  -2  
12  1  32  486  487  341  1  -2  
12  1  32  492  487  341  1  -2  
12  1  32  501  489  341  1  -2  
12  1  32  509  490  341  1  -2  
12  1  32  517  491  341  1  -2  
12  1  32  527  492  341  1  -2  
12  1  32  536  492  341  1  -2  
12  1  32  542  493  341  1  -2  
12  1  32  551  493  341  1  -2  
12  1  32  559  495  341  1  -2  
12  1  32  568  495  341  1  -2  
12  1  32  577  497  341  1  -2  
12  1  32  586  497  341  1  -2  
12  1  32  593  498  341  1  -2  
12  1  32  601  500  341  1  -2  
12  1  32  610  501  341  1  -2  
12  1  32  618  502  341  1  -2  
12  1  32  626  504  341  1  -2  
12  1  32  635  505  341  1  -2  
12  1  32  643  506  341  2  -2  
12  1  32  651  507  341  2  -2  
12  1  32  659  507  341  2  -2  
12  1  32  668  508  341  2  -2  
12  1  32  678  508  341  2  -2  
12  1  32  684  508  341  2  -2  
12  1  32  692  508  341  2  -2  
12  1  32  702  508  341  2  -2  
12  1  32  709  508  341  2  -2  
12  1  32  719  508  341  2  -2  
12  1  32  725  508  341  2  -2  
12  1  32  735  508  341  2  -2  
12  1  32  743  508  341  2  -2  
12  1  32  750  508  341  2  -2  
12  1  32  758  508  341  2  -2  
12  1  32  767  508  341  2  -2  
12  1  32  776  508  341  2  -2  
12  1  32  784  508  341  2  -2  
12  1  32  792  508  341  2  -2  
12  1  32  800  508  341  2  -2  
12  1  32  809  508  341  2  -2  
12  1  32  817  508  341  2  -2  
12  1  32  825  508  341  2  -2  
12  1  32  834  508  341  2  -2  
12  1  32  843  508  341  2  -2  
12  1  32  850  508  341  2  -2  
12  1  32  858  508  341  2  -2  
12  1  32  866  508  341  2  -2  
12  1  32  876  508  341  2  -2  
12  1  32  884  508  341  2  -2  
12  1  32  892  508  341  2  -2  
12  1  32  900  508  341  2  -2  
12  1  32  909  508  341  2  -2  
12  1  32  916  508  341  2  -2  
12  1  32  927  508  341  2  -2  
12  1  32  935  508  341  2  -2  
12  1  32  943  508  341  2  -2  
12  1  32  951  508  341  2  -2  
12  1  32  959  508  341  2  -2  
12  1  32  967  508  341  2  -2  
12  1  32  976  508  341  2  -2  
12  1  32  984  508  341  2  -2  
12  1  32  992  508  341  2  -2  
12  1  32  1002  508  341  2  -2  
12  1  32  1009  508  341  2  -2  
12  1  33  1017  508  341  2  -2  
12  1  33  1026  507  341  2  -2  
12  1  33  1034  506  341  2  -2  
12  1  33  1042  505  341  2  -2  
12  1  33  1050  504  341  2  -2  
12  1  33  1059  503  341  2  -2  
12  1  33  1068  503  341  2  -2  
12  1  33  1076  501  341  2  -2  
12  1  33  1084  501  341  2  -2  
12  1  33  1092  500  341  2  -2  
12  1  33  1101  497  341  2  -2  
12  1  33  1109  491  341  2  -2  
12  1  33  1117  491  341  2  -2  
12  1  33  1126  482  340  2  -2  
12  1  33  1135  477  340  2  -2  
12  1  33  1143  472  340  2  -2  
12  1  33  1150  467  340  2  -2  
12  1  33  1159  462  340  2  -2  
12  1  33  1167  457  340  2  -2  
12  1  33  1176  453  340  2  -2  
12  1  33  1184  450  340  2  -2  
12  1  33  1192  447  340  2  -2  
12  1  33  1203  444  340  2  -2  
12  1  33  1209  442  340  2  -2  
12  1  33  1217  439  340  2  -2  
12  1  33  1227  438  340  2  -2  
12  1  33  1235  435  340  2  -2  
12  1  33  1242  433  340  2  -2  
12  1  33  1251  428  340  2  -2  
12  1  33  1259  422  340  2  -2  
12  1  33  1269  417  340  2  -2  
12  1  33  1277  409  340  2  -2  
12  1  33  1284  400  340  2  -2  
12  1  33  1293  394  340  2  -2  
12  1  33  1302  377  340  3  -2  
12  1  33  1309  371  339  3  -2  
12  1  33  1318  368  339  3  -2  
12  1  33  1326  365  337  3  -2  
12  1  33  1334  363  337  3  -2  
12  1  33  1343  363  337  3  -2  
12  1  33  1351  362  337  3  -2  
12  1  33  1359  360  337  3  -2  
12  1  33  1369  360  337  3  -2  
12  1  33  1377  359  336  3  -2  
12  1  33  1384  356  336  3  -2  
12  1  33  1392  356  336  3  -2  
12  1  33  1401  354  336  3  -2  
12  1  33  1409  354  336  3  -2  
12  1  33  1419  353  336  3  -2  
12  1  33  1425  353  336  3  -2  
12  1  33  1434  352  336  3  -2  
12  1  33  1443  352  336  3  -2  
12  1  33  1453  352  336  3  -2  
12  1  33  1459  352  336  3  -2  
12  1  33  1467  352  336  3  -2  
12  1  33  1477  352  336  3  -2  
12  1  33  1486  352  336  3  -2  
12  1  33  1493  352  336  3  -2  
12  1  33  1501  352  336  3  -2  
12  1  33  1509  352  336  3  -2  
12  1  33  1520  352  336  3  -2  
12  1  33  1527  352  336  3  -2  
12  1  33  1534  352  336  3  -2  
12  1  33  1541  352  336  3  -2  
12  1  33  1552  352  336  3  -2  
12  1  33  1559  352  336  3  -2  
12  1  33  1569  352  336  3  -2  
12  1  33  1577  352  336  3  -2  
12  1  33  1584  352  336  3  -2  
12  1  33  1593  352  336  3  -2  
12  1  33  1602  352  336  3  -2  
12  1  33  1609  352  336  3  -2  
12  1  33  1619  352  336  3  -2  
12  1  33  1627  352  336  3  -2  
12  1  33  1634  352  336  3  -2  
12  1  33  1642  352  336  3  -2  
12  1  33  1652  352  336  3  -2  
12  1  33  1659  352  336  3  -2  
12  1  33  1670  352  336  3  -2  
12  1  33  1678  352  336  3  -2  
12  1  33  1684  352  336  3  -2  
12  1  33  1693  352  336  3  -2  
12  1  33  1703  352  336  3  -2  
12  1  33  1710  357  335  3  -2  
12  1  33  1720  362  335  3  -2  
12  1  33  1727  365  335  3  -2  
12  1  33  1736  369  335  3  -2  
12  1  33  1743  372  334  3  -2  
12  1  33  1752  375  333  3  -2  
12  1  33  1759  377  333  3  -2  
12  1  33  1770  382  332  3  -2  
12  1  33  1777  385  332  3  -2  
12  1  33  1784  393  332  3  -2  
12  1  33  1792  399  332  3  -2  
12  1  33  1802  408  332  3  -2  
12  1  33  1809  416  332  3  -2  
12  1  33  1819  426  332  3  -2  
12  1  33  1827  436  332  3  -2  
12  1  33  1834  443  332  3  -2  
12  1  33  1842  447  332  3  -2  
12  1  33  1852  451  332  3  -2  
12  1  33  1860  452  332  3  -2  
12  1  33  1870  453  332  3  -2  
12  1  33  1877  454  332  3  -2  
12  1  33  1885  455  332  3  -2  
12  1  33  1892  456  331  3  -2  
12  1  33  1902  456  331  3  -2  
12  1  33  1910  460  331  3  -2  
12  1  33  1920  464  331  3  -2  
12  1  33  1927  467  331  3  -2  
12  1  33  1935  472  331  3  -2  
12  1  33  1944  477  331  3  -2  
12  1  33  1952  483  331  3  -2  
12  1  33  1961  485  331  3  -2  
12  1  33  1970  489  331  3  -2  
12  1  33  1977  492  331  3  -2  
12  1  33  1985  492  331  3  -2  
12  1  33  1991  493  330  3  -2  
12  1  33  2002  493  330  3  -2  
12  1  33  2011  493  330  3  -2  
12  1  34  2020  493  330  3  -2  
12  1  34  2027  493  330  3  -2  
12  1  34  2034  494  330  3  -2  
12  1  34  2043  496  330  3  -2  
12  1  34  2053  500  330  4  -2  
12  1  34  2060  503  329  4  -2  
12  1  34  2068  508  329  4  -2  
12  1  34  2077  511  329  4  -2  
12  1  34  2084  515  329  4  -2  
12  1  34  2092  517  329  4  -2  
12  1  34  2102  518  329  4  -2  
12  1  34  2110  519  328  4  -2  
12  1  34  2118  519  328  4  -2  
12  1  34  2127  519  328  4  -2  
12  1  34  2134  519  328  4  -2  
12  1  34  2142  519  328  4  -2  
12  1  34  2152  519  328  4  -2  
12  1  34  2158  519  328  4  -2  
12  1  34  2170  519  328  4  -2  
12  1  34  2177  519  328  4  -2  
12  1  34  2187  519  328  4  -2  
12  1  34  2193  519  328  4  -2  
12  1  34  2202  519  328  4  -2  
12  1  34  2210  519  328  4  -2  
12  1  34  2219  519  328  4  -2  
12  1  34  2227  519  328  4  -2  
12  1  34  2236  519  328  4  -2  
12  1  34  2243  519  328  4  -2  
12  1  34  2253  519  328  4  -2  
12  1  34  2261  519  328  4  -2  
12  1  34  2269  519  328  4  -2  
12  1  34  2277  519  328  4  -2  
12  1  34  2285  519  328  4  -2  
12  1  34  2293  519  328  4  -2  
12  1  34  2305  519  328  4  -2  
12  1  34  2312  519  328  4  -2  
12  1  34  2321  519  328  4  -2  
12  1  34  2329  519  328  4  -2  
12  1  34  2338  519  328  4  -2  
12  1  34  2344  519  328  4  -2  
12  1  34  2354  519  328  4  -2  
12  1  34  2362  519  328  4  -2  
12  1  34  2370  519  328  4  -2  
12  1  34  2378  519  328  4  -2  
12  1  34  2387  519  328  4  -2  
12  1  34  2394  519  328  4  -2  
12  1  34  2404  519  328  4  -2  
12  1  34  2411  519  328  4  -2  
12  1  34  2422  519  328  4  -2  
12  1  34  2429  519  328  4  -2  
12  1  34  2439  519  328  4  -2  
12  1  34  2445  514  328  4  -2  
12  1  34  2455  514  328  4  -2  
12  1  34  2463  504  328  4  -2  
12  1  34  2471  499  328  4  -2  
12  1  34  2479  491  328  4  -2  
12  1  34  2488  484  328  4  -2  
12  1  34  2495  476  328  4  -2  
12  1  34  2504  464  328  4  -2  
12  1  34  2511  452  328  4  -2  
12  1  34  2520  442  328  4  -2  
12  1  34  2528  432  328  4  -2  
12  1  34  2537  421  328  4  -2  
12  1  34  2545  412  328  4  -2  
12  1  34  2553  402  328  4  -2  
