15  50  40  0  385  346  1  -2  
15  50  40  8  385  346  1  -2  
15  50  40  15  385  346  1  -2  
15  50  40  23  385  346  1  -2  
15  50  40  33  385  346  1  -2  
15  50  40  41  385  346  1  -2  
15  50  40  49  385  346  1  -2  
15  50  40  58  385  346  1  -2  
15  50  40  66  385  346  1  -2  
15  50  40  74  385  346  1  -2  
15  50  40  82  385  346  1  -2  
15  50  40  91  385  346  1  -2  
15  50  40  99  385  346  1  -2  
15  50  40  107  385  346  1  -2  
15  50  40  116  385  346  1  -2  
15  50  40  123  388  344  1  -2  
15  50  40  132  391  344  1  -2  
15  50  40  140  394  344  1  -2  
15  50  40  149  400  343  1  -2  
15  50  40  159  402  343  1  -2  
15  50  40  165  413  342  1  -2  
15  50  40  174  413  342  1  -2  
15  50  40  183  426  341  1  -2  
15  50  40  192  429  339  1  -2  
15  50  40  199  434  338  1  -2  
15  50  40  207  437  338  1  -2  
15  50  40  216  441  338  1  -2  
15  50  40  224  443  337  1  -2  
15  50  40  232  447  337  1  -2  
15  50  40  240  452  337  1  -2  
15  50  40  249  459  337  1  -2  
15  50  40  257  464  337  1  -2  
15  50  40  265  469  337  1  -2  
15  50  40  275  473  337  1  -2  
15  50  40  282  476  337  1  -2  
15  50  40  292  477  337  1  -2  
15  50  40  299  477  337  1  -2  
15  50  40  307  477  337  1  -2  
15  50  40  316  477  337  1  -2  
15  50  40  326  477  337  1  -2  
15  50  40  333  477  337  1  -2  
15  50  40  340  478  337  1  -2  
15  50  40  349  480  337  1  -2  
15  50  40  357  485  337  1  -2  
15  50  40  365  494  337  1  -2  
15  50  40  375  507  337  2  -2  
15  50  40  382  532  339  2  -2  
15  50  40  392  541  339  2  -2  
15  50  40  399  544  340  2  -2  
15  50  40  408  544  340  2  -2  
15  50  40  417  544  340  2  -2  
15  50  40  425  544  340  2  -2  
15  50  40  432  544  340  2  -2  
15  50  40  442  544  340  2  -2  
15  50  40  448  544  340  2  -2  
15  50  40  457  544  340  2  -2  
15  50  40  467  544  340  2  -2  
15  50  40  474  542  341  2  -2  
15  50  40  482  542  341  2  -2  
15  50  40  490  542  341  2  -2  
15  50  40  500  542  341  2  -2  
15  50  40  508  542  341  2  -2  
15  50  40  515  542  341  2  -2  
15  50  40  524  542  341  2  -2  
15  50  40  532  541  341  2  -2  
15  50  40  541  539  341  2  -2  
15  50  40  548  535  341  2  -2  
15  50  40  557  535  341  2  -2  
15  50  40  565  527  341  2  -2  
15  50  40  573  522  341  2  -2  
15  50  40  582  521  341  2  -2  
15  50  40  591  518  341  2  -2  
15  50  40  599  515  341  2  -2  
15  50  40  607  513  341  2  -2  
15  50  40  615  509  341  2  -2  
15  50  40  625  504  341  2  -2  
15  50  40  631  497  341  2  -2  
15  50  40  641  490  341  2  -2  
15  50  40  648  479  341  2  -2  
15  50  40  657  467  341  2  -2  
15  50  40  665  452  341  2  -2  
15  50  40  674  437  341  2  -2  
15  50  40  682  422  341  2  -2  
15  50  40  691  409  341  2  -2  
15  50  40  698  398  341  2  -2  
15  50  40  708  392  341  2  -2  
15  50  40  716  387  341  3  -2  
15  50  40  725  387  341  3  -2  
15  50  40  732  387  341  3  -2  
15  50  40  740  387  341  3  -2  
15  50  40  748  387  341  3  -2  
15  50  40  757  387  341  3  -2  
15  50  40  765  387  341  3  -2  
15  50  40  775  387  341  3  -2  
15  50  40  783  384  341  3  -2  
15  50  40  791  382  340  3  -2  
15  50  40  799  377  340  3  -2  
15  50  40  807  372  340  3  -2  
15  50  40  815  367  340  3  -2  
15  50  40  824  365  340  3  -2  
15  50  40  832  365  340  3  -2  
15  50  40  841  365  340  3  -2  
15  50  40  848  365  340  3  -2  
15  50  40  857  365  340  3  -2  
15  50  40  865  365  340  3  -2  
15  50  40  874  365  340  3  -2  
15  50  40  883  365  340  3  -2  
15  50  40  891  365  340  3  -2  
15  50  40  898  365  340  3  -2  
15  50  40  907  365  340  3  -2  
15  50  41  916  368  340  3  -2  
15  50  41  925  371  340  3  -2  
15  50  41  932  374  340  3  -2  
15  50  41  941  382  340  3  -2  
15  50  41  949  390  340  3  -2  
15  50  41  956  402  340  3  -2  
15  50  41  966  414  340  3  -2  
15  50  41  974  437  340  3  -2  
15  50  41  982  449  342  3  -2  
15  50  41  991  461  343  3  -2  
15  50  41  999  469  343  3  -2  
15  50  41  1008  480  347  3  -2  
15  50  41  1016  487  348  3  -2  
15  50  41  1024  492  349  3  -2  
15  50  41  1033  498  351  3  -2  
15  50  41  1041  501  352  3  -2  
15  50  41  1049  501  352  3  -2  
15  50  41  1057  502  352  3  -2  
15  50  41  1066  502  352  3  -2  
15  50  41  1074  502  352  3  -2  
15  50  41  1082  502  352  3  -2  
15  50  41  1091  502  352  3  -2  
15  50  41  1098  502  352  3  -2  
15  50  41  1108  502  352  3  -2  
15  50  41  1116  503  352  3  -2  
15  50  41  1125  503  352  3  -2  
15  50  41  1133  504  352  3  -2  
15  50  41  1142  505  352  3  -2  
15  50  41  1148  506  352  3  -2  
15  50  41  1158  506  352  3  -2  
15  50  41  1166  507  352  3  -2  
15  50  41  1175  507  352  3  -2  
15  50  41  1183  508  352  3  -2  
15  50  41  1191  509  352  3  -2  
15  50  41  1199  509  352  3  -2  
15  50  41  1207  509  352  3  -2  
15  50  41  1216  509  352  3  -2  
15  50  41  1225  509  352  3  -2  
15  50  41  1233  509  352  3  -2  
15  50  41  1242  509  352  3  -2  
15  50  41  1250  509  352  3  -2  
15  50  41  1259  509  352  3  -2  
15  50  41  1266  509  352  3  -2  
15  50  41  1274  509  352  3  -2  
15  50  41  1282  509  352  3  -2  
15  50  41  1291  509  352  3  -2  
15  50  41  1299  509  352  3  -2  
15  50  41  1307  509  352  3  -2  
15  50  41  1316  504  352  3  -2  
15  50  41  1325  499  352  3  -2  
15  50  41  1333  489  352  3  -2  
15  50  41  1342  479  352  3  -2  
15  50  41  1349  452  354  3  -2  
15  50  41  1358  452  354  3  -2  
15  50  41  1366  419  354  3  -2  
15  50  41  1375  404  354  3  -2  
15  50  41  1383  388  354  3  -2  
15  50  41  1392  376  354  3  -2  
15  50  41  1400  369  354  3  -2  
15  50  41  1408  366  354  3  -2  
15  50  41  1417  366  354  3  -2  
15  50  41  1424  366  354  3  -2  
15  50  41  1433  366  354  3  -2  
15  50  41  1442  366  354  3  -2  
15  50  41  1450  366  354  3  -2  
15  50  41  1458  366  354  3  -2  
15  50  41  1467  366  354  3  -2  
15  50  41  1475  366  354  3  -2  
15  50  41  1483  366  354  3  -2  
15  50  41  1492  366  354  3  -2  
15  50  41  1500  366  354  3  -2  
15  50  41  1508  366  354  3  -2  
15  50  41  1516  366  354  3  -2  
15  50  41  1525  366  354  3  -2  
15  50  41  1533  366  354  3  -2  
15  50  41  1542  366  354  3  -2  
15  50  41  1550  366  354  3  -2  
15  50  41  1559  366  354  3  -2  
15  50  41  1566  366  354  3  -2  
15  50  41  1575  366  354  3  -2  
