11  8  20  0  363  302  1  -2  
11  8  20  8  363  302  1  -2  
11  8  20  16  363  302  1  -2  
11  8  20  25  363  302  1  -2  
11  8  20  33  363  302  1  -2  
11  8  20  42  363  302  1  -2  
11  8  20  48  363  302  1  -2  
11  8  20  58  363  302  1  -2  
11  8  20  66  363  302  1  -2  
11  8  20  75  363  302  1  -2  
11  8  20  83  363  302  1  -2  
11  8  20  92  363  302  1  -2  
11  8  20  99  363  302  1  -2  
11  8  20  108  363  302  1  -2  
11  8  20  116  362  303  1  -2  
11  8  20  125  362  303  1  -2  
11  8  20  133  362  303  1  -2  
11  8  20  141  362  303  1  -2  
11  8  20  151  362  303  1  -2  
11  8  20  158  362  303  1  -2  
11  8  20  166  362  303  1  -2  
11  8  20  175  362  303  1  -2  
11  8  20  183  362  303  1  -2  
11  8  20  192  362  303  1  -2  
11  8  20  200  364  303  1  -2  
11  8  21  209  368  303  1  -2  
11  8  21  216  373  303  1  -2  
11  8  21  225  378  303  1  -2  
11  8  21  233  382  303  1  -2  
11  8  21  242  387  303  1  -2  
11  8  21  250  390  303  1  -2  
11  8  21  258  395  303  1  -2  
11  8  21  266  398  303  1  -2  
11  8  21  275  403  303  1  -2  
11  8  21  283  407  303  1  -2  
11  8  21  292  410  303  1  -2  
11  8  21  301  417  303  1  -2  
11  8  21  308  419  303  1  -2  
11  8  21  317  426  303  1  -2  
11  8  21  326  430  303  1  -2  
11  8  21  333  435  303  1  -2  
11  8  21  342  442  306  1  -2  
11  8  21  350  447  307  1  -2  
11  8  21  360  454  308  1  -2  
11  8  21  367  459  308  1  -2  
11  8  21  375  467  310  1  -2  
11  8  21  383  475  311  1  -2  
11  8  21  391  481  313  1  -2  
11  8  21  401  486  314  1  -2  
11  8  21  408  491  314  1  -2  
11  8  21  416  497  315  2  -2  
11  8  21  425  503  315  2  -2  
11  8  21  433  511  317  2  -2  
11  8  21  443  518  318  2  -2  
11  8  21  450  526  320  2  -2  
11  8  21  458  531  320  2  -2  
11  8  21  466  535  320  2  -2  
11  8  21  474  540  320  2  -2  
11  8  21  485  542  320  2  -2  
11  8  21  492  545  320  2  -2  
11  8  21  500  546  320  2  -2  
11  8  21  508  546  320  2  -2  
11  8  21  516  546  320  2  -2  
11  8  21  526  546  320  2  -2  
11  8  21  533  546  320  2  -2  
11  8  21  542  546  320  2  -2  
11  8  21  551  546  320  2  -2  
11  8  21  558  546  320  2  -2  
11  8  21  567  546  320  2  -2  
11  8  21  575  546  320  2  -2  
11  8  21  584  546  320  2  -2  
11  8  21  591  546  320  2  -2  
11  8  21  600  546  320  2  -2  
11  8  21  609  546  320  2  -2  
11  8  21  617  546  320  2  -2  
11  8  21  625  546  320  2  -2  
11  8  21  633  546  320  2  -2  
11  8  21  643  546  320  2  -2  
11  8  21  650  546  320  2  -2  
11  8  21  660  546  320  2  -2  
11  8  21  668  546  320  2  -2  
11  8  21  676  546  320  2  -2  
11  8  21  685  546  320  2  -2  
11  8  21  692  546  320  2  -2  
11  8  21  701  546  320  2  -2  
11  8  21  709  546  320  2  -2  
11  8  21  718  546  320  2  -2  
11  8  21  727  546  320  2  -2  
11  8  21  735  546  320  2  -2  
11  8  21  741  546  320  2  -2  
11  8  21  750  544  320  2  -2  
11  8  21  759  538  318  2  -2  
11  8  21  767  534  318  2  -2  
11  8  21  776  529  318  2  -2  
11  8  21  785  521  318  2  -2  
11  8  21  792  515  318  2  -2  
11  8  21  801  507  317  2  -2  
11  8  21  810  500  317  2  -2  
11  8  21  816  495  316  2  -2  
11  8  21  827  490  316  2  -2  
11  8  21  833  484  315  2  -2  
11  8  21  842  480  315  2  -2  
11  8  21  851  475  314  2  -2  
11  8  21  859  472  313  2  -2  
11  8  21  868  470  313  2  -2  
11  8  21  876  466  313  2  -2  
11  8  21  884  462  313  2  -2  
11  8  21  893  458  312  2  -2  
11  8  21  902  452  312  2  -2  
11  8  21  909  447  312  2  -2  
11  8  21  918  443  312  2  -2  
11  8  21  927  440  312  2  -2  
11  8  21  934  437  312  2  -2  
11  8  21  942  433  312  2  -2  
11  8  21  950  429  312  2  -2  
11  8  21  960  428  312  2  -2  
11  8  21  967  425  312  2  -2  
11  8  21  977  420  312  2  -2  
11  8  21  983  419  311  2  -2  
11  8  21  992  414  311  2  -2  
11  8  21  1001  408  311  2  -2  
11  8  21  1010  403  310  2  -2  
11  8  21  1018  398  310  3  -2  
11  8  21  1025  393  310  3  -2  
11  8  21  1034  387  308  3  -2  
11  8  21  1042  384  308  3  -2  
11  8  21  1051  384  308  3  -2  
11  8  21  1060  384  308  3  -2  
11  8  21  1067  383  308  3  -2  
11  8  21  1078  383  308  3  -2  
11  8  21  1085  383  308  3  -2  
11  8  21  1093  383  308  3  -2  
11  8  21  1102  381  308  3  -2  
11  8  21  1110  380  308  3  -2  
11  8  21  1116  379  308  3  -2  
11  8  21  1127  379  308  3  -2  
11  8  21  1133  378  308  3  -2  
11  8  21  1143  378  308  3  -2  
11  8  21  1150  378  308  3  -2  
11  8  21  1160  378  308  3  -2  
11  8  21  1168  378  308  3  -2  
11  8  21  1178  378  308  3  -2  
11  8  21  1185  377  308  3  -2  
11  8  21  1192  377  308  3  -2  
11  8  21  1200  377  308  3  -2  
11  8  22  1210  377  308  3  -2  
11  8  22  1217  377  308  3  -2  
11  8  22  1226  377  308  3  -2  
11  8  22  1235  377  308  3  -2  
11  8  22  1243  377  308  3  -2  
11  8  22  1251  377  308  3  -2  
11  8  22  1260  377  308  3  -2  
11  8  22  1267  377  308  3  -2  
11  8  22  1277  377  308  3  -2  
11  8  22  1285  377  308  3  -2  
11  8  22  1292  377  308  3  -2  
11  8  22  1301  377  308  3  -2  
11  8  22  1308  377  308  3  -2  
11  8  22  1317  377  308  3  -2  
11  8  22  1326  377  308  3  -2  
11  8  22  1335  377  308  3  -2  
11  8  22  1342  377  308  3  -2  
11  8  22  1350  377  308  3  -2  
11  8  22  1360  377  308  3  -2  
11  8  22  1368  377  308  3  -2  
11  8  22  1378  377  308  3  -2  
11  8  22  1385  377  308  3  -2  
11  8  22  1393  377  308  3  -2  
11  8  22  1401  377  308  3  -2  
11  8  22  1411  377  308  3  -2  
11  8  22  1417  377  308  3  -2  
11  8  22  1428  377  308  3  -2  
11  8  22  1435  377  308  3  -2  
11  8  22  1443  377  308  3  -2  
11  8  22  1450  377  308  3  -2  
11  8  22  1460  377  308  3  -2  
11  8  22  1468  377  308  3  -2  
11  8  22  1477  377  308  3  -2  
11  8  22  1484  377  308  3  -2  
11  8  22  1492  377  308  3  -2  
11  8  22  1499  377  308  3  -2  
11  8  22  1508  377  308  3  -2  
11  8  22  1516  377  308  3  -2  
11  8  22  1527  377  308  3  -2  
11  8  22  1532  377  308  3  -2  
11  8  22  1545  377  308  3  -2  
11  8  22  1551  377  308  3  -2  
11  8  22  1559  377  308  3  -2  
11  8  22  1566  377  308  3  -2  
11  8  22  1576  377  308  3  -2  
11  8  22  1583  377  308  3  -2  
11  8  22  1592  379  308  3  -2  
11  8  22  1600  382  308  3  -2  
11  8  22  1610  384  308  3  -2  
11  8  22  1616  388  308  3  -2  
11  8  22  1627  391  308  3  -2  
11  8  22  1634  394  308  3  -2  
11  8  22  1642  400  308  3  -2  
11  8  22  1649  405  308  3  -2  
11  8  22  1660  412  309  3  -2  
11  8  22  1666  426  310  3  -2  
11  8  22  1677  426  310  3  -2  
11  8  22  1684  440  313  3  -2  
11  8  22  1692  445  313  3  -2  
11  8  22  1700  450  313  3  -2  
11  8  22  1710  454  313  3  -2  
11  8  22  1716  457  313  3  -2  
11  8  22  1727  462  313  3  -2  
11  8  22  1734  465  313  3  -2  
11  8  22  1742  468  313  3  -2  
11  8  22  1749  471  313  3  -2  
11  8  22  1761  474  313  3  -2  
11  8  22  1768  479  313  3  -2  
11  8  22  1777  483  313  3  -2  
11  8  22  1785  488  313  3  -2  
11  8  22  1792  492  313  3  -2  
11  8  22  1801  497  313  4  -2  
11  8  22  1810  500  313  4  -2  
11  8  22  1816  507  312  4  -2  
11  8  22  1827  510  312  4  -2  
11  8  22  1834  521  311  4  -2  
11  8  22  1845  521  311  4  -2  
11  8  22  1850  529  311  4  -2  
11  8  22  1859  529  311  4  -2  
11  8  22  1867  534  310  4  -2  
11  8  22  1877  536  310  4  -2  
11  8  22  1884  538  310  4  -2  
11  8  22  1894  538  310  4  -2  
11  8  22  1901  538  310  4  -2  
11  8  22  1910  539  309  4  -2  
11  8  22  1917  539  309  4  -2  
11  8  22  1928  539  309  4  -2  
11  8  22  1934  539  309  4  -2  
11  8  22  1944  539  309  4  -2  
11  8  22  1950  539  309  4  -2  
11  8  22  1961  539  309  4  -2  
11  8  22  1967  539  309  4  -2  
11  8  22  1977  539  309  4  -2  
11  8  22  1984  539  309  4  -2  
11  8  22  1994  539  309  4  -2  
11  8  22  2000  539  309  4  -2  
11  8  22  2010  538  309  4  -2  
11  8  22  2017  535  309  4  -2  
11  8  22  2027  530  308  4  -2  
11  8  22  2034  523  308  4  -2  
11  8  22  2042  518  308  4  -2  
11  8  22  2051  510  308  4  -2  
11  8  22  2060  503  308  4  -2  
11  8  22  2067  488  308  4  -2  
11  8  22  2077  488  308  4  -2  
11  8  22  2084  470  308  4  -2  
11  8  22  2093  461  307  4  -2  
11  8  22  2101  449  307  4  -2  
11  8  22  2110  442  307  4  -2  
11  8  22  2118  431  305  4  -2  
11  8  22  2127  422  305  4  -2  
11  8  22  2135  412  305  4  -2  
11  8  22  2145  405  305  4  -2  
11  8  22  2151  398  303  4  -2  
