15  50  59  0  349  303  1  -2  
15  50  59  9  349  303  1  -2  
15  50  59  18  349  303  1  -2  
15  50  59  26  349  303  1  -2  
15  50  59  34  349  303  1  -2  
15  50  59  42  349  303  1  -2  
15  50  59  50  349  303  1  -2  
15  50  59  60  349  303  1  -2  
15  50  59  68  349  303  1  -2  
15  50  59  77  349  303  1  -2  
15  50  59  84  349  304  1  -2  
15  50  59  92  350  304  1  -2  
15  50  59  100  351  304  1  -2  
15  50  59  110  354  304  1  -2  
15  50  59  117  357  304  1  -2  
15  50  59  125  364  304  1  -2  
15  50  59  133  371  304  1  -2  
15  50  59  142  381  305  1  -2  
15  50  59  151  392  305  1  -2  
15  50  59  159  404  308  1  -2  
15  50  59  168  416  309  1  -2  
15  50  59  176  426  309  1  -2  
15  50  59  184  433  309  1  -2  
15  50  59  192  438  309  1  -2  
15  50  59  200  442  309  1  -2  
15  50  59  209  443  309  1  -2  
15  50  59  218  443  309  1  -2  
15  50  59  226  443  309  1  -2  
15  50  59  233  443  309  1  -2  
15  50  59  242  443  309  1  -2  
15  50  59  251  446  309  1  -2  
15  50  59  260  446  309  1  -2  
15  50  59  268  451  310  1  -2  
15  50  59  276  455  310  1  -2  
15  50  59  283  460  311  1  -2  
15  50  59  292  465  311  1  -2  
15  50  59  301  467  312  1  -2  
15  50  59  310  471  312  1  -2  
15  50  59  318  474  312  1  -2  
15  50  59  326  476  314  1  -2  
15  50  59  334  480  314  1  -2  
15  50  59  342  483  314  1  -2  
15  50  59  350  490  315  1  -2  
15  50  59  360  498  316  2  -2  
15  50  59  368  507  317  2  -2  
15  50  59  375  516  320  2  -2  
15  50  59  384  519  320  2  -2  
15  50  59  392  520  321  2  -2  
15  50  59  401  520  321  2  -2  
15  50  59  409  520  321  2  -2  
15  50  59  418  522  321  2  -2  
15  50  59  425  522  321  2  -2  
15  50  59  434  523  321  2  -2  
15  50  59  442  523  321  2  -2  
15  50  59  451  523  321  2  -2  
15  50  59  460  524  321  2  -2  
15  50  59  468  524  321  2  -2  
15  50  59  475  524  321  2  -2  
15  50  59  484  524  321  2  -2  
15  50  59  492  524  321  2  -2  
15  50  59  500  524  321  2  -2  
15  50  59  509  524  321  2  -2  
15  50  59  518  524  321  2  -2  
15  50  59  525  524  321  2  -2  
15  50  59  534  523  321  2  -2  
15  50  59  542  522  321  2  -2  
15  50  59  550  520  321  2  -2  
15  50  59  559  519  321  2  -2  
15  50  59  568  518  321  2  -2  
15  50  59  576  518  321  2  -2  
15  50  59  584  516  321  2  -2  
15  50  59  592  515  321  2  -2  
15  50  59  602  512  321  2  -2  
15  50  59  609  508  321  2  -2  
15  50  59  618  502  321  2  -2  
15  50  59  626  495  321  2  -2  
15  50  59  634  490  321  2  -2  
15  50  59  642  480  321  2  -2  
15  50  59  652  470  321  2  -2  
15  50  59  660  453  321  2  -2  
15  50  59  669  446  321  2  -2  
15  51  0  677  438  321  2  -2  
15  51  0  686  429  321  2  -2  
15  51  0  694  419  321  2  -2  
15  51  0  703  411  321  2  -2  
15  51  0  711  404  321  2  -2  
15  51  0  719  394  321  3  -2  
15  51  0  728  385  321  3  -2  
15  51  0  736  380  321  3  -2  
15  51  0  743  372  321  3  -2  
15  51  0  752  369  321  3  -2  
15  51  0  760  365  322  3  -2  
15  51  0  769  363  322  3  -2  
15  51  0  776  362  322  3  -2  
15  51  0  787  362  322  3  -2  
15  51  0  794  362  322  3  -2  
15  51  0  802  362  322  3  -2  
15  51  0  810  362  322  3  -2  
15  51  0  818  362  322  3  -2  
15  51  0  828  362  322  3  -2  
15  51  0  836  361  322  3  -2  
15  51  0  843  360  322  3  -2  
15  51  0  852  360  322  3  -2  
15  51  0  861  359  322  3  -2  
15  51  0  869  359  322  3  -2  
15  51  0  878  359  322  3  -2  
15  51  0  886  359  322  3  -2  
15  51  0  894  359  322  3  -2  
15  51  0  902  359  322  3  -2  
15  51  0  911  359  322  3  -2  
15  51  0  919  359  322  3  -2  
15  51  0  928  359  322  3  -2  
15  51  0  936  359  322  3  -2  
15  51  0  944  359  322  3  -2  
15  51  0  953  359  322  3  -2  
15  51  0  961  358  323  3  -2  
15  51  0  969  358  323  3  -2  
15  51  0  978  358  323  3  -2  
15  51  0  987  358  323  3  -2  
15  51  0  994  361  323  3  -2  
15  51  0  1002  361  323  3  -2  
15  51  0  1012  368  325  3  -2  
15  51  0  1020  391  327  3  -2  
15  51  0  1028  401  327  3  -2  
15  51  0  1036  413  329  3  -2  
15  51  0  1044  427  329  3  -2  
15  51  0  1053  440  333  3  -2  
15  51  0  1061  454  334  3  -2  
15  51  0  1069  469  340  3  -2  
15  51  0  1079  481  340  3  -2  
15  51  0  1085  489  341  3  -2  
15  51  0  1094  498  341  3  -2  
15  51  0  1102  503  342  3  -2  
15  51  0  1112  508  342  4  -2  
15  51  0  1119  512  342  4  -2  
15  51  0  1129  515  342  4  -2  
15  51  0  1135  517  342  4  -2  
15  51  0  1144  520  342  4  -2  
15  51  0  1152  524  342  4  -2  
15  51  0  1162  526  342  4  -2  
15  51  0  1169  527  342  4  -2  
15  51  0  1178  530  342  4  -2  
15  51  0  1187  531  342  4  -2  
15  51  0  1194  532  342  4  -2  
15  51  0  1203  532  342  4  -2  
15  51  0  1212  532  342  4  -2  
15  51  0  1219  532  342  4  -2  
15  51  0  1228  532  342  4  -2  
15  51  0  1236  532  342  4  -2  
15  51  0  1244  532  342  4  -2  
15  51  0  1253  532  342  4  -2  
15  51  0  1261  532  342  4  -2  
15  51  0  1269  532  342  4  -2  
15  51  0  1279  532  342  4  -2  
15  51  0  1286  532  342  4  -2  
15  51  0  1294  532  342  4  -2  
15  51  0  1303  532  342  4  -2  
15  51  0  1312  532  342  4  -2  
15  51  0  1320  532  342  4  -2  
15  51  0  1329  532  342  4  -2  
15  51  0  1339  532  342  4  -2  
15  51  0  1346  532  342  4  -2  
15  51  0  1354  532  342  4  -2  
15  51  0  1364  532  342  4  -2  
15  51  0  1372  531  342  4  -2  
15  51  0  1379  531  342  4  -2  
15  51  0  1387  527  342  4  -2  
15  51  0  1396  527  342  4  -2  
15  51  0  1404  514  342  4  -2  
15  51  0  1413  504  342  4  -2  
15  51  0  1420  495  342  4  -2  
15  51  0  1428  484  342  4  -2  
15  51  0  1437  469  346  4  -2  
15  51  0  1444  450  346  4  -2  
15  51  0  1453  432  348  4  -2  
15  51  0  1462  412  348  4  -2  
15  51  0  1470  391  348  4  -2  
15  51  0  1479  371  348  5  -2  
15  51  0  1487  354  348  5  -2  
15  51  0  1494  339  348  5  -2  
15  51  0  1502  329  348  5  -2  
15  51  0  1512  324  348  5  -2  
15  51  0  1519  323  348  5  -2  
15  51  0  1528  323  348  5  -2  
15  51  0  1537  323  348  5  -2  
