15  48  47  0  313  353  1  -2  
15  48  47  10  313  353  1  -2  
15  48  47  17  313  353  1  -2  
15  48  47  25  313  353  1  -2  
15  48  47  34  313  353  1  -2  
15  48  47  42  313  353  1  -2  
15  48  47  50  313  353  1  -2  
15  48  47  58  314  352  1  -2  
15  48  47  67  315  352  1  -2  
15  48  47  75  317  352  1  -2  
15  48  47  84  322  351  1  -2  
15  48  47  92  328  348  1  -2  
15  48  47  100  335  347  1  -2  
15  48  47  109  343  346  1  -2  
15  48  47  117  349  346  2  -2  
15  48  47  125  356  345  2  -2  
15  48  48  135  364  345  2  -2  
15  48  48  142  387  345  2  -2  
15  48  48  150  387  345  2  -2  
15  48  48  160  401  345  2  -2  
15  48  48  168  419  345  2  -2  
15  48  48  175  426  345  2  -2  
15  48  48  186  431  345  2  -2  
15  48  48  193  435  345  2  -2  
15  48  48  200  438  345  2  -2  
15  48  48  209  440  345  2  -2  
15  48  48  217  444  345  2  -2  
15  48  48  225  447  345  2  -2  
15  48  48  234  452  345  2  -2  
15  48  48  242  459  345  2  -2  
15  48  48  251  464  345  2  -2  
15  48  48  260  471  345  2  -2  
15  48  48  267  475  345  2  -2  
15  48  48  274  479  345  2  -2  
15  48  48  283  480  345  2  -2  
15  48  48  292  481  345  2  -2  
15  48  48  300  483  345  2  -2  
15  48  48  309  487  345  2  -2  
15  48  48  317  493  345  2  -2  
15  48  48  325  507  345  2  -2  
15  48  48  335  529  351  2  -2  
15  48  48  342  557  361  2  -2  
15  48  48  350  577  365  2  -2  
15  48  48  360  593  367  2  -2  
15  48  48  371  606  369  2  -2  
15  48  48  377  606  369  2  -2  
15  48  48  387  606  369  2  -2  
15  48  48  395  606  369  2  -2  
15  48  48  404  606  369  2  -2  
15  48  48  410  606  369  2  -2  
15  48  48  421  603  369  2  -2  
15  48  48  428  599  369  2  -2  
15  48  48  436  598  369  2  -2  
15  48  48  443  595  369  2  -2  
15  48  48  453  594  369  2  -2  
15  48  48  460  592  368  2  -2  
15  48  48  472  589  367  2  -2  
15  48  48  477  579  365  2  -2  
15  48  48  486  579  365  2  -2  
15  48  48  494  571  362  2  -2  
15  48  48  502  563  361  2  -2  
15  48  48  510  556  360  2  -2  
15  48  48  521  547  359  2  -2  
15  48  48  529  530  356  2  -2  
15  48  48  540  520  355  2  -2  
15  48  48  548  513  354  2  -2  
15  48  48  558  508  354  2  -2  
15  48  48  568  503  354  2  -2  
15  48  48  577  494  354  2  -2  
15  48  48  587  487  354  2  -2  
15  48  48  596  479  354  2  -2  
15  48  48  607  467  354  2  -2  
15  48  48  615  440  354  2  -2  
15  48  48  625  427  354  2  -2  
15  48  48  640  415  354  2  -2  
15  48  48  648  397  354  2  -2  
15  48  48  657  392  354  2  -2  
15  48  48  666  387  354  2  -2  
15  48  48  675  385  354  2  -2  
15  48  48  684  382  354  2  -2  
15  48  48  692  381  354  2  -2  
15  48  48  700  378  354  2  -2  
15  48  48  709  373  353  2  -2  
15  48  48  717  369  353  2  -2  
15  48  48  725  364  353  2  -2  
15  48  48  733  362  353  2  -2  
15  48  48  743  359  353  2  -2  
15  48  48  750  355  353  2  -2  
15  48  48  759  355  353  2  -2  
15  48  48  766  355  353  2  -2  
15  48  48  774  355  353  2  -2  
15  48  48  784  355  353  2  -2  
15  48  48  791  355  353  2  -2  
15  48  48  801  355  353  2  -2  
15  48  48  810  355  353  2  -2  
15  48  48  819  355  353  2  -2  
15  48  48  827  355  353  2  -2  
15  48  48  836  355  353  2  -2  
15  48  48  843  355  353  2  -2  
15  48  48  853  355  353  2  -2  
15  48  48  860  355  353  2  -2  
15  48  48  868  355  353  2  -2  
15  48  48  877  355  353  2  -2  
15  48  48  885  355  353  2  -2  
15  48  48  892  355  353  2  -2  
15  48  48  903  355  353  2  -2  
15  48  48  910  364  353  2  -2  
15  48  48  919  364  353  2  -2  
15  48  48  927  376  353  2  -2  
15  48  48  936  393  356  2  -2  
15  48  48  944  443  364  2  -2  
15  48  48  953  465  366  2  -2  
15  48  48  960  502  374  2  -2  
15  48  48  969  529  374  2  -2  
15  48  48  977  555  377  2  -2  
15  48  48  985  581  383  2  -2  
15  48  48  993  603  384  2  -2  
15  48  48  1003  616  386  2  -2  
15  48  48  1011  625  387  2  -2  
15  48  48  1020  628  387  2  -2  
15  48  48  1027  629  387  2  -2  
15  48  48  1036  629  387  2  -2  
15  48  48  1044  629  387  2  -2  
15  48  48  1053  629  387  2  -2  
15  48  48  1061  629  387  2  -2  
15  48  48  1069  629  387  2  -2  
15  48  48  1077  629  387  2  -2  
15  48  48  1086  629  387  2  -2  
15  48  48  1094  629  387  2  -2  
15  48  48  1102  629  387  2  -2  
15  48  48  1110  629  387  2  -2  
15  48  48  1119  629  387  2  -2  
15  48  48  1126  629  387  2  -2  
15  48  49  1136  629  387  2  -2  
15  48  49  1143  629  387  2  -2  
15  48  49  1153  629  387  2  -2  
15  48  49  1160  629  387  2  -2  
15  48  49  1170  629  387  2  -2  
15  48  49  1177  629  387  2  -2  
15  48  49  1187  629  387  2  -2  
15  48  49  1194  629  387  2  -2  
15  48  49  1203  628  387  2  -2  
15  48  49  1210  625  387  2  -2  
15  48  49  1220  624  387  2  -2  
15  48  49  1228  622  387  2  -2  
15  48  49  1236  619  387  2  -2  
15  48  49  1244  617  387  2  -2  
15  48  49  1252  615  387  2  -2  
15  48  49  1261  612  387  2  -2  
15  48  49  1270  609  387  2  -2  
15  48  49  1278  606  385  2  -2  
15  48  49  1287  601  385  2  -2  
15  48  49  1294  596  385  2  -2  
15  48  49  1303  591  385  2  -2  
15  48  49  1311  582  385  2  -2  
15  48  49  1320  574  385  2  -2  
15  48  49  1328  559  385  2  -2  
15  48  49  1337  552  385  2  -2  
15  48  49  1345  543  384  2  -2  
15  48  49  1353  533  384  2  -2  
15  48  49  1361  525  384  2  -2  
15  48  49  1370  513  384  2  -2  
15  48  49  1378  503  384  2  -2  
15  48  49  1389  495  384  2  -2  
15  48  49  1395  483  384  2  -2  
15  48  49  1405  475  384  2  -2  
15  48  49  1412  461  384  2  -2  
15  48  49  1422  450  384  2  -2  
15  48  49  1428  436  384  2  -2  
15  48  49  1438  421  384  2  -2  
15  48  49  1444  410  384  2  -2  
15  48  49  1454  398  384  2  -2  
15  48  49  1462  381  384  2  -2  
15  48  49  1472  381  384  2  -2  
15  48  49  1478  369  384  2  -2  
15  48  49  1488  369  384  2  -2  
15  48  49  1495  363  384  2  -2  
15  48  49  1504  359  384  2  -2  
15  48  49  1512  357  384  2  -2  
15  48  49  1522  356  384  2  -2  
15  48  49  1528  354  384  2  -2  
15  48  49  1538  354  384  2  -2  
15  48  49  1545  353  384  2  -2  
15  48  49  1554  353  384  2  -2  
15  48  49  1562  353  384  2  -2  
15  48  49  1571  353  384  2  -2  
15  48  49  1579  353  384  2  -2  
15  48  49  1588  352  384  2  -2  
15  48  49  1596  352  384  2  -2  
15  48  49  1604  351  384  2  -2  
15  48  49  1612  351  384  2  -2  
15  48  49  1621  351  384  2  -2  
15  48  49  1630  351  384  2  -2  
15  48  49  1639  351  384  2  -2  
15  48  49  1647  351  384  2  -2  
15  48  49  1655  351  384  2  -2  
15  48  49  1664  351  384  2  -2  
15  48  49  1673  351  384  2  -2  
15  48  49  1681  351  384  2  -2  
15  48  49  1690  351  384  2  -2  
15  48  49  1698  351  384  2  -2  
15  48  49  1705  351  384  2  -2  
15  48  49  1714  351  384  2  -2  
15  48  49  1723  351  384  2  -2  
15  48  49  1731  351  384  2  -2  
15  48  49  1740  351  384  2  -2  
15  48  49  1748  351  384  2  -2  
15  48  49  1756  351  384  2  -2  
15  48  49  1764  351  384  2  -2  
15  48  49  1772  351  384  2  -2  
15  48  49  1781  351  384  2  -2  
15  48  49  1790  351  383  2  -2  
15  48  49  1798  351  383  2  -2  
15  48  49  1807  351  383  2  -2  
15  48  49  1814  351  383  2  -2  
15  48  49  1824  351  383  2  -2  
15  48  49  1833  363  383  2  -2  
15  48  49  1842  371  383  2  -2  
15  48  49  1851  381  383  2  -2  
15  48  49  1859  393  383  2  -2  
15  48  49  1868  406  383  2  -2  
15  48  49  1874  421  383  2  -2  
15  48  49  1885  436  383  2  -2  
15  48  49  1893  451  383  2  -2  
15  48  49  1902  464  383  2  -2  
15  48  49  1909  474  383  2  -2  
15  48  49  1920  480  384  2  -2  
15  48  49  1925  484  385  2  -2  
15  48  49  1935  484  385  2  -2  
15  48  49  1943  485  385  2  -2  
15  48  49  1952  485  385  2  -2  
15  48  49  1960  485  385  2  -2  
15  48  49  1970  486  385  2  -2  
15  48  49  1978  487  385  2  -2  
15  48  49  1986  489  385  2  -2  
15  48  49  1993  492  385  2  -2  
15  48  49  2002  499  385  2  -2  
15  48  49  2010  509  385  2  -2  
15  48  49  2019  517  386  2  -2  
15  48  49  2028  531  390  2  -2  
15  48  49  2036  544  390  2  -2  
15  48  49  2043  558  393  2  -2  
15  48  49  2054  568  393  2  -2  
15  48  49  2060  572  394  2  -2  
15  48  49  2072  572  394  2  -2  
15  48  49  2078  572  394  2  -2  
15  48  49  2088  572  394  2  -2  
15  48  49  2095  572  394  2  -2  
15  48  49  2104  572  394  2  -2  
15  48  49  2112  572  394  2  -2  
15  48  49  2121  572  394  2  -2  
15  48  49  2129  572  394  2  -2  
15  48  50  2138  572  394  2  -2  
15  48  50  2146  572  394  2  -2  
15  48  50  2154  572  394  2  -2  
15  48  50  2162  572  394  2  -2  
15  48  50  2171  572  394  2  -2  
15  48  50  2179  572  394  2  -2  
15  48  50  2188  572  394  2  -2  
15  48  50  2195  572  394  2  -2  
15  48  50  2204  572  394  2  -2  
15  48  50  2212  572  394  2  -2  
15  48  50  2221  572  394  2  -2  
15  48  50  2229  572  394  2  -2  
15  48  50  2238  572  394  2  -2  
15  48  50  2245  572  394  2  -2  
15  48  50  2254  572  394  2  -2  
15  48  50  2262  572  394  2  -2  
15  48  50  2271  572  394  2  -2  
15  48  50  2280  570  394  2  -2  
15  48  50  2288  570  394  2  -2  
15  48  50  2295  570  394  2  -2  
15  48  50  2304  570  394  2  -2  
15  48  50  2312  570  394  2  -2  
15  48  50  2322  570  394  2  -2  
15  48  50  2330  570  394  2  -2  
15  48  50  2338  570  394  2  -2  
15  48  50  2346  570  394  2  -2  
15  48  50  2356  570  394  2  -2  
15  48  50  2363  570  394  2  -2  
15  48  50  2372  570  394  2  -2  
15  48  50  2381  570  394  2  -2  
15  48  50  2391  570  394  2  -2  
15  48  50  2398  570  394  2  -2  
15  48  50  2406  570  394  2  -2  
15  48  50  2415  570  394  2  -2  
15  48  50  2422  570  394  2  -2  
15  48  50  2433  570  394  2  -2  
15  48  50  2440  570  394  2  -2  
