11  59  45  0  381  330  1  -2  
11  59  45  8  381  330  1  -2  
11  59  45  16  381  330  1  -2  
11  59  45  25  381  330  1  -2  
11  59  45  35  381  330  1  -2  
11  59  45  42  381  330  1  -2  
11  59  45  50  381  330  1  -2  
11  59  45  59  381  330  1  -2  
11  59  45  68  381  330  1  -2  
11  59  45  75  381  330  1  -2  
11  59  45  85  381  330  1  -2  
11  59  45  92  381  330  1  -2  
11  59  45  100  381  330  1  -2  
11  59  45  109  381  330  1  -2  
11  59  45  119  381  330  1  -2  
11  59  45  125  381  330  1  -2  
11  59  45  133  381  330  1  -2  
11  59  45  142  381  330  1  -2  
11  59  45  150  381  330  1  -2  
11  59  45  159  381  330  1  -2  
11  59  45  169  381  330  1  -2  
11  59  45  175  381  330  1  -2  
11  59  45  185  381  330  1  -2  
11  59  45  192  381  330  1  -2  
11  59  45  200  381  330  1  -2  
11  59  45  210  381  330  1  -2  
11  59  45  218  381  330  1  -2  
11  59  45  224  381  330  1  -2  
11  59  45  233  381  330  1  -2  
11  59  45  243  381  330  1  -2  
11  59  45  252  381  330  1  -2  
11  59  45  258  381  330  1  -2  
11  59  45  266  381  330  1  -2  
11  59  45  275  381  329  1  -2  
11  59  45  286  382  329  1  -2  
11  59  45  292  386  329  1  -2  
11  59  45  301  389  329  1  -2  
11  59  45  310  391  329  1  -2  
11  59  45  319  395  329  1  -2  
11  59  45  326  398  329  1  -2  
11  59  45  335  401  329  1  -2  
11  59  45  342  408  329  1  -2  
11  59  45  351  413  329  1  -2  
11  59  45  359  420  329  1  -2  
11  59  45  369  426  329  1  -2  
11  59  45  375  436  329  1  -2  
11  59  46  386  443  329  1  -2  
11  59  46  392  448  329  1  -2  
11  59  46  401  454  329  1  -2  
11  59  46  409  455  329  1  -2  
11  59  46  420  458  329  1  -2  
11  59  46  426  459  329  1  -2  
11  59  46  436  461  329  1  -2  
11  59  46  443  462  328  1  -2  
11  59  46  451  463  328  1  -2  
11  59  46  459  465  328  1  -2  
11  59  46  469  467  328  1  -2  
11  59  46  475  470  328  1  -2  
11  59  46  486  471  327  1  -2  
11  59  46  492  474  327  1  -2  
11  59  46  502  476  327  1  -2  
11  59  46  509  477  326  1  -2  
11  59  46  522  478  326  1  -2  
11  59  46  531  481  326  1  -2  
11  59  46  539  483  326  1  -2  
11  59  46  550  485  326  1  -2  
11  59  46  559  488  326  1  -2  
11  59  46  568  490  326  1  -2  
11  59  46  574  491  326  1  -2  
11  59  46  585  493  325  1  -2  
11  59  46  592  494  325  1  -2  
11  59  46  600  494  325  1  -2  
11  59  46  607  494  325  1  -2  
11  59  46  618  494  325  1  -2  
11  59  46  625  496  324  2  -2  
11  59  46  635  497  324  2  -2  
11  59  46  641  498  324  2  -2  
11  59  46  650  498  324  2  -2  
11  59  46  659  498  324  2  -2  
11  59  46  668  498  324  2  -2  
11  59  46  675  498  324  2  -2  
11  59  46  684  498  324  2  -2  
11  59  46  691  498  324  2  -2  
11  59  46  700  499  324  2  -2  
11  59  46  709  501  324  2  -2  
11  59  46  718  502  324  2  -2  
11  59  46  724  505  324  2  -2  
11  59  46  734  507  324  2  -2  
11  59  46  741  509  324  2  -2  
11  59  46  753  511  324  2  -2  
11  59  46  759  515  324  2  -2  
11  59  46  770  515  324  2  -2  
11  59  46  777  516  324  2  -2  
11  59  46  788  516  324  2  -2  
11  59  46  794  516  324  2  -2  
11  59  46  803  516  324  2  -2  
11  59  46  811  516  324  2  -2  
11  59  46  820  516  324  2  -2  
11  59  46  828  516  324  2  -2  
11  59  46  837  516  324  2  -2  
11  59  46  844  516  324  2  -2  
11  59  46  854  516  324  2  -2  
11  59  46  860  516  324  2  -2  
11  59  46  870  516  324  2  -2  
11  59  46  879  516  324  2  -2  
11  59  46  887  516  324  2  -2  
11  59  46  894  516  324  2  -2  
11  59  46  903  516  324  2  -2  
11  59  46  911  516  324  2  -2  
11  59  46  921  516  324  2  -2  
11  59  46  928  516  324  2  -2  
11  59  46  937  516  324  2  -2  
11  59  46  944  516  324  2  -2  
11  59  46  954  516  324  2  -2  
11  59  46  960  516  324  2  -2  
11  59  46  971  516  324  2  -2  
11  59  46  979  516  324  2  -2  
11  59  46  986  518  324  2  -2  
11  59  46  994  518  324  2  -2  
11  59  46  1005  518  324  2  -2  
11  59  46  1012  518  324  2  -2  
11  59  46  1021  515  324  2  -2  
11  59  46  1029  510  324  2  -2  
11  59  46  1037  506  324  2  -2  
11  59  46  1044  499  324  2  -2  
11  59  46  1054  493  324  2  -2  
11  59  46  1062  483  324  2  -2  
11  59  46  1070  474  324  2  -2  
11  59  46  1080  463  324  2  -2  
11  59  46  1087  451  323  2  -2  
11  59  46  1097  438  323  2  -2  
11  59  46  1105  427  323  2  -2  
11  59  46  1112  416  323  2  -2  
11  59  46  1121  406  323  2  -2  
11  59  46  1129  394  323  3  -2  
11  59  46  1137  390  323  3  -2  
11  59  46  1147  388  322  3  -2  
11  59  46  1154  387  322  3  -2  
11  59  46  1162  386  322  3  -2  
11  59  46  1171  385  322  3  -2  
11  59  46  1179  385  322  3  -2  
11  59  46  1189  382  322  3  -2  
11  59  46  1196  381  322  3  -2  
11  59  46  1204  378  322  3  -2  
11  59  46  1212  375  322  3  -2  
11  59  46  1220  372  322  3  -2  
11  59  46  1229  368  322  3  -2  
11  59  46  1239  364  322  3  -2  
11  59  46  1247  361  322  3  -2  
11  59  46  1255  359  322  3  -2  
11  59  46  1263  356  322  3  -2  
11  59  46  1272  355  322  3  -2  
11  59  46  1279  355  322  3  -2  
11  59  46  1289  355  322  3  -2  
11  59  46  1296  355  322  3  -2  
11  59  46  1305  355  322  3  -2  
11  59  46  1313  355  322  3  -2  
11  59  46  1322  355  322  3  -2  
11  59  46  1330  355  322  3  -2  
11  59  46  1339  355  322  3  -2  
11  59  46  1347  355  322  3  -2  
11  59  46  1355  355  322  3  -2  
11  59  46  1363  355  322  3  -2  
11  59  46  1372  355  322  3  -2  
11  59  46  1380  355  322  3  -2  
11  59  47  1389  355  322  3  -2  
11  59  47  1396  355  322  3  -2  
11  59  47  1407  355  322  3  -2  
11  59  47  1416  355  322  3  -2  
11  59  47  1425  355  322  3  -2  
11  59  47  1436  355  322  3  -2  
11  59  47  1445  355  322  3  -2  
11  59  47  1455  355  322  3  -2  
11  59  47  1464  355  322  3  -2  
11  59  47  1474  355  322  3  -2  
11  59  47  1485  358  322  3  -2  
11  59  47  1493  361  322  3  -2  
11  59  47  1504  368  322  3  -2  
11  59  47  1513  379  322  3  -2  
11  59  47  1522  393  322  3  -2  
11  59  47  1531  424  322  3  -2  
11  59  47  1540  437  322  3  -2  
11  59  47  1550  452  322  3  -2  
11  59  47  1558  466  322  3  -2  
11  59  47  1569  477  322  3  -2  
11  59  47  1576  492  322  3  -2  
11  59  47  1587  492  322  3  -2  
11  59  47  1594  500  322  4  -2  
11  59  47  1604  503  322  4  -2  
11  59  47  1614  504  322  4  -2  
11  59  47  1621  504  322  4  -2  
11  59  47  1630  504  322  4  -2  
11  59  47  1639  505  321  4  -2  
11  59  47  1646  505  321  4  -2  
11  59  47  1655  505  321  4  -2  
11  59  47  1663  505  321  4  -2  
11  59  47  1671  505  321  4  -2  
11  59  47  1680  505  321  4  -2  
11  59  47  1689  505  321  4  -2  
11  59  47  1697  505  321  4  -2  
11  59  47  1705  505  321  4  -2  
11  59  47  1713  506  320  4  -2  
11  59  47  1723  506  320  4  -2  
11  59  47  1731  507  320  4  -2  
11  59  47  1739  507  320  4  -2  
11  59  47  1746  507  320  4  -2  
11  59  47  1756  507  320  4  -2  
11  59  47  1764  507  320  4  -2  
11  59  47  1772  507  320  4  -2  
11  59  47  1780  507  320  4  -2  
11  59  47  1789  507  320  4  -2  
11  59  47  1797  507  320  4  -2  
11  59  47  1805  507  320  4  -2  
11  59  47  1814  507  320  4  -2  
11  59  47  1822  507  320  4  -2  
11  59  47  1830  507  320  4  -2  
11  59  47  1839  507  320  4  -2  
11  59  47  1847  507  320  4  -2  
11  59  47  1856  507  320  4  -2  
11  59  47  1863  507  320  4  -2  
11  59  47  1872  507  320  4  -2  
11  59  47  1880  507  320  4  -2  
11  59  47  1889  507  320  4  -2  
11  59  47  1897  507  320  4  -2  
11  59  47  1905  507  320  4  -2  
11  59  47  1913  507  320  4  -2  
11  59  47  1922  507  320  4  -2  
11  59  47  1930  507  320  4  -2  
11  59  47  1939  507  320  4  -2  
11  59  47  1947  506  320  4  -2  
11  59  47  1955  501  320  4  -2  
11  59  47  1964  493  320  4  -2  
11  59  47  1973  484  320  4  -2  
11  59  47  1981  471  320  4  -2  
11  59  47  1989  455  320  4  -2  
11  59  47  1997  436  320  4  -2  
11  59  47  2006  418  320  4  -2  
11  59  47  2014  400  320  4  -2  
