11  6  33  0  365  310  1  -2  
11  6  33  9  365  310  1  -2  
11  6  33  17  365  310  1  -2  
11  6  33  25  365  310  1  -2  
11  6  33  33  365  310  1  -2  
11  6  33  42  365  310  1  -2  
11  6  33  49  365  310  1  -2  
11  6  33  58  365  310  1  -2  
11  6  33  67  365  310  1  -2  
11  6  33  75  365  310  1  -2  
11  6  33  84  365  310  1  -2  
11  6  33  91  365  310  1  -2  
11  6  33  101  365  310  1  -2  
11  6  33  110  365  310  1  -2  
11  6  33  119  365  310  1  -2  
11  6  33  126  365  310  1  -2  
11  6  33  135  365  310  1  -2  
11  6  33  144  365  310  1  -2  
11  6  33  152  368  310  1  -2  
11  6  33  160  372  310  1  -2  
11  6  33  169  373  310  1  -2  
11  6  33  176  378  310  1  -2  
11  6  33  185  382  310  1  -2  
11  6  33  194  387  310  1  -2  
11  6  33  201  391  310  1  -2  
11  6  33  209  394  310  1  -2  
11  6  33  219  397  310  1  -2  
11  6  33  225  402  310  1  -2  
11  6  33  236  406  310  1  -2  
11  6  33  243  411  310  1  -2  
11  6  33  254  416  310  1  -2  
11  6  33  260  423  310  1  -2  
11  6  33  269  428  310  1  -2  
11  6  33  276  435  310  1  -2  
11  6  33  284  443  310  1  -2  
11  6  33  294  450  310  1  -2  
11  6  33  305  457  310  1  -2  
11  6  33  310  467  310  1  -2  
11  6  33  321  472  310  1  -2  
11  6  33  327  477  310  1  -2  
11  6  33  337  481  310  1  -2  
11  6  33  345  483  310  1  -2  
11  6  33  354  487  310  1  -2  
11  6  33  361  489  310  1  -2  
11  6  33  371  490  310  1  -2  
11  6  33  377  491  310  1  -2  
11  6  33  386  495  310  2  -2  
11  6  33  395  499  310  2  -2  
11  6  33  404  503  310  2  -2  
11  6  33  410  504  310  2  -2  
11  6  33  420  507  310  2  -2  
11  6  33  428  509  310  2  -2  
11  6  33  437  509  310  2  -2  
11  6  33  445  511  310  2  -2  
11  6  33  453  511  310  2  -2  
11  6  33  460  511  310  2  -2  
11  6  33  470  512  310  2  -2  
11  6  33  477  512  310  2  -2  
11  6  33  486  512  310  2  -2  
11  6  33  495  512  310  2  -2  
11  6  33  504  512  310  2  -2  
11  6  34  511  513  310  2  -2  
11  6  34  521  513  310  2  -2  
11  6  34  527  514  310  2  -2  
11  6  34  538  515  310  2  -2  
11  6  34  544  516  310  2  -2  
11  6  34  554  517  310  2  -2  
11  6  34  560  517  310  2  -2  
11  6  34  570  517  310  2  -2  
11  6  34  577  517  310  2  -2  
11  6  34  586  517  310  2  -2  
11  6  34  595  517  310  2  -2  
11  6  34  605  517  310  2  -2  
11  6  34  614  517  310  2  -2  
11  6  34  623  517  310  2  -2  
11  6  34  630  517  310  2  -2  
11  6  34  639  517  310  2  -2  
11  6  34  646  517  310  2  -2  
11  6  34  657  517  310  2  -2  
11  6  34  664  517  310  2  -2  
11  6  34  672  517  310  2  -2  
11  6  34  680  517  310  2  -2  
11  6  34  689  517  310  2  -2  
11  6  34  697  517  310  2  -2  
11  6  34  706  517  310  2  -2  
11  6  34  714  517  310  2  -2  
11  6  34  722  517  310  2  -2  
11  6  34  730  517  310  2  -2  
11  6  34  739  517  310  2  -2  
11  6  34  746  517  310  2  -2  
11  6  34  756  517  310  2  -2  
11  6  34  764  517  310  2  -2  
11  6  34  773  517  310  2  -2  
11  6  34  779  517  310  2  -2  
11  6  34  790  517  310  2  -2  
11  6  34  797  517  310  2  -2  
11  6  34  808  517  310  2  -2  
11  6  34  815  517  310  2  -2  
11  6  34  824  517  310  2  -2  
11  6  34  833  517  310  2  -2  
11  6  34  841  517  310  2  -2  
11  6  34  848  517  310  2  -2  
11  6  34  859  517  310  2  -2  
11  6  34  866  517  310  2  -2  
11  6  34  875  517  310  2  -2  
11  6  34  883  517  310  2  -2  
11  6  34  891  517  310  2  -2  
11  6  34  899  517  310  2  -2  
11  6  34  907  517  310  2  -2  
11  6  34  915  517  310  2  -2  
11  6  34  925  517  310  2  -2  
11  6  34  932  513  310  2  -2  
11  6  34  941  506  308  2  -2  
11  6  34  949  499  308  2  -2  
11  6  34  958  494  307  2  -2  
11  6  34  967  477  306  2  -2  
11  6  34  975  468  304  2  -2  
11  6  34  983  460  302  2  -2  
11  6  34  991  451  302  2  -2  
11  6  34  999  444  301  2  -2  
11  6  34  1007  437  301  2  -2  
11  6  34  1017  427  299  2  -2  
11  6  34  1025  419  299  2  -2  
11  6  34  1033  409  299  2  -2  
11  6  34  1041  400  299  2  -2  
11  6  34  1049  390  299  3  -2  
11  6  34  1058  384  299  3  -2  
11  6  34  1065  374  299  3  -2  
11  6  34  1074  368  299  3  -2  
11  6  34  1083  362  299  3  -2  
11  6  34  1091  356  298  3  -2  
11  6  34  1099  352  298  3  -2  
11  6  34  1108  350  298  3  -2  
11  6  34  1116  347  296  3  -2  
11  6  34  1125  346  296  3  -2  
11  6  34  1132  346  296  3  -2  
11  6  34  1140  346  296  3  -2  
11  6  34  1149  346  296  3  -2  
11  6  34  1158  346  296  3  -2  
11  6  34  1165  346  296  3  -2  
11  6  34  1175  346  296  3  -2  
11  6  34  1183  346  296  3  -2  
11  6  34  1191  346  296  3  -2  
11  6  34  1199  346  296  3  -2  
11  6  34  1207  346  296  3  -2  
11  6  34  1215  346  296  3  -2  
11  6  34  1225  346  296  3  -2  
11  6  34  1232  346  296  3  -2  
11  6  34  1241  346  296  3  -2  
11  6  34  1248  347  296  3  -2  
11  6  34  1257  352  296  3  -2  
11  6  34  1265  359  297  3  -2  
11  6  34  1275  367  299  3  -2  
11  6  34  1283  377  299  3  -2  
11  6  34  1292  390  303  3  -2  
11  6  34  1299  401  303  3  -2  
11  6  34  1309  413  304  3  -2  
11  6  34  1316  423  304  3  -2  
11  6  34  1325  434  308  3  -2  
11  6  34  1335  442  308  3  -2  
11  6  34  1342  457  308  3  -2  
11  6  34  1351  457  308  3  -2  
11  6  34  1359  466  309  3  -2  
11  6  34  1367  468  309  3  -2  
11  6  34  1375  471  309  3  -2  
11  6  34  1384  472  309  3  -2  
11  6  34  1391  473  309  3  -2  
11  6  34  1400  476  309  3  -2  
11  6  34  1408  479  309  3  -2  
11  6  34  1417  480  309  3  -2  
11  6  34  1425  484  309  3  -2  
11  6  34  1433  486  309  3  -2  
11  6  34  1440  490  309  3  -2  
11  6  34  1449  492  309  3  -2  
11  6  34  1459  494  309  3  -2  
11  6  34  1466  496  309  4  -2  
11  6  34  1475  498  309  4  -2  
11  6  34  1483  501  309  4  -2  
11  6  34  1490  501  309  4  -2  
11  6  34  1499  501  309  4  -2  
11  6  35  1508  502  309  4  -2  
11  6  35  1517  502  309  4  -2  
11  6  35  1525  503  309  4  -2  
11  6  35  1533  503  309  4  -2  
11  6  35  1540  503  309  4  -2  
11  6  35  1550  504  309  4  -2  
11  6  35  1557  506  309  4  -2  
11  6  35  1567  506  309  4  -2  
11  6  35  1575  507  309  4  -2  
11  6  35  1585  508  309  4  -2  
11  6  35  1593  509  309  4  -2  
11  6  35  1603  510  309  4  -2  
11  6  35  1608  510  309  4  -2  
11  6  35  1619  510  309  4  -2  
11  6  35  1625  510  309  4  -2  
11  6  35  1636  510  309  4  -2  
11  6  35  1643  510  309  4  -2  
11  6  35  1652  510  309  4  -2  
11  6  35  1658  510  309  4  -2  
11  6  35  1669  510  309  4  -2  
11  6  35  1675  510  309  4  -2  
11  6  35  1686  510  309  4  -2  
11  6  35  1693  510  309  4  -2  
11  6  35  1701  510  309  4  -2  
11  6  35  1708  510  309  4  -2  
11  6  35  1719  510  309  4  -2  
11  6  35  1727  510  309  4  -2  
11  6  35  1736  510  309  4  -2  
11  6  35  1743  507  309  4  -2  
11  6  35  1753  500  309  4  -2  
11  6  35  1760  494  309  4  -2  
11  6  35  1769  487  309  4  -2  
11  6  35  1776  478  309  4  -2  
11  6  35  1785  472  309  4  -2  
11  6  35  1794  465  309  4  -2  
11  6  35  1803  460  309  4  -2  
11  6  35  1809  453  309  4  -2  
11  6  35  1819  444  309  4  -2  
11  6  35  1825  439  309  4  -2  
11  6  35  1835  432  309  4  -2  
11  6  35  1843  426  309  4  -2  
11  6  35  1852  421  309  4  -2  
11  6  35  1859  415  309  4  -2  
11  6  35  1869  410  309  4  -2  
11  6  35  1876  406  309  4  -2  
11  6  35  1887  402  309  4  -2  
