15  49  0  0  338  326  1  -2  
15  49  0  9  338  326  1  -2  
15  49  0  18  338  326  1  -2  
15  49  0  26  338  326  1  -2  
15  49  0  34  338  326  1  -2  
15  49  0  43  338  326  1  -2  
15  49  0  51  338  326  1  -2  
15  49  0  59  338  326  1  -2  
15  49  0  68  338  326  1  -2  
15  49  0  76  338  326  1  -2  
15  49  0  84  338  326  1  -2  
15  49  0  94  338  326  1  -2  
15  49  0  101  338  326  1  -2  
15  49  0  109  338  326  1  -2  
15  49  0  117  338  326  1  -2  
15  49  0  126  338  326  1  -2  
15  49  0  134  338  326  1  -2  
15  49  0  143  338  326  1  -2  
15  49  0  151  338  326  1  -2  
15  49  0  159  338  326  1  -2  
15  49  0  168  338  326  1  -2  
15  49  0  176  338  326  1  -2  
15  49  0  186  338  326  1  -2  
15  49  0  194  338  326  1  -2  
15  49  1  202  338  326  1  -2  
15  49  1  209  338  326  1  -2  
15  49  1  217  338  326  1  -2  
15  49  1  225  338  326  1  -2  
15  49  1  234  338  326  1  -2  
15  49  1  244  338  326  1  -2  
15  49  1  251  338  326  1  -2  
15  49  1  259  338  326  1  -2  
15  49  1  268  339  326  1  -2  
15  49  1  276  344  326  1  -2  
15  49  1  284  350  326  1  -2  
15  49  1  293  357  326  1  -2  
15  49  1  302  362  326  1  -2  
15  49  1  308  368  326  1  -2  
15  49  1  319  373  326  1  -2  
15  49  1  327  378  326  1  -2  
15  49  1  334  385  326  1  -2  
15  49  1  343  385  326  1  -2  
15  49  1  352  388  326  1  -2  
15  49  1  359  389  326  1  -2  
15  49  1  369  390  326  1  -2  
15  49  1  376  390  326  1  -2  
15  49  1  386  391  326  1  -2  
15  49  1  393  391  326  1  -2  
15  49  1  402  396  326  1  -2  
15  49  1  409  399  326  1  -2  
15  49  1  419  408  326  1  -2  
15  49  1  426  418  326  1  -2  
15  49  1  434  432  327  1  -2  
15  49  1  443  445  329  1  -2  
15  49  1  452  456  331  1  -2  
15  49  1  459  463  332  1  -2  
15  49  1  469  466  332  1  -2  
15  49  1  476  468  332  1  -2  
15  49  1  484  468  332  1  -2  
15  49  1  494  468  332  1  -2  
15  49  1  501  468  332  1  -2  
15  49  1  509  468  332  1  -2  
15  49  1  519  468  332  1  -2  
15  49  1  526  468  332  1  -2  
15  49  1  534  468  332  1  -2  
15  49  1  544  468  332  1  -2  
15  49  1  553  471  332  1  -2  
15  49  1  558  477  334  1  -2  
15  49  1  570  477  334  1  -2  
15  49  1  576  495  337  1  -2  
15  49  1  585  501  337  1  -2  
15  49  1  594  507  338  2  -2  
15  49  1  602  509  338  2  -2  
15  49  1  609  509  338  2  -2  
15  49  1  619  509  338  2  -2  
15  49  1  626  509  338  2  -2  
15  49  1  634  509  338  2  -2  
15  49  1  643  509  338  2  -2  
15  49  1  652  509  338  2  -2  
15  49  1  659  509  338  2  -2  
15  49  1  669  509  338  2  -2  
15  49  1  676  509  338  2  -2  
15  49  1  684  509  338  2  -2  
15  49  1  694  509  338  2  -2  
15  49  1  703  509  338  2  -2  
15  49  1  710  509  338  2  -2  
15  49  1  717  509  338  2  -2  
15  49  1  727  509  338  2  -2  
15  49  1  734  509  338  2  -2  
15  49  1  744  509  338  2  -2  
15  49  1  752  509  338  2  -2  
15  49  1  759  509  338  2  -2  
15  49  1  770  509  338  2  -2  
15  49  1  777  509  338  2  -2  
15  49  1  784  509  338  2  -2  
15  49  1  794  509  338  2  -2  
15  49  1  804  509  338  2  -2  
15  49  1  810  509  338  2  -2  
15  49  1  819  513  338  2  -2  
15  49  1  826  521  338  2  -2  
15  49  1  834  529  338  2  -2  
15  49  1  844  538  338  2  -2  
15  49  1  852  544  338  2  -2  
15  49  1  859  548  338  2  -2  
15  49  1  869  551  338  2  -2  
15  49  1  876  551  338  2  -2  
15  49  1  885  552  338  2  -2  
15  49  1  894  552  338  2  -2  
15  49  1  902  552  338  2  -2  
15  49  1  910  552  338  2  -2  
15  49  1  919  552  338  2  -2  
15  49  1  926  552  338  2  -2  
15  49  1  936  552  338  2  -2  
15  49  1  945  552  338  2  -2  
15  49  1  954  552  338  2  -2  
15  49  1  960  552  338  2  -2  
15  49  1  971  552  338  2  -2  
15  49  1  977  552  338  2  -2  
15  49  1  986  552  338  2  -2  
15  49  1  994  552  338  2  -2  
15  49  1  1004  552  338  2  -2  
15  49  1  1010  552  338  2  -2  
15  49  1  1020  552  338  2  -2  
15  49  1  1027  552  338  2  -2  
15  49  1  1036  552  338  2  -2  
15  49  1  1044  552  338  2  -2  
15  49  1  1052  551  338  2  -2  
15  49  1  1060  551  338  2  -2  
15  49  1  1071  550  338  2  -2  
15  49  1  1077  550  338  2  -2  
15  49  1  1084  547  338  2  -2  
15  49  1  1094  545  338  2  -2  
15  49  1  1104  541  338  2  -2  
15  49  1  1110  533  338  2  -2  
15  49  1  1120  533  338  2  -2  
15  49  1  1127  528  338  2  -2  
15  49  1  1137  527  338  2  -2  
15  49  1  1144  523  338  2  -2  
15  49  1  1153  520  338  2  -2  
15  49  1  1160  515  338  2  -2  
15  49  1  1169  512  338  2  -2  
15  49  1  1177  505  338  2  -2  
15  49  1  1186  496  338  2  -2  
15  49  1  1194  490  338  2  -2  
15  49  2  1204  480  338  2  -2  
15  49  2  1210  473  338  2  -2  
15  49  2  1220  468  338  2  -2  
15  49  2  1227  462  338  2  -2  
15  49  2  1236  459  338  2  -2  
15  49  2  1244  455  338  2  -2  
15  49  2  1253  453  338  2  -2  
15  49  2  1260  451  338  2  -2  
15  49  2  1269  448  338  2  -2  
15  49  2  1277  445  338  2  -2  
15  49  2  1286  442  338  2  -2  
15  49  2  1294  439  338  2  -2  
15  49  2  1304  430  338  2  -2  
15  49  2  1310  418  338  2  -2  
15  49  2  1321  418  338  2  -2  
15  49  2  1328  410  338  2  -2  
15  49  2  1337  408  338  2  -2  
15  49  2  1344  405  338  2  -2  
15  49  2  1354  404  338  2  -2  
15  49  2  1360  403  338  2  -2  
15  49  2  1369  403  338  2  -2  
15  49  2  1377  403  338  2  -2  
15  49  2  1387  402  338  2  -2  
15  49  2  1394  401  338  2  -2  
15  49  2  1403  399  338  2  -2  
15  49  2  1412  394  338  2  -2  
15  49  2  1420  385  338  3  -2  
15  49  2  1427  374  338  3  -2  
15  49  2  1436  365  338  3  -2  
15  49  2  1444  355  337  3  -2  
15  49  2  1454  350  337  3  -2  
15  49  2  1460  346  337  3  -2  
15  49  2  1471  345  337  3  -2  
15  49  2  1477  345  337  3  -2  
15  49  2  1486  345  337  3  -2  
15  49  2  1495  345  337  3  -2  
15  49  2  1504  345  337  3  -2  
15  49  2  1510  345  337  3  -2  
15  49  2  1520  345  337  3  -2  
15  49  2  1527  345  337  3  -2  
15  49  2  1538  345  337  3  -2  
15  49  2  1544  345  337  3  -2  
15  49  2  1553  345  337  3  -2  
15  49  2  1560  345  337  3  -2  
15  49  2  1571  345  337  3  -2  
15  49  2  1577  347  337  3  -2  
15  49  2  1587  349  337  3  -2  
15  49  2  1595  352  337  3  -2  
15  49  2  1604  353  337  3  -2  
15  49  2  1610  357  337  3  -2  
15  49  2  1621  361  337  3  -2  
15  49  2  1628  367  337  3  -2  
15  49  2  1638  379  337  3  -2  
15  49  2  1644  392  337  3  -2  
15  49  2  1653  411  340  3  -2  
15  49  2  1659  441  348  3  -2  
15  49  2  1670  472  355  3  -2  
15  49  2  1677  501  361  3  -2  
15  49  2  1687  518  364  3  -2  
15  49  2  1695  547  368  3  -2  
15  49  2  1703  556  372  3  -2  
15  49  2  1711  561  373  3  -2  
15  49  2  1720  562  373  3  -2  
15  49  2  1727  562  373  3  -2  
15  49  2  1737  562  373  3  -2  
15  49  2  1745  562  373  3  -2  
15  49  2  1755  562  373  3  -2  
15  49  2  1761  562  373  3  -2  
15  49  2  1771  562  373  3  -2  
15  49  2  1779  562  373  3  -2  
15  49  2  1787  562  373  3  -2  
15  49  2  1795  562  373  3  -2  
15  49  2  1803  562  373  3  -2  
15  49  2  1811  562  373  3  -2  
15  49  2  1820  562  373  3  -2  
15  49  2  1827  562  373  3  -2  
15  49  2  1838  562  373  3  -2  
15  49  2  1845  562  373  3  -2  
15  49  2  1855  562  373  3  -2  
15  49  2  1862  562  373  3  -2  
15  49  2  1871  562  373  3  -2  
15  49  2  1879  562  373  3  -2  
15  49  2  1887  562  373  3  -2  
15  49  2  1894  562  373  3  -2  
15  49  2  1905  562  373  3  -2  
15  49  2  1912  562  373  3  -2  
15  49  2  1921  562  373  3  -2  
15  49  2  1927  562  373  3  -2  
15  49  2  1938  562  373  3  -2  
15  49  2  1944  562  373  3  -2  
15  49  2  1955  562  373  3  -2  
15  49  2  1962  562  373  3  -2  
15  49  2  1972  562  373  3  -2  
15  49  2  1979  561  373  3  -2  
15  49  2  1987  558  373  3  -2  
15  49  2  1995  555  371  3  -2  
15  49  2  2003  549  370  3  -2  
15  49  2  2012  544  369  3  -2  
15  49  2  2021  535  365  3  -2  
15  49  2  2029  526  364  3  -2  
15  49  2  2038  514  360  3  -2  
15  49  2  2044  500  355  3  -2  
15  49  2  2055  490  352  3  -2  
15  49  2  2062  465  347  3  -2  
15  49  2  2071  465  347  3  -2  
15  49  2  2079  440  341  3  -2  
15  49  2  2088  432  338  3  -2  
15  49  2  2095  421  336  3  -2  
15  49  2  2105  412  332  3  -2  
15  49  2  2112  404  331  3  -2  
15  49  2  2121  393  327  3  -2  
15  49  2  2129  390  327  3  -2  
15  49  2  2138  382  325  3  -2  
15  49  2  2145  375  325  3  -2  
15  49  2  2156  369  323  3  -2  
15  49  2  2164  363  323  3  -2  
15  49  2  2174  363  323  3  -2  
15  49  2  2182  363  323  3  -2  
15  49  2  2191  363  323  3  -2  
15  49  3  2199  363  323  3  -2  
15  49  3  2208  347  320  3  -2  
15  49  3  2216  345  320  3  -2  
15  49  3  2225  344  320  3  -2  
15  49  3  2234  341  320  3  -2  
15  49  3  2240  339  319  3  -2  
15  49  3  2249  336  319  3  -2  
15  49  3  2258  335  319  3  -2  
15  49  3  2265  332  319  3  -2  
15  49  3  2275  330  317  3  -2  
15  49  3  2284  330  317  3  -2  
15  49  3  2292  330  317  3  -2  
15  49  3  2300  330  317  3  -2  
15  49  3  2307  330  317  3  -2  
15  49  3  2316  330  317  3  -2  
15  49  3  2324  330  317  3  -2  
15  49  3  2332  330  317  3  -2  
15  49  3  2341  330  317  3  -2  
15  49  3  2349  330  317  3  -2  
15  49  3  2358  330  317  3  -2  
15  49  3  2366  330  317  3  -2  
15  49  3  2374  330  317  3  -2  
15  49  3  2384  330  317  3  -2  
15  49  3  2392  330  317  3  -2  
15  49  3  2400  330  317  3  -2  
15  49  3  2409  330  317  3  -2  
15  49  3  2418  330  317  3  -2  
15  49  3  2424  330  317  3  -2  
15  49  3  2434  330  317  3  -2  
15  49  3  2441  330  317  3  -2  
15  49  3  2453  331  317  3  -2  
15  49  3  2459  332  317  3  -2  
15  49  3  2469  335  317  3  -2  
15  49  3  2477  339  317  3  -2  
15  49  3  2486  345  319  3  -2  
15  49  3  2493  351  321  3  -2  
15  49  3  2502  358  322  3  -2  
15  49  3  2510  365  322  3  -2  
15  49  3  2519  374  325  3  -2  
15  49  3  2527  390  330  3  -2  
15  49  3  2536  398  331  3  -2  
15  49  3  2543  409  336  3  -2  
15  49  3  2552  419  336  3  -2  
15  49  3  2560  431  340  3  -2  
15  49  3  2571  443  343  3  -2  
15  49  3  2577  455  347  3  -2  
15  49  3  2588  464  350  3  -2  
15  49  3  2595  471  351  3  -2  
15  49  3  2605  478  351  3  -2  
15  49  3  2612  483  353  3  -2  
15  49  3  2622  488  353  3  -2  
15  49  3  2630  491  354  3  -2  
15  49  3  2638  494  354  3  -2  
15  49  3  2646  496  354  3  -2  
15  49  3  2655  496  354  3  -2  
15  49  3  2663  496  354  3  -2  
15  49  3  2671  496  354  3  -2  
15  49  3  2679  496  354  3  -2  
15  49  3  2688  496  354  3  -2  
15  49  3  2697  496  354  3  -2  
15  49  3  2705  496  354  3  -2  
15  49  3  2715  496  354  3  -2  
15  49  3  2722  496  354  3  -2  
15  49  3  2731  496  354  3  -2  
15  49  3  2740  496  354  3  -2  
15  49  3  2747  496  354  3  -2  
15  49  3  2756  496  354  3  -2  
15  49  3  2764  497  354  3  -2  
15  49  3  2772  500  354  3  -2  
15  49  3  2781  501  354  3  -2  
15  49  3  2790  504  354  3  -2  
15  49  3  2798  504  354  3  -2  
15  49  3  2807  504  354  3  -2  
15  49  3  2815  504  354  3  -2  
15  49  3  2825  504  354  3  -2  
15  49  3  2831  504  354  3  -2  
15  49  3  2840  504  354  3  -2  
15  49  3  2849  504  354  3  -2  
15  49  3  2856  505  354  3  -2  
15  49  3  2865  505  354  3  -2  
15  49  3  2873  505  354  3  -2  
15  49  3  2882  505  354  3  -2  
15  49  3  2891  505  354  3  -2  
15  49  3  2899  505  354  3  -2  
15  49  3  2908  505  354  3  -2  
15  49  3  2916  505  354  3  -2  
15  49  3  2925  505  354  3  -2  
15  49  3  2932  505  354  3  -2  
15  49  3  2940  505  354  3  -2  
15  49  3  2950  505  354  3  -2  
15  49  3  2958  505  354  3  -2  
15  49  3  2966  505  354  3  -2  
15  49  3  2974  505  354  3  -2  
15  49  3  2984  505  354  3  -2  
15  49  3  2990  505  354  3  -2  
15  49  3  3000  505  354  3  -2  
15  49  3  3007  505  354  3  -2  
