12  0  0  0  369  314  1  -2  
12  0  0  9  369  314  1  -2  
12  0  0  17  369  314  1  -2  
12  0  0  28  369  314  1  -2  
12  0  0  35  369  314  1  -2  
12  0  0  43  369  314  1  -2  
12  0  0  52  369  314  1  -2  
12  0  0  61  369  314  1  -2  
12  0  0  66  369  314  1  -2  
12  0  0  76  369  314  1  -2  
12  0  0  83  369  314  1  -2  
12  0  0  95  369  314  1  -2  
12  0  0  102  369  314  1  -2  
12  0  0  111  369  314  1  -2  
12  0  0  117  369  314  1  -2  
12  0  0  128  369  314  1  -2  
12  0  0  134  369  314  1  -2  
12  0  0  143  369  314  1  -2  
12  0  0  150  369  314  1  -2  
12  0  0  159  369  314  1  -2  
12  0  0  167  369  314  1  -2  
12  0  0  176  369  314  1  -2  
12  0  0  184  369  314  1  -2  
12  0  0  194  369  314  1  -2  
12  0  0  200  369  314  1  -2  
12  0  0  209  369  314  1  -2  
12  0  0  217  369  314  1  -2  
12  0  0  228  369  314  1  -2  
12  0  0  235  369  314  1  -2  
12  0  0  244  369  314  1  -2  
12  0  0  252  369  314  1  -2  
12  0  0  262  369  314  1  -2  
12  0  0  267  370  314  1  -2  
12  0  0  278  370  314  1  -2  
12  0  0  284  376  314  1  -2  
12  0  0  293  379  314  1  -2  
12  0  0  302  384  314  1  -2  
12  0  1  311  389  314  1  -2  
12  0  1  318  394  314  1  -2  
12  0  1  328  401  314  1  -2  
12  0  1  336  408  314  1  -2  
12  0  1  345  415  314  1  -2  
12  0  1  352  421  314  1  -2  
12  0  1  362  427  314  1  -2  
12  0  1  369  433  314  1  -2  
12  0  1  378  439  313  1  -2  
12  0  1  385  441  313  1  -2  
12  0  1  395  445  313  1  -2  
12  0  1  402  450  313  1  -2  
12  0  1  412  455  313  1  -2  
12  0  1  418  461  313  1  -2  
12  0  1  428  466  313  1  -2  
12  0  1  435  474  313  1  -2  
12  0  1  445  474  313  1  -2  
12  0  1  452  477  313  1  -2  
12  0  1  462  477  313  1  -2  
12  0  1  470  480  313  1  -2  
12  0  1  478  482  313  1  -2  
12  0  1  485  483  313  1  -2  
12  0  1  495  485  313  1  -2  
12  0  1  503  486  313  1  -2  
12  0  1  512  488  313  1  -2  
12  0  1  518  489  313  1  -2  
12  0  1  528  490  313  1  -2  
12  0  1  535  492  313  1  -2  
12  0  1  545  494  312  1  -2  
12  0  1  552  494  312  1  -2  
12  0  1  562  496  312  2  -2  
12  0  1  568  499  312  2  -2  
12  0  1  578  500  312  2  -2  
12  0  1  585  504  312  2  -2  
12  0  1  595  508  312  2  -2  
12  0  1  601  513  312  2  -2  
12  0  1  612  516  312  2  -2  
12  0  1  619  522  312  2  -2  
12  0  1  628  522  312  2  -2  
12  0  1  635  525  312  2  -2  
12  0  1  645  525  312  2  -2  
12  0  1  652  526  312  2  -2  
12  0  1  662  526  312  2  -2  
12  0  1  669  526  312  2  -2  
12  0  1  678  529  312  2  -2  
12  0  1  685  530  312  2  -2  
12  0  1  695  537  313  2  -2  
12  0  1  703  541  313  2  -2  
12  0  1  712  547  314  2  -2  
12  0  1  719  553  315  2  -2  
12  0  1  728  558  315  2  -2  
12  0  1  735  563  315  2  -2  
12  0  1  745  566  316  2  -2  
12  0  1  753  566  316  2  -2  
12  0  1  762  566  316  2  -2  
12  0  1  769  566  316  2  -2  
12  0  1  778  566  316  2  -2  
12  0  1  786  566  316  2  -2  
12  0  1  795  566  316  2  -2  
12  0  1  804  566  316  2  -2  
12  0  1  813  566  316  2  -2  
12  0  1  821  566  316  2  -2  
12  0  1  829  566  316  2  -2  
12  0  1  839  566  316  2  -2  
12  0  1  848  566  316  2  -2  
12  0  1  856  566  316  2  -2  
12  0  1  864  566  316  2  -2  
12  0  1  872  566  316  2  -2  
12  0  1  881  566  316  2  -2  
12  0  1  889  566  316  2  -2  
12  0  1  898  566  316  2  -2  
12  0  1  906  566  316  2  -2  
12  0  1  914  566  316  2  -2  
12  0  1  922  566  316  2  -2  
12  0  1  931  566  316  2  -2  
12  0  1  939  566  316  2  -2  
12  0  1  946  566  316  2  -2  
12  0  1  955  566  316  2  -2  
12  0  1  963  566  316  2  -2  
12  0  1  972  566  316  2  -2  
12  0  1  981  566  316  2  -2  
12  0  1  989  566  316  2  -2  
12  0  1  999  566  316  2  -2  
12  0  1  1008  565  316  2  -2  
12  0  1  1014  563  316  2  -2  
12  0  1  1023  561  316  2  -2  
12  0  1  1032  557  316  2  -2  
12  0  1  1039  552  316  2  -2  
12  0  1  1048  547  316  2  -2  
12  0  1  1055  539  316  2  -2  
12  0  1  1063  530  316  2  -2  
12  0  1  1072  523  316  2  -2  
12  0  1  1081  515  316  2  -2  
12  0  1  1088  508  316  2  -2  
12  0  1  1096  503  316  2  -2  
12  0  1  1105  498  316  2  -2  
12  0  1  1113  494  318  2  -2  
12  0  1  1123  491  318  2  -2  
12  0  1  1132  487  318  2  -2  
12  0  1  1141  481  318  2  -2  
12  0  1  1148  476  318  2  -2  
12  0  1  1156  472  318  2  -2  
12  0  1  1164  467  318  2  -2  
12  0  1  1172  462  318  2  -2  
12  0  1  1181  455  318  2  -2  
12  0  1  1191  447  318  2  -2  
12  0  1  1198  440  319  2  -2  
12  0  1  1208  430  321  2  -2  
12  0  1  1214  421  321  2  -2  
12  0  1  1222  414  321  2  -2  
12  0  1  1231  404  322  2  -2  
12  0  1  1241  396  322  3  -2  
12  0  1  1247  391  322  3  -2  
12  0  1  1255  384  322  3  -2  
12  0  1  1263  379  322  3  -2  
12  0  1  1272  375  322  3  -2  
12  0  1  1281  372  322  3  -2  
12  0  1  1288  371  322  3  -2  
12  0  1  1296  370  322  3  -2  
12  0  1  1307  369  322  3  -2  
12  0  2  1314  369  322  3  -2  
12  0  2  1322  369  322  3  -2  
12  0  2  1330  369  322  3  -2  
12  0  2  1342  369  322  3  -2  
12  0  2  1348  368  322  3  -2  
12  0  2  1358  367  322  3  -2  
12  0  2  1363  366  322  3  -2  
12  0  2  1373  364  322  3  -2  
12  0  2  1381  362  322  3  -2  
12  0  2  1391  357  322  3  -2  
12  0  2  1397  354  322  3  -2  
12  0  2  1407  349  322  3  -2  
12  0  2  1414  345  322  3  -2  
12  0  2  1422  344  322  3  -2  
12  0  2  1431  343  322  3  -2  
12  0  2  1441  343  322  3  -2  
12  0  2  1447  343  322  3  -2  
12  0  2  1455  343  322  3  -2  
12  0  2  1464  343  322  3  -2  
12  0  2  1472  343  322  3  -2  
12  0  2  1481  343  322  3  -2  
12  0  2  1491  343  322  3  -2  
12  0  2  1498  343  322  3  -2  
12  0  2  1508  343  322  3  -2  
12  0  2  1515  343  322  3  -2  
12  0  2  1523  343  322  3  -2  
12  0  2  1532  343  322  3  -2  
12  0  2  1542  343  322  3  -2  
12  0  2  1549  343  322  3  -2  
12  0  2  1558  343  322  3  -2  
12  0  2  1566  343  322  3  -2  
12  0  2  1574  343  322  3  -2  
12  0  2  1583  343  322  3  -2  
12  0  2  1593  343  322  3  -2  
12  0  2  1600  343  322  3  -2  
12  0  2  1608  343  322  3  -2  
12  0  2  1615  345  322  3  -2  
12  0  2  1624  350  322  3  -2  
12  0  2  1632  356  322  3  -2  
12  0  2  1642  366  322  3  -2  
12  0  2  1650  377  322  3  -2  
12  0  2  1658  392  322  3  -2  
12  0  2  1665  407  322  3  -2  
12  0  2  1676  422  322  3  -2  
12  0  2  1683  450  322  3  -2  
12  0  2  1692  450  322  3  -2  
12  0  2  1698  475  322  3  -2  
12  0  2  1709  475  322  3  -2  
12  0  2  1715  495  322  4  -2  
12  0  2  1726  495  322  4  -2  
12  0  2  1733  512  322  4  -2  
12  0  2  1742  522  322  4  -2  
12  0  2  1750  527  322  4  -2  
12  0  2  1760  532  322  4  -2  
12  0  2  1766  534  322  4  -2  
12  0  2  1776  536  322  4  -2  
12  0  2  1782  536  322  4  -2  
12  0  2  1794  536  322  4  -2  
12  0  2  1799  536  322  4  -2  
12  0  2  1809  536  322  4  -2  
12  0  2  1815  536  322  4  -2  
12  0  2  1826  536  322  4  -2  
12  0  2  1832  536  322  4  -2  
12  0  2  1842  538  322  4  -2  
12  0  2  1850  540  322  4  -2  
12  0  2  1859  544  322  4  -2  
12  0  2  1866  546  322  4  -2  
12  0  2  1876  548  322  4  -2  
12  0  2  1883  550  322  4  -2  
12  0  2  1892  550  322  4  -2  
12  0  2  1900  550  322  4  -2  
12  0  2  1909  550  322  4  -2  
12  0  2  1916  550  322  4  -2  
12  0  2  1926  550  322  4  -2  
12  0  2  1933  550  322  4  -2  
12  0  2  1944  550  322  4  -2  
12  0  2  1949  550  322  4  -2  
12  0  2  1960  550  322  4  -2  
12  0  2  1966  550  322  4  -2  
12  0  2  1976  550  322  4  -2  
12  0  2  1983  550  322  4  -2  
12  0  2  1994  550  322  4  -2  
12  0  2  2000  550  322  4  -2  
12  0  2  2010  550  322  4  -2  
12  0  2  2018  550  322  4  -2  
12  0  2  2026  549  322  4  -2  
12  0  2  2033  544  320  4  -2  
12  0  2  2044  540  319  4  -2  
12  0  2  2051  527  319  4  -2  
12  0  2  2060  527  319  4  -2  
12  0  2  2068  505  318  4  -2  
12  0  2  2077  491  314  4  -2  
12  0  2  2084  481  312  4  -2  
12  0  2  2094  468  312  4  -2  
12  0  2  2103  454  312  4  -2  
12  0  2  2110  441  312  4  -2  
12  0  2  2119  428  312  4  -2  
12  0  2  2127  416  312  4  -2  
12  0  2  2135  405  312  4  -2  
