11  6  41  0  374  308  1  -2  
11  6  41  9  374  308  1  -2  
11  6  41  17  374  308  1  -2  
11  6  41  27  374  308  1  -2  
11  6  41  34  374  308  1  -2  
11  6  41  42  374  308  1  -2  
11  6  41  50  374  308  1  -2  
11  6  41  59  374  308  1  -2  
11  6  41  68  374  308  1  -2  
11  6  41  77  375  308  1  -2  
11  6  41  85  376  308  1  -2  
11  6  41  93  381  308  1  -2  
11  6  41  104  385  308  1  -2  
11  6  41  113  390  308  1  -2  
11  6  41  122  395  308  1  -2  
11  6  41  129  402  308  1  -2  
11  6  41  140  410  308  1  -2  
11  6  41  148  424  308  1  -2  
11  6  41  157  432  309  1  -2  
11  6  41  166  441  309  1  -2  
11  6  41  175  449  309  1  -2  
11  6  41  187  456  309  1  -2  
11  6  41  195  471  309  1  -2  
11  6  41  210  476  309  1  -2  
11  6  41  220  483  310  1  -2  
11  6  41  229  497  310  2  -2  
11  6  41  238  502  310  2  -2  
11  6  41  247  507  310  2  -2  
11  6  41  258  510  310  2  -2  
11  6  41  266  514  310  2  -2  
11  6  41  274  517  310  2  -2  
11  6  41  282  519  310  2  -2  
11  6  41  291  525  310  2  -2  
11  6  41  300  527  310  2  -2  
11  6  41  308  529  310  2  -2  
11  6  41  321  530  310  2  -2  
11  6  41  330  532  310  2  -2  
11  6  41  340  538  310  2  -2  
11  6  41  352  540  310  2  -2  
11  6  41  361  541  310  2  -2  
11  6  41  371  542  310  2  -2  
11  6  41  380  543  310  2  -2  
11  6  41  390  543  310  2  -2  
11  6  41  400  543  310  2  -2  
11  6  41  409  543  310  2  -2  
11  6  41  419  543  310  2  -2  
11  6  41  427  543  310  2  -2  
11  6  42  438  543  310  2  -2  
11  6  42  446  543  310  2  -2  
11  6  42  456  543  310  2  -2  
11  6  42  465  543  310  2  -2  
11  6  42  474  543  310  2  -2  
11  6  42  483  543  310  2  -2  
11  6  42  492  543  310  2  -2  
11  6  42  503  543  310  2  -2  
11  6  42  511  543  310  2  -2  
11  6  42  521  543  310  2  -2  
11  6  42  529  543  310  2  -2  
11  6  42  539  543  310  2  -2  
11  6  42  546  543  310  2  -2  
11  6  42  555  543  310  2  -2  
11  6  42  564  543  310  2  -2  
11  6  42  574  543  310  2  -2  
11  6  42  583  543  310  2  -2  
11  6  42  592  543  310  2  -2  
11  6  42  600  543  310  2  -2  
11  6  42  610  543  310  2  -2  
11  6  42  621  543  310  2  -2  
11  6  42  629  543  310  2  -2  
11  6  42  639  543  310  2  -2  
11  6  42  646  543  310  2  -2  
11  6  42  656  543  310  2  -2  
11  6  42  663  543  310  2  -2  
11  6  42  673  543  310  2  -2  
11  6  42  682  543  310  2  -2  
11  6  42  691  543  310  2  -2  
11  6  42  699  543  310  2  -2  
11  6  42  708  543  310  2  -2  
11  6  42  719  543  310  2  -2  
11  6  42  726  543  310  2  -2  
11  6  42  737  541  310  2  -2  
11  6  42  745  534  310  2  -2  
11  6  42  756  528  310  2  -2  
11  6  42  764  511  310  2  -2  
11  6  42  774  502  310  2  -2  
11  6  42  782  494  310  2  -2  
11  6  42  792  486  310  2  -2  
11  6  42  801  479  310  2  -2  
11  6  42  809  470  310  2  -2  
11  6  42  818  462  310  2  -2  
11  6  42  826  439  310  2  -2  
11  6  42  834  439  310  2  -2  
11  6  42  841  429  310  2  -2  
11  6  42  851  417  310  2  -2  
11  6  42  858  397  310  3  -2  
11  6  42  870  385  310  3  -2  
11  6  42  875  374  310  3  -2  
11  6  42  884  365  310  3  -2  
11  6  42  892  355  310  3  -2  
11  6  42  902  350  310  3  -2  
11  6  42  908  348  310  3  -2  
11  6  42  919  346  310  3  -2  
11  6  42  925  346  310  3  -2  
11  6  42  934  346  310  3  -2  
11  6  42  941  346  310  3  -2  
11  6  42  950  346  310  3  -2  
11  6  42  958  346  310  3  -2  
11  6  42  969  346  310  3  -2  
11  6  42  975  344  310  3  -2  
11  6  42  984  341  310  3  -2  
11  6  42  991  340  310  3  -2  
11  6  42  999  336  310  3  -2  
11  6  42  1009  333  310  3  -2  
11  6  42  1019  332  312  3  -2  
11  6  42  1027  332  312  3  -2  
11  6  42  1036  332  312  3  -2  
11  6  42  1042  332  312  3  -2  
11  6  42  1049  332  312  3  -2  
11  6  42  1059  332  312  3  -2  
11  6  42  1069  332  312  3  -2  
11  6  42  1075  332  312  3  -2  
11  6  42  1085  332  312  3  -2  
11  6  42  1093  332  312  3  -2  
11  6  42  1103  332  313  3  -2  
11  6  42  1109  340  314  3  -2  
11  6  42  1119  350  315  3  -2  
11  6  42  1127  362  318  3  -2  
11  6  42  1136  373  319  3  -2  
11  6  42  1143  381  319  3  -2  
11  6  42  1153  391  319  3  -2  
11  6  42  1159  401  320  3  -2  
11  6  42  1169  408  320  3  -2  
11  6  42  1177  416  320  3  -2  
11  6  42  1186  421  320  3  -2  
11  6  42  1192  427  321  3  -2  
11  6  42  1199  429  321  3  -2  
11  6  42  1209  432  321  3  -2  
11  6  42  1219  434  321  3  -2  
11  6  42  1226  441  321  3  -2  
11  6  42  1235  441  321  3  -2  
11  6  42  1243  451  321  3  -2  
11  6  42  1249  457  321  3  -2  
11  6  42  1260  457  321  3  -2  
11  6  42  1270  469  324  3  -2  
11  6  42  1277  472  324  3  -2  
11  6  42  1288  474  324  3  -2  
11  6  42  1293  478  324  3  -2  
11  6  42  1303  481  324  3  -2  
11  6  42  1310  482  324  3  -2  
11  6  42  1319  483  324  3  -2  
11  6  42  1327  485  324  3  -2  
11  6  42  1338  485  324  3  -2  
11  6  42  1344  485  324  3  -2  
11  6  42  1354  486  324  3  -2  
11  6  42  1361  490  324  3  -2  
11  6  42  1371  490  324  3  -2  
11  6  42  1379  497  324  4  -2  
11  6  42  1388  500  324  4  -2  
11  6  42  1394  504  324  4  -2  
11  6  42  1404  508  324  4  -2  
11  6  42  1411  508  324  4  -2  
11  6  42  1421  508  324  4  -2  
11  6  42  1428  509  324  4  -2  
11  6  43  1437  509  324  4  -2  
11  6  43  1444  509  324  4  -2  
11  6  43  1454  509  324  4  -2  
11  6  43  1461  509  324  4  -2  
11  6  43  1471  509  324  4  -2  
11  6  43  1478  511  324  4  -2  
11  6  43  1487  511  324  4  -2  
11  6  43  1494  511  324  4  -2  
11  6  43  1504  511  324  4  -2  
11  6  43  1510  511  324  4  -2  
11  6  43  1521  511  324  4  -2  
11  6  43  1529  511  324  4  -2  
11  6  43  1537  511  324  4  -2  
11  6  43  1544  511  324  4  -2  
11  6  43  1554  511  324  4  -2  
11  6  43  1561  511  324  4  -2  
11  6  43  1571  511  324  4  -2  
11  6  43  1578  511  324  4  -2  
11  6  43  1588  511  324  4  -2  
11  6  43  1596  511  324  4  -2  
11  6  43  1604  511  324  4  -2  
11  6  43  1611  511  324  4  -2  
11  6  43  1621  511  324  4  -2  
11  6  43  1628  511  324  4  -2  
11  6  43  1638  511  324  4  -2  
11  6  43  1645  511  324  4  -2  
11  6  43  1654  508  324  4  -2  
11  6  43  1661  502  325  4  -2  
11  6  43  1671  493  325  4  -2  
11  6  43  1679  483  325  4  -2  
11  6  43  1688  473  326  4  -2  
11  6  43  1694  466  326  4  -2  
11  6  43  1704  458  326  4  -2  
11  6  43  1711  449  327  4  -2  
11  6  43  1721  444  329  4  -2  
11  6  43  1728  441  329  4  -2  
11  6  43  1738  437  330  4  -2  
11  6  43  1746  433  330  4  -2  
11  6  43  1753  430  330  4  -2  
11  6  43  1761  428  330  4  -2  
11  6  43  1771  424  330  4  -2  
11  6  43  1778  419  330  4  -2  
11  6  43  1788  415  330  4  -2  
11  6  43  1795  414  330  4  -2  
11  6  43  1804  411  330  4  -2  
11  6  43  1812  409  330  4  -2  
11  6  43  1821  407  330  4  -2  
11  6  43  1830  405  330  4  -2  
11  6  43  1839  402  330  4  -2  
11  6  43  1847  402  330  4  -2  
11  6  43  1854  401  330  4  -2  
11  6  43  1862  401  330  4  -2  
11  6  43  1871  399  330  4  -2  
11  6  43  1879  397  330  4  -2  
