11  6  49  0  360  305  1  -2  
11  6  49  8  360  305  1  -2  
11  6  49  18  360  305  1  -2  
11  6  49  25  360  305  1  -2  
11  6  49  34  360  305  1  -2  
11  6  49  42  360  305  1  -2  
11  6  49  51  360  305  1  -2  
11  6  49  59  360  305  1  -2  
11  6  49  67  360  305  1  -2  
11  6  49  76  360  305  1  -2  
11  6  49  85  360  305  1  -2  
11  6  49  92  360  305  1  -2  
11  6  49  101  360  305  1  -2  
11  6  49  110  362  305  1  -2  
11  6  49  118  365  305  1  -2  
11  6  49  125  369  305  1  -2  
11  6  49  134  374  305  1  -2  
11  6  49  142  378  305  1  -2  
11  6  49  151  381  305  1  -2  
11  6  49  159  386  305  1  -2  
11  6  49  167  392  305  1  -2  
11  6  49  176  394  305  1  -2  
11  6  49  185  399  305  1  -2  
11  6  49  193  410  307  1  -2  
11  6  49  201  410  307  1  -2  
11  6  49  209  415  308  1  -2  
11  6  49  220  427  309  1  -2  
11  6  49  230  434  309  1  -2  
11  6  49  239  442  313  1  -2  
11  6  49  250  450  313  1  -2  
11  6  49  258  469  315  1  -2  
11  6  49  267  477  316  1  -2  
11  6  49  274  486  316  1  -2  
11  6  49  285  493  319  1  -2  
11  6  49  290  498  320  2  -2  
11  6  49  300  505  320  2  -2  
11  6  49  306  509  321  2  -2  
11  6  49  318  512  321  2  -2  
11  6  49  325  513  321  2  -2  
11  6  49  334  515  321  2  -2  
11  6  49  341  517  322  2  -2  
11  6  49  351  519  322  2  -2  
11  6  49  358  521  322  2  -2  
11  6  49  368  525  322  2  -2  
11  6  49  376  528  322  2  -2  
11  6  49  384  531  322  2  -2  
11  6  49  392  535  322  2  -2  
11  6  49  400  539  322  2  -2  
11  6  49  408  540  322  2  -2  
11  6  49  419  543  322  2  -2  
11  6  49  426  544  322  2  -2  
11  6  49  434  544  322  2  -2  
11  6  49  441  544  322  2  -2  
11  6  49  450  544  322  2  -2  
11  6  49  458  544  322  2  -2  
11  6  49  467  544  322  2  -2  
11  6  49  476  544  322  2  -2  
11  6  49  485  544  322  2  -2  
11  6  49  492  544  322  2  -2  
11  6  49  500  544  322  2  -2  
11  6  49  508  544  322  2  -2  
11  6  49  518  544  322  2  -2  
11  6  49  525  544  322  2  -2  
11  6  49  534  544  322  2  -2  
11  6  49  541  544  322  2  -2  
11  6  49  550  544  322  2  -2  
11  6  49  559  544  322  2  -2  
11  6  49  567  544  322  2  -2  
11  6  49  576  544  322  2  -2  
11  6  49  583  544  322  2  -2  
11  6  49  592  544  322  2  -2  
11  6  49  600  544  322  2  -2  
11  6  49  608  544  322  2  -2  
11  6  49  618  542  322  2  -2  
11  6  49  626  532  322  2  -2  
11  6  49  634  525  322  2  -2  
11  6  49  642  518  322  2  -2  
11  6  49  651  511  322  2  -2  
11  6  49  658  503  322  2  -2  
11  6  49  668  494  319  2  -2  
11  6  49  676  487  318  2  -2  
11  6  49  684  480  317  2  -2  
11  6  49  691  470  317  2  -2  
11  6  49  700  461  314  2  -2  
11  6  49  709  454  313  2  -2  
11  6  49  718  446  312  2  -2  
11  6  49  726  439  311  2  -2  
11  6  49  736  434  311  2  -2  
11  6  49  744  428  310  2  -2  
11  6  49  753  424  310  2  -2  
11  6  49  763  419  308  2  -2  
11  6  49  772  414  308  2  -2  
11  6  49  780  412  308  2  -2  
11  6  49  788  410  307  2  -2  
11  6  49  799  408  307  2  -2  
11  6  49  806  406  307  2  -2  
11  6  49  814  406  307  2  -2  
11  6  49  822  404  307  2  -2  
11  6  49  832  401  307  2  -2  
11  6  49  838  401  307  2  -2  
11  6  49  847  398  307  3  -2  
11  6  49  855  396  307  3  -2  
11  6  49  865  392  307  3  -2  
11  6  49  871  389  307  3  -2  
11  6  49  882  387  307  3  -2  
11  6  49  888  383  307  3  -2  
11  6  49  897  383  307  3  -2  
11  6  49  905  382  307  3  -2  
11  6  49  915  380  307  3  -2  
11  6  50  921  380  307  3  -2  
11  6  50  931  379  307  3  -2  
11  6  50  938  379  307  3  -2  
11  6  50  947  379  307  3  -2  
11  6  50  956  379  307  3  -2  
11  6  50  966  377  307  3  -2  
11  6  50  972  376  307  3  -2  
11  6  50  981  376  307  3  -2  
11  6  50  988  373  307  3  -2  
11  6  50  997  373  307  3  -2  
11  6  50  1006  373  307  3  -2  
11  6  50  1016  373  307  3  -2  
11  6  50  1022  373  307  3  -2  
11  6  50  1031  373  307  3  -2  
11  6  50  1037  373  307  3  -2  
11  6  50  1047  373  307  3  -2  
11  6  50  1056  373  307  3  -2  
11  6  50  1065  373  307  3  -2  
11  6  50  1072  373  307  3  -2  
11  6  50  1082  373  307  3  -2  
11  6  50  1088  372  307  3  -2  
11  6  50  1097  372  307  3  -2  
11  6  50  1107  372  307  3  -2  
11  6  50  1115  372  307  3  -2  
11  6  50  1122  372  307  3  -2  
11  6  50  1133  372  307  3  -2  
11  6  50  1139  372  307  3  -2  
11  6  50  1150  372  307  3  -2  
11  6  50  1156  372  307  3  -2  
11  6  50  1166  372  307  3  -2  
11  6  50  1174  372  307  3  -2  
11  6  50  1183  372  307  3  -2  
11  6  50  1190  372  307  3  -2  
11  6  50  1199  372  307  3  -2  
11  6  50  1206  372  307  3  -2  
11  6  50  1217  372  307  3  -2  
11  6  50  1223  372  307  3  -2  
11  6  50  1234  372  307  3  -2  
11  6  50  1240  372  307  3  -2  
11  6  50  1248  372  307  3  -2  
11  6  50  1257  372  307  3  -2  
11  6  50  1268  372  307  3  -2  
11  6  50  1273  372  307  3  -2  
11  6  50  1283  372  307  3  -2  
11  6  50  1290  372  307  3  -2  
11  6  50  1300  372  307  3  -2  
11  6  50  1308  372  307  3  -2  
11  6  50  1318  376  306  3  -2  
11  6  50  1324  380  306  3  -2  
11  6  50  1334  386  305  3  -2  
11  6  50  1340  392  305  3  -2  
11  6  50  1350  398  305  3  -2  
11  6  50  1357  408  305  3  -2  
11  6  50  1367  415  305  3  -2  
11  6  50  1375  422  305  3  -2  
11  6  50  1384  429  305  3  -2  
11  6  50  1390  437  305  3  -2  
11  6  50  1401  444  305  3  -2  
11  6  50  1407  449  305  3  -2  
11  6  50  1417  456  305  3  -2  
11  6  50  1425  468  305  3  -2  
11  6  50  1434  468  305  3  -2  
11  6  50  1440  483  305  3  -2  
11  6  50  1450  483  305  3  -2  
11  6  50  1458  497  305  4  -2  
11  6  50  1468  505  305  4  -2  
11  6  50  1475  510  305  4  -2  
11  6  50  1483  515  305  4  -2  
11  6  50  1491  518  305  4  -2  
11  6  50  1499  521  305  4  -2  
11  6  50  1507  522  305  4  -2  
11  6  50  1517  524  305  4  -2  
11  6  50  1524  525  305  4  -2  
11  6  50  1533  525  305  4  -2  
11  6  50  1539  525  305  4  -2  
11  6  50  1549  525  305  4  -2  
11  6  50  1556  525  305  4  -2  
11  6  50  1567  525  305  4  -2  
11  6  50  1574  525  305  4  -2  
11  6  50  1582  525  305  4  -2  
11  6  50  1589  525  305  4  -2  
11  6  50  1600  526  305  4  -2  
11  6  50  1607  526  305  4  -2  
11  6  50  1616  527  305  4  -2  
11  6  50  1624  527  305  4  -2  
11  6  50  1633  528  305  4  -2  
11  6  50  1640  528  305  4  -2  
11  6  50  1649  528  305  4  -2  
11  6  50  1656  528  305  4  -2  
11  6  50  1666  528  305  4  -2  
11  6  50  1674  528  305  4  -2  
11  6  50  1683  528  305  4  -2  
11  6  50  1690  528  305  4  -2  
11  6  50  1699  528  305  4  -2  
11  6  50  1707  528  305  4  -2  
11  6  50  1716  517  305  4  -2  
11  6  50  1724  507  305  4  -2  
11  6  50  1733  497  305  4  -2  
11  6  50  1739  487  305  4  -2  
11  6  50  1749  476  305  4  -2  
11  6  50  1757  467  305  4  -2  
11  6  50  1767  457  305  4  -2  
11  6  50  1775  450  305  4  -2  
11  6  50  1783  445  305  4  -2  
11  6  50  1790  440  305  4  -2  
11  6  50  1799  436  305  4  -2  
11  6  50  1806  435  305  4  -2  
11  6  50  1817  434  305  4  -2  
11  6  50  1824  431  305  4  -2  
11  6  50  1833  431  305  4  -2  
11  6  50  1841  428  305  4  -2  
11  6  50  1849  426  305  4  -2  
11  6  50  1857  422  305  4  -2  
11  6  50  1867  420  305  4  -2  
11  6  50  1875  417  305  4  -2  
11  6  50  1883  413  305  4  -2  
11  6  50  1891  411  305  4  -2  
11  6  50  1900  408  305  4  -2  
11  6  50  1908  403  304  4  -2  
11  6  51  1917  399  303  4  -2  
