15  48  21  0  365  327  1  -2  
15  48  21  9  365  327  1  -2  
15  48  21  18  365  327  1  -2  
15  48  22  24  365  327  1  -2  
15  48  22  33  365  327  1  -2  
15  48  22  41  365  327  1  -2  
15  48  22  50  365  327  1  -2  
15  48  22  59  365  327  1  -2  
15  48  22  66  365  327  1  -2  
15  48  22  74  365  327  1  -2  
15  48  22  82  365  327  1  -2  
15  48  22  91  365  327  1  -2  
15  48  22  99  365  327  1  -2  
15  48  22  109  365  327  1  -2  
15  48  22  117  365  327  1  -2  
15  48  22  123  365  327  1  -2  
15  48  22  133  365  327  1  -2  
15  48  22  141  365  327  1  -2  
15  48  22  149  365  327  1  -2  
15  48  22  159  365  327  1  -2  
15  48  22  169  365  327  1  -2  
15  48  22  175  369  326  1  -2  
15  48  22  183  369  326  1  -2  
15  48  22  191  372  326  1  -2  
15  48  22  199  373  326  1  -2  
15  48  22  209  376  326  1  -2  
15  48  22  217  382  326  1  -2  
15  48  22  224  386  326  1  -2  
15  48  22  233  391  326  1  -2  
15  48  22  244  396  326  1  -2  
15  48  22  254  401  326  1  -2  
15  48  22  261  407  326  1  -2  
15  48  22  272  409  326  1  -2  
15  48  22  279  417  326  1  -2  
15  48  22  289  417  326  1  -2  
15  48  22  297  427  326  1  -2  
15  48  22  306  434  326  1  -2  
15  48  22  313  440  326  1  -2  
15  48  22  322  449  326  1  -2  
15  48  22  330  457  326  1  -2  
15  48  22  338  470  326  1  -2  
15  48  22  348  482  326  1  -2  
15  48  22  356  494  326  1  -2  
15  48  22  364  501  326  2  -2  
15  48  22  372  501  326  2  -2  
15  48  22  380  503  326  2  -2  
15  48  22  389  503  326  2  -2  
15  48  22  398  503  326  2  -2  
15  48  22  406  503  326  2  -2  
15  48  22  414  503  326  2  -2  
15  48  22  422  503  326  2  -2  
15  48  22  430  503  326  2  -2  
15  48  22  439  503  326  2  -2  
15  48  22  447  506  326  2  -2  
15  48  22  456  515  326  2  -2  
15  48  22  464  548  328  2  -2  
15  48  22  471  562  328  2  -2  
15  48  22  482  562  328  2  -2  
15  48  22  490  573  328  2  -2  
15  48  22  498  573  328  2  -2  
15  48  22  507  573  328  2  -2  
15  48  22  515  573  328  2  -2  
15  48  22  524  572  328  2  -2  
15  48  22  531  567  328  2  -2  
15  48  22  539  562  328  2  -2  
15  48  22  549  553  328  2  -2  
15  48  22  557  545  328  2  -2  
15  48  22  565  540  329  2  -2  
15  48  22  575  534  329  2  -2  
15  48  22  582  531  330  2  -2  
15  48  22  591  525  330  2  -2  
15  48  22  599  522  331  2  -2  
15  48  22  608  516  331  2  -2  
15  48  22  615  514  331  2  -2  
15  48  22  624  509  331  2  -2  
15  48  22  632  495  331  2  -2  
15  48  22  642  495  331  2  -2  
15  48  22  650  482  331  2  -2  
15  48  22  658  475  331  2  -2  
15  48  22  666  466  331  2  -2  
15  48  22  675  458  331  2  -2  
15  48  22  683  448  331  2  -2  
15  48  22  691  440  331  2  -2  
15  48  22  700  433  331  2  -2  
15  48  22  708  423  331  2  -2  
15  48  22  715  417  334  2  -2  
15  48  22  723  410  334  2  -2  
15  48  22  732  407  334  2  -2  
15  48  22  740  405  334  2  -2  
15  48  22  750  400  334  2  -2  
15  48  22  757  397  334  2  -2  
15  48  22  765  392  334  3  -2  
15  48  22  773  389  334  3  -2  
15  48  22  781  386  334  3  -2  
15  48  22  789  382  335  3  -2  
15  48  22  799  379  335  3  -2  
15  48  22  807  379  335  3  -2  
15  48  22  814  379  335  3  -2  
15  48  22  824  379  335  3  -2  
15  48  22  832  379  335  3  -2  
15  48  22  840  379  335  3  -2  
15  48  22  849  379  335  3  -2  
15  48  22  857  379  335  3  -2  
15  48  22  867  379  335  3  -2  
15  48  22  874  379  335  3  -2  
15  48  22  883  379  335  3  -2  
15  48  22  890  379  335  3  -2  
15  48  22  899  379  335  3  -2  
15  48  22  906  379  335  3  -2  
15  48  22  918  379  335  3  -2  
15  48  22  923  379  335  3  -2  
15  48  22  933  379  335  3  -2  
15  48  22  939  379  335  3  -2  
15  48  22  952  379  335  3  -2  
15  48  22  960  382  335  3  -2  
15  48  22  970  386  335  3  -2  
15  48  22  977  391  335  3  -2  
15  48  22  989  398  335  3  -2  
15  48  22  997  398  335  3  -2  
15  48  22  1006  398  335  3  -2  
15  48  22  1015  398  335  3  -2  
15  48  23  1025  398  335  3  -2  
15  48  23  1035  398  335  3  -2  
15  48  23  1044  398  335  3  -2  
15  48  23  1057  501  335  4  -2  
15  48  23  1066  503  335  4  -2  
15  48  23  1074  503  335  4  -2  
15  48  23  1084  503  335  4  -2  
15  48  23  1089  503  335  4  -2  
15  48  23  1098  503  335  4  -2  
15  48  23  1107  503  335  4  -2  
15  48  23  1116  503  335  4  -2  
15  48  23  1124  505  335  4  -2  
15  48  23  1133  507  336  4  -2  
15  48  23  1139  507  336  4  -2  
15  48  23  1149  507  336  4  -2  
15  48  23  1157  507  336  4  -2  
15  48  23  1165  507  336  4  -2  
15  48  23  1174  507  336  4  -2  
15  48  23  1183  507  336  4  -2  
15  48  23  1190  507  336  4  -2  
15  48  23  1199  507  336  4  -2  
15  48  23  1207  507  336  4  -2  
15  48  23  1216  507  336  4  -2  
15  48  23  1224  507  336  4  -2  
15  48  23  1233  507  336  4  -2  
15  48  23  1241  507  336  4  -2  
15  48  23  1249  507  336  4  -2  
15  48  23  1257  507  336  4  -2  
15  48  23  1268  507  336  4  -2  
15  48  23  1275  497  336  4  -2  
15  48  23  1285  483  336  4  -2  
15  48  23  1292  467  336  4  -2  
15  48  23  1302  444  336  4  -2  
15  48  23  1311  413  336  4  -2  
15  48  23  1322  376  336  5  -2  
15  48  23  1331  311  336  5  -2  
15  48  23  1340  290  336  5  -2  
15  48  23  1348  279  336  5  -2  
15  48  23  1357  272  335  5  -2  
15  48  23  1366  272  335  5  -2  
15  48  23  1372  272  335  5  -2  
15  48  23  1382  272  335  5  -2  
15  48  23  1389  272  335  5  -2  
15  48  23  1399  272  335  5  -2  
15  48  23  1407  272  335  5  -2  
15  48  23  1414  272  335  5  -2  
15  48  23  1423  272  335  5  -2  
15  48  23  1432  272  334  5  -2  
15  48  23  1441  273  333  5  -2  
15  48  23  1450  273  333  5  -2  
15  48  23  1458  275  333  5  -2  
15  48  23  1464  275  333  5  -2  
15  48  23  1473  276  333  5  -2  
15  48  23  1482  277  333  5  -2  
15  48  23  1489  278  333  5  -2  
15  48  23  1498  279  333  5  -2  
15  48  23  1507  279  333  5  -2  
15  48  23  1514  280  333  5  -2  
15  48  23  1525  280  333  5  -2  
15  48  23  1532  280  333  5  -2  
15  48  23  1541  280  333  5  -2  
15  48  23  1551  280  333  5  -2  
15  48  23  1558  280  333  5  -2  
15  48  23  1566  280  333  5  -2  
15  48  23  1574  280  333  5  -2  
15  48  23  1584  280  333  5  -2  
15  48  23  1592  280  333  5  -2  
15  48  23  1603  280  333  5  -2  
15  48  23  1613  280  333  5  -2  
15  48  23  1622  280  333  5  -2  
15  48  23  1630  280  333  5  -2  
15  48  23  1639  280  333  5  -2  
15  48  23  1647  280  333  5  -2  
15  48  23  1656  280  333  5  -2  
15  48  23  1663  280  333  5  -2  
15  48  23  1673  280  333  5  -2  
15  48  23  1680  280  333  5  -2  
15  48  23  1689  280  333  5  -2  
15  48  23  1697  280  333  5  -2  
15  48  23  1705  280  333  5  -2  
15  48  23  1714  280  333  5  -2  
15  48  23  1723  280  333  5  -2  
