15  48  29  0  361  312  1  -2  
15  48  29  10  361  312  1  -2  
15  48  29  17  361  312  1  -2  
15  48  29  24  361  312  1  -2  
15  48  29  32  361  312  1  -2  
15  48  29  41  361  312  1  -2  
15  48  29  49  361  312  1  -2  
15  48  29  57  361  312  1  -2  
15  48  29  67  361  312  1  -2  
15  48  29  74  361  312  1  -2  
15  48  29  82  361  312  1  -2  
15  48  29  91  361  312  1  -2  
15  48  29  99  361  312  1  -2  
15  48  29  110  361  312  1  -2  
15  48  29  116  361  312  1  -2  
15  48  29  127  361  312  1  -2  
15  48  29  133  366  312  1  -2  
15  48  29  141  376  312  1  -2  
15  48  29  150  388  312  1  -2  
15  48  29  159  401  312  1  -2  
15  48  29  167  416  312  1  -2  
15  48  29  174  433  312  1  -2  
15  48  29  183  446  312  1  -2  
15  48  29  193  458  312  1  -2  
15  48  29  200  468  312  1  -2  
15  48  29  210  473  312  1  -2  
15  48  29  217  475  312  1  -2  
15  48  29  227  475  312  1  -2  
15  48  29  233  475  312  1  -2  
15  48  29  244  475  312  1  -2  
15  48  29  250  478  312  1  -2  
15  48  29  261  478  312  1  -2  
15  48  29  267  487  312  1  -2  
15  48  29  279  497  312  2  -2  
15  48  29  284  515  312  2  -2  
15  48  29  294  541  314  2  -2  
15  48  29  301  582  325  2  -2  
15  48  29  310  622  335  2  -2  
15  48  29  318  653  345  2  -2  
15  48  29  327  660  346  2  -2  
15  48  29  335  662  347  2  -2  
15  48  29  343  662  347  2  -2  
15  48  29  349  660  347  2  -2  
15  48  29  361  653  347  2  -2  
15  48  29  367  638  347  2  -2  
15  48  29  378  617  345  2  -2  
15  48  29  386  582  341  2  -2  
15  48  29  395  582  341  2  -2  
15  48  29  402  557  341  2  -2  
15  48  29  412  553  341  2  -2  
15  48  29  418  551  341  2  -2  
15  48  29  428  551  341  2  -2  
15  48  29  436  551  341  2  -2  
15  48  29  443  551  341  2  -2  
15  48  29  452  551  341  2  -2  
15  48  29  463  549  341  2  -2  
15  48  29  471  548  341  2  -2  
15  48  29  481  547  340  2  -2  
15  48  29  490  546  339  2  -2  
15  48  29  498  545  339  2  -2  
15  48  29  507  545  339  2  -2  
15  48  29  516  544  339  2  -2  
15  48  29  525  542  339  2  -2  
15  48  29  533  540  339  2  -2  
15  48  29  543  537  339  2  -2  
15  48  29  551  535  339  2  -2  
15  48  29  561  532  339  2  -2  
15  48  29  568  530  339  2  -2  
15  48  29  579  527  339  2  -2  
15  48  29  587  510  339  2  -2  
15  48  29  595  495  339  2  -2  
15  48  29  603  482  339  2  -2  
15  48  29  612  464  339  2  -2  
15  48  29  620  447  339  2  -2  
15  48  29  628  431  339  2  -2  
15  48  29  636  414  339  2  -2  
15  48  29  645  401  339  2  -2  
15  48  29  652  389  338  3  -2  
15  48  29  661  382  337  3  -2  
15  48  29  669  377  337  3  -2  
15  48  29  678  375  336  3  -2  
15  48  29  685  372  336  3  -2  
15  48  29  694  369  334  3  -2  
15  48  29  702  366  334  3  -2  
15  48  29  711  362  333  3  -2  
15  48  29  718  359  333  3  -2  
15  48  29  728  357  333  3  -2  
15  48  29  736  354  333  3  -2  
15  48  29  744  353  333  3  -2  
15  48  29  753  353  333  3  -2  
15  48  29  761  353  333  3  -2  
15  48  29  768  353  333  3  -2  
15  48  29  778  353  333  3  -2  
15  48  29  786  353  333  3  -2  
15  48  29  795  353  333  3  -2  
15  48  29  802  353  333  3  -2  
15  48  29  811  353  333  3  -2  
15  48  29  818  353  333  3  -2  
15  48  29  828  353  333  3  -2  
15  48  29  836  353  333  3  -2  
15  48  29  845  352  332  3  -2  
15  48  29  853  352  332  3  -2  
15  48  29  861  352  332  3  -2  
15  48  29  869  352  332  3  -2  
15  48  29  879  352  332  3  -2  
15  48  29  887  352  332  3  -2  
15  48  29  896  355  331  3  -2  
15  48  29  903  360  331  3  -2  
15  48  29  914  365  331  3  -2  
15  48  30  922  384  331  3  -2  
15  48  30  931  394  331  3  -2  
15  48  30  942  402  331  3  -2  
15  48  30  950  414  331  3  -2  
15  48  30  962  427  331  3  -2  
15  48  30  970  462  331  3  -2  
15  48  30  980  486  331  3  -2  
15  48  30  988  510  331  4  -2  
15  48  30  997  538  331  4  -2  
15  48  30  1005  562  331  4  -2  
15  48  30  1014  580  331  4  -2  
15  48  30  1021  593  332  4  -2  
15  48  30  1030  600  332  4  -2  
15  48  30  1038  601  332  4  -2  
15  48  30  1047  601  332  4  -2  
15  48  30  1055  601  332  4  -2  
15  48  30  1062  601  332  4  -2  
15  48  30  1072  601  332  4  -2  
15  48  30  1079  601  332  4  -2  
15  48  30  1088  601  332  4  -2  
15  48  30  1097  601  332  4  -2  
15  48  30  1105  601  332  4  -2  
15  48  30  1113  601  332  4  -2  
15  48  30  1122  601  332  4  -2  
15  48  30  1131  601  332  4  -2  
15  48  30  1139  601  332  4  -2  
15  48  30  1147  601  332  4  -2  
15  48  30  1155  601  332  4  -2  
15  48  30  1164  601  332  4  -2  
15  48  30  1172  601  332  4  -2  
15  48  30  1181  601  332  4  -2  
15  48  30  1189  601  332  4  -2  
15  48  30  1197  601  332  4  -2  
15  48  30  1205  601  332  4  -2  
15  48  30  1214  601  332  4  -2  
15  48  30  1222  601  332  4  -2  
15  48  30  1230  601  332  4  -2  
15  48  30  1239  601  332  4  -2  
15  48  30  1249  601  332  4  -2  
15  48  30  1259  597  332  4  -2  
15  48  30  1268  578  332  4  -2  
15  48  30  1278  563  332  4  -2  
15  48  30  1285  548  332  4  -2  
15  48  30  1295  530  332  4  -2  
15  48  30  1301  514  332  4  -2  
15  48  30  1311  500  332  4  -2  
15  48  30  1318  487  332  4  -2  
15  48  30  1328  474  332  4  -2  
15  48  30  1336  462  332  4  -2  
15  48  30  1344  450  332  4  -2  
15  48  30  1353  440  332  4  -2  
15  48  30  1361  435  332  4  -2  
15  48  30  1369  427  332  4  -2  
15  48  30  1378  420  332  4  -2  
15  48  30  1386  409  329  4  -2  
15  48  30  1394  405  329  4  -2  
15  48  30  1403  403  329  4  -2  
15  48  30  1412  399  329  4  -2  
15  48  30  1422  398  329  4  -2  
15  48  30  1431  398  329  4  -2  
15  48  30  1441  398  329  4  -2  
15  48  30  1449  398  329  4  -2  
15  48  30  1460  398  329  4  -2  
15  48  30  1466  398  329  4  -2  
15  48  30  1475  398  329  4  -2  
15  48  30  1484  398  329  4  -2  
15  48  30  1493  398  329  4  -2  
15  48  30  1500  398  329  4  -2  
15  48  30  1509  398  329  4  -2  
15  48  30  1517  398  329  4  -2  
15  48  30  1526  398  329  4  -2  
15  48  30  1534  398  329  4  -2  
15  48  30  1543  398  329  4  -2  
15  48  30  1551  398  329  4  -2  
15  48  30  1561  398  329  4  -2  
15  48  30  1567  398  329  4  -2  
15  48  30  1578  398  329  4  -2  
15  48  30  1584  398  329  4  -2  
15  48  30  1593  398  329  4  -2  
15  48  30  1601  398  329  4  -2  
15  48  30  1611  398  329  4  -2  
15  48  30  1617  398  329  4  -2  
15  48  30  1628  398  329  4  -2  
