15  48  6  0  342  295  1  -2  
15  48  6  7  342  295  1  -2  
15  48  6  15  342  295  1  -2  
15  48  6  24  342  295  1  -2  
15  48  6  32  342  295  1  -2  
15  48  6  41  342  295  1  -2  
15  48  6  48  342  295  1  -2  
15  48  6  57  342  295  1  -2  
15  48  6  65  342  295  1  -2  
15  48  6  76  342  295  1  -2  
15  48  6  82  342  295  1  -2  
15  48  6  91  342  295  1  -2  
15  48  6  98  342  295  1  -2  
15  48  6  107  342  295  1  -2  
15  48  6  115  342  295  1  -2  
15  48  6  124  342  295  1  -2  
15  48  6  132  342  295  1  -2  
15  48  6  141  342  295  1  -2  
15  48  6  149  342  295  1  -2  
15  48  6  157  342  295  1  -2  
15  48  6  166  342  295  1  -2  
15  48  6  174  342  295  1  -2  
15  48  6  182  342  295  1  -2  
15  48  6  194  342  295  1  -2  
15  48  6  200  343  295  1  -2  
15  48  6  208  343  295  1  -2  
15  48  6  217  347  295  1  -2  
15  48  6  225  369  298  1  -2  
15  48  6  234  380  301  1  -2  
15  48  6  244  393  303  1  -2  
15  48  6  253  410  305  1  -2  
15  48  6  262  423  307  1  -2  
15  48  6  270  437  309  1  -2  
15  48  6  279  450  310  1  -2  
15  48  6  288  464  314  1  -2  
15  48  6  295  472  315  1  -2  
15  48  6  305  482  315  1  -2  
15  48  6  312  489  317  1  -2  
15  48  6  322  493  317  1  -2  
15  48  6  329  499  317  2  -2  
15  48  6  338  499  317  2  -2  
15  48  6  348  504  319  2  -2  
15  48  6  358  508  319  2  -2  
15  48  6  365  512  320  2  -2  
15  48  6  376  518  320  2  -2  
15  48  6  385  524  321  2  -2  
15  48  6  397  531  323  2  -2  
15  48  6  407  537  323  2  -2  
15  48  6  414  538  324  2  -2  
15  48  6  424  538  324  2  -2  
15  48  6  432  538  324  2  -2  
15  48  6  441  538  324  2  -2  
15  48  6  447  538  324  2  -2  
15  48  6  457  538  324  2  -2  
15  48  6  464  538  324  2  -2  
15  48  6  474  538  324  2  -2  
15  48  6  482  538  324  2  -2  
15  48  6  490  538  324  2  -2  
15  48  6  501  538  324  2  -2  
15  48  6  511  538  324  2  -2  
15  48  6  519  538  324  2  -2  
15  48  6  532  538  324  2  -2  
15  48  6  541  538  324  2  -2  
15  48  6  550  538  324  2  -2  
15  48  6  560  538  324  2  -2  
15  48  6  567  538  324  2  -2  
15  48  7  577  538  324  2  -2  
15  48  7  588  538  324  2  -2  
15  48  7  597  538  324  2  -2  
15  48  7  608  538  324  2  -2  
15  48  7  624  538  324  2  -2  
15  48  7  633  536  325  2  -2  
15  48  7  644  532  325  2  -2  
15  48  7  654  529  326  2  -2  
15  48  7  663  525  326  2  -2  
15  48  7  672  519  327  2  -2  
15  48  7  679  509  331  2  -2  
15  48  7  687  500  333  2  -2  
15  48  7  694  489  336  2  -2  
15  48  7  705  481  338  2  -2  
15  48  7  713  457  344  2  -2  
15  48  7  723  442  346  2  -2  
15  48  7  729  426  351  2  -2  
15  48  7  740  413  352  2  -2  
15  48  7  747  399  356  2  -2  
15  48  7  756  386  357  2  -2  
15  48  7  764  374  359  2  -2  
15  48  7  773  361  360  2  -2  
15  48  7  781  349  363  2  -2  
15  48  7  790  340  364  2  -2  
15  48  7  797  332  364  2  -2  
15  48  7  806  325  364  2  -2  
15  48  7  813  323  365  2  -2  
15  48  7  823  323  365  2  -2  
15  48  7  830  323  365  2  -2  
15  48  7  839  323  365  2  -2  
15  48  7  847  323  365  2  -2  
15  48  7  856  323  365  2  -2  
15  48  7  864  323  365  2  -2  
15  48  7  874  323  365  2  -2  
15  48  7  882  323  365  2  -2  
15  48  7  889  323  365  2  -2  
15  48  7  898  323  365  2  -2  
15  48  7  906  323  365  2  -2  
15  48  7  914  323  365  2  -2  
15  48  7  923  323  365  2  -2  
15  48  7  930  323  365  2  -2  
15  48  7  940  323  365  2  -2  
15  48  7  947  323  365  2  -2  
15  48  7  956  324  365  2  -2  
15  48  7  963  328  365  2  -2  
15  48  7  973  330  365  2  -2  
15  48  7  981  335  365  2  -2  
15  48  7  990  344  363  2  -2  
15  48  7  997  353  362  2  -2  
15  48  7  1006  366  361  2  -2  
15  48  7  1013  381  359  2  -2  
15  48  7  1023  402  356  2  -2  
15  48  7  1030  423  356  2  -2  
15  48  7  1039  439  356  2  -2  
15  48  7  1047  457  356  2  -2  
15  48  7  1056  472  356  2  -2  
15  48  7  1065  489  356  2  -2  
15  48  7  1074  504  356  2  -2  
15  48  7  1084  522  356  2  -2  
15  48  7  1093  525  356  2  -2  
15  48  7  1101  528  356  2  -2  
15  48  7  1110  529  356  2  -2  
15  48  7  1118  529  356  2  -2  
15  48  7  1125  529  356  2  -2  
15  48  7  1134  529  356  2  -2  
15  48  7  1142  529  356  2  -2  
15  48  7  1152  529  356  2  -2  
15  48  7  1160  529  356  2  -2  
15  48  7  1168  529  356  2  -2  
15  48  7  1177  529  356  2  -2  
15  48  7  1187  529  356  2  -2  
15  48  7  1193  529  356  2  -2  
15  48  7  1203  529  356  2  -2  
15  48  7  1211  529  356  2  -2  
15  48  7  1220  529  356  2  -2  
15  48  7  1226  529  356  2  -2  
15  48  7  1235  529  356  2  -2  
15  48  7  1243  529  356  2  -2  
15  48  7  1255  529  356  2  -2  
15  48  7  1264  529  356  2  -2  
15  48  7  1273  529  356  2  -2  
15  48  7  1281  529  356  2  -2  
15  48  7  1290  529  356  2  -2  
15  48  7  1297  529  356  2  -2  
15  48  7  1306  528  356  2  -2  
15  48  7  1313  524  356  2  -2  
15  48  7  1323  523  356  2  -2  
15  48  7  1331  520  355  2  -2  
15  48  7  1339  517  355  2  -2  
15  48  7  1347  513  354  2  -2  
15  48  7  1356  511  354  2  -2  
15  48  7  1364  508  354  2  -2  
15  48  7  1373  505  354  2  -2  
15  48  7  1380  500  354  2  -2  
15  48  7  1390  493  351  2  -2  
15  48  7  1397  488  351  2  -2  
15  48  7  1406  479  350  2  -2  
15  48  7  1414  472  349  2  -2  
15  48  7  1424  464  348  2  -2  
15  48  7  1432  454  348  2  -2  
15  48  7  1442  447  345  2  -2  
15  48  7  1454  428  343  2  -2  
15  48  7  1460  414  341  2  -2  
15  48  7  1469  402  339  2  -2  
15  48  7  1477  394  337  2  -2  
15  48  7  1486  382  337  3  -2  
15  48  7  1494  372  337  3  -2  
15  48  7  1504  367  337  3  -2  
15  48  7  1511  364  337  3  -2  
15  48  7  1520  362  337  3  -2  
15  48  7  1528  361  337  3  -2  
15  48  7  1537  360  337  3  -2  
15  48  7  1545  360  337  3  -2  
15  48  7  1554  360  337  3  -2  
15  48  7  1561  359  337  3  -2  
15  48  8  1574  357  337  3  -2  
15  48  8  1583  356  337  3  -2  
15  48  8  1592  355  337  3  -2  
15  48  8  1600  355  337  3  -2  
15  48  8  1610  355  337  3  -2  
15  48  8  1616  355  337  3  -2  
15  48  8  1626  355  337  3  -2  
15  48  8  1636  355  337  3  -2  
15  48  8  1642  355  337  3  -2  
15  48  8  1652  355  337  3  -2  
15  48  8  1660  355  337  3  -2  
15  48  8  1668  355  337  3  -2  
15  48  8  1675  355  337  3  -2  
15  48  8  1684  355  337  3  -2  
15  48  8  1693  355  337  3  -2  
15  48  8  1703  355  337  3  -2  
15  48  8  1710  355  337  3  -2  
15  48  8  1721  355  337  3  -2  
15  48  8  1728  355  337  3  -2  
15  48  8  1740  355  337  3  -2  
15  48  8  1748  355  337  3  -2  
15  48  8  1759  355  337  3  -2  
15  48  8  1766  355  337  3  -2  
15  48  8  1776  355  337  3  -2  
15  48  8  1784  355  337  3  -2  
15  48  8  1793  355  337  3  -2  
15  48  8  1803  355  337  3  -2  
15  48  8  1810  355  337  3  -2  
15  48  8  1820  355  337  3  -2  
15  48  8  1827  355  337  3  -2  
15  48  8  1837  355  337  3  -2  
15  48  8  1844  355  337  3  -2  
15  48  8  1855  355  337  3  -2  
15  48  8  1864  355  337  3  -2  
