11  5  59  0  356  317  1  -2  
11  5  59  8  356  317  1  -2  
11  5  59  17  356  317  1  -2  
11  5  59  25  356  317  1  -2  
11  5  59  32  356  317  1  -2  
11  5  59  42  356  317  1  -2  
11  5  59  50  356  317  1  -2  
11  5  59  60  356  317  1  -2  
11  5  59  70  356  317  1  -2  
11  5  59  81  356  317  1  -2  
11  5  59  89  356  317  1  -2  
11  5  59  100  356  317  1  -2  
11  5  59  108  356  317  1  -2  
11  5  59  118  356  317  1  -2  
11  5  59  126  356  317  1  -2  
11  5  59  135  356  317  1  -2  
11  5  59  142  356  317  1  -2  
11  6  0  153  356  317  1  -2  
11  6  0  163  356  317  1  -2  
11  6  0  170  356  317  1  -2  
11  6  0  179  356  317  1  -2  
11  6  0  186  356  317  1  -2  
11  6  0  196  356  317  1  -2  
11  6  0  205  356  317  1  -2  
11  6  0  213  356  317  1  -2  
11  6  0  219  356  317  1  -2  
11  6  0  230  356  317  1  -2  
11  6  0  237  356  317  1  -2  
11  6  0  248  356  317  1  -2  
11  6  0  255  356  317  1  -2  
11  6  0  265  356  317  1  -2  
11  6  0  273  356  317  1  -2  
11  6  0  280  356  317  1  -2  
11  6  0  288  356  317  1  -2  
11  6  0  298  356  317  1  -2  
11  6  0  306  356  317  1  -2  
11  6  0  316  356  317  1  -2  
11  6  0  322  356  317  1  -2  
11  6  0  331  356  317  1  -2  
11  6  0  339  358  317  1  -2  
11  6  0  348  361  317  1  -2  
11  6  0  356  364  317  1  -2  
11  6  0  365  367  317  1  -2  
11  6  0  373  371  317  1  -2  
11  6  0  381  374  317  1  -2  
11  6  0  390  379  317  1  -2  
11  6  0  398  385  319  1  -2  
11  6  0  406  387  319  1  -2  
11  6  0  416  392  319  1  -2  
11  6  0  424  399  319  1  -2  
11  6  0  431  404  319  1  -2  
11  6  0  440  409  319  1  -2  
11  6  0  448  414  319  1  -2  
11  6  0  457  419  319  1  -2  
11  6  0  466  423  319  1  -2  
11  6  0  474  428  319  1  -2  
11  6  0  481  432  319  1  -2  
11  6  0  489  434  319  1  -2  
11  6  0  498  438  319  1  -2  
11  6  0  506  441  318  1  -2  
11  6  0  515  442  318  1  -2  
11  6  0  523  445  318  1  -2  
11  6  0  531  447  318  1  -2  
11  6  0  540  449  317  1  -2  
11  6  0  548  450  317  1  -2  
11  6  0  555  453  317  1  -2  
11  6  0  565  453  317  1  -2  
11  6  0  573  455  317  1  -2  
11  6  0  581  457  317  1  -2  
11  6  0  589  459  317  1  -2  
11  6  0  599  462  317  1  -2  
11  6  0  607  463  317  1  -2  
11  6  0  616  468  317  1  -2  
11  6  0  624  470  317  1  -2  
11  6  0  631  474  317  1  -2  
11  6  0  640  476  317  1  -2  
11  6  0  648  481  317  1  -2  
11  6  0  657  484  317  1  -2  
11  6  0  666  489  317  1  -2  
11  6  0  674  494  317  1  -2  
11  6  0  684  500  317  2  -2  
11  6  0  695  505  317  2  -2  
11  6  0  702  510  317  2  -2  
11  6  0  712  514  317  2  -2  
11  6  0  720  519  315  2  -2  
11  6  0  727  521  315  2  -2  
11  6  0  736  521  315  2  -2  
11  6  0  746  524  314  2  -2  
11  6  0  753  525  314  2  -2  
11  6  0  762  526  314  2  -2  
11  6  0  770  526  314  2  -2  
11  6  0  777  527  313  2  -2  
11  6  0  785  527  313  2  -2  
11  6  0  796  527  313  2  -2  
11  6  0  803  527  313  2  -2  
11  6  0  812  527  313  2  -2  
11  6  0  818  527  313  2  -2  
11  6  0  828  527  313  2  -2  
11  6  0  835  527  313  2  -2  
11  6  0  845  527  313  2  -2  
11  6  0  851  527  313  2  -2  
11  6  0  862  527  313  2  -2  
11  6  0  869  527  313  2  -2  
11  6  0  879  527  313  2  -2  
11  6  0  886  527  313  2  -2  
11  6  0  894  527  313  2  -2  
11  6  0  903  527  313  2  -2  
11  6  0  912  527  313  2  -2  
11  6  0  920  527  313  2  -2  
11  6  0  929  527  313  2  -2  
11  6  0  937  527  313  2  -2  
11  6  0  946  527  313  2  -2  
11  6  0  954  527  313  2  -2  
11  6  0  962  523  312  2  -2  
11  6  0  970  517  309  2  -2  
11  6  0  980  509  308  2  -2  
11  6  0  987  500  308  2  -2  
11  6  0  996  488  307  2  -2  
11  6  0  1004  475  303  2  -2  
11  6  0  1016  460  303  2  -2  
11  6  0  1022  426  300  2  -2  
11  6  0  1031  426  300  2  -2  
11  6  0  1040  408  297  2  -2  
11  6  0  1050  374  294  3  -2  
11  6  0  1058  359  293  3  -2  
11  6  0  1069  343  293  3  -2  
11  6  0  1081  333  293  3  -2  
11  6  0  1088  309  289  3  -2  
11  6  0  1098  302  289  3  -2  
11  6  0  1105  298  288  3  -2  
11  6  0  1115  297  288  3  -2  
11  6  0  1123  295  288  3  -2  
11  6  0  1131  294  288  3  -2  
11  6  0  1139  294  288  3  -2  
11  6  1  1149  294  288  3  -2  
11  6  1  1156  294  288  3  -2  
11  6  1  1164  294  288  3  -2  
11  6  1  1172  294  288  3  -2  
11  6  1  1181  294  288  3  -2  
11  6  1  1188  294  288  3  -2  
11  6  1  1198  294  288  3  -2  
11  6  1  1206  294  288  3  -2  
11  6  1  1214  294  288  3  -2  
11  6  1  1222  294  288  3  -2  
11  6  1  1231  294  288  3  -2  
11  6  1  1239  294  288  3  -2  
11  6  1  1248  294  288  3  -2  
11  6  1  1256  294  288  3  -2  
11  6  1  1265  294  288  3  -2  
11  6  1  1274  294  288  3  -2  
11  6  1  1281  294  288  3  -2  
11  6  1  1290  294  288  3  -2  
11  6  1  1297  294  288  3  -2  
11  6  1  1307  294  288  3  -2  
11  6  1  1314  294  288  3  -2  
11  6  1  1324  294  288  3  -2  
11  6  1  1332  294  288  3  -2  
11  6  1  1340  295  288  3  -2  
11  6  1  1349  297  288  3  -2  
11  6  1  1358  298  288  3  -2  
11  6  1  1367  300  288  3  -2  
11  6  1  1375  302  290  3  -2  
11  6  1  1382  307  291  3  -2  
11  6  1  1392  307  291  3  -2  
11  6  1  1400  314  294  3  -2  
11  6  1  1408  316  294  3  -2  
11  6  1  1417  317  295  3  -2  
11  6  1  1429  320  295  3  -2  
11  6  1  1435  322  298  3  -2  
11  6  1  1443  324  298  3  -2  
11  6  1  1452  325  298  3  -2  
11  6  1  1460  327  298  3  -2  
11  6  1  1469  328  298  3  -2  
11  6  1  1477  329  299  3  -2  
11  6  1  1485  332  299  3  -2  
11  6  1  1496  336  300  3  -2  
11  6  1  1501  342  300  3  -2  
11  6  1  1510  342  300  3  -2  
11  6  1  1519  348  300  3  -2  
11  6  1  1529  353  301  3  -2  
11  6  1  1536  369  304  3  -2  
11  6  1  1546  376  305  3  -2  
11  6  1  1551  384  305  3  -2  
11  6  1  1560  394  307  3  -2  
11  6  1  1569  406  309  3  -2  
11  6  1  1580  417  311  3  -2  
11  6  1  1589  427  311  3  -2  
11  6  1  1600  440  312  3  -2  
11  6  1  1611  458  312  3  -2  
11  6  1  1621  467  312  3  -2  
11  6  1  1631  475  312  3  -2  
11  6  1  1642  478  312  3  -2  
11  6  1  1652  485  312  3  -2  
11  6  1  1663  486  312  3  -2  
11  6  1  1672  489  312  3  -2  
11  6  1  1682  494  312  3  -2  
11  6  1  1692  495  312  4  -2  
11  6  1  1702  498  312  4  -2  
11  6  1  1713  499  312  4  -2  
11  6  1  1721  503  312  4  -2  
11  6  1  1731  503  312  4  -2  
11  6  1  1737  506  312  4  -2  
11  6  1  1747  507  312  4  -2  
11  6  1  1754  507  312  4  -2  
11  6  1  1764  509  312  4  -2  
11  6  1  1771  509  312  4  -2  
11  6  1  1780  509  312  4  -2  
11  6  1  1788  510  312  4  -2  
11  6  1  1799  510  312  4  -2  
11  6  1  1806  510  312  4  -2  
11  6  1  1816  510  312  4  -2  
11  6  1  1824  510  312  4  -2  
11  6  1  1833  510  312  4  -2  
11  6  1  1841  510  312  4  -2  
11  6  1  1849  510  312  4  -2  
11  6  1  1858  510  312  4  -2  
11  6  1  1869  510  312  4  -2  
11  6  1  1882  510  312  4  -2  
11  6  1  1888  510  312  4  -2  
11  6  1  1898  510  312  4  -2  
11  6  1  1905  510  312  4  -2  
11  6  1  1913  510  312  4  -2  
11  6  1  1922  510  312  4  -2  
11  6  1  1930  510  312  4  -2  
11  6  1  1938  510  312  4  -2  
11  6  1  1949  510  312  4  -2  
11  6  1  1957  510  312  4  -2  
11  6  1  1966  510  312  4  -2  
11  6  1  1974  510  312  4  -2  
11  6  1  1983  511  312  4  -2  
11  6  1  1991  511  312  4  -2  
11  6  1  2000  511  312  4  -2  
11  6  1  2010  511  312  4  -2  
11  6  1  2018  511  312  4  -2  
11  6  1  2025  511  312  4  -2  
11  6  1  2033  511  312  4  -2  
11  6  1  2042  511  312  4  -2  
11  6  1  2051  511  312  4  -2  
11  6  1  2058  511  312  4  -2  
11  6  1  2068  511  312  4  -2  
11  6  1  2080  511  312  4  -2  
11  6  1  2089  511  312  4  -2  
11  6  1  2098  509  312  4  -2  
11  6  1  2106  506  312  4  -2  
11  6  1  2115  502  312  4  -2  
11  6  1  2123  500  312  4  -2  
11  6  1  2132  496  312  4  -2  
11  6  1  2139  488  312  4  -2  
11  6  2  2147  479  309  4  -2  
11  6  2  2156  471  308  4  -2  
11  6  2  2164  459  307  4  -2  
11  6  2  2173  445  303  4  -2  
11  6  2  2182  432  301  4  -2  
11  6  2  2190  417  297  4  -2  
11  6  2  2199  402  296  4  -2  
