15  50  24  0  354  321  1  -2  
15  50  24  8  354  321  1  -2  
15  50  24  17  354  321  1  -2  
15  50  24  24  354  321  1  -2  
15  50  24  33  354  321  1  -2  
15  50  24  41  354  321  1  -2  
15  50  24  50  354  321  1  -2  
15  50  24  58  354  321  1  -2  
15  50  24  68  354  321  1  -2  
15  50  24  76  354  321  1  -2  
15  50  24  83  354  321  1  -2  
15  50  24  93  354  321  1  -2  
15  50  24  101  354  321  1  -2  
15  50  24  109  355  322  1  -2  
15  50  24  118  358  322  1  -2  
15  50  24  125  362  322  1  -2  
15  50  24  134  367  322  1  -2  
15  50  24  141  374  322  1  -2  
15  50  24  150  379  322  1  -2  
15  50  24  158  385  322  1  -2  
15  50  24  168  392  322  1  -2  
15  50  24  174  399  322  1  -2  
15  50  24  183  403  322  1  -2  
15  50  24  191  408  322  1  -2  
15  50  24  199  409  322  1  -2  
15  50  24  208  411  322  1  -2  
15  50  24  218  412  322  1  -2  
15  50  24  226  414  322  1  -2  
15  50  24  233  415  322  1  -2  
15  50  24  241  418  322  1  -2  
15  50  24  249  420  322  1  -2  
15  50  24  258  425  322  1  -2  
15  50  24  268  433  322  1  -2  
15  50  24  275  448  322  1  -2  
15  50  24  284  458  322  1  -2  
15  50  24  292  463  322  1  -2  
15  50  24  300  465  322  1  -2  
15  50  24  308  465  322  1  -2  
15  50  24  318  465  322  1  -2  
15  50  24  325  465  322  1  -2  
15  50  24  334  465  322  1  -2  
15  50  24  342  465  322  1  -2  
15  50  24  350  465  322  1  -2  
15  50  24  360  467  322  1  -2  
15  50  24  368  467  322  1  -2  
15  50  24  375  470  322  1  -2  
15  50  24  384  476  322  1  -2  
15  50  24  392  483  322  1  -2  
15  50  24  401  491  323  1  -2  
15  50  24  409  503  325  2  -2  
15  50  24  418  509  327  2  -2  
15  50  24  427  513  327  2  -2  
15  50  24  434  513  327  2  -2  
15  50  24  443  513  327  2  -2  
15  50  24  450  513  327  2  -2  
15  50  24  459  513  327  2  -2  
15  50  24  468  513  327  2  -2  
15  50  24  476  513  327  2  -2  
15  50  24  484  513  327  2  -2  
15  50  24  493  513  327  2  -2  
15  50  24  501  513  327  2  -2  
15  50  24  509  513  327  2  -2  
15  50  24  518  513  327  2  -2  
15  50  24  526  513  327  2  -2  
15  50  24  534  513  327  2  -2  
15  50  24  542  513  327  2  -2  
15  50  24  550  513  327  2  -2  
15  50  24  559  513  327  2  -2  
15  50  24  567  513  327  2  -2  
15  50  24  576  513  327  2  -2  
15  50  24  584  513  327  2  -2  
15  50  24  593  513  327  2  -2  
15  50  25  600  513  327  2  -2  
15  50  25  609  513  327  2  -2  
15  50  25  617  513  327  2  -2  
15  50  25  625  513  327  2  -2  
15  50  25  635  513  327  2  -2  
15  50  25  643  513  327  2  -2  
15  50  25  652  513  327  2  -2  
15  50  25  659  513  327  2  -2  
15  50  25  667  513  327  2  -2  
15  50  25  677  513  327  2  -2  
15  50  25  685  512  327  2  -2  
15  50  25  693  510  327  2  -2  
15  50  25  701  505  327  2  -2  
15  50  25  709  498  327  2  -2  
15  50  25  718  491  327  2  -2  
15  50  25  728  481  327  2  -2  
15  50  25  735  469  327  2  -2  
15  50  25  743  456  327  2  -2  
15  50  25  751  445  327  2  -2  
15  50  25  759  431  327  2  -2  
15  50  25  767  420  327  2  -2  
15  50  25  777  410  327  2  -2  
15  50  25  784  401  327  2  -2  
15  50  25  792  396  327  3  -2  
15  50  25  801  391  327  3  -2  
15  50  25  810  386  327  3  -2  
15  50  25  817  378  327  3  -2  
15  50  25  827  378  327  3  -2  
15  50  25  834  374  327  3  -2  
15  50  25  842  374  327  3  -2  
15  50  25  851  373  327  3  -2  
15  50  25  860  373  327  3  -2  
15  50  25  867  373  327  3  -2  
15  50  25  876  373  327  3  -2  
15  50  25  885  373  327  3  -2  
15  50  25  893  373  327  3  -2  
15  50  25  901  373  327  3  -2  
15  50  25  908  373  327  3  -2  
15  50  25  917  373  327  3  -2  
15  50  25  927  373  327  3  -2  
15  50  25  934  373  327  3  -2  
15  50  25  943  373  327  3  -2  
15  50  25  951  373  327  3  -2  
15  50  25  960  373  327  3  -2  
15  50  25  968  373  327  3  -2  
15  50  25  977  373  327  3  -2  
15  50  25  987  373  327  3  -2  
15  50  25  993  373  327  3  -2  
15  50  25  1001  373  327  3  -2  
15  50  25  1009  373  327  3  -2  
15  50  25  1017  373  327  3  -2  
15  50  25  1027  373  327  3  -2  
15  50  25  1035  373  327  3  -2  
15  50  25  1042  373  327  3  -2  
15  50  25  1051  373  327  3  -2  
15  50  25  1059  374  327  3  -2  
15  50  25  1069  381  327  3  -2  
15  50  25  1078  389  327  3  -2  
15  50  25  1086  398  327  3  -2  
15  50  25  1093  413  327  3  -2  
15  50  25  1103  431  329  3  -2  
15  50  25  1110  452  333  3  -2  
15  50  25  1118  477  335  3  -2  
15  50  25  1127  494  339  3  -2  
15  50  25  1137  511  342  4  -2  
15  50  25  1144  524  343  4  -2  
15  50  25  1153  532  346  4  -2  
15  50  25  1160  537  347  4  -2  
15  50  25  1168  538  347  4  -2  
15  50  25  1177  538  347  4  -2  
15  50  25  1186  538  347  4  -2  
15  50  25  1196  538  347  4  -2  
15  50  25  1201  538  347  4  -2  
15  50  25  1210  538  347  4  -2  
15  50  25  1220  538  347  4  -2  
15  50  25  1228  538  347  4  -2  
15  50  25  1236  538  347  4  -2  
15  50  25  1243  538  347  4  -2  
15  50  25  1254  538  347  4  -2  
15  50  25  1260  538  347  4  -2  
15  50  25  1268  538  347  4  -2  
15  50  25  1277  538  347  4  -2  
15  50  25  1286  538  347  4  -2  
15  50  25  1293  536  347  4  -2  
15  50  25  1303  534  347  4  -2  
15  50  25  1310  532  347  4  -2  
15  50  25  1318  532  347  4  -2  
15  50  25  1328  531  347  4  -2  
15  50  25  1336  531  347  4  -2  
15  50  25  1344  530  347  4  -2  
15  50  25  1353  530  347  4  -2  
15  50  25  1361  529  347  4  -2  
15  50  25  1369  528  347  4  -2  
15  50  25  1377  527  347  4  -2  
15  50  25  1387  527  347  4  -2  
15  50  25  1393  523  346  4  -2  
15  50  25  1403  523  346  4  -2  
15  50  25  1411  518  346  4  -2  
15  50  25  1420  516  346  4  -2  
15  50  25  1428  513  346  4  -2  
15  50  25  1437  509  345  4  -2  
15  50  25  1444  508  345  4  -2  
15  50  25  1454  505  345  4  -2  
15  50  25  1462  502  345  4  -2  
15  50  25  1471  499  345  4  -2  
15  50  25  1478  492  345  4  -2  
15  50  25  1488  482  345  4  -2  
15  50  25  1496  472  345  4  -2  
15  50  25  1505  461  345  4  -2  
15  50  25  1510  446  345  4  -2  
15  50  25  1521  431  345  4  -2  
15  50  25  1529  416  345  4  -2  
15  50  25  1538  401  345  4  -2  
15  50  25  1546  391  345  4  -2  
15  50  25  1555  386  345  4  -2  
15  50  25  1562  385  344  4  -2  
15  50  25  1572  385  344  4  -2  
15  50  25  1579  385  344  4  -2  
15  50  25  1588  385  344  4  -2  
15  50  25  1596  385  344  4  -2  
15  50  26  1605  385  344  4  -2  
15  50  26  1612  385  344  4  -2  
15  50  26  1622  385  344  4  -2  
15  50  26  1629  385  344  4  -2  
15  50  26  1640  385  344  4  -2  
15  50  26  1647  385  344  4  -2  
15  50  26  1657  385  344  4  -2  
15  50  26  1664  385  344  4  -2  
15  50  26  1671  385  344  4  -2  
15  50  26  1681  385  344  4  -2  
15  50  26  1690  385  344  4  -2  
15  50  26  1697  385  344  4  -2  
15  50  26  1706  385  344  4  -2  
15  50  26  1713  385  344  4  -2  
15  50  26  1723  385  344  4  -2  
15  50  26  1729  385  344  4  -2  
15  50  26  1740  385  344  4  -2  
15  50  26  1747  385  344  4  -2  
15  50  26  1757  385  344  4  -2  
15  50  26  1764  385  344  4  -2  
15  50  26  1773  385  344  4  -2  
15  50  26  1781  385  344  4  -2  
15  50  26  1790  385  344  4  -2  
15  50  26  1798  385  344  4  -2  
15  50  26  1807  385  344  4  -2  
15  50  26  1813  385  344  4  -2  
15  50  26  1823  385  344  4  -2  
15  50  26  1829  385  344  4  -2  
15  50  26  1840  385  344  4  -2  
15  50  26  1847  385  344  4  -2  
15  50  26  1856  385  344  4  -2  
15  50  26  1864  385  344  4  -2  
15  50  26  1873  385  344  4  -2  
15  50  26  1880  385  344  4  -2  
15  50  26  1890  385  344  4  -2  
15  50  26  1897  385  344  4  -2  
15  50  26  1906  385  344  4  -2  
15  50  26  1913  385  344  4  -2  
15  50  26  1923  385  344  4  -2  
15  50  26  1929  385  344  4  -2  
15  50  26  1940  385  344  4  -2  
15  50  26  1947  385  344  4  -2  
15  50  26  1956  385  344  4  -2  
15  50  26  1963  385  344  4  -2  
15  50  26  1973  385  344  4  -2  
15  50  26  1980  385  344  4  -2  
15  50  26  1990  385  344  4  -2  
15  50  26  1997  385  344  4  -2  
15  50  26  2007  385  344  4  -2  
15  50  26  2014  386  344  4  -2  
15  50  26  2023  389  344  4  -2  
15  50  26  2030  392  344  4  -2  
15  50  26  2040  394  344  4  -2  
15  50  26  2047  398  344  4  -2  
15  50  26  2056  403  344  4  -2  
15  50  26  2065  410  344  4  -2  
15  50  26  2073  420  344  4  -2  
15  50  26  2080  429  345  4  -2  
15  50  26  2090  439  347  4  -2  
15  50  26  2097  446  348  4  -2  
15  50  26  2107  455  350  4  -2  
15  50  26  2114  463  350  4  -2  
15  50  26  2123  463  350  4  -2  
15  50  26  2130  468  350  4  -2  
15  50  26  2140  468  350  4  -2  
15  50  26  2146  472  350  4  -2  
15  50  26  2157  472  350  4  -2  
15  50  26  2164  475  350  4  -2  
15  50  26  2173  476  350  4  -2  
15  50  26  2181  480  350  4  -2  
15  50  26  2190  485  350  4  -2  
15  50  26  2197  490  350  4  -2  
15  50  26  2207  497  350  4  -2  
15  50  26  2214  500  350  4  -2  
15  50  26  2223  501  350  4  -2  
15  50  26  2230  503  350  4  -2  
15  50  26  2240  503  350  4  -2  
15  50  26  2248  503  350  4  -2  
15  50  26  2256  503  350  4  -2  
15  50  26  2263  503  350  4  -2  
15  50  26  2272  503  350  4  -2  
15  50  26  2279  503  350  4  -2  
15  50  26  2289  503  350  4  -2  
15  50  26  2296  503  350  4  -2  
15  50  26  2305  503  350  4  -2  
15  50  26  2314  503  350  4  -2  
15  50  26  2323  503  350  4  -2  
15  50  26  2330  503  350  4  -2  
15  50  26  2339  503  350  4  -2  
15  50  26  2347  503  350  4  -2  
15  50  26  2357  503  350  4  -2  
15  50  26  2366  503  350  4  -2  
15  50  26  2375  503  350  4  -2  
15  50  26  2384  503  350  4  -2  
15  50  26  2392  503  350  4  -2  
15  50  26  2402  503  350  4  -2  
15  50  26  2410  503  350  4  -2  
15  50  26  2419  503  350  4  -2  
15  50  26  2426  503  350  4  -2  
