12  0  44  0  370  342  1  -2  
12  0  44  6  370  342  1  -2  
12  0  44  16  370  342  1  -2  
12  0  44  24  370  342  1  -2  
12  0  44  33  370  342  1  -2  
12  0  44  40  370  342  1  -2  
12  0  44  49  370  342  1  -2  
12  0  44  56  370  342  1  -2  
12  0  44  66  370  342  1  -2  
12  0  44  73  370  342  1  -2  
12  0  44  83  370  342  1  -2  
12  0  44  90  370  342  1  -2  
12  0  45  99  370  342  1  -2  
12  0  45  106  370  342  1  -2  
12  0  45  117  370  342  1  -2  
12  0  45  124  370  342  1  -2  
12  0  45  132  370  342  1  -2  
12  0  45  140  370  342  1  -2  
12  0  45  149  370  342  1  -2  
12  0  45  155  370  342  1  -2  
12  0  45  166  370  342  1  -2  
12  0  45  173  370  342  1  -2  
12  0  45  182  370  342  1  -2  
12  0  45  190  370  342  1  -2  
12  0  45  199  370  342  1  -2  
12  0  45  206  370  342  1  -2  
12  0  45  216  370  342  1  -2  
12  0  45  223  370  342  1  -2  
12  0  45  232  370  342  1  -2  
12  0  45  240  370  342  1  -2  
12  0  45  249  371  342  1  -2  
12  0  45  255  372  342  1  -2  
12  0  45  266  372  342  1  -2  
12  0  45  273  373  342  1  -2  
12  0  45  283  373  342  1  -2  
12  0  45  290  375  342  1  -2  
12  0  45  299  379  342  1  -2  
12  0  45  307  385  342  1  -2  
12  0  45  317  390  342  1  -2  
12  0  45  324  397  342  1  -2  
12  0  45  333  402  342  1  -2  
12  0  45  339  411  342  1  -2  
12  0  45  349  413  342  1  -2  
12  0  45  357  417  342  1  -2  
12  0  45  366  421  342  1  -2  
12  0  45  374  426  342  1  -2  
12  0  45  383  428  342  1  -2  
12  0  45  390  430  342  1  -2  
12  0  45  399  433  342  1  -2  
12  0  45  406  437  342  1  -2  
12  0  45  416  440  342  1  -2  
12  0  45  424  445  342  1  -2  
12  0  45  432  451  342  1  -2  
12  0  45  440  457  342  1  -2  
12  0  45  449  462  342  1  -2  
12  0  45  457  468  342  1  -2  
12  0  45  466  476  342  1  -2  
12  0  45  473  479  342  1  -2  
12  0  45  483  484  342  1  -2  
12  0  45  490  485  342  1  -2  
12  0  45  499  486  342  1  -2  
12  0  45  506  488  342  1  -2  
12  0  45  516  488  342  1  -2  
12  0  45  525  488  342  1  -2  
12  0  45  533  488  342  1  -2  
12  0  45  540  489  342  1  -2  
12  0  45  549  490  342  1  -2  
12  0  45  557  492  341  1  -2  
12  0  45  566  495  339  1  -2  
12  0  45  574  495  339  1  -2  
12  0  45  583  498  338  1  -2  
12  0  45  590  499  338  1  -2  
12  0  45  599  500  338  1  -2  
12  0  45  607  503  338  2  -2  
12  0  45  616  504  337  2  -2  
12  0  45  624  504  337  2  -2  
12  0  45  632  507  336  2  -2  
12  0  45  640  508  335  2  -2  
12  0  45  649  508  335  2  -2  
12  0  45  657  508  335  2  -2  
12  0  45  666  509  334  2  -2  
12  0  45  673  509  334  2  -2  
12  0  45  682  510  334  2  -2  
12  0  45  690  511  334  2  -2  
12  0  45  699  512  334  2  -2  
12  0  45  707  515  333  2  -2  
12  0  45  717  515  333  2  -2  
12  0  45  725  517  331  2  -2  
12  0  45  732  517  331  2  -2  
12  0  45  740  517  331  2  -2  
12  0  45  749  517  331  2  -2  
12  0  45  757  517  331  2  -2  
12  0  45  766  517  331  2  -2  
12  0  45  775  517  331  2  -2  
12  0  45  783  517  331  2  -2  
12  0  45  790  517  331  2  -2  
12  0  45  799  517  331  2  -2  
12  0  45  807  517  331  2  -2  
12  0  45  816  517  331  2  -2  
12  0  45  823  517  331  2  -2  
12  0  45  832  517  331  2  -2  
12  0  45  840  517  331  2  -2  
12  0  45  849  517  331  2  -2  
12  0  45  857  517  331  2  -2  
12  0  45  866  517  331  2  -2  
12  0  45  874  517  331  2  -2  
12  0  45  882  517  331  2  -2  
12  0  45  890  517  331  2  -2  
12  0  45  899  517  331  2  -2  
12  0  45  906  517  331  2  -2  
12  0  45  916  517  331  2  -2  
12  0  45  922  517  331  2  -2  
12  0  45  932  517  331  2  -2  
12  0  45  940  517  331  2  -2  
12  0  45  949  517  331  2  -2  
12  0  45  956  517  331  2  -2  
12  0  45  966  517  331  2  -2  
12  0  45  974  517  331  2  -2  
12  0  45  981  517  331  2  -2  
12  0  45  991  517  331  2  -2  
12  0  45  998  517  331  2  -2  
12  0  45  1006  517  331  2  -2  
12  0  45  1015  517  331  2  -2  
12  0  45  1023  517  331  2  -2  
12  0  45  1032  517  331  2  -2  
12  0  45  1039  517  331  2  -2  
12  0  45  1048  517  331  2  -2  
12  0  45  1056  517  331  2  -2  
12  0  45  1065  516  331  2  -2  
12  0  45  1073  516  331  2  -2  
12  0  45  1081  516  331  2  -2  
12  0  45  1089  516  331  2  -2  
12  0  46  1098  516  331  2  -2  
12  0  46  1106  515  331  2  -2  
12  0  46  1115  514  331  2  -2  
12  0  46  1124  514  331  2  -2  
12  0  46  1131  513  331  2  -2  
12  0  46  1141  512  331  2  -2  
12  0  46  1149  511  331  2  -2  
12  0  46  1157  510  331  2  -2  
12  0  46  1165  509  331  2  -2  
12  0  46  1174  507  331  2  -2  
12  0  46  1183  505  332  2  -2  
12  0  46  1190  503  332  2  -2  
12  0  46  1199  500  332  2  -2  
12  0  46  1207  499  332  2  -2  
12  0  46  1216  495  333  2  -2  
12  0  46  1225  491  333  2  -2  
12  0  46  1232  489  333  2  -2  
12  0  46  1241  483  335  2  -2  
12  0  46  1248  478  336  2  -2  
12  0  46  1257  473  336  2  -2  
12  0  46  1265  469  337  2  -2  
12  0  46  1273  462  337  2  -2  
12  0  46  1285  457  337  2  -2  
12  0  46  1290  447  337  2  -2  
12  0  46  1299  441  337  2  -2  
12  0  46  1308  438  337  2  -2  
12  0  46  1316  433  337  2  -2  
12  0  46  1325  429  337  2  -2  
12  0  46  1334  424  338  2  -2  
12  0  46  1341  422  338  2  -2  
12  0  46  1349  418  338  2  -2  
12  0  46  1357  414  340  2  -2  
12  0  46  1365  411  341  2  -2  
12  0  46  1375  407  342  2  -2  
12  0  46  1384  405  342  2  -2  
12  0  46  1391  404  342  2  -2  
12  0  46  1398  400  342  2  -2  
12  0  46  1408  397  342  2  -2  
12  0  46  1417  394  342  2  -2  
12  0  46  1425  392  342  2  -2  
12  0  46  1434  390  342  2  -2  
12  0  46  1441  388  342  2  -2  
12  0  46  1450  387  342  3  -2  
12  0  46  1458  386  342  3  -2  
12  0  46  1466  386  342  3  -2  
12  0  46  1475  386  342  3  -2  
12  0  46  1484  385  342  3  -2  
12  0  46  1491  384  342  3  -2  
12  0  46  1501  384  342  3  -2  
12  0  46  1508  383  342  3  -2  
12  0  46  1516  382  342  3  -2  
12  0  46  1525  380  342  3  -2  
12  0  46  1534  378  342  3  -2  
12  0  46  1541  377  342  3  -2  
12  0  46  1550  375  342  3  -2  
12  0  46  1558  372  341  3  -2  
12  0  46  1567  370  341  3  -2  
12  0  46  1575  367  340  3  -2  
12  0  46  1584  365  340  3  -2  
12  0  46  1591  363  340  3  -2  
12  0  46  1600  362  340  3  -2  
12  0  46  1608  362  340  3  -2  
12  0  46  1616  362  340  3  -2  
12  0  46  1625  362  340  3  -2  
12  0  46  1634  361  339  3  -2  
12  0  46  1641  361  339  3  -2  
12  0  46  1651  361  339  3  -2  
12  0  46  1659  361  339  3  -2  
12  0  46  1667  361  339  3  -2  
12  0  46  1675  361  339  3  -2  
12  0  46  1684  361  339  3  -2  
12  0  46  1691  361  339  3  -2  
12  0  46  1700  361  339  3  -2  
12  0  46  1708  361  339  3  -2  
12  0  46  1716  361  339  3  -2  
12  0  46  1725  361  339  3  -2  
12  0  46  1734  361  339  3  -2  
12  0  46  1741  362  339  3  -2  
12  0  46  1750  367  339  3  -2  
12  0  46  1758  372  339  3  -2  
12  0  46  1766  379  339  3  -2  
12  0  46  1775  386  339  3  -2  
12  0  46  1784  397  339  3  -2  
12  0  46  1791  409  339  3  -2  
12  0  46  1800  421  339  3  -2  
12  0  46  1808  435  339  3  -2  
12  0  46  1817  450  339  3  -2  
12  0  46  1825  464  339  3  -2  
12  0  46  1834  480  339  3  -2  
12  0  46  1841  497  339  3  -2  
12  0  46  1851  512  339  4  -2  
12  0  46  1858  540  339  4  -2  
12  0  46  1867  540  339  4  -2  
12  0  46  1875  559  341  4  -2  
12  0  46  1884  567  341  4  -2  
12  0  46  1891  570  342  4  -2  
12  0  46  1900  572  342  4  -2  
12  0  46  1908  572  342  4  -2  
12  0  46  1916  572  342  4  -2  
12  0  46  1925  572  342  4  -2  
12  0  46  1934  572  342  4  -2  
12  0  46  1941  572  342  4  -2  
12  0  46  1950  572  342  4  -2  
12  0  46  1958  572  342  4  -2  
12  0  46  1966  572  342  4  -2  
12  0  46  1975  572  342  4  -2  
12  0  46  1984  572  342  4  -2  
12  0  46  1993  572  342  4  -2  
12  0  46  2000  572  342  4  -2  
12  0  46  2008  572  342  4  -2  
12  0  46  2016  572  342  4  -2  
12  0  46  2026  572  342  4  -2  
12  0  46  2034  572  342  4  -2  
12  0  46  2042  572  342  4  -2  
12  0  46  2050  569  342  4  -2  
12  0  46  2058  566  342  4  -2  
12  0  46  2067  562  342  4  -2  
12  0  46  2076  549  342  4  -2  
12  0  46  2084  542  342  4  -2  
12  0  47  2092  530  342  4  -2  
12  0  47  2101  522  342  4  -2  
12  0  47  2108  510  342  4  -2  
12  0  47  2117  499  342  4  -2  
12  0  47  2126  490  342  4  -2  
12  0  47  2135  479  342  4  -2  
12  0  47  2143  472  342  4  -2  
12  0  47  2150  462  341  4  -2  
12  0  47  2158  453  340  4  -2  
12  0  47  2167  445  340  4  -2  
12  0  47  2175  439  340  4  -2  
12  0  47  2184  437  340  4  -2  
12  0  47  2193  433  340  4  -2  
12  0  47  2201  432  340  4  -2  
12  0  47  2210  431  340  4  -2  
12  0  47  2219  431  340  4  -2  
12  0  47  2227  430  340  4  -2  
12  0  47  2234  429  340  4  -2  
12  0  47  2243  427  340  4  -2  
12  0  47  2251  424  340  4  -2  
12  0  47  2259  416  340  4  -2  
12  0  47  2267  416  340  4  -2  
12  0  47  2276  410  340  4  -2  
12  0  47  2284  399  340  4  -2  
12  0  47  2294  393  339  4  -2  
