12  1  0  0  359  327  1  -2  
12  1  0  7  359  327  1  -2  
12  1  0  16  359  327  1  -2  
12  1  0  25  359  327  1  -2  
12  1  0  33  359  327  1  -2  
12  1  0  41  359  327  1  -2  
12  1  0  50  359  327  1  -2  
12  1  0  58  359  327  1  -2  
12  1  0  66  359  327  1  -2  
12  1  0  75  359  327  1  -2  
12  1  0  83  359  327  1  -2  
12  1  0  91  359  327  1  -2  
12  1  0  100  359  327  1  -2  
12  1  0  110  359  327  1  -2  
12  1  0  116  359  327  1  -2  
12  1  0  125  359  327  1  -2  
12  1  0  133  359  327  1  -2  
12  1  0  141  359  327  1  -2  
12  1  0  150  359  327  1  -2  
12  1  0  157  359  327  1  -2  
12  1  0  166  359  327  1  -2  
12  1  0  175  359  327  1  -2  
12  1  0  183  359  327  1  -2  
12  1  0  191  359  327  1  -2  
12  1  0  199  359  327  1  -2  
12  1  0  209  359  327  1  -2  
12  1  0  215  359  327  1  -2  
12  1  0  226  359  327  1  -2  
12  1  0  232  359  327  1  -2  
12  1  0  240  359  327  1  -2  
12  1  0  249  359  327  1  -2  
12  1  0  258  360  327  1  -2  
12  1  0  265  362  327  1  -2  
12  1  0  275  363  327  1  -2  
12  1  0  282  366  327  1  -2  
12  1  0  290  369  327  1  -2  
12  1  0  300  371  327  1  -2  
12  1  0  308  379  327  1  -2  
12  1  0  315  382  327  1  -2  
12  1  0  323  386  327  1  -2  
12  1  0  332  386  327  1  -2  
12  1  0  340  396  327  1  -2  
12  1  0  350  401  327  1  -2  
12  1  0  359  404  327  1  -2  
12  1  0  366  412  327  1  -2  
12  1  0  375  417  327  1  -2  
12  1  0  382  424  327  1  -2  
12  1  0  390  431  327  1  -2  
12  1  0  400  436  329  1  -2  
12  1  0  408  442  329  1  -2  
12  1  0  415  447  330  1  -2  
12  1  0  425  451  330  1  -2  
12  1  0  432  455  330  1  -2  
12  1  0  440  456  330  1  -2  
12  1  0  449  459  330  1  -2  
12  1  0  458  460  330  1  -2  
12  1  0  465  461  330  1  -2  
12  1  0  475  463  330  1  -2  
12  1  0  482  463  330  1  -2  
12  1  0  490  465  330  1  -2  
12  1  0  498  466  330  1  -2  
12  1  0  508  469  330  1  -2  
12  1  0  516  472  330  1  -2  
12  1  0  523  473  330  1  -2  
12  1  0  532  473  330  1  -2  
12  1  0  541  475  330  1  -2  
12  1  0  550  476  330  1  -2  
12  1  0  559  477  330  1  -2  
12  1  0  566  478  330  1  -2  
12  1  0  575  479  330  1  -2  
12  1  0  582  482  330  1  -2  
12  1  0  591  484  330  1  -2  
12  1  0  600  489  330  1  -2  
12  1  0  609  493  330  1  -2  
12  1  0  616  496  330  1  -2  
12  1  0  625  499  330  2  -2  
12  1  0  632  502  330  2  -2  
12  1  0  641  503  330  2  -2  
12  1  0  650  507  330  2  -2  
12  1  0  658  510  330  2  -2  
12  1  0  666  510  330  2  -2  
12  1  0  675  511  330  2  -2  
12  1  0  682  512  330  2  -2  
12  1  0  690  512  330  2  -2  
12  1  0  700  513  330  2  -2  
12  1  0  708  513  330  2  -2  
12  1  0  715  513  330  2  -2  
12  1  0  725  513  330  2  -2  
12  1  0  732  514  330  2  -2  
12  1  0  741  514  330  2  -2  
12  1  0  749  514  330  2  -2  
12  1  0  760  514  330  2  -2  
12  1  0  766  514  330  2  -2  
12  1  0  775  514  330  2  -2  
12  1  0  783  514  330  2  -2  
12  1  0  791  515  330  2  -2  
12  1  0  800  515  330  2  -2  
12  1  0  808  515  330  2  -2  
12  1  0  815  515  330  2  -2  
12  1  0  825  515  330  2  -2  
12  1  0  832  515  330  2  -2  
12  1  1  841  515  330  2  -2  
12  1  1  850  515  330  2  -2  
12  1  1  858  515  330  2  -2  
12  1  1  868  515  330  2  -2  
12  1  1  875  515  330  2  -2  
12  1  1  884  515  330  2  -2  
12  1  1  892  515  330  2  -2  
12  1  1  900  515  330  2  -2  
12  1  1  909  515  330  2  -2  
12  1  1  916  515  330  2  -2  
12  1  1  927  508  330  2  -2  
12  1  1  935  502  330  2  -2  
12  1  1  943  495  330  2  -2  
12  1  1  950  487  330  2  -2  
12  1  1  960  475  330  2  -2  
12  1  1  966  462  330  2  -2  
12  1  1  977  452  330  2  -2  
12  1  1  983  443  330  2  -2  
12  1  1  993  435  330  2  -2  
12  1  1  1000  431  330  2  -2  
12  1  1  1008  427  330  2  -2  
12  1  1  1016  427  330  2  -2  
12  1  1  1027  425  330  2  -2  
12  1  1  1034  425  330  2  -2  
12  1  1  1044  424  330  2  -2  
12  1  1  1050  424  330  2  -2  
12  1  1  1062  424  330  2  -2  
12  1  1  1069  423  330  2  -2  
12  1  1  1078  421  330  2  -2  
12  1  1  1084  419  330  2  -2  
12  1  1  1094  415  330  2  -2  
12  1  1  1100  411  330  2  -2  
12  1  1  1112  408  329  2  -2  
12  1  1  1118  405  329  2  -2  
12  1  1  1128  402  328  2  -2  
12  1  1  1134  401  328  2  -2  
12  1  1  1144  399  328  2  -2  
12  1  1  1151  398  328  2  -2  
12  1  1  1161  397  328  3  -2  
12  1  1  1168  397  328  3  -2  
12  1  1  1177  397  328  3  -2  
12  1  1  1184  397  328  3  -2  
12  1  1  1194  396  328  3  -2  
12  1  1  1200  395  328  3  -2  
12  1  1  1211  395  328  3  -2  
12  1  1  1219  391  328  3  -2  
12  1  1  1228  386  328  3  -2  
12  1  1  1234  374  328  3  -2  
12  1  1  1244  374  328  3  -2  
12  1  1  1251  363  325  3  -2  
12  1  1  1262  363  325  3  -2  
12  1  1  1269  359  325  3  -2  
12  1  1  1278  358  325  3  -2  
12  1  1  1284  358  325  3  -2  
12  1  1  1294  358  325  3  -2  
12  1  1  1300  358  325  3  -2  
12  1  1  1311  358  325  3  -2  
12  1  1  1318  358  325  3  -2  
12  1  1  1328  358  325  3  -2  
12  1  1  1334  357  325  3  -2  
12  1  1  1344  357  325  3  -2  
12  1  1  1351  357  325  3  -2  
12  1  1  1361  357  325  3  -2  
12  1  1  1369  357  325  3  -2  
12  1  1  1378  357  325  3  -2  
12  1  1  1384  357  325  3  -2  
12  1  1  1394  357  325  3  -2  
12  1  1  1402  357  325  3  -2  
12  1  1  1411  357  325  3  -2  
12  1  1  1419  357  325  3  -2  
12  1  1  1429  357  325  3  -2  
12  1  1  1435  357  325  3  -2  
12  1  1  1444  357  325  3  -2  
12  1  1  1451  357  325  3  -2  
12  1  1  1461  357  325  3  -2  
12  1  1  1469  357  325  3  -2  
12  1  1  1477  357  325  3  -2  
12  1  1  1485  357  325  3  -2  
12  1  1  1494  357  325  3  -2  
12  1  1  1501  357  325  3  -2  
12  1  1  1511  357  325  3  -2  
12  1  1  1520  357  325  3  -2  
12  1  1  1527  357  325  3  -2  
12  1  1  1535  357  325  3  -2  
12  1  1  1544  357  325  3  -2  
12  1  1  1551  357  325  3  -2  
12  1  1  1561  357  325  3  -2  
12  1  1  1568  357  325  3  -2  
12  1  1  1578  357  325  3  -2  
12  1  1  1585  357  325  3  -2  
12  1  1  1594  357  325  3  -2  
12  1  1  1601  357  325  3  -2  
12  1  1  1611  357  325  3  -2  
12  1  1  1619  357  325  3  -2  
12  1  1  1628  357  325  3  -2  
12  1  1  1635  357  325  3  -2  
12  1  1  1644  357  325  3  -2  
12  1  1  1651  357  325  3  -2  
12  1  1  1661  357  325  3  -2  
12  1  1  1669  357  325  3  -2  
12  1  1  1679  357  325  3  -2  
12  1  1  1688  357  325  3  -2  
12  1  1  1696  357  325  3  -2  
12  1  1  1706  357  325  3  -2  
12  1  1  1715  357  325  3  -2  
12  1  1  1725  357  325  3  -2  
12  1  1  1731  357  325  3  -2  
12  1  1  1740  357  325  3  -2  
12  1  1  1746  358  324  3  -2  
12  1  1  1757  358  324  3  -2  
12  1  1  1764  358  324  3  -2  
12  1  1  1772  358  324  3  -2  
12  1  1  1781  358  324  3  -2  
12  1  1  1792  358  324  3  -2  
12  1  1  1799  358  324  3  -2  
12  1  1  1808  358  324  3  -2  
12  1  1  1815  358  324  3  -2  
12  1  1  1824  358  324  3  -2  
12  1  1  1831  358  324  3  -2  
12  1  2  1840  358  324  3  -2  
12  1  2  1847  358  324  3  -2  
12  1  2  1856  358  324  3  -2  
12  1  2  1864  358  324  3  -2  
12  1  2  1875  358  324  3  -2  
12  1  2  1881  358  324  3  -2  
12  1  2  1891  358  324  3  -2  
12  1  2  1899  358  324  3  -2  
12  1  2  1906  358  324  3  -2  
12  1  2  1914  358  324  3  -2  
12  1  2  1922  358  324  3  -2  
12  1  2  1933  358  324  3  -2  
12  1  2  1942  359  324  3  -2  
12  1  2  1949  362  324  3  -2  
12  1  2  1957  362  324  3  -2  
12  1  2  1963  365  324  3  -2  
12  1  2  1973  368  324  3  -2  
12  1  2  1981  371  324  3  -2  
12  1  2  1990  375  324  3  -2  
12  1  2  1998  380  324  3  -2  
12  1  2  2006  387  324  3  -2  
12  1  2  2014  392  324  3  -2  
12  1  2  2023  397  324  3  -2  
12  1  2  2030  401  324  3  -2  
12  1  2  2041  406  324  3  -2  
12  1  2  2048  410  324  3  -2  
12  1  2  2058  413  324  3  -2  
12  1  2  2064  420  324  3  -2  
12  1  2  2071  426  324  3  -2  
12  1  2  2079  433  324  3  -2  
12  1  2  2091  442  324  3  -2  
12  1  2  2098  445  324  3  -2  
12  1  2  2106  450  324  3  -2  
12  1  2  2113  453  324  3  -2  
12  1  2  2124  455  324  3  -2  
12  1  2  2130  457  324  3  -2  
12  1  2  2140  457  324  3  -2  
12  1  2  2148  460  324  3  -2  
12  1  2  2157  462  324  3  -2  
12  1  2  2163  467  324  3  -2  
12  1  2  2174  472  324  3  -2  
12  1  2  2181  479  324  3  -2  
12  1  2  2191  487  323  3  -2  
12  1  2  2198  492  323  3  -2  
12  1  2  2207  497  323  4  -2  
12  1  2  2214  500  322  4  -2  
12  1  2  2223  504  322  4  -2  
12  1  2  2230  506  320  4  -2  
12  1  2  2240  506  320  4  -2  
12  1  2  2248  507  320  4  -2  
12  1  2  2256  508  320  4  -2  
12  1  2  2263  510  320  4  -2  
12  1  2  2273  512  320  4  -2  
12  1  2  2280  516  319  4  -2  
12  1  2  2291  523  319  4  -2  
12  1  2  2298  548  319  4  -2  
12  1  2  2306  548  319  4  -2  
12  1  2  2313  559  319  4  -2  
12  1  2  2324  568  319  4  -2  
12  1  2  2330  577  319  4  -2  
12  1  2  2341  577  319  4  -2  
12  1  2  2348  578  318  4  -2  
12  1  2  2358  578  318  4  -2  
12  1  2  2364  578  318  4  -2  
12  1  2  2375  577  317  4  -2  
12  1  2  2382  572  315  4  -2  
12  1  2  2391  562  313  4  -2  
12  1  2  2399  551  310  4  -2  
12  1  2  2408  541  309  4  -2  
12  1  2  2416  529  307  4  -2  
12  1  2  2424  519  307  4  -2  
12  1  2  2432  509  306  4  -2  
12  1  2  2441  502  306  4  -2  
12  1  2  2449  497  306  4  -2  
12  1  2  2458  493  306  4  -2  
12  1  2  2465  492  306  4  -2  
12  1  2  2474  489  306  4  -2  
12  1  2  2480  488  306  4  -2  
12  1  2  2491  488  306  4  -2  
12  1  2  2499  485  306  4  -2  
12  1  2  2508  485  306  4  -2  
12  1  2  2514  484  306  4  -2  
12  1  2  2524  484  306  4  -2  
12  1  2  2531  482  306  4  -2  
12  1  2  2541  480  306  4  -2  
12  1  2  2549  475  308  4  -2  
12  1  2  2558  472  308  4  -2  
12  1  2  2565  469  308  4  -2  
12  1  2  2574  467  309  4  -2  
12  1  2  2581  459  311  4  -2  
12  1  2  2592  450  311  4  -2  
12  1  2  2598  440  313  4  -2  
12  1  2  2608  427  314  4  -2  
12  1  2  2614  417  314  4  -2  
12  1  2  2624  403  314  4  -2  
