15  50  8  0  345  307  1  -2  
15  50  8  7  345  307  1  -2  
15  50  8  17  345  307  1  -2  
15  50  8  24  345  307  1  -2  
15  50  8  33  345  307  1  -2  
15  50  8  42  345  307  1  -2  
15  50  8  51  345  307  1  -2  
15  50  8  58  345  307  1  -2  
15  50  8  68  345  307  1  -2  
15  50  8  76  345  307  1  -2  
15  50  8  84  345  307  1  -2  
15  50  8  93  345  307  1  -2  
15  50  8  101  345  307  1  -2  
15  50  8  109  345  307  1  -2  
15  50  8  118  345  307  1  -2  
15  50  8  126  345  307  1  -2  
15  50  8  133  345  307  1  -2  
15  50  8  143  345  307  1  -2  
15  50  8  152  346  308  1  -2  
15  50  8  160  348  308  1  -2  
15  50  8  169  353  308  1  -2  
15  50  8  177  357  308  1  -2  
15  50  8  186  362  308  1  -2  
15  50  8  194  372  308  1  -2  
15  50  8  202  372  308  1  -2  
15  50  8  211  378  308  1  -2  
15  50  8  219  388  308  1  -2  
15  50  8  229  393  308  1  -2  
15  50  8  237  396  308  1  -2  
15  50  8  248  398  308  1  -2  
15  50  8  253  400  308  1  -2  
15  50  8  262  400  308  1  -2  
15  50  8  273  401  308  1  -2  
15  50  8  281  402  308  1  -2  
15  50  8  289  405  308  1  -2  
15  50  8  300  408  308  1  -2  
15  50  8  307  420  307  1  -2  
15  50  8  316  427  307  1  -2  
15  50  8  324  433  307  1  -2  
15  50  8  333  440  307  1  -2  
15  50  8  341  446  306  1  -2  
15  50  8  350  448  306  1  -2  
15  50  8  357  450  305  1  -2  
15  50  9  366  450  305  1  -2  
15  50  9  375  450  305  1  -2  
15  50  9  383  450  305  1  -2  
15  50  9  390  450  305  1  -2  
15  50  9  401  450  305  1  -2  
15  50  9  408  451  304  1  -2  
15  50  9  417  453  304  1  -2  
15  50  9  425  460  305  1  -2  
15  50  9  434  476  307  1  -2  
15  50  9  444  500  312  2  -2  
15  50  9  453  556  321  2  -2  
15  50  9  460  571  322  2  -2  
15  50  9  470  576  322  2  -2  
15  50  9  478  577  322  2  -2  
15  50  9  487  577  322  2  -2  
15  50  9  494  577  322  2  -2  
15  50  9  503  576  322  2  -2  
15  50  9  511  575  322  2  -2  
15  50  9  519  572  322  2  -2  
15  50  9  527  568  322  2  -2  
15  50  9  536  567  322  2  -2  
15  50  9  545  566  322  2  -2  
15  50  9  552  564  322  2  -2  
15  50  9  562  564  322  2  -2  
15  50  9  570  562  322  2  -2  
15  50  9  581  559  322  2  -2  
15  50  9  588  553  321  2  -2  
15  50  9  598  550  321  2  -2  
15  50  9  605  546  320  2  -2  
15  50  9  615  541  320  2  -2  
15  50  9  622  538  319  2  -2  
15  50  9  632  534  319  2  -2  
15  50  9  637  533  319  2  -2  
15  50  9  649  532  319  2  -2  
15  50  9  656  531  319  2  -2  
15  50  9  666  530  319  2  -2  
15  50  9  674  525  319  2  -2  
15  50  9  682  523  319  2  -2  
15  50  9  689  518  319  2  -2  
15  50  9  700  513  319  2  -2  
15  50  9  707  508  319  2  -2  
15  50  9  717  499  319  2  -2  
15  50  9  725  487  319  2  -2  
15  50  9  734  476  319  2  -2  
15  50  9  742  463  319  2  -2  
15  50  9  750  451  319  2  -2  
15  50  9  759  441  319  2  -2  
15  50  9  768  431  319  2  -2  
15  50  9  776  424  319  2  -2  
15  50  9  785  419  319  2  -2  
15  50  9  792  416  319  2  -2  
15  50  9  801  414  319  2  -2  
15  50  9  809  408  318  2  -2  
15  50  9  818  404  318  2  -2  
15  50  9  829  399  316  3  -2  
15  50  9  837  389  316  3  -2  
15  50  9  846  380  313  3  -2  
15  50  9  853  372  313  3  -2  
15  50  9  864  363  310  3  -2  
15  50  9  871  362  310  3  -2  
15  50  9  881  362  310  3  -2  
15  50  9  888  361  310  3  -2  
15  50  9  898  361  310  3  -2  
15  50  9  905  361  310  3  -2  
15  50  9  915  361  310  3  -2  
15  50  9  922  361  310  3  -2  
15  50  9  931  361  310  3  -2  
15  50  9  937  361  310  3  -2  
15  50  9  949  361  310  3  -2  
15  50  9  956  361  310  3  -2  
15  50  9  966  361  310  3  -2  
15  50  9  973  361  310  3  -2  
15  50  9  983  361  310  3  -2  
15  50  9  991  361  310  3  -2  
15  50  9  1000  361  310  3  -2  
15  50  9  1008  361  310  3  -2  
15  50  9  1017  361  310  3  -2  
15  50  9  1025  361  310  3  -2  
15  50  9  1032  362  310  3  -2  
15  50  9  1040  363  310  3  -2  
15  50  9  1050  366  310  3  -2  
15  50  9  1058  371  310  3  -2  
15  50  9  1067  377  310  3  -2  
15  50  9  1075  388  311  3  -2  
15  50  9  1082  404  315  3  -2  
15  50  9  1092  420  316  3  -2  
15  50  9  1100  439  319  3  -2  
15  50  9  1108  458  322  3  -2  
15  50  9  1116  477  325  3  -2  
15  50  9  1126  496  327  3  -2  
15  50  9  1135  509  329  4  -2  
15  50  9  1143  519  331  4  -2  
15  50  9  1151  529  331  4  -2  
15  50  9  1160  533  331  4  -2  
15  50  9  1168  534  331  4  -2  
15  50  9  1177  534  331  4  -2  
15  50  9  1185  534  331  4  -2  
15  50  9  1194  534  331  4  -2  
15  50  9  1203  534  331  4  -2  
15  50  9  1213  534  331  4  -2  
15  50  9  1219  534  331  4  -2  
15  50  9  1231  534  331  4  -2  
15  50  9  1239  534  331  4  -2  
15  50  9  1248  534  331  4  -2  
15  50  9  1256  534  331  4  -2  
15  50  9  1266  534  331  4  -2  
15  50  9  1272  534  331  4  -2  
15  50  9  1282  534  331  4  -2  
15  50  9  1290  534  331  4  -2  
15  50  9  1300  534  331  4  -2  
15  50  9  1308  534  331  4  -2  
15  50  9  1316  534  331  4  -2  
15  50  9  1326  534  331  4  -2  
15  50  9  1333  534  331  4  -2  
15  50  9  1343  534  331  4  -2  
15  50  9  1352  534  331  4  -2  
15  50  10  1361  534  331  4  -2  
15  50  10  1369  534  331  4  -2  
15  50  10  1380  534  331  4  -2  
15  50  10  1389  529  331  4  -2  
15  50  10  1398  518  330  4  -2  
15  50  10  1405  511  329  4  -2  
15  50  10  1416  501  329  4  -2  
15  50  10  1423  486  329  4  -2  
15  50  10  1433  472  329  4  -2  
15  50  10  1442  453  329  4  -2  
15  50  10  1451  428  329  4  -2  
15  50  10  1459  418  329  4  -2  
15  50  10  1468  407  329  4  -2  
15  50  10  1477  400  329  4  -2  
15  50  10  1485  390  329  5  -2  
15  50  10  1494  383  329  5  -2  
15  50  10  1503  375  329  5  -2  
15  50  10  1512  371  329  5  -2  
15  50  10  1526  367  329  5  -2  
15  50  10  1534  367  329  5  -2  
15  50  10  1542  367  329  5  -2  
15  50  10  1551  367  329  5  -2  
15  50  10  1560  367  329  5  -2  
15  50  10  1567  367  329  5  -2  
15  50  10  1576  367  329  5  -2  
15  50  10  1585  367  329  5  -2  
15  50  10  1593  367  329  5  -2  
15  50  10  1602  367  329  5  -2  
15  50  10  1613  367  329  5  -2  
15  50  10  1620  367  329  5  -2  
15  50  10  1630  367  329  5  -2  
15  50  10  1638  367  329  5  -2  
15  50  10  1646  367  329  5  -2  
15  50  10  1653  367  329  5  -2  
15  50  10  1661  367  328  5  -2  
15  50  10  1669  367  328  5  -2  
15  50  10  1681  368  328  5  -2  
15  50  10  1688  369  328  5  -2  
15  50  10  1697  371  328  5  -2  
15  50  10  1705  372  328  5  -2  
15  50  10  1716  374  328  5  -2  
15  50  10  1723  376  328  5  -2  
15  50  10  1732  379  328  5  -2  
15  50  10  1741  380  328  5  -2  
15  50  10  1751  382  326  5  -2  
15  50  10  1760  386  326  5  -2  
15  50  10  1768  388  326  5  -2  
15  50  10  1778  393  326  5  -2  
15  50  10  1786  402  326  5  -2  
15  50  10  1794  442  327  5  -2  
15  50  10  1802  442  327  5  -2  
15  50  10  1810  483  337  5  -2  
15  50  10  1819  534  351  5  -2  
15  50  10  1830  612  364  5  -2  
15  50  10  1836  635  367  5  -2  
15  50  10  1846  650  370  5  -2  
15  50  10  1855  653  370  5  -2  
15  50  10  1866  653  370  5  -2  
15  50  10  1874  654  370  5  -2  
15  50  10  1884  654  370  5  -2  
15  50  10  1891  654  370  5  -2  
15  50  10  1901  654  370  5  -2  
15  50  10  1909  654  370  5  -2  
15  50  10  1920  651  370  5  -2  
15  50  10  1929  651  370  5  -2  
15  50  10  1937  648  370  5  -2  
15  50  10  1946  647  370  5  -2  
15  50  10  1954  642  370  5  -2  
15  50  10  1965  640  370  5  -2  
15  50  10  1974  639  370  5  -2  
15  50  10  1984  638  370  5  -2  
15  50  10  1994  638  370  5  -2  
15  50  10  2004  635  370  5  -2  
15  50  10  2015  634  370  5  -2  
15  50  10  2024  634  370  5  -2  
15  50  10  2035  631  369  5  -2  
15  50  10  2045  627  367  5  -2  
15  50  10  2055  626  367  5  -2  
15  50  10  2065  625  367  5  -2  
15  50  10  2075  624  367  5  -2  
