11  7  57  0  375  316  1  -2  
11  7  57  8  375  316  1  -2  
11  7  58  15  375  316  1  -2  
11  7  58  24  375  316  1  -2  
11  7  58  32  375  316  1  -2  
11  7  58  41  375  316  1  -2  
11  7  58  49  375  316  1  -2  
11  7  58  58  375  316  1  -2  
11  7  58  66  375  316  1  -2  
11  7  58  74  375  316  1  -2  
11  7  58  83  375  316  1  -2  
11  7  58  92  375  316  1  -2  
11  7  58  100  375  316  1  -2  
11  7  58  108  375  316  1  -2  
11  7  58  116  375  316  1  -2  
11  7  58  124  375  316  1  -2  
11  7  58  133  375  316  1  -2  
11  7  58  141  377  316  1  -2  
11  7  58  150  382  316  1  -2  
11  7  58  158  387  316  1  -2  
11  7  58  166  394  314  1  -2  
11  7  58  174  403  314  1  -2  
11  7  58  182  409  314  1  -2  
11  7  58  191  416  314  1  -2  
11  7  58  201  430  314  1  -2  
11  7  58  209  437  314  1  -2  
11  7  58  216  443  314  1  -2  
11  7  58  225  448  314  1  -2  
11  7  58  234  452  314  1  -2  
11  7  58  241  459  314  1  -2  
11  7  58  250  464  314  1  -2  
11  7  58  258  467  314  1  -2  
11  7  58  266  471  314  1  -2  
11  7  58  274  473  314  1  -2  
11  7  58  282  475  314  1  -2  
11  7  58  291  477  314  1  -2  
11  7  58  300  478  314  1  -2  
11  7  58  308  478  314  1  -2  
11  7  58  316  478  314  1  -2  
11  7  58  324  478  314  1  -2  
11  7  58  332  479  314  1  -2  
11  7  58  342  479  314  1  -2  
11  7  58  350  481  314  1  -2  
11  7  58  357  484  314  1  -2  
11  7  58  367  484  315  1  -2  
11  7  58  374  486  315  1  -2  
11  7  58  382  489  315  1  -2  
11  7  58  391  492  315  1  -2  
11  7  58  400  494  315  1  -2  
11  7  58  408  496  315  2  -2  
11  7  58  417  496  315  2  -2  
11  7  58  426  496  315  2  -2  
11  7  58  433  497  315  2  -2  
11  7  58  441  497  315  2  -2  
11  7  58  450  497  315  2  -2  
11  7  58  459  497  315  2  -2  
11  7  58  466  497  315  2  -2  
11  7  58  473  497  315  2  -2  
11  7  58  482  498  315  2  -2  
11  7  58  490  500  315  2  -2  
11  7  58  499  500  315  2  -2  
11  7  58  506  504  315  2  -2  
11  7  58  516  504  315  2  -2  
11  7  58  523  505  315  2  -2  
11  7  58  532  506  315  2  -2  
11  7  58  540  506  315  2  -2  
11  7  58  548  506  315  2  -2  
11  7  58  557  506  315  2  -2  
11  7  58  566  506  315  2  -2  
11  7  58  573  506  315  2  -2  
11  7  58  582  506  315  2  -2  
11  7  58  591  506  315  2  -2  
11  7  58  598  507  315  2  -2  
11  7  58  607  507  315  2  -2  
11  7  58  615  507  315  2  -2  
11  7  58  623  507  315  2  -2  
11  7  58  632  507  315  2  -2  
11  7  58  641  507  315  2  -2  
11  7  58  649  507  315  2  -2  
11  7  58  657  507  315  2  -2  
11  7  58  666  507  315  2  -2  
11  7  58  673  507  315  2  -2  
11  7  58  682  507  315  2  -2  
11  7  58  690  507  315  2  -2  
11  7  58  699  507  315  2  -2  
11  7  58  707  507  315  2  -2  
11  7  58  715  507  315  2  -2  
11  7  58  724  507  315  2  -2  
11  7  58  732  507  315  2  -2  
11  7  58  741  507  315  2  -2  
11  7  58  749  507  315  2  -2  
11  7  58  757  507  315  2  -2  
11  7  58  766  507  315  2  -2  
11  7  58  773  507  315  2  -2  
11  7  58  783  507  315  2  -2  
11  7  58  791  507  315  2  -2  
11  7  58  799  507  315  2  -2  
11  7  58  809  507  315  2  -2  
11  7  58  816  507  315  2  -2  
11  7  58  824  507  315  2  -2  
11  7  58  832  507  315  2  -2  
11  7  58  841  507  315  2  -2  
11  7  58  849  507  315  2  -2  
11  7  58  857  507  315  2  -2  
11  7  58  865  507  315  2  -2  
11  7  58  874  507  315  2  -2  
11  7  58  884  507  315  2  -2  
11  7  58  891  507  315  2  -2  
11  7  58  900  507  315  2  -2  
11  7  58  909  507  315  2  -2  
11  7  58  917  507  315  2  -2  
11  7  58  925  505  315  2  -2  
11  7  58  933  502  315  2  -2  
11  7  58  941  500  315  2  -2  
11  7  58  950  496  315  2  -2  
11  7  58  959  491  315  2  -2  
11  7  58  966  479  315  2  -2  
11  7  58  974  479  315  2  -2  
11  7  58  983  474  315  2  -2  
11  7  58  991  465  315  2  -2  
11  7  58  999  460  315  2  -2  
11  7  58  1008  455  315  2  -2  
11  7  59  1017  450  315  2  -2  
11  7  59  1025  445  315  2  -2  
11  7  59  1032  438  315  2  -2  
11  7  59  1040  434  315  2  -2  
11  7  59  1050  429  315  2  -2  
11  7  59  1059  424  315  2  -2  
11  7  59  1066  417  315  2  -2  
11  7  59  1074  412  315  2  -2  
11  7  59  1083  407  315  2  -2  
11  7  59  1091  402  315  2  -2  
11  7  59  1099  397  315  3  -2  
11  7  59  1109  391  315  3  -2  
11  7  59  1116  386  315  3  -2  
11  7  59  1123  382  315  3  -2  
11  7  59  1133  379  315  3  -2  
11  7  59  1141  376  315  3  -2  
11  7  59  1150  372  315  3  -2  
11  7  59  1159  372  315  3  -2  
11  7  59  1166  368  315  3  -2  
11  7  59  1175  368  315  3  -2  
11  7  59  1183  365  315  3  -2  
11  7  59  1192  365  315  3  -2  
11  7  59  1199  365  315  3  -2  
11  7  59  1209  365  315  3  -2  
11  7  59  1216  365  315  3  -2  
11  7  59  1225  365  315  3  -2  
11  7  59  1233  365  315  3  -2  
11  7  59  1240  365  315  3  -2  
11  7  59  1250  365  315  3  -2  
11  7  59  1259  365  315  3  -2  
11  7  59  1266  365  315  3  -2  
11  7  59  1275  365  315  3  -2  
11  7  59  1283  365  315  3  -2  
11  7  59  1292  365  315  3  -2  
11  7  59  1299  365  315  3  -2  
11  7  59  1308  365  315  3  -2  
11  7  59  1316  365  315  3  -2  
11  7  59  1325  365  315  3  -2  
11  7  59  1333  365  315  3  -2  
11  7  59  1343  365  315  3  -2  
11  7  59  1351  365  315  3  -2  
11  7  59  1360  365  315  3  -2  
11  7  59  1368  365  315  3  -2  
11  7  59  1375  365  315  3  -2  
11  7  59  1383  365  315  3  -2  
11  7  59  1392  365  315  3  -2  
11  7  59  1400  365  315  3  -2  
11  7  59  1409  365  315  3  -2  
11  7  59  1416  365  315  3  -2  
11  7  59  1425  365  315  3  -2  
11  7  59  1433  365  315  3  -2  
11  7  59  1442  365  315  3  -2  
11  7  59  1450  365  315  3  -2  
11  7  59  1459  365  315  3  -2  
11  7  59  1466  365  315  3  -2  
11  7  59  1474  365  315  3  -2  
11  7  59  1483  368  315  3  -2  
11  7  59  1492  373  315  3  -2  
11  7  59  1500  379  315  3  -2  
11  7  59  1509  388  315  3  -2  
11  7  59  1516  399  315  3  -2  
11  7  59  1525  411  319  3  -2  
11  7  59  1533  423  319  3  -2  
11  7  59  1542  433  321  3  -2  
11  7  59  1550  445  322  3  -2  
11  7  59  1559  459  325  3  -2  
11  7  59  1566  479  327  3  -2  
11  7  59  1576  479  327  3  -2  
11  7  59  1583  500  331  4  -2  
11  7  59  1591  508  332  4  -2  
11  7  59  1601  517  334  4  -2  
11  7  59  1610  526  337  4  -2  
11  7  59  1618  531  339  4  -2  
11  7  59  1626  538  340  4  -2  
11  7  59  1634  540  340  4  -2  
11  7  59  1643  544  340  4  -2  
11  7  59  1650  546  340  4  -2  
11  7  59  1659  547  340  4  -2  
11  7  59  1668  547  340  4  -2  
11  7  59  1675  548  340  4  -2  
11  7  59  1684  548  340  4  -2  
11  7  59  1692  548  340  4  -2  
11  7  59  1701  548  340  4  -2  
11  7  59  1709  548  340  4  -2  
11  7  59  1717  548  340  4  -2  
11  7  59  1725  548  340  4  -2  
11  7  59  1733  548  340  4  -2  
11  7  59  1741  548  340  4  -2  
11  7  59  1750  548  340  4  -2  
11  7  59  1758  548  340  4  -2  
11  7  59  1768  548  340  4  -2  
11  7  59  1775  548  340  4  -2  
11  7  59  1783  548  340  4  -2  
11  7  59  1791  548  340  4  -2  
11  7  59  1800  548  340  4  -2  
11  7  59  1809  548  340  4  -2  
11  7  59  1818  548  340  4  -2  
11  7  59  1825  548  340  4  -2  
11  7  59  1833  548  340  4  -2  
11  7  59  1842  548  340  4  -2  
11  7  59  1851  548  340  4  -2  
11  7  59  1859  546  340  4  -2  
11  7  59  1870  543  340  4  -2  
11  7  59  1876  538  340  4  -2  
11  7  59  1884  531  338  4  -2  
11  7  59  1893  519  336  4  -2  
11  7  59  1900  505  334  4  -2  
11  7  59  1910  490  330  4  -2  
11  7  59  1918  473  327  4  -2  
11  7  59  1926  456  323  4  -2  
11  7  59  1934  438  322  4  -2  
11  7  59  1944  423  320  4  -2  
