11  7  51  0  374  310  1  -2  
11  7  51  9  374  310  1  -2  
11  7  51  16  374  310  1  -2  
11  7  51  25  374  310  1  -2  
11  7  51  33  374  310  1  -2  
11  7  51  43  374  310  1  -2  
11  7  51  49  374  310  1  -2  
11  7  51  60  374  310  1  -2  
11  7  51  67  374  310  1  -2  
11  7  51  74  374  310  1  -2  
11  7  51  84  374  310  1  -2  
11  7  51  92  374  310  1  -2  
11  7  51  99  374  310  1  -2  
11  7  51  109  374  310  1  -2  
11  7  51  117  374  310  1  -2  
11  7  51  127  374  310  1  -2  
11  7  51  133  374  310  1  -2  
11  7  51  142  374  310  1  -2  
11  7  51  149  374  310  1  -2  
11  7  51  159  374  310  1  -2  
11  7  51  167  374  310  1  -2  
11  7  51  174  374  310  1  -2  
11  7  51  183  374  310  1  -2  
11  7  51  193  375  310  1  -2  
11  7  51  200  378  310  1  -2  
11  7  51  209  381  310  1  -2  
11  7  51  217  385  310  1  -2  
11  7  51  225  388  310  1  -2  
11  7  51  233  392  310  1  -2  
11  7  51  244  397  310  1  -2  
11  7  51  251  409  310  1  -2  
11  7  51  260  414  310  1  -2  
11  7  51  267  421  310  1  -2  
11  7  51  277  426  310  1  -2  
11  7  51  285  435  311  1  -2  
11  7  51  294  440  313  1  -2  
11  7  51  300  447  313  1  -2  
11  7  51  311  454  313  1  -2  
11  7  51  317  459  313  1  -2  
11  7  51  327  464  313  1  -2  
11  7  51  334  471  313  1  -2  
11  7  51  343  476  315  1  -2  
11  7  51  351  482  316  1  -2  
11  7  51  359  487  316  1  -2  
11  7  51  367  495  316  2  -2  
11  7  51  377  501  317  2  -2  
11  7  51  383  505  318  2  -2  
11  7  51  393  507  318  2  -2  
11  7  51  400  511  318  2  -2  
11  7  51  409  513  318  2  -2  
11  7  51  417  515  318  2  -2  
11  7  51  427  517  319  2  -2  
11  7  51  434  519  320  2  -2  
11  7  51  445  519  320  2  -2  
11  7  51  451  519  320  2  -2  
11  7  51  461  520  320  2  -2  
11  7  51  468  520  320  2  -2  
11  7  51  479  520  320  2  -2  
11  7  51  486  520  320  2  -2  
11  7  51  495  520  320  2  -2  
11  7  51  502  520  320  2  -2  
11  7  51  510  520  320  2  -2  
11  7  51  519  521  320  2  -2  
11  7  51  527  521  320  2  -2  
11  7  51  536  521  320  2  -2  
11  7  51  545  521  320  2  -2  
11  7  51  552  521  320  2  -2  
11  7  51  561  521  320  2  -2  
11  7  51  569  521  320  2  -2  
11  7  51  578  521  320  2  -2  
11  7  51  586  521  320  2  -2  
11  7  51  595  521  320  2  -2  
11  7  51  602  521  320  2  -2  
11  7  51  611  521  320  2  -2  
11  7  51  618  521  320  2  -2  
11  7  51  627  521  320  2  -2  
11  7  51  636  521  320  2  -2  
11  7  51  645  521  320  2  -2  
11  7  51  652  521  320  2  -2  
11  7  51  661  520  320  2  -2  
11  7  51  669  517  320  2  -2  
11  7  51  678  513  320  2  -2  
11  7  51  686  507  320  2  -2  
11  7  51  694  500  320  2  -2  
11  7  51  702  491  320  2  -2  
11  7  51  710  483  320  2  -2  
11  7  51  718  475  320  2  -2  
11  7  51  728  468  320  2  -2  
11  7  51  735  459  320  2  -2  
11  7  51  744  454  320  2  -2  
11  7  51  752  447  320  2  -2  
11  7  51  760  442  320  2  -2  
11  7  51  768  437  320  2  -2  
11  7  51  778  432  320  2  -2  
11  7  51  786  426  320  2  -2  
11  7  51  795  423  320  2  -2  
11  7  51  804  421  320  2  -2  
11  7  51  811  418  320  2  -2  
11  7  51  819  415  320  2  -2  
11  7  51  828  413  320  2  -2  
11  7  51  836  411  320  2  -2  
11  7  51  844  408  320  2  -2  
11  7  51  852  405  320  2  -2  
11  7  51  861  403  320  2  -2  
11  7  51  869  400  320  2  -2  
11  7  51  878  399  320  3  -2  
11  7  51  886  398  320  3  -2  
11  7  51  894  397  320  3  -2  
11  7  51  902  397  320  3  -2  
11  7  51  911  396  320  3  -2  
11  7  51  919  396  320  3  -2  
11  7  51  927  396  320  3  -2  
11  7  51  936  396  320  3  -2  
11  7  51  945  396  320  3  -2  
11  7  51  952  396  320  3  -2  
11  7  52  960  393  320  3  -2  
11  7  52  969  392  320  3  -2  
11  7  52  978  392  320  3  -2  
11  7  52  986  390  320  3  -2  
11  7  52  995  390  320  3  -2  
11  7  52  1003  389  321  3  -2  
11  7  52  1011  389  321  3  -2  
11  7  52  1019  389  321  3  -2  
11  7  52  1028  389  321  3  -2  
11  7  52  1036  389  321  3  -2  
11  7  52  1044  389  321  3  -2  
11  7  52  1054  389  321  3  -2  
11  7  52  1061  389  321  3  -2  
11  7  52  1069  389  321  3  -2  
11  7  52  1078  389  321  3  -2  
11  7  52  1087  389  321  3  -2  
11  7  52  1095  389  321  3  -2  
11  7  52  1104  389  321  3  -2  
11  7  52  1111  389  321  3  -2  
11  7  52  1120  389  321  3  -2  
11  7  52  1128  389  321  3  -2  
11  7  52  1136  389  321  3  -2  
11  7  52  1146  389  321  3  -2  
11  7  52  1153  389  321  3  -2  
11  7  52  1162  389  321  3  -2  
11  7  52  1170  389  321  3  -2  
11  7  52  1178  389  321  3  -2  
11  7  52  1187  389  321  3  -2  
11  7  52  1196  389  321  3  -2  
11  7  52  1204  389  321  3  -2  
11  7  52  1212  389  321  3  -2  
11  7  52  1220  389  321  3  -2  
11  7  52  1228  389  321  3  -2  
11  7  52  1237  389  321  3  -2  
11  7  52  1246  389  321  3  -2  
11  7  52  1255  389  321  3  -2  
11  7  52  1262  389  321  3  -2  
11  7  52  1270  389  321  3  -2  
11  7  52  1279  389  321  3  -2  
11  7  52  1287  389  321  3  -2  
11  7  52  1297  389  321  3  -2  
11  7  52  1305  389  321  3  -2  
11  7  52  1313  389  321  3  -2  
11  7  52  1321  389  321  3  -2  
11  7  52  1329  389  321  3  -2  
11  7  52  1337  389  321  3  -2  
11  7  52  1347  389  321  3  -2  
11  7  52  1355  392  321  3  -2  
11  7  52  1362  393  321  3  -2  
11  7  52  1370  396  321  3  -2  
11  7  52  1379  399  321  3  -2  
11  7  52  1387  402  321  3  -2  
11  7  52  1396  406  321  3  -2  
11  7  52  1405  411  321  3  -2  
11  7  52  1412  415  321  3  -2  
11  7  52  1420  421  321  3  -2  
11  7  52  1430  426  321  3  -2  
11  7  52  1437  431  321  3  -2  
11  7  52  1447  438  322  3  -2  
11  7  52  1455  442  322  3  -2  
11  7  52  1463  449  322  3  -2  
11  7  52  1471  452  322  3  -2  
11  7  52  1479  458  324  3  -2  
11  7  52  1487  463  325  3  -2  
11  7  52  1497  467  325  3  -2  
11  7  52  1505  472  326  3  -2  
11  7  52  1513  477  326  3  -2  
11  7  52  1521  480  326  3  -2  
11  7  52  1530  485  326  3  -2  
11  7  52  1537  495  326  3  -2  
11  7  52  1546  495  326  3  -2  
11  7  52  1555  504  326  4  -2  
11  7  52  1564  507  326  4  -2  
11  7  52  1572  507  326  4  -2  
11  7  52  1580  508  326  4  -2  
11  7  52  1587  508  326  4  -2  
11  7  52  1596  508  326  4  -2  
11  7  52  1605  508  326  4  -2  
11  7  52  1612  508  326  4  -2  
11  7  52  1621  509  326  4  -2  
11  7  52  1629  510  326  4  -2  
11  7  52  1637  511  326  4  -2  
11  7  52  1646  512  326  4  -2  
11  7  52  1655  512  326  4  -2  
11  7  52  1662  512  326  4  -2  
11  7  52  1671  514  326  4  -2  
11  7  52  1680  514  326  4  -2  
11  7  52  1688  514  326  4  -2  
11  7  52  1697  514  326  4  -2  
11  7  52  1705  514  326  4  -2  
11  7  52  1712  514  326  4  -2  
11  7  52  1721  514  326  4  -2  
11  7  52  1729  514  326  4  -2  
11  7  52  1737  514  326  4  -2  
11  7  52  1747  514  326  4  -2  
11  7  52  1755  500  326  4  -2  
11  7  52  1765  488  326  4  -2  
11  7  52  1772  473  326  4  -2  
11  7  52  1780  456  325  4  -2  
11  7  52  1790  436  323  4  -2  
11  7  52  1798  414  322  4  -2  
