12  0  52  0  357  326  1  -2  
12  0  52  8  357  326  1  -2  
12  0  52  16  357  326  1  -2  
12  0  52  26  357  326  1  -2  
12  0  52  35  357  326  1  -2  
12  0  52  45  357  326  1  -2  
12  0  52  53  357  326  1  -2  
12  0  52  60  357  326  1  -2  
12  0  52  69  357  326  1  -2  
12  0  52  78  357  326  1  -2  
12  0  52  85  357  326  1  -2  
12  0  52  95  357  326  1  -2  
12  0  52  102  357  326  1  -2  
12  0  52  110  357  326  1  -2  
12  0  52  119  357  326  1  -2  
12  0  52  129  357  326  1  -2  
12  0  52  135  357  326  1  -2  
12  0  52  145  357  326  1  -2  
12  0  52  151  357  326  1  -2  
12  0  52  160  357  326  1  -2  
12  0  52  169  357  326  1  -2  
12  0  52  179  357  326  1  -2  
12  0  52  185  357  326  1  -2  
12  0  52  194  357  326  1  -2  
12  0  52  202  357  326  1  -2  
12  0  52  210  357  326  1  -2  
12  0  53  220  357  326  1  -2  
12  0  53  229  357  326  1  -2  
12  0  53  235  357  326  1  -2  
12  0  53  245  357  326  1  -2  
12  0  53  252  357  326  1  -2  
12  0  53  260  357  326  1  -2  
12  0  53  269  359  326  1  -2  
12  0  53  276  360  326  1  -2  
12  0  53  285  360  326  1  -2  
12  0  53  295  361  326  1  -2  
12  0  53  302  365  326  1  -2  
12  0  53  312  369  326  1  -2  
12  0  53  319  371  326  1  -2  
12  0  53  329  374  326  1  -2  
12  0  53  334  377  326  1  -2  
12  0  53  346  378  326  1  -2  
12  0  53  352  380  326  1  -2  
12  0  53  362  382  326  1  -2  
12  0  53  369  385  326  1  -2  
12  0  53  379  389  326  1  -2  
12  0  53  385  391  326  1  -2  
12  0  53  395  396  326  1  -2  
12  0  53  402  399  326  1  -2  
12  0  53  411  404  326  1  -2  
12  0  53  419  412  327  1  -2  
12  0  53  429  417  327  1  -2  
12  0  53  436  424  328  1  -2  
12  0  53  445  429  328  1  -2  
12  0  53  452  434  328  1  -2  
12  0  53  461  441  328  1  -2  
12  0  53  469  446  328  1  -2  
12  0  53  479  453  328  1  -2  
12  0  53  485  463  328  1  -2  
12  0  53  496  463  328  1  -2  
12  0  53  503  471  328  1  -2  
12  0  53  512  474  328  1  -2  
12  0  53  520  477  328  1  -2  
12  0  53  529  479  328  1  -2  
12  0  53  535  480  328  1  -2  
12  0  53  545  482  328  1  -2  
12  0  53  553  484  328  1  -2  
12  0  53  562  485  328  1  -2  
12  0  53  569  487  328  1  -2  
12  0  53  579  488  328  1  -2  
12  0  53  585  488  328  1  -2  
12  0  53  595  490  328  1  -2  
12  0  53  602  490  328  1  -2  
12  0  53  611  494  328  1  -2  
12  0  53  618  497  328  2  -2  
12  0  53  627  500  328  2  -2  
12  0  53  635  505  328  2  -2  
12  0  53  644  510  328  2  -2  
12  0  53  651  515  328  2  -2  
12  0  53  660  519  328  2  -2  
12  0  53  668  524  328  2  -2  
12  0  53  678  527  328  2  -2  
12  0  53  684  528  328  2  -2  
12  0  53  692  528  328  2  -2  
12  0  53  701  528  328  2  -2  
12  0  53  711  529  328  2  -2  
12  0  53  718  529  328  2  -2  
12  0  53  728  530  328  2  -2  
12  0  53  735  530  328  2  -2  
12  0  53  744  530  328  2  -2  
12  0  53  751  530  328  2  -2  
12  0  53  761  531  328  2  -2  
12  0  53  768  531  328  2  -2  
12  0  53  778  531  328  2  -2  
12  0  53  784  531  328  2  -2  
12  0  53  794  531  328  2  -2  
12  0  53  801  532  328  2  -2  
12  0  53  810  532  328  2  -2  
12  0  53  818  532  328  2  -2  
12  0  53  828  532  328  2  -2  
12  0  53  834  532  328  2  -2  
12  0  53  844  532  328  2  -2  
12  0  53  851  532  328  2  -2  
12  0  53  860  532  328  2  -2  
12  0  53  868  532  328  2  -2  
12  0  53  878  532  328  2  -2  
12  0  53  886  532  328  2  -2  
12  0  53  894  532  328  2  -2  
12  0  53  901  532  328  2  -2  
12  0  53  910  532  328  2  -2  
12  0  53  918  532  328  2  -2  
12  0  53  930  532  328  2  -2  
12  0  53  935  532  328  2  -2  
12  0  53  944  532  328  2  -2  
12  0  53  952  532  328  2  -2  
12  0  53  962  532  328  2  -2  
12  0  53  968  532  328  2  -2  
12  0  53  979  531  328  2  -2  
12  0  53  987  531  328  2  -2  
12  0  53  996  529  328  2  -2  
12  0  53  1003  529  328  2  -2  
12  0  53  1013  527  328  2  -2  
12  0  53  1019  524  328  2  -2  
12  0  53  1030  523  328  2  -2  
12  0  53  1037  516  328  2  -2  
12  0  53  1046  516  328  2  -2  
12  0  53  1053  510  328  2  -2  
12  0  53  1062  510  328  2  -2  
12  0  53  1071  501  328  2  -2  
12  0  53  1080  493  328  2  -2  
12  0  53  1087  484  328  2  -2  
12  0  53  1097  476  328  2  -2  
12  0  53  1103  464  328  2  -2  
12  0  53  1113  453  328  2  -2  
12  0  53  1120  441  328  2  -2  
12  0  53  1130  429  328  2  -2  
12  0  53  1136  416  328  2  -2  
12  0  53  1147  406  328  2  -2  
12  0  53  1153  394  328  3  -2  
12  0  53  1163  386  328  3  -2  
12  0  53  1169  379  328  3  -2  
12  0  53  1180  375  328  3  -2  
12  0  53  1187  372  328  3  -2  
12  0  53  1196  371  328  3  -2  
12  0  53  1203  370  328  3  -2  
12  0  53  1213  369  328  3  -2  
12  0  54  1220  368  328  3  -2  
12  0  54  1230  366  328  3  -2  
12  0  54  1236  362  328  3  -2  
12  0  54  1246  362  328  3  -2  
12  0  54  1253  356  328  3  -2  
12  0  54  1263  351  328  3  -2  
12  0  54  1270  345  328  3  -2  
12  0  54  1280  338  326  3  -2  
12  0  54  1287  335  325  3  -2  
12  0  54  1297  333  325  3  -2  
12  0  54  1303  332  325  3  -2  
12  0  54  1314  332  325  3  -2  
12  0  54  1320  332  325  3  -2  
12  0  54  1329  332  325  3  -2  
12  0  54  1337  332  325  3  -2  
12  0  54  1346  332  325  3  -2  
12  0  54  1353  332  325  3  -2  
12  0  54  1361  332  325  3  -2  
12  0  54  1370  332  325  3  -2  
12  0  54  1379  332  325  3  -2  
12  0  54  1386  334  325  3  -2  
12  0  54  1397  338  323  3  -2  
12  0  54  1403  341  323  3  -2  
12  0  54  1413  348  323  3  -2  
12  0  54  1420  361  323  3  -2  
12  0  54  1430  378  323  3  -2  
12  0  54  1436  440  323  3  -2  
12  0  54  1447  440  323  3  -2  
12  0  54  1455  505  323  4  -2  
12  0  54  1463  539  323  4  -2  
12  0  54  1469  555  323  4  -2  
12  0  54  1480  555  323  4  -2  
12  0  54  1488  569  322  4  -2  
12  0  54  1497  571  322  4  -2  
12  0  54  1504  571  322  4  -2  
12  0  54  1513  571  322  4  -2  
12  0  54  1520  571  322  4  -2  
12  0  54  1530  571  322  4  -2  
12  0  54  1538  571  322  4  -2  
12  0  54  1547  571  322  4  -2  
12  0  54  1553  574  322  4  -2  
12  0  54  1563  574  322  4  -2  
12  0  54  1570  574  322  4  -2  
12  0  54  1580  574  322  4  -2  
12  0  54  1586  574  322  4  -2  
12  0  54  1598  574  322  4  -2  
12  0  54  1604  574  322  4  -2  
12  0  54  1613  574  322  4  -2  
12  0  54  1623  574  322  4  -2  
12  0  54  1632  575  321  4  -2  
12  0  54  1641  575  321  4  -2  
12  0  54  1650  575  321  4  -2  
12  0  54  1660  574  319  4  -2  
12  0  54  1666  574  319  4  -2  
12  0  54  1674  574  319  4  -2  
12  0  54  1683  572  319  4  -2  
12  0  54  1691  572  319  4  -2  
12  0  54  1700  571  319  4  -2  
12  0  54  1708  570  319  4  -2  
12  0  54  1717  570  319  4  -2  
12  0  54  1724  569  319  4  -2  
12  0  54  1734  569  319  4  -2  
12  0  54  1741  567  318  4  -2  
12  0  54  1750  567  318  4  -2  
12  0  54  1759  566  318  4  -2  
12  0  54  1767  565  318  4  -2  
12  0  54  1775  564  318  4  -2  
12  0  54  1784  563  318  4  -2  
12  0  54  1790  561  318  4  -2  
12  0  54  1800  559  318  4  -2  
12  0  54  1808  557  318  4  -2  
12  0  54  1817  555  318  4  -2  
12  0  54  1825  551  318  4  -2  
12  0  54  1834  549  318  4  -2  
12  0  54  1841  545  318  4  -2  
12  0  54  1849  541  318  4  -2  
12  0  54  1858  536  318  4  -2  
12  0  54  1867  531  318  4  -2  
12  0  54  1877  524  318  4  -2  
12  0  54  1883  516  318  4  -2  
12  0  54  1892  507  318  4  -2  
12  0  54  1901  497  318  4  -2  
12  0  54  1909  489  318  4  -2  
12  0  54  1917  479  318  4  -2  
12  0  54  1924  470  318  4  -2  
12  0  54  1934  460  318  4  -2  
12  0  54  1942  450  318  4  -2  
12  0  54  1950  440  318  4  -2  
12  0  54  1960  432  318  4  -2  
12  0  54  1969  415  318  4  -2  
12  0  54  1976  408  318  4  -2  
12  0  54  1984  405  318  4  -2  
12  0  54  1992  402  318  4  -2  
12  0  54  2001  400  318  4  -2  
12  0  54  2011  400  318  4  -2  
