12  1  8  0  375  325  1  -2  
12  1  8  9  375  325  1  -2  
12  1  8  17  375  325  1  -2  
12  1  8  25  375  325  1  -2  
12  1  8  33  375  325  1  -2  
12  1  8  42  375  325  1  -2  
12  1  8  49  375  325  1  -2  
12  1  8  59  375  325  1  -2  
12  1  8  66  375  325  1  -2  
12  1  8  78  375  325  1  -2  
12  1  8  84  375  325  1  -2  
12  1  8  92  375  325  1  -2  
12  1  8  100  375  325  1  -2  
12  1  8  110  375  325  1  -2  
12  1  8  117  375  325  1  -2  
12  1  8  126  375  325  1  -2  
12  1  8  133  375  325  1  -2  
12  1  8  143  375  325  1  -2  
12  1  8  150  375  325  1  -2  
12  1  8  160  375  325  1  -2  
12  1  8  166  375  325  1  -2  
12  1  8  175  375  325  1  -2  
12  1  8  183  375  325  1  -2  
12  1  8  193  375  325  1  -2  
12  1  8  199  375  325  1  -2  
12  1  8  210  375  325  1  -2  
12  1  8  217  375  325  1  -2  
12  1  8  227  375  325  1  -2  
12  1  8  235  375  325  1  -2  
12  1  8  244  375  325  1  -2  
12  1  8  250  375  325  1  -2  
12  1  8  260  375  325  1  -2  
12  1  8  266  375  325  1  -2  
12  1  8  275  376  324  1  -2  
12  1  8  283  377  324  1  -2  
12  1  8  294  381  324  1  -2  
12  1  8  301  384  324  1  -2  
12  1  8  310  385  324  1  -2  
12  1  8  317  388  324  1  -2  
12  1  8  327  389  324  1  -2  
12  1  8  333  393  324  1  -2  
12  1  8  344  393  324  1  -2  
12  1  8  351  397  324  1  -2  
12  1  8  360  401  324  1  -2  
12  1  8  368  403  324  1  -2  
12  1  8  377  406  324  1  -2  
12  1  8  385  408  324  1  -2  
12  1  8  394  411  324  1  -2  
12  1  8  400  415  324  1  -2  
12  1  8  411  420  324  1  -2  
12  1  8  417  422  325  1  -2  
12  1  8  428  426  325  1  -2  
12  1  8  434  428  325  1  -2  
12  1  8  443  430  325  1  -2  
12  1  8  449  433  325  1  -2  
12  1  8  460  433  325  1  -2  
12  1  8  467  435  325  1  -2  
12  1  8  477  437  325  1  -2  
12  1  8  484  437  325  1  -2  
12  1  8  493  439  325  1  -2  
12  1  8  501  442  325  1  -2  
12  1  8  510  445  325  1  -2  
12  1  8  516  448  325  1  -2  
12  1  8  527  453  325  1  -2  
12  1  8  533  462  326  1  -2  
12  1  9  544  462  326  1  -2  
12  1  9  550  474  328  1  -2  
12  1  9  560  474  328  1  -2  
12  1  9  567  485  329  1  -2  
12  1  9  577  485  329  1  -2  
12  1  9  584  494  329  1  -2  
12  1  9  593  496  329  1  -2  
12  1  9  600  498  329  2  -2  
12  1  9  610  498  329  2  -2  
12  1  9  617  498  329  2  -2  
12  1  9  627  498  329  2  -2  
12  1  9  633  498  329  2  -2  
12  1  9  643  499  329  2  -2  
12  1  9  649  499  329  2  -2  
12  1  9  659  500  329  2  -2  
12  1  9  665  501  329  2  -2  
12  1  9  676  502  329  2  -2  
12  1  9  682  504  329  2  -2  
12  1  9  692  504  329  2  -2  
12  1  9  699  505  329  2  -2  
12  1  9  709  505  329  2  -2  
12  1  9  715  505  329  2  -2  
12  1  9  726  505  329  2  -2  
12  1  9  733  505  329  2  -2  
12  1  9  742  505  329  2  -2  
12  1  9  749  506  329  2  -2  
12  1  9  759  506  329  2  -2  
12  1  9  766  508  329  2  -2  
12  1  9  776  508  329  2  -2  
12  1  9  782  508  329  2  -2  
12  1  9  793  508  329  2  -2  
12  1  9  799  508  329  2  -2  
12  1  9  809  508  329  2  -2  
12  1  9  816  508  329  2  -2  
12  1  9  826  508  329  2  -2  
12  1  9  833  508  329  2  -2  
12  1  9  842  508  329  2  -2  
12  1  9  849  508  329  2  -2  
12  1  9  859  508  329  2  -2  
12  1  9  867  508  329  2  -2  
12  1  9  876  508  329  2  -2  
12  1  9  883  508  329  2  -2  
12  1  9  892  508  329  2  -2  
12  1  9  899  508  329  2  -2  
12  1  9  909  508  329  2  -2  
12  1  9  917  508  329  2  -2  
12  1  9  926  508  329  2  -2  
12  1  9  933  505  329  2  -2  
12  1  9  942  505  329  2  -2  
12  1  9  949  499  329  2  -2  
12  1  9  959  499  329  2  -2  
12  1  9  967  495  329  2  -2  
12  1  9  977  492  329  2  -2  
12  1  9  983  490  329  2  -2  
12  1  9  993  486  329  2  -2  
12  1  9  999  482  329  2  -2  
12  1  9  1009  479  329  2  -2  
12  1  9  1016  474  329  2  -2  
12  1  9  1026  468  329  2  -2  
12  1  9  1032  462  329  2  -2  
12  1  9  1042  450  329  2  -2  
12  1  9  1049  443  329  2  -2  
12  1  9  1059  432  329  2  -2  
12  1  9  1067  423  329  2  -2  
12  1  9  1076  411  329  2  -2  
12  1  9  1083  403  329  2  -2  
12  1  9  1092  393  329  3  -2  
12  1  9  1099  386  329  3  -2  
12  1  9  1109  381  329  3  -2  
12  1  9  1117  376  329  3  -2  
12  1  9  1126  370  328  3  -2  
12  1  9  1133  368  328  3  -2  
12  1  9  1142  364  328  3  -2  
12  1  9  1149  354  327  3  -2  
12  1  9  1159  354  327  3  -2  
12  1  9  1167  341  326  3  -2  
12  1  9  1177  335  324  3  -2  
12  1  9  1183  329  323  3  -2  
12  1  9  1192  322  323  3  -2  
12  1  9  1200  320  322  3  -2  
12  1  9  1209  318  322  3  -2  
12  1  9  1217  316  322  3  -2  
12  1  9  1226  316  322  3  -2  
12  1  9  1233  316  322  3  -2  
12  1  9  1243  316  322  3  -2  
12  1  9  1250  316  322  3  -2  
12  1  9  1259  316  322  3  -2  
12  1  9  1267  316  322  3  -2  
12  1  9  1276  316  322  3  -2  
12  1  9  1282  316  322  3  -2  
12  1  9  1292  316  322  3  -2  
12  1  9  1299  316  322  3  -2  
12  1  9  1309  316  322  3  -2  
12  1  9  1317  316  322  3  -2  
12  1  9  1326  316  322  3  -2  
12  1  9  1333  316  322  3  -2  
12  1  9  1342  316  322  3  -2  
12  1  9  1349  319  322  3  -2  
12  1  9  1359  324  322  3  -2  
12  1  9  1367  336  322  3  -2  
12  1  9  1376  341  322  3  -2  
12  1  9  1383  346  322  3  -2  
12  1  9  1393  353  322  3  -2  
12  1  9  1401  358  322  3  -2  
12  1  9  1409  365  322  3  -2  
12  1  9  1417  372  322  3  -2  
12  1  9  1427  379  320  3  -2  
12  1  9  1434  386  320  3  -2  
12  1  9  1443  392  320  3  -2  
12  1  9  1449  404  320  3  -2  
12  1  9  1459  416  320  3  -2  
12  1  9  1467  431  320  3  -2  
12  1  9  1476  449  320  3  -2  
12  1  9  1484  465  320  3  -2  
12  1  9  1492  486  320  3  -2  
12  1  9  1499  500  320  4  -2  
12  1  9  1509  514  320  4  -2  
12  1  9  1517  525  320  4  -2  
12  1  9  1526  531  320  4  -2  
12  1  9  1533  532  320  4  -2  
12  1  9  1542  534  320  4  -2  
12  1  10  1550  534  320  4  -2  
12  1  10  1559  534  320  4  -2  
12  1  10  1569  535  320  4  -2  
12  1  10  1579  536  319  4  -2  
12  1  10  1589  536  319  4  -2  
12  1  10  1597  536  319  4  -2  
12  1  10  1607  537  319  4  -2  
12  1  10  1614  537  319  4  -2  
12  1  10  1623  537  319  4  -2  
12  1  10  1630  537  319  4  -2  
12  1  10  1638  538  318  4  -2  
12  1  10  1647  538  318  4  -2  
12  1  10  1654  538  318  4  -2  
12  1  10  1662  538  318  4  -2  
12  1  10  1672  538  318  4  -2  
12  1  10  1679  538  318  4  -2  
12  1  10  1687  538  318  4  -2  
12  1  10  1697  538  318  4  -2  
12  1  10  1706  538  318  4  -2  
12  1  10  1713  538  318  4  -2  
12  1  10  1722  536  318  4  -2  
12  1  10  1730  531  318  4  -2  
12  1  10  1739  524  317  4  -2  
12  1  10  1747  512  316  4  -2  
12  1  10  1754  497  313  4  -2  
12  1  10  1764  480  310  4  -2  
12  1  10  1772  460  309  4  -2  
12  1  10  1781  440  306  4  -2  
12  1  10  1790  415  302  4  -2  
