15  50  0  0  347  335  1  -2  
15  50  0  10  347  335  1  -2  
15  50  0  17  347  335  1  -2  
15  50  0  25  347  335  1  -2  
15  50  0  35  347  335  1  -2  
15  50  0  43  347  335  1  -2  
15  50  0  50  347  335  1  -2  
15  50  0  59  347  335  1  -2  
15  50  0  67  347  335  1  -2  
15  50  0  76  347  335  1  -2  
15  50  0  84  347  335  1  -2  
15  50  0  92  347  335  1  -2  
15  50  0  101  347  335  1  -2  
15  50  0  109  347  335  1  -2  
15  50  0  116  347  335  1  -2  
15  50  0  126  347  335  1  -2  
15  50  0  134  347  335  1  -2  
15  50  0  142  347  335  1  -2  
15  50  0  151  347  335  1  -2  
15  50  0  159  347  335  1  -2  
15  50  1  169  347  335  1  -2  
15  50  1  176  347  335  1  -2  
15  50  1  184  347  335  1  -2  
15  50  1  193  347  335  1  -2  
15  50  1  200  351  335  1  -2  
15  50  1  210  360  337  1  -2  
15  50  1  219  365  337  1  -2  
15  50  1  228  377  338  1  -2  
15  50  1  237  380  338  1  -2  
15  50  1  246  381  338  1  -2  
15  50  1  254  382  338  1  -2  
15  50  1  263  382  338  1  -2  
15  50  1  271  382  338  1  -2  
15  50  1  278  382  338  1  -2  
15  50  1  287  382  338  1  -2  
15  50  1  296  382  338  1  -2  
15  50  1  304  382  338  1  -2  
15  50  1  311  384  338  1  -2  
15  50  1  320  386  338  1  -2  
15  50  1  328  390  338  1  -2  
15  50  1  337  398  339  1  -2  
15  50  1  346  403  340  1  -2  
15  50  1  353  410  341  1  -2  
15  50  1  362  419  342  1  -2  
15  50  1  370  424  342  1  -2  
15  50  1  378  427  343  1  -2  
15  50  1  387  428  343  1  -2  
15  50  1  397  431  343  1  -2  
15  50  1  405  432  343  1  -2  
15  50  1  414  433  343  1  -2  
15  50  1  420  434  343  1  -2  
15  50  1  428  435  344  1  -2  
15  50  1  437  439  346  1  -2  
15  50  1  446  449  347  1  -2  
15  50  1  454  462  351  1  -2  
15  50  1  462  477  354  1  -2  
15  50  1  470  492  358  1  -2  
15  50  1  478  513  361  1  -2  
15  50  1  487  527  363  1  -2  
15  50  1  498  533  363  1  -2  
15  50  1  505  535  364  1  -2  
15  50  1  514  535  364  1  -2  
15  50  1  522  535  364  1  -2  
15  50  1  532  535  364  1  -2  
15  50  1  540  534  364  1  -2  
15  50  1  549  534  364  1  -2  
15  50  1  557  534  364  1  -2  
15  50  1  567  534  364  1  -2  
15  50  1  575  534  364  1  -2  
15  50  1  585  534  364  1  -2  
15  50  1  593  534  364  1  -2  
15  50  1  603  534  364  1  -2  
15  50  1  611  534  364  1  -2  
15  50  1  620  534  364  1  -2  
15  50  1  630  533  364  1  -2  
15  50  1  638  532  364  1  -2  
15  50  1  649  530  364  1  -2  
15  50  1  656  528  364  1  -2  
15  50  1  667  526  363  1  -2  
15  50  1  676  526  363  1  -2  
15  50  1  686  526  363  1  -2  
15  50  1  694  525  362  1  -2  
15  50  1  703  524  361  1  -2  
15  50  1  712  523  361  1  -2  
15  50  1  721  520  360  1  -2  
15  50  1  728  513  356  1  -2  
15  50  1  737  509  355  1  -2  
15  50  1  747  501  354  1  -2  
15  50  1  755  495  353  1  -2  
15  50  1  765  488  351  1  -2  
15  50  1  776  469  347  1  -2  
15  50  1  786  455  344  1  -2  
15  50  1  794  442  343  1  -2  
15  50  1  804  430  342  1  -2  
15  50  1  814  410  337  1  -2  
15  50  1  822  404  336  1  -2  
15  50  1  832  399  336  1  -2  
15  50  1  841  395  335  1  -2  
15  50  1  851  393  335  1  -2  
15  50  1  860  390  335  1  -2  
15  50  1  870  386  335  1  -2  
15  50  1  879  384  335  1  -2  
15  50  1  890  382  335  1  -2  
15  50  1  900  381  335  1  -2  
15  50  1  908  377  335  1  -2  
15  50  1  918  377  335  1  -2  
15  50  1  926  377  335  1  -2  
15  50  1  936  377  335  1  -2  
15  50  1  944  377  335  1  -2  
15  50  1  953  377  335  1  -2  
15  50  1  963  377  335  1  -2  
15  50  1  971  377  335  1  -2  
15  50  1  981  377  335  1  -2  
15  50  1  990  377  335  1  -2  
15  50  1  1000  377  335  1  -2  
15  50  1  1009  377  335  1  -2  
15  50  1  1019  377  335  1  -2  
15  50  1  1028  377  335  1  -2  
15  50  1  1036  377  335  1  -2  
15  50  1  1047  380  335  1  -2  
15  50  1  1055  385  335  1  -2  
15  50  1  1064  391  335  1  -2  
15  50  1  1072  400  335  1  -2  
15  50  1  1085  412  335  1  -2  
15  50  1  1093  438  335  1  -2  
15  50  1  1103  451  335  1  -2  
15  50  1  1113  463  338  1  -2  
15  50  1  1121  477  339  1  -2  
15  50  1  1131  486  341  1  -2  
15  50  1  1140  496  341  1  -2  
15  50  1  1149  499  343  1  -2  
15  50  1  1159  501  343  1  -2  
15  50  2  1168  501  343  1  -2  
15  50  2  1177  501  343  1  -2  
15  50  2  1188  502  343  1  -2  
15  50  2  1198  509  344  1  -2  
15  50  2  1207  519  346  2  -2  
15  50  2  1217  528  347  2  -2  
15  50  2  1226  538  349  2  -2  
15  50  2  1235  545  349  2  -2  
15  50  2  1245  548  350  2  -2  
15  50  2  1254  549  350  2  -2  
15  50  2  1262  549  350  2  -2  
15  50  2  1271  549  350  2  -2  
15  50  2  1287  549  350  2  -2  
15  50  2  1297  549  350  2  -2  
15  50  2  1305  549  350  2  -2  
15  50  2  1315  549  350  2  -2  
15  50  2  1324  549  350  2  -2  
15  50  2  1333  549  350  2  -2  
15  50  2  1342  547  350  2  -2  
15  50  2  1351  544  350  2  -2  
15  50  2  1360  540  350  2  -2  
15  50  2  1369  537  350  2  -2  
15  50  2  1379  533  350  2  -2  
15  50  2  1390  529  350  2  -2  
15  50  2  1400  528  350  2  -2  
15  50  2  1409  526  350  2  -2  
15  50  2  1417  524  350  2  -2  
15  50  2  1427  519  350  2  -2  
15  50  2  1437  500  350  2  -2  
15  50  2  1448  485  349  2  -2  
15  50  2  1457  464  346  2  -2  
15  50  2  1467  438  342  2  -2  
15  50  2  1476  395  339  2  -2  
15  50  2  1486  374  338  3  -2  
15  50  2  1497  361  333  3  -2  
15  50  2  1504  347  332  3  -2  
15  50  2  1514  339  332  3  -2  
15  50  2  1523  336  332  3  -2  
15  50  2  1534  332  332  3  -2  
15  50  2  1543  330  332  3  -2  
15  50  2  1553  330  332  3  -2  
15  50  2  1563  330  332  3  -2  
15  50  2  1570  329  331  3  -2  
15  50  2  1580  329  331  3  -2  
15  50  2  1591  324  331  3  -2  
15  50  2  1601  316  329  3  -2  
15  50  2  1613  305  328  3  -2  
15  50  2  1621  289  326  3  -2  
15  50  2  1631  288  326  3  -2  
15  50  2  1640  288  326  3  -2  
15  50  2  1650  287  326  3  -2  
15  50  2  1660  287  326  3  -2  
15  50  2  1669  287  325  3  -2  
15  50  2  1679  287  325  3  -2  
15  50  2  1690  287  325  3  -2  
15  50  2  1700  287  325  3  -2  
15  50  2  1710  289  324  3  -2  
15  50  2  1720  292  324  3  -2  
15  50  2  1731  293  324  3  -2  
15  50  2  1739  300  324  3  -2  
15  50  2  1751  305  324  3  -2  
15  50  2  1760  315  324  3  -2  
15  50  2  1770  326  324  3  -2  
15  50  2  1781  341  325  3  -2  
15  50  2  1789  377  330  3  -2  
15  50  2  1801  402  332  3  -2  
15  50  2  1810  430  341  3  -2  
15  50  2  1820  461  351  3  -2  
15  50  2  1831  503  359  3  -2  
15  50  2  1840  523  365  3  -2  
15  50  2  1851  533  368  3  -2  
15  50  2  1861  551  373  3  -2  
15  50  2  1871  558  374  3  -2  
15  50  2  1881  563  378  3  -2  
15  50  2  1890  567  378  3  -2  
15  50  2  1900  567  378  3  -2  
15  50  2  1909  567  378  3  -2  
15  50  2  1920  567  378  3  -2  
15  50  2  1931  567  378  3  -2  
15  50  2  1940  567  378  3  -2  
15  50  2  1950  567  378  3  -2  
15  50  2  1960  567  378  3  -2  
15  50  2  1970  567  378  3  -2  
15  50  2  1981  567  378  3  -2  
15  50  2  1990  567  378  3  -2  
15  50  2  2001  567  378  3  -2  
15  50  2  2012  567  378  3  -2  
15  50  2  2023  567  378  3  -2  
15  50  2  2041  567  378  3  -2  
15  50  2  2051  567  378  3  -2  
15  50  2  2062  567  378  3  -2  
15  50  2  2070  567  378  3  -2  
15  50  2  2080  567  378  3  -2  
15  50  2  2088  567  378  3  -2  
15  50  2  2101  567  378  3  -2  
