15  49  35  0  329  325  1  -2  
15  49  35  10  329  325  1  -2  
15  49  35  17  329  325  1  -2  
15  49  35  26  329  325  1  -2  
15  49  35  34  329  325  1  -2  
15  49  35  43  329  325  1  -2  
15  49  35  51  329  325  1  -2  
15  49  35  60  329  325  1  -2  
15  49  35  67  329  325  1  -2  
15  49  35  76  329  325  1  -2  
15  49  35  84  329  325  1  -2  
15  49  35  93  329  325  1  -2  
15  49  35  100  330  325  1  -2  
15  49  35  110  334  323  1  -2  
15  49  35  117  334  323  1  -2  
15  49  35  126  337  323  1  -2  
15  49  35  134  340  322  1  -2  
15  49  35  143  340  322  1  -2  
15  49  35  150  343  322  1  -2  
15  49  35  160  347  322  1  -2  
15  49  35  167  348  321  1  -2  
15  49  35  176  352  321  1  -2  
15  49  35  184  356  321  1  -2  
15  49  35  193  358  321  1  -2  
15  49  35  200  365  318  1  -2  
15  49  35  210  367  318  1  -2  
15  49  35  217  368  318  1  -2  
15  49  35  227  370  318  1  -2  
15  49  35  234  372  318  1  -2  
15  49  35  243  372  318  1  -2  
15  49  35  250  372  318  1  -2  
15  49  35  260  372  318  1  -2  
15  49  35  268  372  318  1  -2  
15  49  35  276  372  318  1  -2  
15  49  35  284  372  318  1  -2  
15  49  35  293  372  318  1  -2  
15  49  35  301  374  318  1  -2  
15  49  35  310  375  318  1  -2  
15  49  35  318  382  318  1  -2  
15  49  35  327  393  319  1  -2  
15  49  35  333  404  320  1  -2  
15  49  35  343  419  321  1  -2  
15  49  35  351  434  324  1  -2  
15  49  35  360  447  327  1  -2  
15  49  35  368  459  327  1  -2  
15  49  35  376  466  328  1  -2  
15  49  35  384  469  328  1  -2  
15  49  35  393  469  328  1  -2  
15  49  35  400  469  328  1  -2  
15  49  35  410  469  328  1  -2  
15  49  35  418  469  328  1  -2  
15  49  35  426  469  328  1  -2  
15  49  35  434  469  328  1  -2  
15  49  35  443  469  328  1  -2  
15  49  35  451  487  328  1  -2  
15  49  35  460  507  328  2  -2  
15  49  35  468  535  328  2  -2  
15  49  35  477  558  328  2  -2  
15  49  35  484  573  328  2  -2  
15  49  35  493  583  328  2  -2  
15  49  35  500  585  328  2  -2  
15  49  35  510  585  328  2  -2  
15  49  35  519  585  325  2  -2  
15  49  35  526  579  323  2  -2  
15  49  35  534  561  316  2  -2  
15  49  35  543  540  309  2  -2  
15  49  35  550  516  303  2  -2  
15  49  36  560  501  300  2  -2  
15  49  36  568  489  297  2  -2  
15  49  36  577  480  296  2  -2  
15  49  36  584  479  296  2  -2  
15  49  36  593  478  296  2  -2  
15  49  36  601  478  296  2  -2  
15  49  36  610  478  296  2  -2  
15  49  36  619  478  296  2  -2  
15  49  36  626  477  296  2  -2  
15  49  36  633  477  296  2  -2  
15  49  36  643  477  296  2  -2  
15  49  36  651  474  296  2  -2  
15  49  36  660  473  296  2  -2  
15  49  36  668  471  296  2  -2  
15  49  36  677  471  296  2  -2  
15  49  36  683  471  296  2  -2  
15  49  36  693  471  296  2  -2  
15  49  36  701  470  296  2  -2  
15  49  36  710  469  297  2  -2  
15  49  36  718  469  297  2  -2  
15  49  36  728  467  297  2  -2  
15  49  36  734  466  298  2  -2  
15  49  36  743  464  300  2  -2  
15  49  36  751  462  301  2  -2  
15  49  36  760  462  302  2  -2  
15  49  36  769  459  304  2  -2  
15  49  36  776  457  305  2  -2  
15  49  36  785  453  307  2  -2  
15  49  36  793  447  310  2  -2  
15  49  36  801  442  313  2  -2  
15  49  36  810  437  316  2  -2  
15  49  36  818  433  318  2  -2  
15  49  36  827  427  321  2  -2  
15  49  36  834  420  323  2  -2  
15  49  36  843  420  323  2  -2  
15  49  36  852  407  327  2  -2  
15  49  36  860  398  328  2  -2  
15  49  36  868  393  328  3  -2  
15  49  36  876  386  329  3  -2  
15  49  36  885  380  333  3  -2  
15  49  36  893  375  334  3  -2  
15  49  36  902  371  335  3  -2  
15  49  36  910  367  337  3  -2  
15  49  36  918  365  337  3  -2  
15  49  36  926  365  338  3  -2  
15  49  36  934  365  338  3  -2  
15  49  36  943  365  338  3  -2  
15  49  36  951  365  338  3  -2  
15  49  36  960  365  338  3  -2  
15  49  36  968  365  338  3  -2  
15  49  36  977  365  338  3  -2  
15  49  36  984  365  338  3  -2  
15  49  36  993  365  338  3  -2  
15  49  36  1000  365  338  3  -2  
15  49  36  1010  365  338  3  -2  
15  49  36  1018  365  338  3  -2  
15  49  36  1026  365  338  3  -2  
15  49  36  1034  365  338  3  -2  
15  49  36  1043  365  338  3  -2  
15  49  36  1051  364  338  3  -2  
15  49  36  1059  364  337  3  -2  
15  49  36  1069  364  337  3  -2  
15  49  36  1077  364  337  3  -2  
15  49  36  1086  364  336  3  -2  
15  49  36  1093  366  334  3  -2  
15  49  36  1101  366  334  3  -2  
15  49  36  1110  366  334  3  -2  
15  49  36  1118  370  334  3  -2  
15  49  36  1126  374  334  3  -2  
15  49  36  1135  377  334  3  -2  
15  49  36  1143  385  334  3  -2  
15  49  36  1152  397  334  3  -2  
15  49  36  1161  404  334  3  -2  
15  49  36  1169  414  334  3  -2  
15  49  36  1176  420  334  3  -2  
15  49  36  1184  427  334  3  -2  
15  49  36  1193  439  334  3  -2  
15  49  36  1201  447  334  3  -2  
15  49  36  1210  459  334  3  -2  
15  49  36  1218  471  336  3  -2  
15  49  36  1227  483  337  3  -2  
15  49  36  1235  493  339  3  -2  
15  49  36  1243  503  341  3  -2  
15  49  36  1252  510  342  4  -2  
15  49  36  1260  517  343  4  -2  
15  49  36  1268  518  343  4  -2  
15  49  36  1276  518  343  4  -2  
15  49  36  1285  518  343  4  -2  
15  49  36  1293  518  343  4  -2  
15  49  36  1305  518  343  4  -2  
15  49  36  1313  519  343  4  -2  
15  49  36  1322  523  343  4  -2  
15  49  36  1330  529  343  4  -2  
15  49  36  1339  541  343  4  -2  
15  49  36  1348  551  343  4  -2  
15  49  36  1354  567  343  4  -2  
15  49  36  1364  567  343  4  -2  
15  49  36  1371  568  341  4  -2  
15  49  36  1381  568  341  4  -2  
15  49  36  1390  568  340  4  -2  
15  49  36  1397  566  337  4  -2  
15  49  36  1407  559  337  4  -2  
15  49  36  1415  547  334  4  -2  
15  49  36  1423  540  334  4  -2  
15  49  36  1431  532  333  4  -2  
15  49  36  1440  525  333  4  -2  
15  49  36  1445  523  333  4  -2  
15  49  36  1456  520  333  4  -2  
15  49  36  1463  520  333  4  -2  
15  49  36  1473  519  333  4  -2  
15  49  36  1480  518  333  4  -2  
15  49  36  1491  516  333  4  -2  
15  49  36  1496  508  333  4  -2  
15  49  36  1508  508  333  4  -2  
15  49  36  1514  501  333  4  -2  
15  49  36  1524  501  333  4  -2  
15  49  36  1532  486  333  4  -2  
15  49  36  1541  482  333  4  -2  
15  49  36  1549  479  333  4  -2  
15  49  37  1557  476  333  4  -2  
15  49  37  1565  473  333  4  -2  
15  49  37  1574  470  333  4  -2  
15  49  37  1582  466  333  4  -2  
15  49  37  1591  463  333  4  -2  
15  49  37  1599  456  333  4  -2  
15  49  37  1609  446  333  4  -2  
15  49  37  1614  436  333  4  -2  
15  49  37  1623  420  333  4  -2  
15  49  37  1632  406  333  4  -2  
15  49  37  1642  396  333  4  -2  
15  49  37  1649  385  333  5  -2  
15  49  37  1658  385  333  5  -2  
15  49  37  1665  384  333  5  -2  
15  49  37  1675  384  333  5  -2  
15  49  37  1682  384  333  5  -2  
15  49  37  1692  384  333  5  -2  
15  49  37  1699  384  333  5  -2  
15  49  37  1709  384  333  5  -2  
15  49  37  1716  383  333  5  -2  
15  49  37  1725  383  333  5  -2  
15  49  37  1733  382  333  5  -2  
15  49  37  1742  380  333  5  -2  
15  49  37  1750  379  333  5  -2  
15  49  37  1758  378  333  5  -2  
15  49  37  1765  378  333  5  -2  
15  49  37  1775  378  333  5  -2  
15  49  37  1782  378  333  5  -2  
15  49  37  1792  378  333  5  -2  
15  49  37  1799  378  333  5  -2  
15  49  37  1808  378  333  5  -2  
15  49  37  1815  378  333  5  -2  
15  49  37  1825  378  333  5  -2  
15  49  37  1833  378  333  5  -2  
15  49  37  1842  378  333  5  -2  
15  49  37  1849  378  333  5  -2  
15  49  37  1859  378  333  5  -2  
15  49  37  1866  387  335  5  -2  
15  49  37  1875  387  335  5  -2  
15  49  37  1883  407  335  5  -2  
15  49  37  1892  421  338  5  -2  
15  49  37  1899  434  339  5  -2  
15  49  37  1909  449  339  5  -2  
15  49  37  1918  461  343  5  -2  
15  49  37  1928  475  344  5  -2  
15  49  37  1936  483  346  5  -2  
15  49  37  1945  493  346  5  -2  
15  49  37  1953  500  346  5  -2  
15  49  37  1963  509  346  5  -2  
15  49  37  1975  521  346  6  -2  
15  49  37  1983  529  348  6  -2  
15  49  37  1994  536  349  6  -2  
15  49  37  2003  558  351  6  -2  
15  49  37  2012  569  354  6  -2  
15  49  37  2022  574  354  6  -2  
15  49  37  2031  577  354  6  -2  
15  49  37  2042  577  354  6  -2  
15  49  37  2049  577  354  6  -2  
15  49  37  2061  577  354  6  -2  
15  49  37  2072  577  354  6  -2  
15  49  37  2080  578  355  6  -2  
15  49  37  2091  578  355  6  -2  
15  49  37  2099  578  355  6  -2  
15  49  37  2109  578  355  6  -2  
15  49  37  2118  578  355  6  -2  
15  49  37  2128  578  355  6  -2  
15  49  37  2137  578  355  6  -2  
15  49  37  2146  578  355  6  -2  
15  49  37  2156  577  355  6  -2  
15  49  37  2165  574  355  6  -2  
15  49  37  2176  573  355  6  -2  
15  49  37  2185  571  355  6  -2  
15  49  37  2195  571  355  6  -2  
15  49  37  2204  569  355  6  -2  
15  49  37  2214  569  355  6  -2  
15  49  37  2224  569  355  6  -2  
15  49  37  2232  566  354  6  -2  
