15  49  53  0  351  334  1  -2  
15  49  53  10  351  334  1  -2  
15  49  53  17  351  334  1  -2  
15  49  53  28  351  334  1  -2  
15  49  53  33  351  334  1  -2  
15  49  53  43  351  334  1  -2  
15  49  53  51  351  334  1  -2  
15  49  53  60  351  334  1  -2  
15  49  53  67  351  334  1  -2  
15  49  53  77  351  334  1  -2  
15  49  53  82  351  334  1  -2  
15  49  53  93  351  334  1  -2  
15  49  53  100  351  334  1  -2  
15  49  53  110  351  334  1  -2  
15  49  53  117  351  334  1  -2  
15  49  53  127  351  334  1  -2  
15  49  53  133  351  334  1  -2  
15  49  53  143  351  334  1  -2  
15  49  53  151  351  334  1  -2  
15  49  53  160  351  334  1  -2  
15  49  53  167  353  334  1  -2  
15  49  53  177  353  334  1  -2  
15  49  53  182  357  334  1  -2  
15  49  53  194  357  334  1  -2  
15  49  53  201  365  334  1  -2  
15  49  53  210  370  334  1  -2  
15  49  53  218  375  334  1  -2  
15  49  54  227  382  334  1  -2  
15  49  54  234  385  334  1  -2  
15  49  54  244  389  334  1  -2  
15  49  54  250  392  334  1  -2  
15  49  54  260  393  334  1  -2  
15  49  54  267  395  334  1  -2  
15  49  54  277  396  334  1  -2  
15  49  54  284  399  334  1  -2  
15  49  54  293  403  334  1  -2  
15  49  54  301  409  334  1  -2  
15  49  54  310  426  335  1  -2  
15  49  54  318  452  339  1  -2  
15  49  54  327  493  352  1  -2  
15  49  54  334  550  363  1  -2  
15  49  54  344  592  370  1  -2  
15  49  54  352  644  379  1  -2  
15  49  54  362  649  380  1  -2  
15  49  54  370  650  380  1  -2  
15  49  54  379  650  380  1  -2  
15  49  54  387  650  380  1  -2  
15  49  54  396  648  380  1  -2  
15  49  54  406  643  380  1  -2  
15  49  54  415  639  380  1  -2  
15  49  54  423  635  380  1  -2  
15  49  54  432  635  380  1  -2  
15  49  54  442  633  380  1  -2  
15  49  54  449  633  380  1  -2  
15  49  54  459  633  380  1  -2  
15  49  54  467  632  380  1  -2  
15  49  54  478  631  379  1  -2  
15  49  54  483  628  378  1  -2  
15  49  54  493  625  377  1  -2  
15  49  54  499  619  374  1  -2  
15  49  54  512  611  372  1  -2  
15  49  54  520  604  368  1  -2  
15  49  54  530  600  366  1  -2  
15  49  54  537  594  363  1  -2  
15  49  54  547  589  361  1  -2  
15  49  54  555  585  358  1  -2  
15  49  54  562  579  357  1  -2  
15  49  54  571  573  353  1  -2  
15  49  54  579  570  352  1  -2  
15  49  54  588  566  351  1  -2  
15  49  54  597  562  351  1  -2  
15  49  54  604  558  350  1  -2  
15  49  54  612  554  350  1  -2  
15  49  54  621  551  350  1  -2  
15  49  54  629  543  350  1  -2  
15  49  54  638  536  350  1  -2  
15  49  54  647  526  350  1  -2  
15  49  54  658  513  350  1  -2  
15  49  54  665  484  346  1  -2  
15  49  54  676  471  345  1  -2  
15  49  54  682  459  345  1  -2  
15  49  54  693  449  341  1  -2  
15  49  54  701  437  341  1  -2  
15  49  54  712  425  341  1  -2  
15  49  54  721  414  341  1  -2  
15  49  54  731  392  339  1  -2  
15  49  54  740  385  339  1  -2  
15  49  54  747  377  338  1  -2  
15  49  54  758  374  338  1  -2  
15  49  54  767  370  337  1  -2  
15  49  54  777  367  337  1  -2  
15  49  54  787  365  337  1  -2  
15  49  54  797  364  337  1  -2  
15  49  54  807  362  337  1  -2  
15  49  54  815  362  337  1  -2  
15  49  54  826  362  337  1  -2  
15  49  54  835  362  337  1  -2  
15  49  54  845  362  337  1  -2  
15  49  54  854  362  337  1  -2  
15  49  54  864  362  337  1  -2  
15  49  54  874  362  337  1  -2  
15  49  54  883  362  337  1  -2  
15  49  54  894  362  337  1  -2  
15  49  54  903  362  337  1  -2  
15  49  54  913  363  337  1  -2  
15  49  54  924  366  337  1  -2  
15  49  54  934  370  337  1  -2  
15  49  54  944  372  337  1  -2  
15  49  54  954  387  337  1  -2  
15  49  54  964  399  342  1  -2  
15  49  54  974  409  342  1  -2  
15  49  54  983  421  344  1  -2  
15  49  54  995  431  344  1  -2  
15  49  54  1002  452  348  1  -2  
15  49  54  1013  460  349  1  -2  
15  49  54  1023  472  351  1  -2  
15  49  54  1033  491  353  1  -2  
15  49  54  1044  497  354  1  -2  
15  49  54  1054  500  354  1  -2  
15  49  54  1064  501  354  1  -2  
15  49  54  1074  501  354  1  -2  
15  49  54  1082  501  354  1  -2  
15  49  54  1093  501  354  1  -2  
15  49  54  1102  501  354  1  -2  
15  49  54  1113  502  354  1  -2  
15  49  54  1123  502  354  1  -2  
15  49  54  1132  502  354  1  -2  
15  49  54  1143  502  354  1  -2  
15  49  54  1152  502  354  1  -2  
15  49  54  1161  502  354  1  -2  
15  49  54  1171  504  354  1  -2  
15  49  54  1180  506  354  1  -2  
15  49  54  1190  513  354  1  -2  
15  49  54  1198  520  354  1  -2  
15  49  54  1208  527  354  1  -2  
15  49  54  1217  536  354  1  -2  
15  49  55  1226  537  354  1  -2  
15  49  55  1232  537  354  1  -2  
15  49  55  1241  537  354  1  -2  
15  49  55  1249  537  354  1  -2  
15  49  55  1261  537  354  1  -2  
15  49  55  1267  537  354  1  -2  
15  49  55  1276  537  354  1  -2  
15  49  55  1284  537  354  1  -2  
15  49  55  1294  537  354  1  -2  
15  49  55  1301  537  354  1  -2  
15  49  55  1309  534  353  1  -2  
15  49  55  1318  529  353  1  -2  
15  49  55  1327  524  352  1  -2  
15  49  55  1334  517  351  1  -2  
15  49  55  1344  508  351  1  -2  
15  49  55  1352  484  347  1  -2  
15  49  55  1361  471  347  1  -2  
15  49  55  1373  458  347  1  -2  
15  49  55  1381  443  347  1  -2  
15  49  55  1391  431  347  1  -2  
15  49  55  1399  420  347  1  -2  
15  49  55  1408  409  346  1  -2  
15  49  55  1416  393  346  1  -2  
15  49  55  1427  386  346  1  -2  
15  49  55  1434  376  346  1  -2  
15  49  55  1443  367  346  1  -2  
15  49  55  1451  357  346  1  -2  
15  49  55  1461  349  346  1  -2  
15  49  55  1469  341  346  1  -2  
15  49  55  1477  339  346  1  -2  
15  49  55  1486  338  346  1  -2  
15  49  55  1494  338  346  1  -2  
15  49  55  1503  338  346  1  -2  
15  49  55  1510  338  346  1  -2  
15  49  55  1522  338  346  1  -2  
15  49  55  1530  338  346  1  -2  
15  49  55  1541  338  346  1  -2  
15  49  55  1549  338  346  1  -2  
15  49  55  1559  338  345  1  -2  
15  49  55  1568  338  345  1  -2  
15  49  55  1578  338  345  1  -2  
15  49  55  1586  339  345  1  -2  
15  49  55  1593  341  343  1  -2  
15  49  55  1603  344  343  1  -2  
15  49  55  1611  348  342  1  -2  
15  49  55  1622  353  342  1  -2  
15  49  55  1631  360  342  1  -2  
15  49  55  1641  370  342  1  -2  
15  49  55  1649  398  342  1  -2  
15  49  55  1659  415  342  1  -2  
15  49  55  1667  436  343  1  -2  
15  49  55  1677  455  346  1  -2  
15  49  55  1685  471  347  1  -2  
15  49  55  1695  483  350  1  -2  
15  49  55  1704  495  351  1  -2  
15  49  55  1713  506  352  1  -2  
15  49  55  1725  508  353  1  -2  
15  49  55  1733  508  353  1  -2  
15  49  55  1741  508  353  1  -2  
15  49  55  1751  508  353  1  -2  
15  49  55  1760  508  353  1  -2  
15  49  55  1768  508  353  1  -2  
15  49  55  1776  508  353  1  -2  
15  49  55  1785  508  353  1  -2  
15  49  55  1795  508  353  1  -2  
15  49  55  1802  508  353  1  -2  
15  49  55  1811  508  353  1  -2  
15  49  55  1820  508  353  1  -2  
15  49  55  1828  510  353  1  -2  
15  49  55  1837  515  353  1  -2  
15  49  55  1845  522  353  1  -2  
15  49  55  1857  530  353  1  -2  
15  49  55  1864  541  353  1  -2  
15  49  55  1873  541  353  1  -2  
15  49  55  1881  541  353  1  -2  
15  49  55  1890  541  353  1  -2  
15  49  55  1898  541  353  1  -2  
15  49  55  1907  541  353  1  -2  
15  49  55  1915  541  353  1  -2  
15  49  55  1925  541  353  1  -2  
15  49  55  1933  541  353  1  -2  
15  49  55  1942  541  353  1  -2  
15  49  55  1951  541  353  1  -2  
15  49  55  1960  541  353  1  -2  
