15  49  43  0  366  316  1  -2  
15  49  43  9  366  316  1  -2  
15  49  43  17  366  316  1  -2  
15  49  43  25  366  316  1  -2  
15  49  43  33  366  316  1  -2  
15  49  43  40  366  316  1  -2  
15  49  43  51  366  316  1  -2  
15  49  43  58  366  316  1  -2  
15  49  43  66  366  316  1  -2  
15  49  43  75  366  316  1  -2  
15  49  43  83  366  316  1  -2  
15  49  43  92  366  316  1  -2  
15  49  43  100  366  316  1  -2  
15  49  43  108  366  316  1  -2  
15  49  43  116  366  316  1  -2  
15  49  43  125  366  316  1  -2  
15  49  43  133  366  316  1  -2  
15  49  43  142  366  316  1  -2  
15  49  43  150  366  317  1  -2  
15  49  43  159  368  318  1  -2  
15  49  43  168  373  318  1  -2  
15  49  43  175  380  319  1  -2  
15  49  43  184  390  321  1  -2  
15  49  43  192  400  321  1  -2  
15  49  43  200  412  325  1  -2  
15  49  43  210  423  326  1  -2  
15  49  43  217  436  327  1  -2  
15  49  43  225  439  327  1  -2  
15  49  43  233  440  327  1  -2  
15  49  43  242  440  327  1  -2  
15  49  43  250  440  327  1  -2  
15  49  43  260  440  327  1  -2  
15  49  43  267  440  327  1  -2  
15  49  43  275  440  327  1  -2  
15  49  43  284  441  327  1  -2  
15  49  43  292  445  327  1  -2  
15  49  43  300  457  327  1  -2  
15  49  43  310  468  327  1  -2  
15  49  43  317  485  327  1  -2  
15  49  43  328  506  332  2  -2  
15  49  43  334  523  335  2  -2  
15  49  43  343  536  335  2  -2  
15  49  43  350  543  335  2  -2  
15  49  43  360  546  335  2  -2  
15  49  43  367  546  335  2  -2  
15  49  43  376  546  335  2  -2  
15  49  43  384  546  335  2  -2  
15  49  43  392  546  335  2  -2  
15  49  43  402  546  335  2  -2  
15  49  43  409  546  335  2  -2  
15  49  43  417  546  335  2  -2  
15  49  43  426  547  335  2  -2  
15  49  43  436  547  335  2  -2  
15  49  43  443  549  337  2  -2  
15  49  43  452  549  337  2  -2  
15  49  43  460  549  337  2  -2  
15  49  43  471  549  337  2  -2  
15  49  43  481  549  337  2  -2  
15  49  43  490  550  337  2  -2  
15  49  43  496  543  335  2  -2  
15  49  43  505  543  335  2  -2  
15  49  43  513  524  332  2  -2  
15  49  43  521  514  330  2  -2  
15  49  43  531  507  330  2  -2  
15  49  43  539  502  330  2  -2  
15  49  43  546  498  330  2  -2  
15  49  43  556  496  330  2  -2  
15  49  43  563  495  330  2  -2  
15  49  43  572  494  330  2  -2  
15  49  43  580  492  330  2  -2  
15  49  43  589  490  330  2  -2  
15  49  43  598  486  330  2  -2  
15  49  43  605  484  330  2  -2  
15  49  43  613  481  330  2  -2  
15  49  43  622  477  330  2  -2  
15  49  43  630  475  330  2  -2  
15  49  43  639  473  330  2  -2  
15  49  43  646  470  330  2  -2  
15  49  43  655  468  331  2  -2  
15  49  43  663  463  332  2  -2  
15  49  43  672  458  332  2  -2  
15  49  43  680  451  332  2  -2  
15  49  43  688  443  332  2  -2  
15  49  43  697  431  332  2  -2  
15  49  43  705  408  332  2  -2  
15  49  43  713  398  332  2  -2  
15  49  43  722  389  332  3  -2  
15  49  43  730  381  332  3  -2  
15  49  43  739  376  332  3  -2  
15  49  43  746  372  332  3  -2  
15  49  43  755  370  332  3  -2  
15  49  43  763  370  332  3  -2  
15  49  43  772  370  332  3  -2  
15  49  43  780  370  332  3  -2  
15  49  43  790  370  332  3  -2  
15  49  43  797  370  332  3  -2  
15  49  43  806  370  332  3  -2  
15  49  43  814  370  332  3  -2  
15  49  44  822  370  332  3  -2  
15  49  44  830  370  332  3  -2  
15  49  44  839  370  332  3  -2  
15  49  44  846  370  332  3  -2  
15  49  44  855  370  332  3  -2  
15  49  44  863  370  332  3  -2  
15  49  44  872  370  332  3  -2  
15  49  44  880  370  332  3  -2  
15  49  44  888  370  332  3  -2  
15  49  44  898  370  332  3  -2  
15  49  44  905  377  333  3  -2  
15  49  44  913  383  335  3  -2  
15  49  44  922  394  337  3  -2  
15  49  44  931  405  338  3  -2  
15  49  44  939  415  339  3  -2  
15  49  44  948  427  342  3  -2  
15  49  44  955  440  343  3  -2  
15  49  44  963  455  344  3  -2  
15  49  44  972  469  349  3  -2  
15  49  44  980  479  349  3  -2  
15  49  44  990  482  349  3  -2  
15  49  44  998  484  349  3  -2  
15  49  44  1005  485  349  3  -2  
15  49  44  1014  485  349  3  -2  
15  49  44  1022  485  349  3  -2  
15  49  44  1030  485  349  3  -2  
15  49  44  1040  485  349  3  -2  
15  49  44  1048  485  349  3  -2  
15  49  44  1055  485  349  3  -2  
15  49  44  1064  485  349  3  -2  
15  49  44  1073  486  349  3  -2  
15  49  44  1081  489  349  3  -2  
15  49  44  1090  495  349  3  -2  
15  49  44  1098  520  349  3  -2  
15  49  44  1106  530  350  3  -2  
15  49  44  1114  537  351  3  -2  
15  49  44  1122  543  351  3  -2  
15  49  44  1131  543  351  3  -2  
15  49  44  1139  543  351  3  -2  
15  49  44  1146  543  351  3  -2  
15  49  44  1155  543  351  3  -2  
15  49  44  1163  543  351  3  -2  
15  49  44  1172  543  351  3  -2  
15  49  44  1181  543  351  3  -2  
15  49  44  1190  543  351  3  -2  
15  49  44  1198  543  351  3  -2  
15  49  44  1205  543  351  3  -2  
15  49  44  1214  543  351  3  -2  
15  49  44  1222  543  351  3  -2  
15  49  44  1231  543  351  3  -2  
15  49  44  1240  543  351  3  -2  
15  49  44  1248  543  351  3  -2  
15  49  44  1256  543  351  3  -2  
15  49  44  1264  543  351  3  -2  
15  49  44  1273  543  351  3  -2  
15  49  44  1280  543  351  3  -2  
15  49  44  1290  543  351  3  -2  
15  49  44  1297  543  351  3  -2  
15  49  44  1307  543  351  3  -2  
15  49  44  1316  543  351  3  -2  
15  49  44  1325  540  351  3  -2  
15  49  44  1332  534  351  3  -2  
15  49  44  1341  525  351  3  -2  
15  49  44  1350  512  349  3  -2  
15  49  44  1359  495  348  3  -2  
15  49  44  1365  480  346  3  -2  
15  49  44  1374  463  344  3  -2  
15  49  44  1383  445  341  3  -2  
15  49  44  1391  428  339  3  -2  
15  49  44  1400  406  335  3  -2  
15  49  44  1408  390  335  3  -2  
15  49  44  1416  377  335  3  -2  
15  49  44  1424  368  335  3  -2  
15  49  44  1433  367  335  3  -2  
15  49  44  1441  365  335  3  -2  
15  49  44  1451  365  335  3  -2  
15  49  44  1459  365  335  3  -2  
15  49  44  1466  365  335  3  -2  
15  49  44  1476  365  335  3  -2  
15  49  44  1483  363  335  3  -2  
15  49  44  1492  361  335  3  -2  
15  49  44  1501  360  335  3  -2  
15  49  44  1509  360  335  3  -2  
15  49  44  1517  360  335  3  -2  
15  49  44  1526  360  335  3  -2  
15  49  44  1534  360  335  3  -2  
15  49  44  1541  360  335  3  -2  
15  49  44  1551  360  335  3  -2  
15  49  44  1559  360  335  3  -2  
15  49  44  1569  360  335  3  -2  
15  49  44  1575  360  335  3  -2  
15  49  44  1584  360  335  3  -2  
15  49  44  1592  360  335  3  -2  
15  49  44  1602  360  335  3  -2  
15  49  44  1609  360  335  3  -2  
15  49  44  1616  360  335  3  -2  
15  49  44  1624  360  335  3  -2  
15  49  44  1634  360  335  3  -2  
15  49  44  1641  360  335  3  -2  
15  49  44  1651  360  335  3  -2  
15  49  44  1658  360  335  3  -2  
15  49  44  1666  360  335  3  -2  
15  49  44  1674  360  335  3  -2  
15  49  44  1683  360  335  3  -2  
15  49  44  1691  360  335  3  -2  
