11  7  21  0  355  312  1  -2  
11  7  21  9  355  312  1  -2  
11  7  21  18  355  312  1  -2  
11  7  21  25  355  312  1  -2  
11  7  21  33  355  312  1  -2  
11  7  21  42  355  312  1  -2  
11  7  21  50  355  312  1  -2  
11  7  21  59  355  312  1  -2  
11  7  21  68  355  312  1  -2  
11  7  21  75  355  312  1  -2  
11  7  21  83  355  312  1  -2  
11  7  21  92  355  312  1  -2  
11  7  21  100  355  312  1  -2  
11  7  21  108  355  312  1  -2  
11  7  21  117  355  312  1  -2  
11  7  21  125  355  312  1  -2  
11  7  21  134  355  312  1  -2  
11  7  21  143  355  312  1  -2  
11  7  21  151  355  312  1  -2  
11  7  21  158  357  312  1  -2  
11  7  21  168  359  312  1  -2  
11  7  21  175  363  312  1  -2  
11  7  21  183  368  313  1  -2  
11  7  21  192  372  313  1  -2  
11  7  21  200  374  313  1  -2  
11  7  21  209  382  314  1  -2  
11  7  21  217  388  315  1  -2  
11  7  21  225  390  315  1  -2  
11  7  21  233  395  316  1  -2  
11  7  21  242  401  316  1  -2  
11  7  21  250  404  316  1  -2  
11  7  21  258  408  318  1  -2  
11  7  21  267  412  319  1  -2  
11  7  21  276  414  319  1  -2  
11  7  21  286  417  319  1  -2  
11  7  21  292  419  319  1  -2  
11  7  21  301  421  319  1  -2  
11  7  21  309  423  319  1  -2  
11  7  21  318  424  319  1  -2  
11  7  21  325  426  319  1  -2  
11  7  21  334  430  320  1  -2  
11  7  21  344  431  320  1  -2  
11  7  21  353  434  321  1  -2  
11  7  21  361  438  321  1  -2  
11  7  21  369  441  321  1  -2  
11  7  21  376  444  321  1  -2  
11  7  21  385  448  321  1  -2  
11  7  21  393  453  323  1  -2  
11  7  22  402  457  323  1  -2  
11  7  22  410  460  324  1  -2  
11  7  22  418  465  324  1  -2  
11  7  22  428  469  325  1  -2  
11  7  22  435  474  325  1  -2  
11  7  22  443  478  325  1  -2  
11  7  22  452  483  325  1  -2  
11  7  22  459  489  325  1  -2  
11  7  22  469  489  325  1  -2  
11  7  22  477  497  326  2  -2  
11  7  22  485  499  326  2  -2  
11  7  22  494  502  326  2  -2  
11  7  22  502  505  326  2  -2  
11  7  22  511  506  326  2  -2  
11  7  22  519  509  326  2  -2  
11  7  22  527  511  326  2  -2  
11  7  22  536  514  326  2  -2  
11  7  22  544  515  326  2  -2  
11  7  22  553  517  326  2  -2  
11  7  22  561  519  326  2  -2  
11  7  22  569  520  326  2  -2  
11  7  22  580  520  326  2  -2  
11  7  22  586  521  326  2  -2  
11  7  22  594  521  326  2  -2  
11  7  22  603  521  326  2  -2  
11  7  22  611  521  326  2  -2  
11  7  22  619  521  326  2  -2  
11  7  22  628  521  326  2  -2  
11  7  22  637  521  326  2  -2  
11  7  22  645  521  326  2  -2  
11  7  22  653  521  326  2  -2  
11  7  22  661  521  326  2  -2  
11  7  22  669  521  326  2  -2  
11  7  22  678  521  326  2  -2  
11  7  22  687  521  326  2  -2  
11  7  22  695  521  326  2  -2  
11  7  22  703  521  326  2  -2  
11  7  22  711  521  326  2  -2  
11  7  22  720  521  326  2  -2  
11  7  22  729  521  326  2  -2  
11  7  22  738  521  326  2  -2  
11  7  22  745  521  326  2  -2  
11  7  22  753  521  326  2  -2  
11  7  22  761  521  326  2  -2  
11  7  22  770  521  326  2  -2  
11  7  22  779  521  326  2  -2  
11  7  22  788  521  326  2  -2  
11  7  22  795  521  326  2  -2  
11  7  22  804  521  326  2  -2  
11  7  22  813  521  326  2  -2  
11  7  22  820  518  326  2  -2  
11  7  22  828  513  326  2  -2  
11  7  22  837  513  326  2  -2  
11  7  22  846  501  326  2  -2  
11  7  22  854  495  326  2  -2  
11  7  22  861  485  326  2  -2  
11  7  22  869  476  326  2  -2  
11  7  22  881  466  326  2  -2  
11  7  22  887  458  326  2  -2  
11  7  22  895  449  326  2  -2  
11  7  22  903  441  326  2  -2  
11  7  22  912  434  326  2  -2  
11  7  22  920  429  326  2  -2  
11  7  22  929  421  326  2  -2  
11  7  22  937  415  326  2  -2  
11  7  22  945  408  324  2  -2  
11  7  22  954  404  323  2  -2  
11  7  22  963  399  322  3  -2  
11  7  22  970  396  322  3  -2  
11  7  22  979  392  321  3  -2  
11  7  22  988  387  321  3  -2  
11  7  22  995  383  320  3  -2  
11  7  22  1004  382  320  3  -2  
11  7  22  1013  374  318  3  -2  
11  7  22  1020  372  318  3  -2  
11  7  22  1030  372  318  3  -2  
11  7  22  1038  369  318  3  -2  
11  7  22  1046  367  318  3  -2  
11  7  22  1055  365  318  3  -2  
11  7  22  1063  362  318  3  -2  
11  7  22  1071  361  318  3  -2  
11  7  22  1080  359  317  3  -2  
11  7  22  1087  358  317  3  -2  
11  7  22  1098  358  317  3  -2  
11  7  22  1105  358  317  3  -2  
11  7  22  1113  358  317  3  -2  
11  7  22  1121  358  317  3  -2  
11  7  22  1130  358  317  3  -2  
11  7  22  1138  358  317  3  -2  
11  7  22  1145  358  317  3  -2  
11  7  22  1153  358  317  3  -2  
11  7  22  1161  358  317  3  -2  
11  7  22  1170  358  317  3  -2  
11  7  22  1179  358  317  3  -2  
11  7  22  1186  358  317  3  -2  
11  7  22  1198  358  317  3  -2  
11  7  22  1204  358  317  3  -2  
11  7  22  1213  358  317  3  -2  
11  7  22  1221  358  317  3  -2  
11  7  22  1230  358  317  3  -2  
11  7  22  1238  358  317  3  -2  
11  7  22  1246  358  317  3  -2  
11  7  22  1253  358  317  3  -2  
11  7  22  1263  358  317  3  -2  
11  7  22  1271  358  317  3  -2  
11  7  22  1281  358  317  3  -2  
11  7  22  1288  358  317  3  -2  
11  7  22  1296  358  317  3  -2  
11  7  22  1303  358  317  3  -2  
11  7  22  1313  358  317  3  -2  
11  7  22  1320  358  317  3  -2  
11  7  22  1329  358  317  3  -2  
11  7  22  1338  358  317  3  -2  
11  7  22  1345  358  317  3  -2  
11  7  22  1353  358  317  3  -2  
11  7  22  1364  358  317  3  -2  
11  7  22  1371  358  317  3  -2  
11  7  22  1379  358  317  3  -2  
11  7  22  1387  358  317  3  -2  
11  7  22  1397  358  317  3  -2  
11  7  23  1404  358  317  3  -2  
11  7  23  1412  358  317  3  -2  
11  7  23  1419  358  317  3  -2  
11  7  23  1429  358  317  3  -2  
11  7  23  1437  358  317  3  -2  
11  7  23  1447  358  317  3  -2  
11  7  23  1453  358  317  3  -2  
11  7  23  1463  358  317  3  -2  
11  7  23  1469  358  317  3  -2  
11  7  23  1478  358  317  3  -2  
11  7  23  1487  358  317  3  -2  
11  7  23  1497  358  317  3  -2  
11  7  23  1503  358  317  3  -2  
11  7  23  1512  358  317  3  -2  
11  7  23  1519  358  317  3  -2  
11  7  23  1530  358  317  3  -2  
11  7  23  1538  358  317  3  -2  
11  7  23  1547  358  317  3  -2  
11  7  23  1553  358  317  3  -2  
11  7  23  1562  361  317  3  -2  
11  7  23  1569  365  317  3  -2  
11  7  23  1580  370  317  3  -2  
11  7  23  1587  376  317  3  -2  
11  7  23  1595  383  317  3  -2  
11  7  23  1603  393  317  3  -2  
11  7  23  1612  416  317  3  -2  
11  7  23  1620  430  317  3  -2  
11  7  23  1630  446  317  3  -2  
11  7  23  1636  461  317  3  -2  
11  7  23  1646  476  317  3  -2  
11  7  23  1654  491  317  3  -2  
11  7  23  1663  504  317  4  -2  
11  7  23  1670  518  320  4  -2  
11  7  23  1680  528  321  4  -2  
11  7  23  1686  540  323  4  -2  
11  7  23  1697  548  323  4  -2  
11  7  23  1704  554  325  4  -2  
11  7  23  1713  558  325  4  -2  
11  7  23  1719  563  325  4  -2  
11  7  23  1730  566  325  4  -2  
11  7  23  1738  568  325  4  -2  
11  7  23  1747  569  325  4  -2  
11  7  23  1753  570  325  4  -2  
11  7  23  1762  570  325  4  -2  
11  7  23  1769  570  325  4  -2  
11  7  23  1782  570  325  4  -2  
11  7  23  1789  570  325  4  -2  
11  7  23  1799  570  325  4  -2  
11  7  23  1808  570  325  4  -2  
11  7  23  1815  570  325  4  -2  
11  7  23  1822  570  325  4  -2  
11  7  23  1832  570  325  4  -2  
11  7  23  1839  570  325  4  -2  
11  7  23  1849  570  325  4  -2  
11  7  23  1855  570  325  4  -2  
11  7  23  1865  570  325  4  -2  
11  7  23  1873  570  325  4  -2  
11  7  23  1882  570  325  4  -2  
11  7  23  1890  570  325  4  -2  
11  7  23  1899  570  325  4  -2  
11  7  23  1907  565  325  4  -2  
11  7  23  1916  560  325  4  -2  
11  7  23  1922  545  325  4  -2  
11  7  23  1932  545  325  4  -2  
11  7  23  1939  526  325  4  -2  
11  7  23  1949  526  325  4  -2  
11  7  23  1957  508  325  4  -2  
11  7  23  1966  496  325  4  -2  
11  7  23  1973  488  325  4  -2  
11  7  23  1982  476  325  4  -2  
11  7  23  1990  464  324  4  -2  
11  7  23  2000  456  323  4  -2  
11  7  23  2007  442  319  4  -2  
11  7  23  2016  432  318  4  -2  
11  7  23  2023  423  315  4  -2  
11  7  23  2033  413  313  4  -2  
11  7  23  2040  404  312  4  -2  
