10  23  57  0  372  311  1  -2  
10  23  57  7  372  311  1  -2  
10  23  57  17  372  311  1  -2  
10  23  57  24  372  311  1  -2  
10  23  57  33  372  311  1  -2  
10  23  57  41  372  311  1  -2  
10  23  57  52  372  311  1  -2  
10  23  57  58  372  312  1  -2  
10  23  57  66  372  312  1  -2  
10  23  57  74  372  313  1  -2  
10  23  57  84  373  313  1  -2  
10  23  57  91  374  313  1  -2  
10  23  57  102  376  313  1  -2  
10  23  57  107  378  313  1  -2  
10  23  57  117  380  313  1  -2  
10  23  57  125  382  313  1  -2  
10  23  57  133  385  313  1  -2  
10  23  57  141  387  313  1  -2  
10  23  57  152  391  313  1  -2  
10  23  57  157  395  313  1  -2  
10  23  57  168  397  313  1  -2  
10  23  57  174  400  313  1  -2  
10  23  57  183  404  313  1  -2  
10  23  57  191  408  313  1  -2  
10  23  57  200  410  313  1  -2  
10  23  57  207  414  313  1  -2  
10  23  57  218  417  313  1  -2  
10  23  57  224  418  313  1  -2  
10  23  57  233  422  313  1  -2  
10  23  57  241  424  313  1  -2  
10  23  57  252  426  313  1  -2  
10  23  57  257  433  313  1  -2  
10  23  57  268  433  313  1  -2  
10  23  57  274  443  313  1  -2  
10  23  57  283  447  313  1  -2  
10  23  57  291  452  313  1  -2  
10  23  57  301  457  313  1  -2  
10  23  57  307  460  313  1  -2  
10  23  57  318  463  313  1  -2  
10  23  57  325  466  313  1  -2  
10  23  58  333  468  313  1  -2  
10  23  58  341  469  313  1  -2  
10  23  58  352  472  313  1  -2  
10  23  58  357  473  313  1  -2  
10  23  58  368  475  313  1  -2  
10  23  58  374  478  313  1  -2  
10  23  58  383  482  313  1  -2  
10  23  58  391  484  313  1  -2  
10  23  58  402  488  313  1  -2  
10  23  58  408  490  313  1  -2  
10  23  58  418  492  313  1  -2  
10  23  58  424  495  313  2  -2  
10  23  58  433  495  313  2  -2  
10  23  58  441  495  313  2  -2  
10  23  58  452  495  313  2  -2  
10  23  58  458  496  313  2  -2  
10  23  58  468  496  313  2  -2  
10  23  58  474  496  313  2  -2  
10  23  58  483  496  313  2  -2  
10  23  58  491  496  313  2  -2  
10  23  58  501  496  313  2  -2  
10  23  58  507  496  313  2  -2  
10  23  58  518  496  313  2  -2  
10  23  58  524  496  313  2  -2  
10  23  58  533  496  313  2  -2  
10  23  58  541  496  313  2  -2  
10  23  58  552  496  313  2  -2  
10  23  58  557  496  313  2  -2  
10  23  58  568  496  313  2  -2  
10  23  58  575  496  313  2  -2  
10  23  58  583  496  313  2  -2  
10  23  58  591  496  313  2  -2  
10  23  58  601  496  313  2  -2  
10  23  58  608  496  313  2  -2  
10  23  58  618  496  313  2  -2  
10  23  58  625  496  313  2  -2  
10  23  58  634  496  313  2  -2  
10  23  58  641  496  313  2  -2  
10  23  58  652  496  313  2  -2  
10  23  58  657  496  313  2  -2  
10  23  58  668  496  313  2  -2  
10  23  58  675  496  313  2  -2  
10  23  58  686  496  313  2  -2  
10  23  58  693  496  313  2  -2  
10  23  58  702  496  313  2  -2  
10  23  58  708  493  313  2  -2  
10  23  58  718  492  313  2  -2  
10  23  58  724  491  313  2  -2  
10  23  58  735  488  314  2  -2  
10  23  58  742  487  314  2  -2  
10  23  58  752  483  314  2  -2  
10  23  58  758  480  314  2  -2  
10  23  58  768  478  314  2  -2  
10  23  58  775  474  314  2  -2  
10  23  58  785  470  314  2  -2  
10  23  58  792  465  314  2  -2  
10  23  58  802  462  314  2  -2  
10  23  58  808  459  314  2  -2  
10  23  58  819  455  314  2  -2  
10  23  58  824  446  312  2  -2  
10  23  58  836  446  312  2  -2  
10  23  58  842  439  311  2  -2  
10  23  58  852  439  311  2  -2  
10  23  58  858  434  311  2  -2  
10  23  58  868  431  311  2  -2  
10  23  58  876  426  311  2  -2  
10  23  58  886  424  310  2  -2  
10  23  58  892  419  310  2  -2  
10  23  58  901  416  308  2  -2  
10  23  58  908  412  307  2  -2  
10  23  58  918  408  307  2  -2  
10  23  58  924  407  306  2  -2  
10  23  58  935  404  306  2  -2  
10  23  58  943  402  306  2  -2  
10  23  58  952  400  306  2  -2  
10  23  58  959  398  305  3  -2  
10  23  58  968  395  305  3  -2  
10  23  58  975  394  305  3  -2  
10  23  58  985  392  303  3  -2  
10  23  58  992  390  303  3  -2  
10  23  58  1001  386  303  3  -2  
10  23  58  1008  386  303  3  -2  
10  23  58  1018  383  303  3  -2  
10  23  58  1025  381  303  3  -2  
10  23  58  1035  381  303  3  -2  
10  23  58  1043  379  303  3  -2  
10  23  58  1052  378  303  3  -2  
10  23  58  1058  377  303  3  -2  
10  23  58  1069  377  303  3  -2  
10  23  58  1075  376  302  3  -2  
10  23  58  1086  376  302  3  -2  
10  23  58  1093  376  302  3  -2  
10  23  58  1101  376  302  3  -2  
10  23  58  1108  376  302  3  -2  
10  23  58  1118  376  302  3  -2  
10  23  58  1125  376  302  3  -2  
10  23  58  1135  376  302  3  -2  
10  23  58  1142  376  302  3  -2  
10  23  58  1151  376  302  3  -2  
10  23  58  1158  376  302  3  -2  
10  23  58  1168  376  302  3  -2  
10  23  58  1175  376  302  3  -2  
10  23  58  1185  376  302  3  -2  
10  23  58  1193  376  302  3  -2  
10  23  58  1201  376  302  3  -2  
10  23  58  1209  376  302  3  -2  
10  23  58  1218  376  302  3  -2  
10  23  58  1225  376  302  3  -2  
10  23  58  1235  376  302  3  -2  
10  23  58  1242  376  302  3  -2  
10  23  58  1251  376  302  3  -2  
10  23  58  1258  376  302  3  -2  
10  23  58  1268  376  302  3  -2  
10  23  58  1275  376  302  3  -2  
10  23  58  1286  376  302  3  -2  
10  23  58  1292  375  302  3  -2  
10  23  58  1301  375  302  3  -2  
10  23  58  1308  375  302  3  -2  
10  23  58  1318  376  303  3  -2  
10  23  59  1326  377  303  3  -2  
10  23  59  1335  378  304  3  -2  
10  23  59  1342  381  304  3  -2  
10  23  59  1351  383  304  3  -2  
10  23  59  1358  388  307  3  -2  
10  23  59  1368  393  308  3  -2  
10  23  59  1377  399  308  3  -2  
10  23  59  1385  404  309  3  -2  
10  23  59  1392  411  310  3  -2  
10  23  59  1401  416  310  3  -2  
10  23  59  1408  420  310  3  -2  
10  23  59  1418  423  312  3  -2  
10  23  59  1425  423  312  3  -2  
10  23  59  1435  425  312  3  -2  
10  23  59  1443  429  313  3  -2  
10  23  59  1451  433  313  3  -2  
10  23  59  1458  437  314  3  -2  
10  23  59  1468  439  314  3  -2  
10  23  59  1476  444  314  3  -2  
10  23  59  1486  447  315  3  -2  
10  23  59  1492  450  315  3  -2  
10  23  59  1502  453  315  3  -2  
10  23  59  1508  455  315  3  -2  
10  23  59  1518  457  315  3  -2  
10  23  59  1525  460  315  3  -2  
10  23  59  1535  460  315  3  -2  
10  23  59  1543  461  315  3  -2  
10  23  59  1552  463  315  3  -2  
10  23  59  1558  463  315  3  -2  
10  23  59  1568  465  315  3  -2  
10  23  59  1576  467  315  3  -2  
10  23  59  1585  469  315  3  -2  
10  23  59  1593  473  315  3  -2  
10  23  59  1601  475  315  3  -2  
10  23  59  1608  477  315  3  -2  
10  23  59  1617  481  315  3  -2  
10  23  59  1625  482  315  3  -2  
10  23  59  1634  484  315  3  -2  
10  23  59  1641  486  315  3  -2  
10  23  59  1650  486  315  3  -2  
10  23  59  1658  488  315  3  -2  
10  23  59  1667  489  315  3  -2  
10  23  59  1675  489  315  3  -2  
10  23  59  1685  489  315  3  -2  
10  23  59  1691  489  315  3  -2  
10  23  59  1700  490  315  3  -2  
10  23  59  1708  490  315  3  -2  
10  23  59  1717  491  315  3  -2  
10  23  59  1724  491  315  3  -2  
10  23  59  1734  491  315  3  -2  
10  23  59  1741  492  315  3  -2  
10  23  59  1750  492  315  3  -2  
10  23  59  1758  493  315  3  -2  
10  23  59  1767  494  315  3  -2  
10  23  59  1774  494  315  3  -2  
10  23  59  1784  494  315  3  -2  
10  23  59  1791  495  315  4  -2  
10  23  59  1800  495  315  4  -2  
10  23  59  1807  495  315  4  -2  
10  23  59  1817  495  315  4  -2  
10  23  59  1826  495  315  4  -2  
10  23  59  1834  495  315  4  -2  
10  23  59  1841  495  315  4  -2  
10  23  59  1850  495  315  4  -2  
10  23  59  1858  495  315  4  -2  
10  23  59  1867  495  315  4  -2  
10  23  59  1874  495  315  4  -2  
10  23  59  1884  495  315  4  -2  
10  23  59  1891  495  315  4  -2  
10  23  59  1900  495  315  4  -2  
10  23  59  1908  493  315  4  -2  
10  23  59  1917  493  315  4  -2  
10  23  59  1925  490  315  4  -2  
10  23  59  1934  489  315  4  -2  
10  23  59  1941  485  315  4  -2  
10  23  59  1950  482  315  4  -2  
10  23  59  1958  480  315  4  -2  
10  23  59  1967  476  315  4  -2  
10  23  59  1974  471  315  4  -2  
10  23  59  1984  468  315  4  -2  
10  23  59  1993  461  315  4  -2  
10  23  59  2000  455  315  4  -2  
10  23  59  2008  450  315  4  -2  
10  23  59  2017  445  315  4  -2  
10  23  59  2025  442  315  4  -2  
10  23  59  2034  437  315  4  -2  
10  23  59  2043  433  315  4  -2  
10  23  59  2051  429  315  4  -2  
10  23  59  2059  426  315  4  -2  
10  23  59  2067  424  315  4  -2  
10  23  59  2076  420  315  4  -2  
10  23  59  2084  415  315  4  -2  
10  23  59  2092  413  315  4  -2  
10  23  59  2100  410  315  4  -2  
10  23  59  2108  407  315  4  -2  
10  23  59  2117  404  315  4  -2  
10  23  59  2125  402  314  4  -2  
10  23  59  2134  401  313  4  -2  
