10  23  42  0  384  311  1  -2  
10  23  42  8  384  311  1  -2  
10  23  42  17  384  311  1  -2  
10  23  42  25  384  311  1  -2  
10  23  42  33  384  311  1  -2  
10  23  42  41  384  311  1  -2  
10  23  42  50  384  312  1  -2  
10  23  42  58  385  312  1  -2  
10  23  42  67  386  312  1  -2  
10  23  42  75  388  312  1  -2  
10  23  42  84  390  312  1  -2  
10  23  42  92  393  312  1  -2  
10  23  42  100  397  312  1  -2  
10  23  42  108  400  312  1  -2  
10  23  42  117  404  312  1  -2  
10  23  42  125  407  312  1  -2  
10  23  42  134  411  312  1  -2  
10  23  42  141  414  312  1  -2  
10  23  42  151  419  312  1  -2  
10  23  42  160  424  312  1  -2  
10  23  42  167  428  312  1  -2  
10  23  42  175  433  312  1  -2  
10  23  42  183  436  312  1  -2  
10  23  42  191  443  312  1  -2  
10  23  42  200  446  312  1  -2  
10  23  42  209  455  312  1  -2  
10  23  42  218  460  312  1  -2  
10  23  42  225  463  312  1  -2  
10  23  42  234  466  312  1  -2  
10  23  42  242  469  312  1  -2  
10  23  42  251  471  312  1  -2  
10  23  42  260  471  312  1  -2  
10  23  42  267  473  312  1  -2  
10  23  42  275  474  312  1  -2  
10  23  42  283  474  312  1  -2  
10  23  42  292  475  312  1  -2  
10  23  42  301  477  312  1  -2  
10  23  42  310  477  312  1  -2  
10  23  42  317  478  312  1  -2  
10  23  42  325  479  312  1  -2  
10  23  43  334  480  312  1  -2  
10  23  43  342  482  312  1  -2  
10  23  43  351  483  312  1  -2  
10  23  43  358  484  312  1  -2  
10  23  43  367  486  312  1  -2  
10  23  43  375  488  312  1  -2  
10  23  43  383  489  312  1  -2  
10  23  43  392  490  312  1  -2  
10  23  43  401  490  312  1  -2  
10  23  43  410  490  312  1  -2  
10  23  43  418  492  312  1  -2  
10  23  43  425  493  312  1  -2  
10  23  43  434  493  312  1  -2  
10  23  43  442  494  312  1  -2  
10  23  43  451  494  312  1  -2  
10  23  43  460  494  312  1  -2  
10  23  43  467  494  312  1  -2  
10  23  43  475  494  312  1  -2  
10  23  43  483  494  312  1  -2  
10  23  43  492  494  312  1  -2  
10  23  43  502  494  312  1  -2  
10  23  43  511  494  312  1  -2  
10  23  43  517  494  312  1  -2  
10  23  43  525  494  312  1  -2  
10  23  43  533  494  312  1  -2  
10  23  43  544  494  312  1  -2  
10  23  43  551  494  312  1  -2  
10  23  43  560  494  312  1  -2  
10  23  43  567  494  312  1  -2  
10  23  43  575  494  312  1  -2  
10  23  43  583  494  312  1  -2  
10  23  43  592  494  312  1  -2  
10  23  43  601  494  312  1  -2  
10  23  43  610  494  312  1  -2  
10  23  43  618  494  312  1  -2  
10  23  43  625  493  312  1  -2  
10  23  43  635  492  312  1  -2  
10  23  43  642  491  312  1  -2  
10  23  43  651  489  312  1  -2  
10  23  43  660  489  312  1  -2  
10  23  43  667  487  312  1  -2  
10  23  43  676  485  312  1  -2  
10  23  43  683  483  312  1  -2  
10  23  43  693  481  312  1  -2  
10  23  43  701  481  312  1  -2  
10  23  43  710  478  312  1  -2  
10  23  43  717  477  312  1  -2  
10  23  43  725  474  312  1  -2  
10  23  43  734  473  312  1  -2  
10  23  43  742  472  312  1  -2  
10  23  43  752  470  312  1  -2  
10  23  43  760  468  312  1  -2  
10  23  43  767  466  311  1  -2  
10  23  43  775  464  311  1  -2  
10  23  43  783  459  311  1  -2  
10  23  43  792  455  311  1  -2  
10  23  43  802  446  308  1  -2  
10  23  43  810  441  308  1  -2  
10  23  43  818  437  307  1  -2  
10  23  43  825  434  307  1  -2  
10  23  43  834  430  306  1  -2  
10  23  43  842  430  306  1  -2  
10  23  43  851  426  306  1  -2  
10  23  43  860  424  305  1  -2  
10  23  43  868  420  303  1  -2  
10  23  43  876  417  303  1  -2  
10  23  43  884  413  302  1  -2  
10  23  43  893  409  301  1  -2  
10  23  43  901  406  301  1  -2  
10  23  43  910  403  301  1  -2  
10  23  43  917  399  300  1  -2  
10  23  43  924  398  300  1  -2  
10  23  43  933  394  300  1  -2  
10  23  43  941  393  299  1  -2  
10  23  43  950  391  299  1  -2  
10  23  43  959  390  299  1  -2  
10  23  43  966  389  299  1  -2  
10  23  43  975  388  299  1  -2  
10  23  43  984  386  298  1  -2  
10  23  43  991  386  298  1  -2  
10  23  43  1000  385  298  1  -2  
10  23  43  1009  381  298  1  -2  
10  23  43  1017  380  298  1  -2  
10  23  43  1025  378  297  1  -2  
10  23  43  1033  377  297  1  -2  
10  23  43  1042  376  297  1  -2  
10  23  43  1050  375  297  1  -2  
10  23  43  1059  374  297  1  -2  
10  23  43  1068  374  297  1  -2  
10  23  43  1075  373  297  1  -2  
10  23  43  1083  372  297  1  -2  
10  23  43  1091  372  297  1  -2  
10  23  43  1100  371  297  1  -2  
10  23  43  1109  371  297  1  -2  
10  23  43  1116  371  297  1  -2  
10  23  43  1124  371  297  1  -2  
10  23  43  1133  371  297  1  -2  
10  23  43  1142  371  297  1  -2  
10  23  43  1150  371  297  1  -2  
10  23  43  1159  371  297  1  -2  
10  23  43  1166  371  297  1  -2  
10  23  43  1175  371  297  1  -2  
10  23  43  1184  371  297  1  -2  
10  23  43  1191  371  297  1  -2  
10  23  43  1200  371  297  1  -2  
10  23  43  1209  371  297  1  -2  
10  23  43  1217  371  297  1  -2  
10  23  43  1225  371  297  1  -2  
10  23  43  1234  371  297  1  -2  
10  23  43  1241  371  297  1  -2  
10  23  43  1251  371  297  1  -2  
10  23  43  1259  371  297  1  -2  
10  23  43  1267  371  297  1  -2  
10  23  43  1275  371  297  1  -2  
10  23  43  1283  371  297  1  -2  
10  23  43  1293  371  297  1  -2  
10  23  43  1300  371  297  1  -2  
10  23  43  1310  371  297  1  -2  
10  23  43  1316  371  298  1  -2  
10  23  43  1325  371  298  1  -2  
10  23  44  1333  372  298  1  -2  
10  23  44  1342  374  298  1  -2  
10  23  44  1350  375  298  1  -2  
10  23  44  1359  378  299  1  -2  
10  23  44  1367  380  299  1  -2  
10  23  44  1375  383  299  1  -2  
10  23  44  1383  387  299  1  -2  
10  23  44  1393  392  300  1  -2  
10  23  44  1401  400  302  1  -2  
10  23  44  1410  404  302  1  -2  
10  23  44  1417  407  303  1  -2  
10  23  44  1425  412  304  1  -2  
10  23  44  1434  414  304  1  -2  
10  23  44  1441  418  304  1  -2  
10  23  44  1450  422  304  1  -2  
10  23  44  1460  427  305  1  -2  
10  23  44  1467  431  307  1  -2  
10  23  44  1475  434  307  1  -2  
10  23  44  1484  436  307  1  -2  
10  23  44  1491  438  307  1  -2  
10  23  44  1501  442  307  1  -2  
10  23  44  1509  444  307  1  -2  
10  23  44  1517  446  307  1  -2  
10  23  44  1525  449  307  1  -2  
10  23  44  1533  450  307  1  -2  
10  23  44  1542  453  308  1  -2  
10  23  44  1551  456  308  1  -2  
10  23  44  1559  459  308  1  -2  
10  23  44  1568  462  308  1  -2  
10  23  44  1575  465  309  1  -2  
10  23  44  1585  466  309  1  -2  
10  23  44  1593  471  309  1  -2  
10  23  44  1601  472  309  1  -2  
10  23  44  1610  474  309  1  -2  
10  23  44  1618  476  309  1  -2  
10  23  44  1626  476  309  1  -2  
10  23  44  1634  479  309  1  -2  
10  23  44  1642  480  309  1  -2  
10  23  44  1651  481  309  1  -2  
10  23  44  1660  483  309  1  -2  
10  23  44  1667  484  309  1  -2  
10  23  44  1675  485  309  1  -2  
10  23  44  1684  486  309  1  -2  
10  23  44  1692  487  309  1  -2  
10  23  44  1700  488  309  1  -2  
10  23  44  1709  490  309  1  -2  
10  23  44  1717  491  309  1  -2  
10  23  44  1725  492  309  1  -2  
10  23  44  1734  492  309  1  -2  
10  23  44  1742  494  309  1  -2  
10  23  44  1752  494  309  1  -2  
10  23  44  1760  494  309  1  -2  
10  23  44  1767  494  309  1  -2  
10  23  44  1775  494  309  1  -2  
10  23  44  1784  494  309  1  -2  
10  23  44  1792  494  309  1  -2  
10  23  44  1801  494  309  1  -2  
10  23  44  1809  494  309  1  -2  
10  23  44  1818  494  309  1  -2  
10  23  44  1825  494  309  1  -2  
10  23  44  1834  494  309  1  -2  
10  23  44  1842  494  309  1  -2  
10  23  44  1851  494  309  1  -2  
10  23  44  1859  494  309  1  -2  
10  23  44  1867  494  309  1  -2  
10  23  44  1875  494  309  1  -2  
10  23  44  1883  494  309  1  -2  
10  23  44  1892  494  309  1  -2  
10  23  44  1901  494  309  1  -2  
10  23  44  1910  494  309  1  -2  
10  23  44  1917  494  309  1  -2  
10  23  44  1926  494  309  1  -2  
10  23  44  1934  494  309  1  -2  
10  23  44  1942  494  309  1  -2  
10  23  44  1951  494  309  1  -2  
10  23  44  1960  494  309  1  -2  
10  23  44  1967  494  309  1  -2  
10  23  44  1976  494  309  1  -2  
10  23  44  1985  494  309  1  -2  
10  23  44  1994  494  309  1  -2  
10  23  44  2002  492  309  1  -2  
10  23  44  2010  489  309  1  -2  
10  23  44  2018  486  309  1  -2  
10  23  44  2026  483  309  1  -2  
10  23  44  2034  479  309  1  -2  
10  23  44  2042  475  309  1  -2  
10  23  44  2051  471  309  1  -2  
10  23  44  2059  468  309  1  -2  
10  23  44  2067  463  309  1  -2  
10  23  44  2076  457  309  1  -2  
10  23  44  2084  452  309  1  -2  
10  23  44  2092  449  309  1  -2  
10  23  44  2101  444  309  1  -2  
10  23  44  2109  438  309  1  -2  
10  23  44  2117  436  309  1  -2  
10  23  44  2125  433  309  1  -2  
10  23  44  2134  428  309  1  -2  
10  23  44  2142  425  309  1  -2  
10  23  44  2151  423  309  1  -2  
10  23  44  2158  420  309  1  -2  
10  23  44  2167  418  309  1  -2  
10  23  44  2177  415  309  1  -2  
10  23  44  2185  410  308  1  -2  
10  23  44  2193  407  308  1  -2  
10  23  44  2202  405  308  1  -2  
10  23  44  2210  402  308  1  -2  
10  23  44  2218  401  308  1  -2  
10  23  44  2226  398  308  1  -2  
10  23  44  2234  396  307  1  -2  
10  23  44  2242  394  307  1  -2  
10  23  44  2252  392  307  1  -2  
10  23  44  2260  389  306  1  -2  
10  23  44  2267  389  306  1  -2  
10  23  44  2276  386  306  1  -2  
10  23  44  2284  385  306  1  -2  
10  23  44  2294  384  306  1  -2  
10  23  44  2302  382  306  1  -2  
10  23  44  2310  379  304  1  -2  
10  23  44  2319  379  304  1  -2  
10  23  44  2327  377  304  1  -2  
10  23  45  2334  376  304  1  -2  
10  23  45  2343  376  304  1  -2  
10  23  45  2352  376  304  1  -2  
10  23  45  2360  376  304  1  -2  
10  23  45  2368  376  304  1  -2  
10  23  45  2375  376  304  1  -2  
10  23  45  2385  375  303  1  -2  
10  23  45  2393  375  303  1  -2  
10  23  45  2402  374  303  1  -2  
10  23  45  2410  374  303  1  -2  
10  23  45  2417  373  303  1  -2  
10  23  45  2426  373  303  1  -2  
10  23  45  2435  373  303  1  -2  
10  23  45  2443  373  303  1  -2  
10  23  45  2452  373  303  1  -2  
10  23  45  2460  373  303  1  -2  
10  23  45  2467  373  303  1  -2  
10  23  45  2476  373  303  1  -2  
10  23  45  2485  373  303  1  -2  
10  23  45  2493  373  303  1  -2  
10  23  45  2501  373  303  1  -2  
10  23  45  2511  373  303  1  -2  
10  23  45  2519  373  303  1  -2  
10  23  45  2526  373  303  1  -2  
10  23  45  2535  373  303  1  -2  
10  23  45  2543  373  303  1  -2  
10  23  45  2554  373  303  1  -2  
10  23  45  2560  373  303  1  -2  
10  23  45  2567  373  303  1  -2  
10  23  45  2576  373  303  1  -2  
10  23  45  2584  373  303  1  -2  
10  23  45  2593  373  303  1  -2  
10  23  45  2602  373  303  1  -2  
10  23  45  2610  373  303  1  -2  
10  23  45  2618  373  303  1  -2  
10  23  45  2626  373  303  1  -2  
10  23  45  2635  373  303  1  -2  
