10  23  50  0  379  311  1  -2  
10  23  50  7  379  311  1  -2  
10  23  50  16  379  311  1  -2  
10  23  50  24  379  311  1  -2  
10  23  50  33  379  311  1  -2  
10  23  50  41  379  311  1  -2  
10  23  50  50  379  311  1  -2  
10  23  50  58  379  311  1  -2  
10  23  50  66  379  311  1  -2  
10  23  50  74  379  311  1  -2  
10  23  50  82  379  311  1  -2  
10  23  50  91  379  311  1  -2  
10  23  50  99  379  312  1  -2  
10  23  50  108  379  312  1  -2  
10  23  50  116  381  312  1  -2  
10  23  50  124  383  312  1  -2  
10  23  50  133  385  312  1  -2  
10  23  50  141  388  312  1  -2  
10  23  50  149  390  312  1  -2  
10  23  50  158  393  312  1  -2  
10  23  50  167  402  312  1  -2  
10  23  50  175  406  312  1  -2  
10  23  50  184  411  312  1  -2  
10  23  50  191  413  312  1  -2  
10  23  50  200  416  312  1  -2  
10  23  50  208  420  312  1  -2  
10  23  50  216  421  312  1  -2  
10  23  50  224  424  312  1  -2  
10  23  50  233  427  312  1  -2  
10  23  50  241  430  312  1  -2  
10  23  50  250  434  312  1  -2  
10  23  50  258  438  312  1  -2  
10  23  50  267  442  312  1  -2  
10  23  50  274  445  312  1  -2  
10  23  50  284  451  313  1  -2  
10  23  50  291  455  315  1  -2  
10  23  50  299  460  315  1  -2  
10  23  50  308  465  316  1  -2  
10  23  50  317  469  316  1  -2  
10  23  50  325  473  316  1  -2  
10  23  50  334  478  317  1  -2  
10  23  50  341  480  317  1  -2  
10  23  50  350  480  317  1  -2  
10  23  50  359  483  317  1  -2  
10  23  50  367  486  317  1  -2  
10  23  50  375  487  317  1  -2  
10  23  50  384  487  317  1  -2  
10  23  50  392  487  317  1  -2  
10  23  50  400  487  317  1  -2  
10  23  50  409  487  317  1  -2  
10  23  50  418  487  317  1  -2  
10  23  50  425  487  317  1  -2  
10  23  50  434  496  319  2  -2  
10  23  50  441  498  319  2  -2  
10  23  50  450  499  319  2  -2  
10  23  50  458  499  319  2  -2  
10  23  50  466  499  319  2  -2  
10  23  50  474  500  319  2  -2  
10  23  50  483  500  319  2  -2  
10  23  50  492  500  319  2  -2  
10  23  50  500  500  319  2  -2  
10  23  50  509  500  319  2  -2  
10  23  50  516  500  319  2  -2  
10  23  50  525  500  319  2  -2  
10  23  50  533  500  319  2  -2  
10  23  50  542  500  319  2  -2  
10  23  50  549  500  319  2  -2  
10  23  50  557  500  319  2  -2  
10  23  50  565  500  319  2  -2  
10  23  50  573  500  319  2  -2  
10  23  50  583  500  319  2  -2  
10  23  50  590  500  319  2  -2  
10  23  50  599  500  319  2  -2  
10  23  50  608  500  319  2  -2  
10  23  50  615  500  319  2  -2  
10  23  50  623  500  319  2  -2  
10  23  50  633  499  319  2  -2  
10  23  50  640  495  319  2  -2  
10  23  50  649  494  319  2  -2  
10  23  50  657  491  319  2  -2  
10  23  50  666  489  319  2  -2  
10  23  50  674  487  319  2  -2  
10  23  50  683  485  319  2  -2  
10  23  50  692  481  319  2  -2  
10  23  50  699  478  319  2  -2  
10  23  50  707  473  319  2  -2  
10  23  50  715  467  319  2  -2  
10  23  50  725  462  319  2  -2  
10  23  50  733  457  319  2  -2  
10  23  50  741  445  318  2  -2  
10  23  50  749  445  318  2  -2  
10  23  50  757  434  318  2  -2  
10  23  50  766  431  318  2  -2  
10  23  50  774  427  318  2  -2  
10  23  50  783  424  317  2  -2  
10  23  50  790  419  317  2  -2  
10  23  50  799  416  315  2  -2  
10  23  50  807  411  314  2  -2  
10  23  50  815  410  314  2  -2  
10  23  50  824  407  314  2  -2  
10  23  50  834  405  314  2  -2  
10  23  50  842  403  314  2  -2  
10  23  50  849  401  314  2  -2  
10  23  50  858  398  313  3  -2  
10  23  50  866  397  313  3  -2  
10  23  50  874  394  313  3  -2  
10  23  50  883  393  313  3  -2  
10  23  50  892  393  313  3  -2  
10  23  50  899  393  313  3  -2  
10  23  51  907  393  313  3  -2  
10  23  51  915  393  313  3  -2  
10  23  51  924  393  313  3  -2  
10  23  51  933  393  313  3  -2  
10  23  51  942  393  313  3  -2  
10  23  51  949  393  313  3  -2  
10  23  51  957  393  313  3  -2  
10  23  51  965  393  313  3  -2  
10  23  51  974  393  313  3  -2  
10  23  51  983  393  313  3  -2  
10  23  51  991  393  313  3  -2  
10  23  51  999  393  313  3  -2  
10  23  51  1007  393  313  3  -2  
10  23  51  1015  393  313  3  -2  
10  23  51  1024  393  313  3  -2  
10  23  51  1033  393  313  3  -2  
10  23  51  1040  393  313  3  -2  
10  23  51  1049  393  313  3  -2  
10  23  51  1058  393  313  3  -2  
10  23  51  1066  393  313  3  -2  
10  23  51  1074  393  313  3  -2  
10  23  51  1083  393  313  3  -2  
10  23  51  1092  393  313  3  -2  
10  23  51  1099  393  313  3  -2  
10  23  51  1109  393  313  3  -2  
10  23  51  1116  393  313  3  -2  
10  23  51  1124  393  313  3  -2  
10  23  51  1134  393  313  3  -2  
10  23  51  1140  393  313  3  -2  
10  23  51  1149  393  313  3  -2  
10  23  51  1159  393  313  3  -2  
10  23  51  1167  394  313  3  -2  
10  23  51  1175  395  313  3  -2  
10  23  51  1183  398  313  3  -2  
10  23  51  1192  403  313  3  -2  
10  23  51  1199  410  313  3  -2  
10  23  51  1207  416  313  3  -2  
10  23  51  1215  426  313  3  -2  
10  23  51  1225  435  313  3  -2  
10  23  51  1234  445  313  3  -2  
10  23  51  1242  452  313  3  -2  
10  23  51  1249  459  313  3  -2  
10  23  51  1257  462  313  3  -2  
10  23  51  1266  465  313  3  -2  
10  23  51  1274  467  313  3  -2  
10  23  51  1283  469  313  3  -2  
10  23  51  1292  470  313  3  -2  
10  23  51  1299  472  313  3  -2  
10  23  51  1308  473  313  3  -2  
10  23  51  1316  475  313  3  -2  
10  23  51  1324  476  313  3  -2  
10  23  51  1333  479  315  3  -2  
10  23  51  1342  486  316  3  -2  
10  23  51  1373  491  316  3  -2  
10  23  51  1382  491  316  3  -2  
10  23  51  1389  492  316  3  -2  
10  23  51  1398  492  316  3  -2  
10  23  51  1407  492  316  3  -2  
10  23  51  1414  493  316  3  -2  
10  23  51  1423  493  316  3  -2  
10  23  51  1432  493  316  3  -2  
10  23  51  1439  493  316  3  -2  
10  23  51  1448  493  316  3  -2  
10  23  51  1456  493  316  3  -2  
10  23  51  1464  493  316  3  -2  
10  23  51  1474  493  316  3  -2  
10  23  51  1482  493  316  3  -2  
10  23  51  1489  493  316  3  -2  
10  23  51  1498  493  316  3  -2  
10  23  51  1506  494  316  3  -2  
10  23  51  1515  494  316  3  -2  
10  23  51  1524  494  316  3  -2  
10  23  51  1533  495  316  4  -2  
10  23  51  1540  496  316  4  -2  
10  23  51  1548  496  316  4  -2  
10  23  51  1557  496  316  4  -2  
10  23  51  1564  496  316  4  -2  
10  23  51  1573  496  316  4  -2  
10  23  51  1582  496  316  4  -2  
10  23  51  1590  496  316  4  -2  
10  23  51  1598  496  316  4  -2  
10  23  51  1606  496  316  4  -2  
10  23  51  1615  496  316  4  -2  
10  23  51  1624  496  316  4  -2  
10  23  51  1631  496  316  4  -2  
10  23  51  1640  496  316  4  -2  
10  23  51  1648  496  316  4  -2  
10  23  51  1657  496  316  4  -2  
10  23  51  1665  496  316  4  -2  
10  23  51  1674  496  316  4  -2  
10  23  51  1682  497  316  4  -2  
10  23  51  1690  497  316  4  -2  
10  23  51  1698  497  316  4  -2  
10  23  51  1706  497  316  4  -2  
10  23  51  1715  497  316  4  -2  
10  23  51  1724  497  316  4  -2  
10  23  51  1733  497  316  4  -2  
10  23  51  1740  497  316  4  -2  
10  23  51  1748  497  316  4  -2  
10  23  51  1757  497  316  4  -2  
10  23  51  1765  498  316  4  -2  
10  23  51  1773  498  316  4  -2  
10  23  51  1783  498  316  4  -2  
10  23  51  1790  499  316  4  -2  
10  23  51  1799  499  316  4  -2  
10  23  51  1806  499  316  4  -2  
10  23  51  1815  499  316  4  -2  
10  23  51  1824  499  316  4  -2  
10  23  51  1831  499  316  4  -2  
10  23  51  1840  499  316  4  -2  
10  23  51  1848  499  316  4  -2  
10  23  51  1857  499  316  4  -2  
10  23  51  1865  499  316  4  -2  
10  23  51  1874  499  316  4  -2  
10  23  51  1883  499  316  4  -2  
10  23  51  1890  499  316  4  -2  
10  23  51  1898  499  316  4  -2  
10  23  52  1907  499  316  4  -2  
10  23  52  1914  499  316  4  -2  
10  23  52  1924  499  316  4  -2  
10  23  52  1933  499  316  4  -2  
10  23  52  1940  499  316  4  -2  
10  23  52  1948  496  316  4  -2  
10  23  52  1956  493  316  4  -2  
10  23  52  1966  485  316  4  -2  
10  23  52  1974  471  315  4  -2  
10  23  52  1982  464  314  4  -2  
10  23  52  1990  456  314  4  -2  
10  23  52  1999  449  314  4  -2  
10  23  52  2007  445  314  4  -2  
10  23  52  2015  440  314  4  -2  
10  23  52  2025  438  314  4  -2  
10  23  52  2033  433  314  4  -2  
10  23  52  2041  429  314  4  -2  
10  23  52  2048  425  313  4  -2  
10  23  52  2057  421  313  4  -2  
10  23  52  2065  419  312  4  -2  
10  23  52  2074  414  312  4  -2  
10  23  52  2081  409  310  4  -2  
10  23  52  2090  407  310  4  -2  
10  23  52  2098  405  310  4  -2  
10  23  52  2108  402  310  4  -2  
10  23  52  2117  402  310  4  -2  
10  23  52  2124  400  310  4  -2  
