10  57  44  0  362  316  1  -2  
10  57  44  9  362  316  1  -2  
10  57  44  17  362  316  1  -2  
10  57  44  26  362  316  1  -2  
10  57  44  35  362  316  1  -2  
10  57  44  42  362  316  1  -2  
10  57  44  51  362  316  1  -2  
10  57  44  58  362  316  1  -2  
10  57  44  67  362  316  1  -2  
10  57  44  76  362  316  1  -2  
10  57  44  84  362  316  1  -2  
10  57  44  92  362  316  1  -2  
10  57  44  101  362  316  1  -2  
10  57  44  108  362  316  1  -2  
10  57  44  117  362  316  1  -2  
10  57  44  126  362  316  1  -2  
10  57  44  134  362  316  1  -2  
10  57  44  142  362  316  1  -2  
10  57  44  150  362  316  1  -2  
10  57  44  159  362  316  1  -2  
10  57  44  167  362  316  1  -2  
10  57  44  176  362  316  1  -2  
10  57  44  184  362  316  1  -2  
10  57  44  192  362  316  1  -2  
10  57  44  201  362  316  1  -2  
10  57  44  208  362  316  1  -2  
10  57  44  217  362  316  1  -2  
10  57  44  226  362  316  1  -2  
10  57  44  234  362  316  1  -2  
10  57  44  242  362  316  1  -2  
10  57  44  251  362  316  1  -2  
10  57  44  259  362  316  1  -2  
10  57  44  268  362  316  1  -2  
10  57  44  276  362  316  1  -2  
10  57  44  284  362  316  1  -2  
10  57  44  293  362  316  1  -2  
10  57  44  300  362  316  1  -2  
10  57  44  309  362  316  1  -2  
10  57  44  317  364  316  1  -2  
10  57  44  326  364  316  1  -2  
10  57  44  334  364  316  1  -2  
10  57  44  342  365  316  1  -2  
10  57  44  351  365  316  1  -2  
10  57  44  359  365  316  1  -2  
10  57  44  367  365  316  1  -2  
10  57  44  375  365  316  1  -2  
10  57  44  384  365  316  1  -2  
10  57  44  392  365  316  1  -2  
10  57  44  401  365  316  1  -2  
10  57  44  409  365  316  1  -2  
10  57  44  417  370  316  1  -2  
10  57  44  426  377  316  1  -2  
10  57  44  435  390  317  1  -2  
10  57  44  442  406  317  1  -2  
10  57  44  451  425  317  1  -2  
10  57  44  459  443  317  1  -2  
10  57  44  467  459  317  1  -2  
10  57  44  475  471  317  1  -2  
10  57  44  484  478  318  1  -2  
10  57  44  493  482  318  1  -2  
10  57  44  501  484  318  1  -2  
10  57  44  509  484  318  1  -2  
10  57  44  519  485  318  1  -2  
10  57  44  527  485  318  1  -2  
10  57  44  535  486  318  1  -2  
10  57  44  543  489  318  1  -2  
10  57  44  551  493  318  1  -2  
10  57  44  559  498  318  2  -2  
10  57  44  567  500  318  2  -2  
10  57  44  576  505  318  2  -2  
10  57  44  585  509  318  2  -2  
10  57  45  593  512  318  2  -2  
10  57  45  601  512  318  2  -2  
10  57  45  609  513  318  2  -2  
10  57  45  617  513  318  2  -2  
10  57  45  626  513  318  2  -2  
10  57  45  634  513  318  2  -2  
10  57  45  643  513  318  2  -2  
10  57  45  650  514  318  2  -2  
10  57  45  659  514  318  2  -2  
10  57  45  667  514  318  2  -2  
10  57  45  676  514  318  2  -2  
10  57  45  686  514  318  2  -2  
10  57  45  693  514  318  2  -2  
10  57  45  701  514  318  2  -2  
10  57  45  709  514  318  2  -2  
10  57  45  717  514  318  2  -2  
10  57  45  726  514  318  2  -2  
10  57  45  734  514  318  2  -2  
10  57  45  742  514  318  2  -2  
10  57  45  751  514  318  2  -2  
10  57  45  759  514  318  2  -2  
10  57  45  768  514  318  2  -2  
10  57  45  776  514  318  2  -2  
10  57  45  785  514  318  2  -2  
10  57  45  793  514  318  2  -2  
10  57  45  801  514  318  2  -2  
10  57  45  811  514  318  2  -2  
10  57  45  817  514  318  2  -2  
10  57  45  827  514  318  2  -2  
10  57  45  836  514  318  2  -2  
10  57  45  844  514  318  2  -2  
10  57  45  851  514  318  2  -2  
10  57  45  861  514  318  2  -2  
10  57  45  868  514  318  2  -2  
10  57  45  877  514  318  2  -2  
10  57  45  884  514  318  2  -2  
10  57  45  893  514  318  2  -2  
10  57  45  900  514  318  2  -2  
10  57  45  909  514  318  2  -2  
10  57  45  918  514  318  2  -2  
10  57  45  927  514  318  2  -2  
10  57  45  936  514  318  2  -2  
10  57  45  943  514  318  2  -2  
10  57  45  952  514  318  2  -2  
10  57  45  959  514  318  2  -2  
10  57  45  968  514  318  2  -2  
10  57  45  977  512  318  2  -2  
10  57  45  985  507  318  2  -2  
10  57  45  992  502  318  2  -2  
10  57  45  1001  497  318  2  -2  
10  57  45  1009  490  318  2  -2  
10  57  45  1018  487  318  2  -2  
10  57  45  1026  480  318  2  -2  
10  57  45  1034  472  318  2  -2  
10  57  45  1043  465  318  2  -2  
10  57  45  1051  457  318  2  -2  
10  57  45  1061  445  318  2  -2  
10  57  45  1067  435  318  2  -2  
10  57  45  1078  428  318  2  -2  
10  57  45  1086  415  318  2  -2  
10  57  45  1094  409  318  2  -2  
10  57  45  1101  404  318  2  -2  
10  57  45  1112  399  318  3  -2  
10  57  45  1119  396  318  3  -2  
10  57  45  1127  395  318  3  -2  
10  57  45  1136  392  318  3  -2  
10  57  45  1144  389  319  3  -2  
10  57  45  1152  388  320  3  -2  
10  57  45  1160  384  320  3  -2  
10  57  45  1170  381  320  3  -2  
10  57  45  1180  378  320  3  -2  
10  57  45  1186  375  321  3  -2  
10  57  45  1196  373  321  3  -2  
10  57  45  1201  373  321  3  -2  
10  57  45  1210  373  321  3  -2  
10  57  45  1218  373  321  3  -2  
10  57  45  1228  373  321  3  -2  
10  57  45  1236  373  321  3  -2  
10  57  45  1243  373  321  3  -2  
10  57  45  1252  373  321  3  -2  
10  57  45  1261  371  321  3  -2  
10  57  45  1268  371  321  3  -2  
10  57  45  1279  371  321  3  -2  
10  57  45  1286  371  321  3  -2  
10  57  45  1293  371  321  3  -2  
10  57  45  1301  371  321  3  -2  
10  57  45  1309  371  321  3  -2  
10  57  45  1318  371  321  3  -2  
10  57  45  1329  371  321  3  -2  
10  57  45  1336  371  321  3  -2  
10  57  45  1344  371  321  3  -2  
10  57  45  1351  371  321  3  -2  
10  57  45  1359  371  321  3  -2  
10  57  45  1367  371  321  3  -2  
10  57  45  1376  371  321  3  -2  
10  57  45  1385  371  321  3  -2  
10  57  45  1393  371  321  3  -2  
10  57  45  1400  371  321  3  -2  
10  57  45  1410  371  321  3  -2  
10  57  45  1417  371  321  3  -2  
10  57  45  1428  371  321  3  -2  
10  57  45  1435  371  321  3  -2  
10  57  45  1443  371  321  3  -2  
10  57  45  1450  371  321  3  -2  
10  57  45  1460  371  321  3  -2  
10  57  45  1467  371  321  3  -2  
10  57  45  1478  371  321  3  -2  
10  57  45  1485  371  321  3  -2  
10  57  45  1493  371  321  3  -2  
10  57  45  1502  371  321  3  -2  
10  57  45  1511  374  321  3  -2  
10  57  45  1518  385  321  3  -2  
10  57  45  1528  402  321  3  -2  
10  57  45  1535  425  321  3  -2  
10  57  45  1543  449  321  3  -2  
10  57  45  1551  469  321  3  -2  
10  57  45  1560  484  321  3  -2  
10  57  45  1568  496  321  4  -2  
10  57  45  1577  508  321  4  -2  
10  57  45  1585  516  321  4  -2  
10  57  46  1593  521  321  4  -2  
10  57  46  1601  525  321  4  -2  
10  57  46  1610  527  321  4  -2  
10  57  46  1617  528  321  4  -2  
10  57  46  1628  529  321  4  -2  
10  57  46  1635  530  321  4  -2  
10  57  46  1643  530  321  4  -2  
10  57  46  1651  531  321  4  -2  
10  57  46  1660  531  321  4  -2  
10  57  46  1668  532  321  4  -2  
10  57  46  1678  532  321  4  -2  
10  57  46  1685  532  321  4  -2  
10  57  46  1693  532  321  4  -2  
10  57  46  1700  532  321  4  -2  
10  57  46  1710  532  321  4  -2  
10  57  46  1717  532  321  4  -2  
10  57  46  1728  532  321  4  -2  
10  57  46  1735  532  321  4  -2  
10  57  46  1743  532  321  4  -2  
10  57  46  1751  532  321  4  -2  
10  57  46  1761  532  321  4  -2  
10  57  46  1767  532  321  4  -2  
10  57  46  1779  532  321  4  -2  
10  57  46  1785  532  321  4  -2  
10  57  46  1796  532  321  4  -2  
10  57  46  1802  532  321  4  -2  
10  57  46  1811  532  321  4  -2  
10  57  46  1817  532  321  4  -2  
10  57  46  1828  532  321  4  -2  
10  57  46  1835  532  321  4  -2  
10  57  46  1844  532  321  4  -2  
10  57  46  1852  532  321  4  -2  
10  57  46  1861  532  321  4  -2  
10  57  46  1867  532  321  4  -2  
10  57  46  1879  532  321  4  -2  
10  57  46  1885  532  321  4  -2  
10  57  46  1894  532  321  4  -2  
10  57  46  1901  532  321  4  -2  
10  57  46  1912  532  321  4  -2  
10  57  46  1918  532  321  4  -2  
10  57  46  1928  532  321  4  -2  
10  57  46  1935  532  321  4  -2  
10  57  46  1944  530  321  4  -2  
10  57  46  1952  523  321  4  -2  
10  57  46  1960  515  321  4  -2  
10  57  46  1968  505  321  4  -2  
10  57  46  1979  491  319  4  -2  
10  57  46  1985  480  319  4  -2  
10  57  46  1996  466  319  4  -2  
10  57  46  2002  456  319  4  -2  
10  57  46  2011  446  319  4  -2  
10  57  46  2019  438  319  4  -2  
10  57  46  2029  428  319  4  -2  
10  57  46  2035  417  319  4  -2  
10  57  46  2045  417  319  4  -2  
10  57  46  2051  407  319  4  -2  
10  57  46  2062  407  319  4  -2  
