10  22  2  0  378  317  1  -2  
10  22  2  8  378  317  1  -2  
10  22  2  15  378  317  1  -2  
10  22  2  27  378  317  1  -2  
10  22  2  37  378  317  1  -2  
10  22  2  45  378  317  1  -2  
10  22  2  54  378  317  1  -2  
10  22  2  61  378  317  1  -2  
10  22  2  72  379  317  1  -2  
10  22  2  78  385  317  1  -2  
10  22  2  88  385  317  1  -2  
10  22  2  96  395  319  1  -2  
10  22  2  104  402  322  1  -2  
10  22  2  114  406  323  1  -2  
10  22  2  121  407  323  1  -2  
10  22  2  129  412  324  1  -2  
10  22  2  138  416  324  1  -2  
10  22  2  146  421  325  1  -2  
10  22  2  155  427  326  1  -2  
10  22  2  164  432  328  1  -2  
10  22  2  170  436  329  1  -2  
10  22  2  179  442  330  1  -2  
10  22  2  187  447  333  1  -2  
10  22  2  196  453  334  1  -2  
10  22  2  205  458  335  1  -2  
10  22  2  214  465  336  1  -2  
10  22  2  221  471  338  1  -2  
10  22  2  229  476  338  1  -2  
10  22  2  238  480  338  1  -2  
10  22  2  246  484  339  1  -2  
10  22  2  255  486  340  1  -2  
10  22  2  263  493  340  1  -2  
10  22  2  272  494  340  1  -2  
10  22  2  282  495  340  1  -2  
10  22  2  288  497  340  1  -2  
10  22  2  297  498  340  1  -2  
10  22  2  306  499  340  1  -2  
10  22  2  314  500  340  1  -2  
10  22  2  322  501  340  1  -2  
10  22  2  331  502  340  1  -2  
10  22  2  339  502  340  1  -2  
10  22  2  347  504  340  1  -2  
10  22  2  356  505  340  2  -2  
10  22  2  364  505  340  2  -2  
10  22  2  372  505  340  2  -2  
10  22  2  380  506  340  2  -2  
10  22  2  389  506  340  2  -2  
10  22  2  397  506  340  2  -2  
10  22  2  405  508  340  2  -2  
10  22  2  414  508  340  2  -2  
10  22  2  423  508  340  2  -2  
10  22  2  432  509  340  2  -2  
10  22  2  439  511  340  2  -2  
10  22  2  447  511  340  2  -2  
10  22  2  456  511  340  2  -2  
10  22  2  464  513  339  2  -2  
10  22  2  472  514  338  2  -2  
10  22  3  481  514  338  2  -2  
10  22  3  489  514  338  2  -2  
10  22  3  497  514  338  2  -2  
10  22  3  505  514  338  2  -2  
10  22  3  515  516  337  2  -2  
10  22  3  523  516  337  2  -2  
10  22  3  532  516  337  2  -2  
10  22  3  540  517  337  2  -2  
10  22  3  548  517  337  2  -2  
10  22  3  556  517  337  2  -2  
10  22  3  565  518  335  2  -2  
10  22  3  574  518  335  2  -2  
10  22  3  582  518  335  2  -2  
10  22  3  589  518  335  2  -2  
10  22  3  598  518  335  2  -2  
10  22  3  606  518  335  2  -2  
10  22  3  615  518  335  2  -2  
10  22  3  624  518  335  2  -2  
10  22  3  631  518  335  2  -2  
10  22  3  639  518  335  2  -2  
10  22  3  648  518  335  2  -2  
10  22  3  656  518  335  2  -2  
10  22  3  665  518  335  2  -2  
10  22  3  674  518  335  2  -2  
10  22  3  681  518  335  2  -2  
10  22  3  689  518  335  2  -2  
10  22  3  699  518  335  2  -2  
10  22  3  706  518  335  2  -2  
10  22  3  715  517  334  2  -2  
10  22  3  724  517  334  2  -2  
10  22  3  733  515  333  2  -2  
10  22  3  741  512  333  2  -2  
10  22  3  750  508  331  2  -2  
10  22  3  760  507  331  2  -2  
10  22  3  768  502  330  2  -2  
10  22  3  776  502  330  2  -2  
10  22  3  786  500  330  2  -2  
10  22  3  791  499  330  2  -2  
10  22  3  802  499  330  2  -2  
10  22  3  809  495  330  2  -2  
10  22  3  819  493  329  2  -2  
10  22  3  826  490  329  2  -2  
10  22  3  836  486  328  2  -2  
10  22  3  843  483  328  2  -2  
10  22  3  853  480  327  2  -2  
10  22  3  860  477  327  2  -2  
10  22  3  870  475  327  2  -2  
10  22  3  877  472  327  2  -2  
10  22  3  887  471  327  2  -2  
10  22  3  894  468  326  2  -2  
10  22  3  903  468  326  2  -2  
10  22  3  909  465  326  2  -2  
10  22  3  918  464  326  2  -2  
10  22  3  926  463  326  2  -2  
10  22  3  937  461  325  2  -2  
10  22  3  944  455  325  2  -2  
10  22  3  953  451  324  2  -2  
10  22  3  960  448  324  2  -2  
10  22  3  970  445  322  2  -2  
10  22  3  976  442  322  2  -2  
10  22  3  987  441  322  2  -2  
10  22  3  993  438  321  2  -2  
10  22  3  1003  437  321  2  -2  
10  22  3  1010  436  321  2  -2  
10  22  3  1020  435  321  2  -2  
10  22  3  1027  434  321  2  -2  
10  22  3  1037  433  321  2  -2  
10  22  3  1045  431  320  2  -2  
10  22  3  1053  429  320  2  -2  
10  22  3  1060  427  320  2  -2  
10  22  3  1070  424  319  2  -2  
10  22  3  1077  421  319  2  -2  
10  22  3  1087  420  319  2  -2  
10  22  3  1095  417  318  2  -2  
10  22  3  1104  415  318  2  -2  
10  22  3  1110  412  318  2  -2  
10  22  3  1120  412  318  2  -2  
10  22  3  1127  411  318  2  -2  
10  22  3  1137  411  318  2  -2  
10  22  3  1145  410  318  2  -2  
10  22  3  1154  410  318  2  -2  
10  22  3  1160  409  318  2  -2  
10  22  3  1170  409  318  2  -2  
10  22  3  1177  408  318  2  -2  
10  22  3  1187  408  318  2  -2  
10  22  3  1195  406  318  2  -2  
10  22  3  1204  405  318  2  -2  
10  22  3  1209  405  318  2  -2  
10  22  3  1220  405  318  2  -2  
10  22  3  1226  405  318  2  -2  
10  22  3  1236  405  318  2  -2  
10  22  3  1243  405  318  2  -2  
10  22  3  1252  404  318  2  -2  
10  22  3  1259  404  318  2  -2  
10  22  3  1269  402  318  2  -2  
10  22  3  1276  402  318  2  -2  
10  22  3  1287  401  318  2  -2  
10  22  3  1295  399  317  3  -2  
10  22  3  1303  399  317  3  -2  
10  22  3  1311  399  317  3  -2  
10  22  3  1320  399  317  3  -2  
10  22  3  1328  399  317  3  -2  
10  22  3  1336  399  317  3  -2  
10  22  3  1344  399  317  3  -2  
10  22  3  1352  399  317  3  -2  
10  22  3  1361  399  317  3  -2  
10  22  3  1369  399  317  3  -2  
10  22  3  1378  399  317  3  -2  
10  22  3  1386  399  317  3  -2  
10  22  3  1394  399  317  3  -2  
10  22  3  1403  399  317  3  -2  
10  22  3  1412  399  317  3  -2  
10  22  3  1422  399  317  3  -2  
10  22  3  1430  399  317  3  -2  
10  22  3  1437  399  317  3  -2  
10  22  3  1446  399  317  3  -2  
10  22  3  1454  399  317  3  -2  
10  22  3  1462  399  317  3  -2  
10  22  3  1471  399  317  3  -2  
10  22  4  1479  399  317  3  -2  
10  22  4  1487  399  317  3  -2  
10  22  4  1495  399  317  3  -2  
10  22  4  1505  399  317  3  -2  
10  22  4  1513  399  317  3  -2  
10  22  4  1522  399  317  3  -2  
10  22  4  1529  399  317  3  -2  
10  22  4  1537  399  317  3  -2  
10  22  4  1548  399  317  3  -2  
10  22  4  1555  402  317  3  -2  
10  22  4  1564  407  317  3  -2  
10  22  4  1573  412  317  3  -2  
10  22  4  1580  417  317  3  -2  
10  22  4  1589  424  318  3  -2  
10  22  4  1597  428  318  3  -2  
10  22  4  1605  433  318  3  -2  
10  22  4  1615  437  318  3  -2  
10  22  4  1623  440  318  3  -2  
10  22  4  1630  442  318  3  -2  
10  22  4  1639  445  318  3  -2  
10  22  4  1648  451  318  3  -2  
10  22  4  1656  455  318  3  -2  
10  22  4  1665  459  318  3  -2  
10  22  4  1673  461  318  3  -2  
10  22  4  1681  465  318  3  -2  
10  22  4  1689  469  318  3  -2  
10  22  4  1698  470  318  3  -2  
10  22  4  1706  473  318  3  -2  
10  22  4  1715  474  318  3  -2  
10  22  4  1723  476  318  3  -2  
10  22  4  1730  477  318  3  -2  
10  22  4  1739  478  318  3  -2  
10  22  4  1747  480  318  3  -2  
10  22  4  1755  482  318  3  -2  
10  22  4  1765  484  318  3  -2  
10  22  4  1772  486  318  3  -2  
10  22  4  1780  490  318  3  -2  
10  22  4  1791  493  318  3  -2  
10  22  4  1801  500  318  4  -2  
10  22  4  1807  503  318  4  -2  
10  22  4  1817  507  318  4  -2  
10  22  4  1825  509  318  4  -2  
10  22  4  1835  511  318  4  -2  
10  22  4  1842  511  318  4  -2  
10  22  4  1853  512  318  4  -2  
10  22  4  1859  512  318  4  -2  
10  22  4  1869  513  318  4  -2  
10  22  4  1874  513  318  4  -2  
10  22  4  1886  513  318  4  -2  
10  22  4  1893  513  318  4  -2  
10  22  4  1903  513  318  4  -2  
10  22  4  1909  513  318  4  -2  
10  22  4  1919  513  318  4  -2  
10  22  4  1925  513  318  4  -2  
10  22  4  1935  513  318  4  -2  
10  22  4  1942  514  318  4  -2  
10  22  4  1952  514  318  4  -2  
10  22  4  1958  514  318  4  -2  
10  22  4  1969  514  318  4  -2  
10  22  4  1976  515  318  4  -2  
10  22  4  1986  516  318  4  -2  
10  22  4  1993  516  318  4  -2  
10  22  4  2002  516  318  4  -2  
10  22  4  2009  516  318  4  -2  
10  22  4  2019  516  318  4  -2  
10  22  4  2025  516  318  4  -2  
10  22  4  2036  516  318  4  -2  
10  22  4  2043  516  318  4  -2  
10  22  4  2052  516  318  4  -2  
10  22  4  2059  516  318  4  -2  
10  22  4  2069  516  318  4  -2  
10  22  4  2076  516  318  4  -2  
10  22  4  2086  516  318  4  -2  
10  22  4  2094  515  318  4  -2  
10  22  4  2102  513  318  4  -2  
10  22  4  2109  509  318  4  -2  
10  22  4  2119  506  318  4  -2  
10  22  4  2125  497  318  4  -2  
10  22  4  2136  497  318  4  -2  
10  22  4  2143  490  318  4  -2  
10  22  4  2152  490  318  4  -2  
10  22  4  2160  485  318  4  -2  
10  22  4  2169  483  318  4  -2  
10  22  4  2176  479  318  4  -2  
10  22  4  2186  477  318  4  -2  
10  22  4  2193  474  318  4  -2  
10  22  4  2203  470  318  4  -2  
10  22  4  2210  467  318  4  -2  
10  22  4  2219  465  317  4  -2  
10  22  4  2226  461  317  4  -2  
10  22  4  2236  458  317  4  -2  
10  22  4  2243  456  317  4  -2  
10  22  4  2252  454  317  4  -2  
10  22  4  2259  452  317  4  -2  
10  22  4  2269  450  317  4  -2  
10  22  4  2277  448  317  4  -2  
10  22  4  2286  446  317  4  -2  
10  22  4  2294  444  317  4  -2  
10  22  4  2302  440  317  4  -2  
10  22  4  2309  439  317  4  -2  
10  22  4  2319  437  317  4  -2  
10  22  4  2328  436  317  4  -2  
10  22  4  2336  433  317  4  -2  
10  22  4  2344  432  317  4  -2  
10  22  4  2353  431  317  4  -2  
10  22  4  2361  429  317  4  -2  
10  22  4  2369  429  317  4  -2  
10  22  4  2376  425  316  4  -2  
10  22  4  2386  424  316  4  -2  
10  22  4  2393  421  316  4  -2  
10  22  4  2403  418  316  4  -2  
10  22  4  2410  416  316  4  -2  
10  22  4  2419  414  316  4  -2  
10  22  4  2427  411  316  4  -2  
10  22  4  2436  411  316  4  -2  
10  22  4  2444  411  316  4  -2  
10  22  4  2452  411  316  4  -2  
10  22  4  2460  410  316  4  -2  
10  22  4  2468  409  316  4  -2  
10  22  5  2477  408  316  4  -2  
10  22  5  2485  407  316  4  -2  
10  22  5  2494  405  316  4  -2  
10  22  5  2502  403  316  4  -2  
10  22  5  2510  402  316  4  -2  
10  22  5  2518  401  316  4  -2  
10  22  5  2526  401  316  4  -2  
10  22  5  2536  400  316  4  -2  
