10  54  53  0  360  315  1  -2  
10  54  53  7  360  315  1  -2  
10  54  53  16  360  315  1  -2  
10  54  53  23  360  315  1  -2  
10  54  53  32  360  315  1  -2  
10  54  53  42  360  315  1  -2  
10  54  53  49  360  315  1  -2  
10  54  53  58  360  315  1  -2  
10  54  53  66  360  315  1  -2  
10  54  53  74  362  315  1  -2  
10  54  53  82  366  315  1  -2  
10  54  53  91  368  317  1  -2  
10  54  53  100  372  317  1  -2  
10  54  53  108  376  317  1  -2  
10  54  53  117  381  317  1  -2  
10  54  53  125  388  317  1  -2  
10  54  53  132  398  317  1  -2  
10  54  53  142  409  317  1  -2  
10  54  53  149  431  317  1  -2  
10  54  53  158  431  317  1  -2  
10  54  53  166  459  317  1  -2  
10  54  53  173  472  317  1  -2  
10  54  53  183  472  317  1  -2  
10  54  53  192  499  317  2  -2  
10  54  53  200  509  317  2  -2  
10  54  53  207  514  317  2  -2  
10  54  53  216  518  317  2  -2  
10  54  53  224  519  317  2  -2  
10  54  53  232  519  317  2  -2  
10  54  53  242  522  317  2  -2  
10  54  53  250  522  317  2  -2  
10  54  54  258  523  317  2  -2  
10  54  54  266  524  317  2  -2  
10  54  54  274  525  318  2  -2  
10  54  54  282  525  318  2  -2  
10  54  54  292  526  318  2  -2  
10  54  54  299  527  318  2  -2  
10  54  54  308  529  318  2  -2  
10  54  54  316  530  318  2  -2  
10  54  54  325  530  318  2  -2  
10  54  54  333  531  318  2  -2  
10  54  54  342  531  318  2  -2  
10  54  54  351  531  318  2  -2  
10  54  54  358  531  318  2  -2  
10  54  54  366  531  318  2  -2  
10  54  54  375  531  318  2  -2  
10  54  54  383  531  318  2  -2  
10  54  54  392  531  318  2  -2  
10  54  54  401  531  318  2  -2  
10  54  54  408  530  319  2  -2  
10  54  54  416  524  319  2  -2  
10  54  54  424  513  320  2  -2  
10  54  54  436  501  323  2  -2  
10  54  54  444  488  324  2  -2  
10  54  54  456  474  327  2  -2  
10  54  54  463  453  329  2  -2  
10  54  54  472  442  331  2  -2  
10  54  54  480  436  331  2  -2  
10  54  54  489  429  331  2  -2  
10  54  54  497  419  331  2  -2  
10  54  54  506  412  331  2  -2  
10  54  54  517  404  331  2  -2  
10  54  54  524  397  331  2  -2  
10  54  54  532  388  331  3  -2  
10  54  54  542  382  331  3  -2  
10  54  54  551  370  331  3  -2  
10  54  54  559  366  331  3  -2  
10  54  54  567  363  331  3  -2  
10  54  54  574  361  332  3  -2  
10  54  54  584  359  332  3  -2  
10  54  54  591  358  332  3  -2  
10  54  54  600  358  332  3  -2  
10  54  54  607  358  332  3  -2  
10  54  54  617  358  332  3  -2  
10  54  54  624  358  332  3  -2  
10  54  54  632  358  332  3  -2  
10  54  54  642  358  332  3  -2  
10  54  54  650  358  332  3  -2  
10  54  54  656  358  332  3  -2  
10  54  54  667  358  332  3  -2  
10  54  54  674  358  332  3  -2  
10  54  54  686  358  332  3  -2  
10  54  54  695  358  332  3  -2  
10  54  54  704  358  332  3  -2  
10  54  54  713  358  332  3  -2  
10  54  54  722  358  332  3  -2  
10  54  54  730  358  332  3  -2  
10  54  54  739  358  332  3  -2  
10  54  54  746  358  332  3  -2  
10  54  54  754  358  332  3  -2  
10  54  54  763  358  332  3  -2  
10  54  54  771  358  332  3  -2  
10  54  54  779  358  332  3  -2  
10  54  54  789  358  332  3  -2  
10  54  54  796  358  332  3  -2  
10  54  54  805  358  332  3  -2  
10  54  54  812  358  332  3  -2  
10  54  54  822  358  332  3  -2  
10  54  54  830  358  332  3  -2  
10  54  54  839  358  332  3  -2  
10  54  54  846  358  332  3  -2  
10  54  54  854  358  332  3  -2  
10  54  54  863  358  332  3  -2  
10  54  54  871  358  332  3  -2  
10  54  54  880  358  332  3  -2  
10  54  54  888  358  332  3  -2  
10  54  54  896  358  332  3  -2  
10  54  54  905  358  332  3  -2  
10  54  54  912  358  332  3  -2  
10  54  54  922  358  332  3  -2  
10  54  54  930  358  332  3  -2  
10  54  54  940  361  332  3  -2  
10  54  54  949  367  332  3  -2  
10  54  54  957  388  332  3  -2  
10  54  54  965  399  332  3  -2  
10  54  54  973  412  332  3  -2  
10  54  54  982  426  332  3  -2  
10  54  54  991  437  332  3  -2  
10  54  54  999  447  332  3  -2  
10  54  54  1007  456  332  3  -2  
10  54  54  1015  461  332  3  -2  
10  54  54  1024  466  333  3  -2  
10  54  54  1032  470  333  3  -2  
10  54  54  1041  473  333  3  -2  
10  54  54  1049  478  335  3  -2  
10  54  54  1057  485  336  3  -2  
10  54  54  1067  494  337  3  -2  
10  54  54  1073  501  338  3  -2  
10  54  54  1082  507  338  4  -2  
10  54  54  1090  513  338  4  -2  
10  54  54  1099  518  338  4  -2  
10  54  54  1107  522  340  4  -2  
10  54  54  1115  525  340  4  -2  
10  54  54  1123  525  340  4  -2  
10  54  54  1132  526  340  4  -2  
10  54  54  1141  526  340  4  -2  
10  54  54  1149  526  340  4  -2  
10  54  54  1156  526  340  4  -2  
10  54  54  1165  526  340  4  -2  
10  54  54  1172  526  340  4  -2  
10  54  54  1183  526  340  4  -2  
10  54  54  1191  526  340  4  -2  
10  54  54  1198  526  340  4  -2  
10  54  54  1206  526  340  4  -2  
10  54  54  1215  526  340  4  -2  
10  54  54  1223  526  340  4  -2  
10  54  54  1232  526  340  4  -2  
10  54  54  1240  526  340  4  -2  
10  54  54  1250  526  340  4  -2  
10  54  55  1257  526  340  4  -2  
10  54  55  1265  526  340  4  -2  
10  54  55  1273  526  340  4  -2  
10  54  55  1282  526  340  4  -2  
10  54  55  1290  526  340  4  -2  
10  54  55  1298  526  340  4  -2  
10  54  55  1307  526  340  4  -2  
10  54  55  1317  526  340  4  -2  
10  54  55  1323  526  340  4  -2  
10  54  55  1332  526  340  4  -2  
10  54  55  1341  526  340  4  -2  
10  54  55  1349  526  340  4  -2  
10  54  55  1356  526  340  4  -2  
10  54  55  1365  526  340  4  -2  
10  54  55  1373  526  340  4  -2  
10  54  55  1383  526  340  4  -2  
10  54  55  1391  526  340  4  -2  
10  54  55  1398  526  340  4  -2  
10  54  55  1407  526  340  4  -2  
10  54  55  1416  526  340  4  -2  
10  54  55  1424  525  340  4  -2  
10  54  55  1433  521  340  4  -2  
10  54  55  1441  516  340  4  -2  
10  54  55  1448  506  340  4  -2  
10  54  55  1456  496  340  4  -2  
10  54  55  1466  479  340  4  -2  
10  54  55  1474  463  340  4  -2  
10  54  55  1483  445  340  4  -2  
10  54  55  1491  428  340  4  -2  
10  54  55  1498  412  340  4  -2  
10  54  55  1507  395  340  4  -2  
