16  41  19  0  356  317  1  -2  
16  41  19  6  356  317  1  -2  
16  41  19  15  356  317  1  -2  
16  41  19  22  356  317  1  -2  
16  41  19  32  356  317  1  -2  
16  41  19  41  356  317  1  -2  
16  41  19  51  356  317  1  -2  
16  41  19  58  356  317  1  -2  
16  41  19  67  356  317  1  -2  
16  41  19  76  356  317  1  -2  
16  41  19  85  356  317  1  -2  
16  41  19  92  356  317  1  -2  
16  41  19  100  356  317  1  -2  
16  41  19  110  356  317  1  -2  
16  41  19  116  356  317  1  -2  
16  41  19  126  356  317  1  -2  
16  41  19  134  356  317  1  -2  
16  41  19  143  356  317  1  -2  
16  41  19  151  356  317  1  -2  
16  41  19  160  356  317  1  -2  
16  41  19  168  356  317  1  -2  
16  41  19  177  356  317  1  -2  
16  41  19  184  356  317  1  -2  
16  41  19  194  356  317  1  -2  
16  41  20  200  356  317  1  -2  
16  41  20  210  356  317  1  -2  
16  41  20  217  356  317  1  -2  
16  41  20  226  356  317  1  -2  
16  41  20  233  356  317  1  -2  
16  41  20  243  356  317  1  -2  
16  41  20  251  356  317  1  -2  
16  41  20  259  356  317  1  -2  
16  41  20  266  356  317  1  -2  
16  41  20  276  356  317  1  -2  
16  41  20  283  356  317  1  -2  
16  41  20  294  356  317  1  -2  
16  41  20  301  356  317  1  -2  
16  41  20  310  356  317  1  -2  
16  41  20  317  356  317  1  -2  
16  41  20  326  356  317  1  -2  
16  41  20  333  356  317  1  -2  
16  41  20  344  356  317  1  -2  
16  41  20  351  356  317  1  -2  
16  41  20  361  356  317  1  -2  
16  41  20  367  356  317  1  -2  
16  41  20  374  356  317  1  -2  
16  41  20  385  356  317  1  -2  
16  41  20  394  356  317  1  -2  
16  41  20  401  356  317  1  -2  
16  41  20  410  356  317  1  -2  
16  41  20  417  356  317  1  -2  
16  41  20  425  356  317  1  -2  
16  41  20  433  356  317  1  -2  
16  41  20  443  357  317  1  -2  
16  41  20  450  359  317  1  -2  
16  41  20  460  360  317  1  -2  
16  41  20  468  362  317  1  -2  
16  41  20  478  365  317  1  -2  
16  41  20  483  370  317  1  -2  
16  41  20  494  375  317  1  -2  
16  41  20  500  380  317  1  -2  
16  41  20  511  386  317  1  -2  
16  41  20  517  391  317  1  -2  
16  41  20  527  396  317  1  -2  
16  41  20  534  401  317  1  -2  
16  41  20  543  406  317  1  -2  
16  41  20  551  413  317  1  -2  
16  41  20  562  421  317  1  -2  
16  41  20  567  435  317  1  -2  
16  41  20  579  435  317  1  -2  
16  41  20  584  450  317  1  -2  
16  41  20  594  450  317  1  -2  
16  41  20  601  464  317  1  -2  
16  41  20  612  464  317  1  -2  
16  41  20  619  477  317  1  -2  
16  41  20  629  482  317  1  -2  
16  41  20  635  485  317  1  -2  
16  41  20  645  488  317  1  -2  
16  41  20  653  489  317  1  -2  
16  41  20  663  492  317  1  -2  
16  41  20  670  494  317  1  -2  
16  41  20  679  494  317  1  -2  
16  41  20  685  495  317  2  -2  
16  41  20  696  496  317  2  -2  
16  41  20  702  496  317  2  -2  
16  41  20  712  496  317  2  -2  
16  41  20  721  497  317  2  -2  
16  41  20  728  497  317  2  -2  
16  41  20  736  497  317  2  -2  
16  41  20  745  497  317  2  -2  
16  41  20  753  497  317  2  -2  
16  41  20  762  500  317  2  -2  
16  41  20  771  500  317  2  -2  
16  41  20  779  501  317  2  -2  
16  41  20  786  503  317  2  -2  
16  41  20  795  503  317  2  -2  
16  41  20  804  504  317  2  -2  
16  41  20  812  506  317  2  -2  
16  41  20  821  507  317  2  -2  
16  41  20  828  508  317  2  -2  
16  41  20  836  509  317  2  -2  
16  41  20  845  509  317  2  -2  
16  41  20  853  509  317  2  -2  
16  41  20  862  509  317  2  -2  
16  41  20  870  509  317  2  -2  
16  41  20  879  509  317  2  -2  
16  41  20  886  509  317  2  -2  
16  41  20  895  509  317  2  -2  
16  41  20  902  509  317  2  -2  
16  41  20  913  509  317  2  -2  
16  41  20  920  508  317  2  -2  
16  41  20  929  503  317  2  -2  
16  41  20  937  496  318  2  -2  
16  41  20  945  489  321  2  -2  
16  41  20  953  480  322  2  -2  
16  41  20  962  471  326  2  -2  
16  41  20  971  451  328  2  -2  
16  41  20  979  442  331  2  -2  
16  41  20  987  432  332  2  -2  
16  41  20  995  423  335  2  -2  
16  41  20  1004  416  335  2  -2  
16  41  20  1012  411  337  2  -2  
16  41  20  1022  405  338  2  -2  
16  41  20  1030  403  339  2  -2  
16  41  20  1038  400  340  2  -2  
16  41  20  1046  399  340  2  -2  
16  41  20  1055  395  342  2  -2  
16  41  20  1063  391  344  2  -2  
16  41  20  1072  389  345  2  -2  
16  41  20  1082  386  345  2  -2  
16  41  20  1091  382  347  2  -2  
16  41  20  1099  382  347  2  -2  
16  41  20  1109  382  347  2  -2  
16  41  20  1115  382  347  2  -2  
16  41  20  1125  382  347  2  -2  
16  41  20  1132  382  347  2  -2  
16  41  20  1142  382  347  2  -2  
16  41  20  1148  382  347  2  -2  
16  41  20  1157  382  347  2  -2  
16  41  20  1166  382  347  2  -2  
16  41  20  1173  382  347  2  -2  
16  41  20  1181  382  347  2  -2  
16  41  20  1191  382  347  2  -2  
16  41  21  1198  382  347  2  -2  
16  41  21  1206  382  347  2  -2  
16  41  21  1215  382  347  2  -2  
16  41  21  1223  382  347  2  -2  
16  41  21  1232  382  347  2  -2  
16  41  21  1242  382  347  2  -2  
16  41  21  1249  382  347  2  -2  
16  41  21  1258  382  347  2  -2  
16  41  21  1266  382  347  2  -2  
16  41  21  1275  382  347  2  -2  
16  41  21  1282  382  347  2  -2  
16  41  21  1292  382  347  2  -2  
16  41  21  1300  382  347  2  -2  
16  41  21  1309  382  347  2  -2  
16  41  21  1317  382  347  2  -2  
16  41  21  1323  382  347  2  -2  
16  41  21  1332  382  347  2  -2  
16  41  21  1340  382  347  2  -2  
16  41  21  1350  382  347  2  -2  
16  41  21  1359  382  347  2  -2  
16  41  21  1366  382  347  2  -2  
16  41  21  1373  382  347  2  -2  
16  41  21  1381  382  347  2  -2  
16  41  21  1392  382  347  2  -2  
16  41  21  1399  382  347  2  -2  
16  41  21  1409  381  347  2  -2  
16  41  21  1416  382  345  3  -2  
16  41  21  1425  384  344  3  -2  
16  41  21  1433  387  342  3  -2  
16  41  21  1442  392  340  3  -2  
16  41  21  1450  398  337  3  -2  
16  41  21  1460  418  329  3  -2  
16  41  21  1465  428  324  3  -2  
16  41  21  1476  428  324  3  -2  
16  41  21  1482  444  318  3  -2  
16  41  21  1493  453  316  3  -2  
16  41  21  1500  458  315  3  -2  
16  41  21  1509  464  315  3  -2  
16  41  21  1516  469  313  3  -2  
16  41  21  1526  471  313  3  -2  
16  41  21  1533  474  313  3  -2  
16  41  21  1543  475  313  3  -2  
16  41  21  1550  478  313  3  -2  
16  41  21  1560  479  313  3  -2  
16  41  21  1566  482  313  3  -2  
16  41  21  1575  484  313  3  -2  
16  41  21  1583  487  313  3  -2  
16  41  21  1593  491  313  3  -2  
16  41  21  1600  493  313  3  -2  
16  41  21  1609  495  313  4  -2  
16  41  21  1616  496  313  4  -2  
16  41  21  1626  498  313  4  -2  
16  41  21  1632  501  313  4  -2  
16  41  21  1643  501  313  4  -2  
16  41  21  1650  504  313  4  -2  
16  41  21  1660  506  313  4  -2  
16  41  21  1669  506  313  4  -2  
16  41  21  1676  507  313  4  -2  
16  41  21  1683  507  313  4  -2  
16  41  21  1693  507  313  4  -2  
16  41  21  1701  507  313  4  -2  
16  41  21  1710  507  313  4  -2  
16  41  21  1717  507  313  4  -2  
16  41  21  1727  507  313  4  -2  
16  41  21  1735  507  313  4  -2  
16  41  21  1744  507  313  4  -2  
16  41  21  1751  507  313  4  -2  
16  41  21  1760  507  313  4  -2  
16  41  21  1766  507  313  4  -2  
16  41  21  1777  507  313  4  -2  
16  41  21  1786  507  313  4  -2  
16  41  21  1795  507  313  4  -2  
16  41  21  1803  507  313  4  -2  
16  41  21  1813  507  313  4  -2  
16  41  21  1822  507  313  4  -2  
16  41  21  1831  507  313  4  -2  
16  41  21  1839  507  313  4  -2  
16  41  21  1847  507  313  4  -2  
16  41  21  1855  507  313  4  -2  
16  41  21  1863  507  313  4  -2  
16  41  21  1872  507  313  4  -2  
16  41  21  1882  507  313  4  -2  
16  41  21  1892  507  313  4  -2  
16  41  21  1901  507  313  4  -2  
16  41  21  1911  507  313  4  -2  
16  41  21  1919  507  313  4  -2  
16  41  21  1929  507  313  4  -2  
16  41  21  1943  507  313  4  -2  
16  41  21  1952  507  313  4  -2  
16  41  21  1963  507  313  4  -2  
16  41  21  1969  499  314  4  -2  
16  41  21  1978  499  314  4  -2  
16  41  21  1987  492  314  4  -2  
16  41  21  1997  477  315  4  -2  
16  41  21  2007  470  315  4  -2  
16  41  21  2015  460  318  4  -2  
16  41  21  2025  451  319  4  -2  
16  41  21  2033  444  320  4  -2  
16  41  21  2042  439  320  4  -2  
16  41  21  2050  425  325  4  -2  
16  41  21  2059  425  325  4  -2  
16  41  21  2067  417  326  4  -2  
16  41  21  2075  411  327  4  -2  
16  41  21  2083  407  330  4  -2  
16  41  21  2090  402  330  4  -2  
16  41  21  2099  402  330  4  -2  
16  41  21  2107  394  334  5  -2  
16  41  21  2114  391  336  5  -2  
16  41  21  2127  387  338  5  -2  
16  41  21  2133  384  340  5  -2  
16  41  21  2143  382  341  5  -2  
16  41  21  2149  377  342  5  -2  
16  41  21  2159  375  344  5  -2  
16  41  21  2167  373  345  5  -2  
16  41  21  2176  371  346  5  -2  
16  41  21  2183  370  346  5  -2  
16  41  21  2193  369  347  5  -2  
16  41  22  2199  369  347  5  -2  
16  41  22  2209  369  347  5  -2  
16  41  22  2215  368  348  5  -2  
16  41  22  2226  368  348  5  -2  
16  41  22  2233  368  348  5  -2  
16  41  22  2243  368  348  5  -2  
16  41  22  2251  368  348  5  -2  
16  41  22  2261  368  348  5  -2  
16  41  22  2266  368  348  5  -2  
16  41  22  2276  368  348  5  -2  
16  41  22  2283  368  348  5  -2  
16  41  22  2293  368  348  5  -2  
16  41  22  2300  368  348  5  -2  
16  41  22  2310  368  348  5  -2  
16  41  22  2318  368  348  5  -2  
16  41  22  2327  368  348  5  -2  
16  41  22  2334  368  348  5  -2  
16  41  22  2343  368  348  5  -2  
16  41  22  2351  368  348  5  -2  
16  41  22  2360  368  348  5  -2  
16  41  22  2368  368  348  5  -2  
16  41  22  2377  368  348  5  -2  
16  41  22  2385  368  348  5  -2  
16  41  22  2394  368  348  5  -2  
16  41  22  2400  368  348  5  -2  
16  41  22  2411  368  348  5  -2  
16  41  22  2418  368  348  5  -2  
16  41  22  2427  368  348  5  -2  
16  41  22  2434  368  348  5  -2  
16  41  22  2443  368  348  5  -2  
16  41  22  2451  368  348  5  -2  
16  41  22  2461  368  348  5  -2  
16  41  22  2469  368  348  5  -2  
