10  21  55  0  381  309  1  -2  
10  21  55  8  381  309  1  -2  
10  21  55  18  381  309  1  -2  
10  21  55  27  381  309  1  -2  
10  21  55  38  381  309  1  -2  
10  21  55  47  381  309  1  -2  
10  21  55  55  381  309  1  -2  
10  21  55  65  381  309  1  -2  
10  21  55  74  381  309  1  -2  
10  21  55  84  383  309  1  -2  
10  21  55  93  386  309  1  -2  
10  21  55  101  389  309  1  -2  
10  21  55  109  392  309  1  -2  
10  21  55  117  395  309  1  -2  
10  21  55  125  400  309  1  -2  
10  21  55  133  404  309  1  -2  
10  21  55  143  408  309  1  -2  
10  21  55  150  411  309  1  -2  
10  21  55  158  414  309  1  -2  
10  21  56  167  417  307  1  -2  
10  21  56  176  421  307  1  -2  
10  21  56  184  423  307  1  -2  
10  21  56  192  427  307  1  -2  
10  21  56  200  436  307  1  -2  
10  21  56  210  436  307  1  -2  
10  21  56  217  448  308  1  -2  
10  21  56  225  455  310  1  -2  
10  21  56  234  462  311  1  -2  
10  21  56  243  469  312  1  -2  
10  21  56  250  472  313  1  -2  
10  21  56  259  476  313  1  -2  
10  21  56  267  479  313  1  -2  
10  21  56  275  481  314  1  -2  
10  21  56  284  484  314  1  -2  
10  21  56  293  485  314  1  -2  
10  21  56  301  488  316  1  -2  
10  21  56  309  489  316  1  -2  
10  21  56  317  490  316  1  -2  
10  21  56  325  491  316  1  -2  
10  21  56  334  493  316  1  -2  
10  21  56  343  493  316  1  -2  
10  21  56  351  496  317  2  -2  
10  21  56  359  497  317  2  -2  
10  21  56  366  500  317  2  -2  
10  21  56  376  503  318  2  -2  
10  21  56  384  504  318  2  -2  
10  21  56  393  504  318  2  -2  
10  21  56  402  504  318  2  -2  
10  21  56  409  504  318  2  -2  
10  21  56  416  504  318  2  -2  
10  21  56  428  504  318  2  -2  
10  21  56  436  504  318  2  -2  
10  21  56  446  504  318  2  -2  
10  21  56  455  504  318  2  -2  
10  21  56  464  504  318  2  -2  
10  21  56  472  504  318  2  -2  
10  21  56  482  504  318  2  -2  
10  21  56  489  504  318  2  -2  
10  21  56  497  504  318  2  -2  
10  21  56  505  504  318  2  -2  
10  21  56  515  504  318  2  -2  
10  21  56  521  504  318  2  -2  
10  21  56  531  504  318  2  -2  
10  21  56  539  504  318  2  -2  
10  21  56  547  504  318  2  -2  
10  21  56  555  504  318  2  -2  
10  21  56  564  504  318  2  -2  
10  21  56  573  504  318  2  -2  
10  21  56  583  504  318  2  -2  
10  21  56  589  504  318  2  -2  
10  21  56  599  504  318  2  -2  
10  21  56  608  504  318  2  -2  
10  21  56  617  502  318  2  -2  
10  21  56  624  495  318  2  -2  
10  21  56  633  495  318  2  -2  
10  21  56  642  486  318  2  -2  
10  21  56  650  479  318  2  -2  
10  21  56  657  472  318  2  -2  
10  21  56  667  467  318  2  -2  
10  21  56  675  460  318  2  -2  
10  21  56  684  455  318  2  -2  
10  21  56  691  450  318  2  -2  
10  21  56  700  445  318  2  -2  
10  21  56  707  438  317  2  -2  
10  21  56  717  432  316  2  -2  
10  21  56  724  427  316  2  -2  
10  21  56  733  422  316  2  -2  
10  21  56  740  418  315  2  -2  
10  21  56  749  413  315  2  -2  
10  21  56  757  410  314  2  -2  
10  21  56  766  406  314  2  -2  
10  21  56  774  404  314  2  -2  
10  21  56  783  401  313  2  -2  
10  21  56  790  398  312  3  -2  
10  21  56  799  398  312  3  -2  
10  21  56  807  395  312  3  -2  
10  21  56  816  394  312  3  -2  
10  21  56  825  392  312  3  -2  
10  21  56  833  389  312  3  -2  
10  21  56  842  386  312  3  -2  
10  21  56  849  384  312  3  -2  
10  21  56  857  382  312  3  -2  
10  21  56  866  380  312  3  -2  
10  21  56  874  377  312  3  -2  
10  21  56  883  377  312  3  -2  
10  21  56  891  376  312  3  -2  
10  21  56  899  375  312  3  -2  
10  21  56  907  375  312  3  -2  
10  21  56  916  375  312  3  -2  
10  21  56  925  375  312  3  -2  
10  21  56  934  375  312  3  -2  
10  21  56  941  375  312  3  -2  
10  21  56  948  375  312  3  -2  
10  21  56  956  375  312  3  -2  
10  21  56  965  375  312  3  -2  
10  21  56  973  375  312  3  -2  
10  21  56  982  375  312  3  -2  
10  21  56  988  375  312  3  -2  
10  21  56  998  375  312  3  -2  
10  21  56  1007  375  312  3  -2  
10  21  56  1017  375  312  3  -2  
10  21  56  1026  375  312  3  -2  
10  21  56  1034  375  312  3  -2  
10  21  56  1042  375  312  3  -2  
10  21  56  1051  375  312  3  -2  
10  21  56  1058  375  312  3  -2  
10  21  56  1067  375  312  3  -2  
10  21  56  1075  375  312  3  -2  
10  21  56  1085  375  312  3  -2  
10  21  56  1093  375  312  3  -2  
10  21  56  1102  375  312  3  -2  
10  21  56  1109  375  312  3  -2  
10  21  56  1117  375  312  3  -2  
10  21  56  1125  375  312  3  -2  
10  21  56  1134  377  311  3  -2  
10  21  56  1143  377  311  3  -2  
10  21  56  1152  380  311  3  -2  
10  21  56  1159  381  311  3  -2  
10  21  57  1168  384  311  3  -2  
10  21  57  1179  390  310  3  -2  
10  21  57  1188  392  309  3  -2  
10  21  57  1198  395  309  3  -2  
10  21  57  1207  399  309  3  -2  
10  21  57  1217  400  309  3  -2  
10  21  57  1226  408  309  3  -2  
10  21  57  1235  411  309  3  -2  
10  21  57  1244  416  309  3  -2  
10  21  57  1253  422  309  3  -2  
10  21  57  1261  427  309  3  -2  
10  21  57  1269  432  309  3  -2  
10  21  57  1277  437  309  3  -2  
10  21  57  1286  442  309  3  -2  
10  21  57  1294  444  309  3  -2  
10  21  57  1303  448  309  3  -2  
10  21  57  1310  449  309  3  -2  
10  21  57  1319  452  309  3  -2  
10  21  57  1328  453  309  3  -2  
10  21  57  1335  455  309  3  -2  
10  21  57  1344  457  309  3  -2  
10  21  57  1353  465  311  3  -2  
10  21  57  1361  467  311  3  -2  
10  21  57  1370  471  311  3  -2  
10  21  57  1380  476  312  3  -2  
10  21  57  1385  479  312  3  -2  
10  21  57  1394  481  313  3  -2  
10  21  57  1403  484  313  3  -2  
10  21  57  1411  484  313  3  -2  
10  21  57  1419  485  313  3  -2  
10  21  57  1430  485  313  3  -2  
10  21  57  1436  485  313  3  -2  
10  21  57  1446  485  313  3  -2  
10  21  57  1453  485  313  3  -2  
10  21  57  1464  485  313  3  -2  
10  21  57  1472  485  313  3  -2  
10  21  57  1481  485  313  3  -2  
10  21  57  1487  485  313  3  -2  
10  21  57  1497  485  313  3  -2  
10  21  57  1504  485  313  3  -2  
10  21  57  1514  485  313  3  -2  
10  21  57  1522  485  313  3  -2  
10  21  57  1531  486  313  3  -2  
10  21  57  1538  486  313  3  -2  
10  21  57  1548  486  313  3  -2  
10  21  57  1556  487  313  3  -2  
10  21  57  1565  487  313  3  -2  
10  21  57  1572  487  313  3  -2  
10  21  57  1582  488  313  3  -2  
10  21  57  1589  489  313  3  -2  
10  21  57  1598  491  313  3  -2  
10  21  57  1605  492  313  3  -2  
10  21  57  1615  493  313  3  -2  
10  21  57  1623  496  313  4  -2  
10  21  57  1632  497  313  4  -2  
10  21  57  1638  497  313  4  -2  
10  21  57  1648  497  313  4  -2  
10  21  57  1655  497  313  4  -2  
10  21  57  1664  497  313  4  -2  
10  21  57  1672  497  313  4  -2  
10  21  57  1682  497  313  4  -2  
10  21  57  1689  497  313  4  -2  
10  21  57  1698  497  313  4  -2  
10  21  57  1705  497  313  4  -2  
10  21  57  1715  497  313  4  -2  
10  21  57  1723  497  313  4  -2  
10  21  57  1732  497  313  4  -2  
10  21  57  1738  497  313  4  -2  
10  21  57  1748  497  313  4  -2  
10  21  57  1754  497  313  4  -2  
10  21  57  1765  497  313  4  -2  
10  21  57  1773  497  313  4  -2  
10  21  57  1782  497  313  4  -2  
10  21  57  1788  497  313  4  -2  
10  21  57  1798  496  313  4  -2  
10  21  57  1806  492  313  4  -2  
10  21  57  1815  487  313  4  -2  
10  21  57  1823  483  312  4  -2  
10  21  57  1832  481  312  4  -2  
10  21  57  1837  477  312  4  -2  
10  21  57  1848  473  311  4  -2  
10  21  57  1855  466  311  4  -2  
10  21  57  1866  466  311  4  -2  
10  21  57  1873  456  310  4  -2  
10  21  57  1882  452  310  4  -2  
10  21  57  1889  447  309  4  -2  
10  21  57  1898  443  309  4  -2  
10  21  57  1906  440  309  4  -2  
10  21  57  1916  435  309  4  -2  
10  21  57  1924  432  309  4  -2  
10  21  57  1933  428  309  4  -2  
10  21  57  1952  424  309  4  -2  
10  21  57  1959  414  309  4  -2  
10  21  57  1967  414  309  4  -2  
10  21  57  1975  410  309  4  -2  
10  21  57  1983  409  309  4  -2  
10  21  57  1993  406  309  4  -2  
10  21  57  2002  402  309  4  -2  
10  21  57  2010  400  309  4  -2  
