10  23  35  0  382  304  1  -2  
10  23  35  9  382  304  1  -2  
10  23  35  17  383  304  1  -2  
10  23  35  25  384  305  1  -2  
10  23  35  33  384  305  1  -2  
10  23  35  42  385  305  1  -2  
10  23  35  50  386  305  1  -2  
10  23  35  58  388  305  1  -2  
10  23  35  66  389  305  1  -2  
10  23  35  76  392  306  1  -2  
10  23  35  83  396  306  1  -2  
10  23  35  91  400  308  1  -2  
10  23  35  99  403  308  1  -2  
10  23  35  108  407  308  1  -2  
10  23  35  116  412  309  1  -2  
10  23  35  126  416  309  1  -2  
10  23  35  134  422  309  1  -2  
10  23  35  141  426  310  1  -2  
10  23  35  150  431  310  1  -2  
10  23  35  158  435  311  1  -2  
10  23  35  166  442  311  1  -2  
10  23  35  174  447  313  1  -2  
10  23  35  183  453  314  1  -2  
10  23  35  191  458  314  1  -2  
10  23  35  200  463  315  1  -2  
10  23  35  208  470  316  1  -2  
10  23  35  216  477  316  1  -2  
10  23  35  226  483  319  1  -2  
10  23  35  233  486  319  1  -2  
10  23  35  241  489  319  1  -2  
10  23  35  250  493  319  1  -2  
10  23  35  258  496  319  2  -2  
10  23  35  266  496  319  2  -2  
10  23  35  275  499  319  2  -2  
10  23  35  284  500  319  2  -2  
10  23  35  292  502  319  2  -2  
10  23  35  300  503  319  2  -2  
10  23  35  308  506  319  2  -2  
10  23  35  317  507  319  2  -2  
10  23  35  326  508  319  2  -2  
10  23  35  334  510  319  2  -2  
10  23  35  341  511  319  2  -2  
10  23  35  350  513  319  2  -2  
10  23  35  358  514  319  2  -2  
10  23  35  366  516  319  2  -2  
10  23  35  374  517  319  2  -2  
10  23  35  383  518  319  2  -2  
10  23  35  392  519  319  2  -2  
10  23  35  400  519  319  2  -2  
10  23  35  408  519  319  2  -2  
10  23  35  416  519  319  2  -2  
10  23  35  425  519  319  2  -2  
10  23  35  433  519  319  2  -2  
10  23  35  442  519  319  2  -2  
10  23  35  450  519  319  2  -2  
10  23  35  458  519  319  2  -2  
10  23  35  466  519  319  2  -2  
10  23  35  474  519  319  2  -2  
10  23  35  483  519  319  2  -2  
10  23  35  491  519  319  2  -2  
10  23  35  500  519  319  2  -2  
10  23  35  508  519  319  2  -2  
10  23  35  517  519  319  2  -2  
10  23  35  528  519  319  2  -2  
10  23  35  534  519  319  2  -2  
10  23  35  542  519  319  2  -2  
10  23  35  550  519  319  2  -2  
10  23  35  558  519  319  2  -2  
10  23  35  567  519  319  2  -2  
10  23  35  575  519  319  2  -2  
10  23  35  583  519  319  2  -2  
10  23  35  593  519  319  2  -2  
10  23  35  601  519  319  2  -2  
10  23  35  609  519  319  2  -2  
10  23  35  616  519  319  2  -2  
10  23  35  626  519  319  2  -2  
10  23  35  633  519  319  2  -2  
10  23  35  642  519  319  2  -2  
10  23  36  650  519  319  2  -2  
10  23  36  658  519  319  2  -2  
10  23  36  667  519  319  2  -2  
10  23  36  675  517  319  2  -2  
10  23  36  685  517  319  2  -2  
10  23  36  692  514  319  2  -2  
10  23  36  700  514  319  2  -2  
10  23  36  708  511  319  2  -2  
10  23  36  717  510  319  2  -2  
10  23  36  728  506  319  2  -2  
10  23  36  735  503  319  2  -2  
10  23  36  742  500  319  2  -2  
10  23  36  750  495  319  2  -2  
10  23  36  758  490  319  2  -2  
10  23  36  766  487  319  2  -2  
10  23  36  778  480  319  2  -2  
10  23  36  786  475  319  2  -2  
10  23  36  795  471  319  2  -2  
10  23  36  801  465  319  2  -2  
10  23  36  811  461  318  2  -2  
10  23  36  818  457  318  2  -2  
10  23  36  828  452  318  2  -2  
10  23  36  835  447  316  2  -2  
10  23  36  845  444  316  2  -2  
10  23  36  853  433  313  2  -2  
10  23  36  862  426  313  2  -2  
10  23  36  869  421  312  2  -2  
10  23  36  878  417  311  2  -2  
10  23  36  885  414  311  2  -2  
10  23  36  895  412  311  2  -2  
10  23  36  902  410  311  2  -2  
10  23  36  912  408  309  2  -2  
10  23  36  918  408  309  2  -2  
10  23  36  928  408  309  2  -2  
10  23  36  935  408  309  2  -2  
10  23  36  945  407  309  2  -2  
10  23  36  952  406  309  2  -2  
10  23  36  961  404  309  2  -2  
10  23  36  969  402  309  2  -2  
10  23  36  978  402  309  2  -2  
10  23  36  985  399  308  3  -2  
10  23  36  994  398  308  3  -2  
10  23  36  1001  396  308  3  -2  
10  23  36  1011  395  307  3  -2  
10  23  36  1017  395  307  3  -2  
10  23  36  1029  395  307  3  -2  
10  23  36  1036  395  307  3  -2  
10  23  36  1045  395  307  3  -2  
10  23  36  1051  395  307  3  -2  
10  23  36  1060  395  307  3  -2  
10  23  36  1068  395  307  3  -2  
10  23  36  1078  395  307  3  -2  
10  23  36  1084  395  307  3  -2  
10  23  36  1093  395  307  3  -2  
10  23  36  1102  395  307  3  -2  
10  23  36  1111  395  307  3  -2  
10  23  36  1118  395  307  3  -2  
10  23  36  1128  395  307  3  -2  
10  23  36  1133  395  307  3  -2  
10  23  36  1144  395  307  3  -2  
10  23  36  1151  395  307  3  -2  
10  23  36  1160  393  306  3  -2  
10  23  36  1168  392  306  3  -2  
10  23  36  1178  392  306  3  -2  
10  23  36  1184  392  306  3  -2  
10  23  36  1195  391  306  3  -2  
10  23  36  1202  390  306  3  -2  
10  23  36  1211  390  306  3  -2  
10  23  36  1218  390  306  3  -2  
10  23  36  1228  390  306  3  -2  
10  23  36  1235  390  306  3  -2  
10  23  36  1245  390  306  3  -2  
10  23  36  1251  390  306  3  -2  
10  23  36  1262  390  306  3  -2  
10  23  36  1267  390  306  3  -2  
10  23  36  1278  390  306  3  -2  
10  23  36  1286  390  306  3  -2  
10  23  36  1296  390  306  3  -2  
10  23  36  1301  390  306  3  -2  
10  23  36  1312  389  306  3  -2  
10  23  36  1318  389  306  3  -2  
10  23  36  1328  389  306  3  -2  
10  23  36  1335  389  306  3  -2  
10  23  36  1346  389  306  3  -2  
10  23  36  1351  389  306  3  -2  
10  23  36  1361  389  306  3  -2  
10  23  36  1368  389  306  3  -2  
10  23  36  1378  389  306  3  -2  
10  23  36  1385  389  306  3  -2  
10  23  36  1395  389  306  3  -2  
10  23  36  1401  389  306  3  -2  
10  23  36  1410  389  306  3  -2  
10  23  36  1418  391  306  3  -2  
10  23  36  1429  395  306  3  -2  
10  23  36  1436  404  306  3  -2  
10  23  36  1446  410  306  3  -2  
10  23  36  1453  417  306  3  -2  
10  23  36  1462  424  307  3  -2  
10  23  36  1469  431  307  3  -2  
10  23  36  1479  437  308  3  -2  
10  23  36  1486  442  310  3  -2  
10  23  36  1496  445  310  3  -2  
10  23  36  1502  446  310  3  -2  
10  23  36  1512  449  310  3  -2  
10  23  36  1518  451  311  3  -2  
10  23  36  1529  452  311  3  -2  
10  23  36  1535  455  311  3  -2  
10  23  36  1546  458  311  3  -2  
10  23  36  1553  459  311  3  -2  
10  23  36  1562  462  311  3  -2  
10  23  36  1569  466  311  3  -2  
10  23  36  1579  467  311  3  -2  
10  23  36  1586  473  311  3  -2  
10  23  36  1596  473  311  3  -2  
10  23  36  1603  477  311  3  -2  
10  23  36  1612  479  311  3  -2  
10  23  36  1620  479  311  3  -2  
10  23  36  1629  480  311  3  -2  
10  23  36  1636  480  311  3  -2  
10  23  36  1646  480  311  3  -2  
10  23  37  1652  481  311  3  -2  
10  23  37  1662  481  311  3  -2  
10  23  37  1669  482  311  3  -2  
10  23  37  1678  482  311  3  -2  
10  23  37  1686  482  311  3  -2  
10  23  37  1695  483  311  3  -2  
10  23  37  1702  483  311  3  -2  
10  23  37  1713  483  311  3  -2  
10  23  37  1720  483  311  3  -2  
10  23  37  1729  484  311  3  -2  
10  23  37  1736  484  311  3  -2  
10  23  37  1745  484  311  3  -2  
10  23  37  1752  484  311  3  -2  
10  23  37  1762  486  311  3  -2  
10  23  37  1769  487  311  3  -2  
10  23  37  1778  487  311  3  -2  
10  23  37  1786  489  311  3  -2  
10  23  37  1796  491  311  3  -2  
10  23  37  1803  495  311  4  -2  
10  23  37  1812  495  311  4  -2  
10  23  37  1820  496  311  4  -2  
10  23  37  1829  496  311  4  -2  
10  23  37  1836  499  312  4  -2  
10  23  37  1846  500  313  4  -2  
10  23  37  1854  503  313  4  -2  
10  23  37  1862  505  314  4  -2  
10  23  37  1869  506  315  4  -2  
10  23  37  1879  506  315  4  -2  
10  23  37  1886  506  315  4  -2  
10  23  37  1896  506  315  4  -2  
10  23  37  1902  506  315  4  -2  
10  23  37  1912  506  315  4  -2  
10  23  37  1919  506  315  4  -2  
10  23  37  1929  506  315  4  -2  
10  23  37  1936  506  315  4  -2  
10  23  37  1945  506  315  4  -2  
10  23  37  1953  506  315  4  -2  
10  23  37  1962  506  315  4  -2  
10  23  37  1969  506  315  4  -2  
10  23  37  1979  506  315  4  -2  
10  23  37  1986  506  315  4  -2  
10  23  37  1996  506  315  4  -2  
10  23  37  2002  506  315  4  -2  
10  23  37  2012  506  315  4  -2  
10  23  37  2020  506  315  4  -2  
10  23  37  2029  506  315  4  -2  
10  23  37  2036  506  315  4  -2  
10  23  37  2045  506  315  4  -2  
10  23  37  2053  506  315  4  -2  
10  23  37  2062  506  315  4  -2  
10  23  37  2069  506  315  4  -2  
10  23  37  2079  506  315  4  -2  
10  23  37  2086  506  315  4  -2  
10  23  37  2096  506  315  4  -2  
10  23  37  2102  507  315  4  -2  
10  23  37  2112  508  315  4  -2  
10  23  37  2119  508  316  4  -2  
10  23  37  2129  508  316  4  -2  
10  23  37  2137  508  316  4  -2  
10  23  37  2146  508  316  4  -2  
10  23  37  2152  508  316  4  -2  
10  23  37  2162  508  316  4  -2  
10  23  37  2169  508  316  4  -2  
10  23  37  2179  508  316  4  -2  
10  23  37  2186  508  316  4  -2  
10  23  37  2196  508  316  4  -2  
10  23  37  2202  507  316  4  -2  
10  23  37  2212  507  316  4  -2  
10  23  37  2220  498  316  4  -2  
10  23  37  2229  491  313  4  -2  
10  23  37  2236  484  313  4  -2  
10  23  37  2246  475  312  4  -2  
10  23  37  2253  468  311  4  -2  
10  23  37  2262  462  311  4  -2  
10  23  37  2270  454  308  4  -2  
10  23  37  2279  444  307  4  -2  
10  23  37  2287  437  306  4  -2  
10  23  37  2296  432  305  4  -2  
10  23  37  2302  427  305  4  -2  
10  23  37  2312  422  305  4  -2  
10  23  37  2319  416  303  4  -2  
10  23  37  2329  410  302  4  -2  
10  23  37  2335  405  302  4  -2  
10  23  37  2346  401  301  4  -2  
10  23  37  2353  400  301  4  -2  
10  23  37  2362  398  301  4  -2  
10  23  37  2369  398  301  4  -2  
10  23  37  2378  398  301  4  -2  
