10  56  46  0  373  312  1  -2  
10  56  46  8  373  312  1  -2  
10  56  46  15  373  312  1  -2  
10  56  46  23  374  313  1  -2  
10  56  46  32  374  313  1  -2  
10  56  46  41  374  314  1  -2  
10  56  46  48  374  314  1  -2  
10  56  46  56  375  314  1  -2  
10  56  46  64  375  314  1  -2  
10  56  46  73  376  315  1  -2  
10  56  46  81  378  315  1  -2  
10  56  46  92  383  318  1  -2  
10  56  46  99  397  320  1  -2  
10  56  46  108  404  321  1  -2  
10  56  46  115  411  323  1  -2  
10  56  46  124  418  324  1  -2  
10  56  46  132  423  324  1  -2  
10  56  46  141  427  325  1  -2  
10  56  46  150  431  325  1  -2  
10  56  46  158  433  326  1  -2  
10  56  46  165  435  326  1  -2  
10  56  46  175  440  326  1  -2  
10  56  46  182  444  326  1  -2  
10  56  46  191  452  326  1  -2  
10  56  46  198  461  329  1  -2  
10  56  46  206  471  329  1  -2  
10  56  46  215  479  329  1  -2  
10  56  46  223  486  329  1  -2  
10  56  46  232  493  329  1  -2  
10  56  46  241  496  329  1  -2  
10  56  46  251  499  329  2  -2  
10  56  46  256  503  329  2  -2  
10  56  46  265  503  329  2  -2  
10  56  46  273  503  329  2  -2  
10  56  46  282  505  329  2  -2  
10  56  46  292  505  329  2  -2  
10  56  46  298  505  329  2  -2  
10  56  46  309  505  329  2  -2  
10  56  46  316  505  329  2  -2  
10  56  46  326  505  329  2  -2  
10  56  46  332  505  329  2  -2  
10  56  46  342  505  329  2  -2  
10  56  46  350  505  329  2  -2  
10  56  46  360  505  329  2  -2  
10  56  46  366  505  329  2  -2  
10  56  46  375  505  329  2  -2  
10  56  46  382  505  329  2  -2  
10  56  46  392  505  329  2  -2  
10  56  46  400  505  329  2  -2  
10  56  46  408  506  329  2  -2  
10  56  46  416  506  329  2  -2  
10  56  46  425  506  329  2  -2  
10  56  46  433  507  329  2  -2  
10  56  47  443  507  329  2  -2  
10  56  47  450  509  328  2  -2  
10  56  47  460  509  328  2  -2  
10  56  47  466  509  328  2  -2  
10  56  47  475  511  327  2  -2  
10  56  47  483  511  327  2  -2  
10  56  47  492  514  326  2  -2  
10  56  47  500  515  326  2  -2  
10  56  47  510  515  326  2  -2  
10  56  47  517  515  326  2  -2  
10  56  47  527  515  326  2  -2  
10  56  47  532  515  326  2  -2  
10  56  47  543  516  325  2  -2  
10  56  47  550  517  325  2  -2  
10  56  47  560  517  324  2  -2  
10  56  47  566  517  324  2  -2  
10  56  47  577  517  324  2  -2  
10  56  47  584  517  324  2  -2  
10  56  47  593  517  324  2  -2  
10  56  47  601  517  324  2  -2  
10  56  47  610  517  324  2  -2  
10  56  47  616  517  324  2  -2  
10  56  47  627  517  324  2  -2  
10  56  47  634  517  324  2  -2  
10  56  47  643  517  324  2  -2  
10  56  47  650  517  324  2  -2  
10  56  47  660  517  324  2  -2  
10  56  47  666  517  324  2  -2  
10  56  47  677  517  324  2  -2  
10  56  47  684  517  324  2  -2  
10  56  47  693  517  324  2  -2  
10  56  47  701  517  324  2  -2  
10  56  47  711  517  324  2  -2  
10  56  47  717  517  324  2  -2  
10  56  47  727  517  324  2  -2  
10  56  47  733  515  324  2  -2  
10  56  47  744  513  324  2  -2  
10  56  47  751  509  324  2  -2  
10  56  47  760  504  324  2  -2  
10  56  47  767  500  324  2  -2  
10  56  47  777  495  324  2  -2  
10  56  47  784  490  324  2  -2  
10  56  47  793  485  324  2  -2  
10  56  47  801  480  324  2  -2  
10  56  47  810  475  324  2  -2  
10  56  47  817  463  324  2  -2  
10  56  47  827  463  324  2  -2  
10  56  47  835  447  324  2  -2  
10  56  47  844  442  324  2  -2  
10  56  47  851  437  324  2  -2  
10  56  47  860  429  324  2  -2  
10  56  47  868  424  324  2  -2  
10  56  47  877  417  324  2  -2  
10  56  47  885  408  324  2  -2  
10  56  47  894  402  324  2  -2  
10  56  47  901  396  324  3  -2  
10  56  47  912  390  324  3  -2  
10  56  47  918  383  324  3  -2  
10  56  47  927  379  324  3  -2  
10  56  47  935  374  324  3  -2  
10  56  47  944  372  324  3  -2  
10  56  47  951  370  324  3  -2  
10  56  47  961  369  324  3  -2  
10  56  47  968  368  324  3  -2  
10  56  47  977  367  324  3  -2  
10  56  47  985  367  324  3  -2  
10  56  47  994  366  324  3  -2  
10  56  47  1001  366  324  3  -2  
10  56  47  1011  366  324  3  -2  
10  56  47  1018  364  324  3  -2  
10  56  47  1027  364  324  3  -2  
10  56  47  1035  363  324  3  -2  
10  56  47  1044  363  324  3  -2  
10  56  47  1052  363  324  3  -2  
10  56  47  1060  363  324  3  -2  
10  56  47  1067  363  324  3  -2  
10  56  47  1076  363  324  3  -2  
10  56  47  1084  363  324  3  -2  
10  56  47  1093  363  324  3  -2  
10  56  47  1101  363  324  3  -2  
10  56  47  1110  363  324  3  -2  
10  56  47  1117  363  324  3  -2  
10  56  47  1126  363  324  3  -2  
10  56  47  1134  363  324  3  -2  
10  56  47  1143  363  324  3  -2  
10  56  47  1150  363  324  3  -2  
10  56  47  1160  363  324  3  -2  
10  56  47  1168  363  324  3  -2  
10  56  47  1176  363  324  3  -2  
10  56  47  1184  363  324  3  -2  
10  56  47  1193  363  324  3  -2  
10  56  47  1200  363  324  3  -2  
10  56  47  1210  363  324  3  -2  
10  56  47  1217  363  324  3  -2  
10  56  47  1226  363  324  3  -2  
10  56  47  1234  363  324  3  -2  
10  56  47  1243  363  324  3  -2  
10  56  47  1251  367  324  3  -2  
10  56  47  1260  374  324  3  -2  
10  56  47  1268  386  324  3  -2  
10  56  47  1276  399  324  3  -2  
10  56  47  1284  414  324  3  -2  
10  56  47  1293  429  324  3  -2  
10  56  47  1301  445  324  3  -2  
10  56  47  1310  459  324  3  -2  
10  56  47  1318  472  324  3  -2  
10  56  47  1327  480  324  3  -2  
10  56  47  1334  490  324  3  -2  
10  56  47  1343  496  324  4  -2  
10  56  47  1350  499  324  4  -2  
10  56  47  1360  500  324  4  -2  
10  56  47  1367  502  324  4  -2  
10  56  47  1376  504  324  4  -2  
10  56  47  1384  505  324  4  -2  
10  56  47  1393  506  324  4  -2  
10  56  47  1401  507  324  4  -2  
10  56  47  1410  508  324  4  -2  
10  56  47  1418  511  324  4  -2  
10  56  47  1426  512  324  4  -2  
10  56  47  1434  512  324  4  -2  
10  56  48  1443  513  324  4  -2  
10  56  48  1451  516  324  4  -2  
10  56  48  1461  516  324  4  -2  
10  56  48  1469  516  324  4  -2  
10  56  48  1476  517  324  4  -2  
10  56  48  1484  517  324  4  -2  
10  56  48  1493  518  324  4  -2  
10  56  48  1501  518  324  4  -2  
10  56  48  1510  518  324  4  -2  
10  56  48  1517  518  324  4  -2  
10  56  48  1526  518  324  4  -2  
10  56  48  1534  518  324  4  -2  
10  56  48  1543  518  324  4  -2  
10  56  48  1551  518  324  4  -2  
10  56  48  1560  518  324  4  -2  
10  56  48  1569  519  324  4  -2  
10  56  48  1576  519  324  4  -2  
10  56  48  1585  519  324  4  -2  
10  56  48  1593  519  324  4  -2  
10  56  48  1601  519  324  4  -2  
10  56  48  1610  519  324  4  -2  
10  56  48  1617  519  324  4  -2  
10  56  48  1626  519  324  4  -2  
10  56  48  1635  520  324  4  -2  
10  56  48  1643  520  324  4  -2  
10  56  48  1651  520  324  4  -2  
10  56  48  1660  520  324  4  -2  
10  56  48  1668  520  324  4  -2  
10  56  48  1676  520  324  4  -2  
10  56  48  1684  520  324  4  -2  
10  56  48  1693  520  324  4  -2  
10  56  48  1701  520  324  4  -2  
10  56  48  1710  520  324  4  -2  
10  56  48  1719  520  324  4  -2  
10  56  48  1726  520  324  4  -2  
10  56  48  1734  520  324  4  -2  
10  56  48  1743  520  324  4  -2  
10  56  48  1751  520  324  4  -2  
10  56  48  1760  520  324  4  -2  
10  56  48  1767  520  324  4  -2  
10  56  48  1776  520  324  4  -2  
10  56  48  1784  520  324  4  -2  
10  56  48  1793  520  324  4  -2  
10  56  48  1803  520  324  4  -2  
10  56  48  1810  519  324  4  -2  
10  56  48  1819  517  324  4  -2  
10  56  48  1827  514  324  4  -2  
10  56  48  1836  512  324  4  -2  
10  56  48  1844  507  324  4  -2  
10  56  48  1852  502  324  4  -2  
10  56  48  1860  493  324  4  -2  
10  56  48  1869  485  324  4  -2  
10  56  48  1877  476  324  4  -2  
10  56  48  1886  470  324  4  -2  
10  56  48  1894  460  324  4  -2  
10  56  48  1902  451  324  4  -2  
10  56  48  1912  443  324  4  -2  
10  56  48  1920  434  324  4  -2  
10  56  48  1930  424  324  4  -2  
10  56  48  1936  409  324  4  -2  
10  56  48  1945  409  324  4  -2  
10  56  48  1953  399  324  4  -2  
