16  43  2  0  374  333  1  -2  
16  43  2  7  374  333  1  -2  
16  43  2  16  374  333  1  -2  
16  43  2  25  374  333  1  -2  
16  43  2  34  374  333  1  -2  
16  43  2  43  374  333  1  -2  
16  43  2  54  374  333  1  -2  
16  43  2  61  374  333  1  -2  
16  43  2  71  374  333  1  -2  
16  43  2  79  374  333  1  -2  
16  43  2  88  374  333  1  -2  
16  43  2  95  374  333  1  -2  
16  43  2  105  374  333  1  -2  
16  43  2  113  374  333  1  -2  
16  43  2  123  374  333  1  -2  
16  43  2  130  374  333  1  -2  
16  43  2  140  374  333  1  -2  
16  43  2  148  374  333  1  -2  
16  43  2  157  374  333  1  -2  
16  43  2  165  374  333  1  -2  
16  43  2  174  374  333  1  -2  
16  43  2  185  374  333  1  -2  
16  43  2  193  374  333  1  -2  
16  43  2  203  374  333  1  -2  
16  43  2  211  374  333  1  -2  
16  43  2  222  374  333  1  -2  
16  43  2  229  374  333  1  -2  
16  43  2  239  374  333  1  -2  
16  43  2  247  374  333  1  -2  
16  43  2  256  374  333  1  -2  
16  43  2  263  374  333  1  -2  
16  43  2  272  374  333  1  -2  
16  43  2  279  374  333  1  -2  
16  43  2  289  374  333  1  -2  
16  43  2  297  374  333  1  -2  
16  43  2  304  374  333  1  -2  
16  43  2  313  374  333  1  -2  
16  43  2  322  374  333  1  -2  
16  43  2  331  374  333  1  -2  
16  43  2  337  374  333  1  -2  
16  43  2  347  374  333  1  -2  
16  43  2  354  374  333  1  -2  
16  43  2  363  374  333  1  -2  
16  43  2  371  374  333  1  -2  
16  43  2  381  374  333  1  -2  
16  43  2  388  374  333  1  -2  
16  43  2  396  374  333  1  -2  
16  43  2  404  374  333  1  -2  
16  43  2  414  374  333  1  -2  
16  43  2  422  374  333  1  -2  
16  43  2  431  374  333  1  -2  
16  43  2  437  374  333  1  -2  
16  43  2  447  374  333  1  -2  
16  43  2  454  374  333  1  -2  
16  43  2  463  374  333  1  -2  
16  43  2  472  374  333  1  -2  
16  43  2  481  375  331  1  -2  
16  43  2  489  375  331  1  -2  
16  43  2  497  378  331  1  -2  
16  43  2  504  381  330  1  -2  
16  43  2  514  382  330  1  -2  
16  43  2  523  384  329  1  -2  
16  43  2  532  387  329  1  -2  
16  43  2  539  389  328  1  -2  
16  43  2  547  391  328  1  -2  
16  43  2  556  395  328  1  -2  
16  43  2  564  398  326  1  -2  
16  43  2  572  401  326  1  -2  
16  43  2  581  405  326  1  -2  
16  43  2  591  411  325  1  -2  
16  43  2  597  424  324  1  -2  
16  43  2  606  424  324  1  -2  
16  43  2  614  429  324  1  -2  
16  43  2  622  434  324  1  -2  
16  43  2  632  439  324  1  -2  
16  43  2  641  447  323  1  -2  
16  43  2  648  453  321  1  -2  
16  43  2  657  458  321  1  -2  
16  43  2  665  461  321  1  -2  
16  43  2  673  466  321  1  -2  
16  43  2  682  469  321  1  -2  
16  43  2  691  473  321  1  -2  
16  43  2  698  477  321  1  -2  
16  43  2  707  478  321  1  -2  
16  43  2  714  483  321  1  -2  
16  43  2  723  487  321  1  -2  
16  43  2  732  491  321  1  -2  
16  43  2  741  494  321  1  -2  
16  43  2  748  497  321  2  -2  
16  43  2  757  500  321  2  -2  
16  43  2  765  501  321  2  -2  
16  43  2  773  505  321  2  -2  
16  43  2  781  510  321  2  -2  
16  43  2  790  515  321  2  -2  
16  43  2  798  523  322  2  -2  
16  43  2  806  523  322  2  -2  
16  43  2  815  526  322  2  -2  
16  43  2  823  530  323  2  -2  
16  43  2  832  533  323  2  -2  
16  43  2  840  534  325  2  -2  
16  43  2  848  534  325  2  -2  
16  43  2  857  534  325  2  -2  
16  43  2  865  536  325  2  -2  
16  43  2  873  536  325  2  -2  
16  43  2  881  537  325  2  -2  
16  43  2  890  537  325  2  -2  
16  43  2  899  537  325  2  -2  
16  43  2  907  537  325  2  -2  
16  43  2  915  537  325  2  -2  
16  43  2  923  537  325  2  -2  
16  43  2  932  537  325  2  -2  
16  43  2  938  537  325  2  -2  
16  43  2  949  537  325  2  -2  
16  43  2  957  537  325  2  -2  
16  43  2  965  537  325  2  -2  
16  43  2  973  537  325  2  -2  
16  43  3  982  537  325  2  -2  
16  43  3  991  537  325  2  -2  
16  43  3  998  537  325  2  -2  
16  43  3  1007  537  325  2  -2  
16  43  3  1016  534  326  2  -2  
16  43  3  1026  528  326  2  -2  
16  43  3  1032  521  328  2  -2  
16  43  3  1040  516  328  2  -2  
16  43  3  1050  510  328  2  -2  
16  43  3  1057  501  328  2  -2  
16  43  3  1068  494  328  2  -2  
16  43  3  1074  488  328  2  -2  
16  43  3  1083  479  328  2  -2  
16  43  3  1091  474  328  2  -2  
16  43  3  1102  467  328  2  -2  
16  43  3  1108  458  331  2  -2  
16  43  3  1116  455  331  2  -2  
16  43  3  1125  449  332  2  -2  
16  43  3  1135  444  332  2  -2  
16  43  3  1142  440  333  2  -2  
16  43  3  1150  435  336  2  -2  
16  43  3  1157  429  337  2  -2  
16  43  3  1166  424  338  2  -2  
16  43  3  1174  418  339  2  -2  
16  43  3  1185  411  340  2  -2  
16  43  3  1192  405  343  2  -2  
16  43  3  1200  401  344  2  -2  
16  43  3  1208  398  346  2  -2  
16  43  3  1217  397  346  2  -2  
16  43  3  1224  396  346  2  -2  
16  43  3  1234  396  346  2  -2  
16  43  3  1242  396  346  2  -2  
16  43  3  1250  394  347  2  -2  
16  43  3  1257  394  347  2  -2  
16  43  3  1266  394  347  2  -2  
16  43  3  1275  394  347  2  -2  
16  43  3  1284  394  347  2  -2  
16  43  3  1292  394  347  2  -2  
16  43  3  1300  394  347  2  -2  
16  43  3  1307  394  347  2  -2  
16  43  3  1317  393  347  2  -2  
16  43  3  1325  393  347  2  -2  
16  43  3  1332  391  348  2  -2  
16  43  3  1343  390  350  2  -2  
16  43  3  1352  388  351  2  -2  
16  43  3  1358  388  351  2  -2  
16  43  3  1367  388  351  2  -2  
16  43  3  1374  388  351  2  -2  
16  43  3  1384  388  351  2  -2  
16  43  3  1392  388  351  2  -2  
16  43  3  1403  386  351  2  -2  
16  43  3  1409  386  352  2  -2  
16  43  3  1418  385  352  2  -2  
16  43  3  1425  385  352  2  -2  
16  43  3  1434  385  352  2  -2  
16  43  3  1442  384  352  2  -2  
16  43  3  1452  384  353  2  -2  
16  43  3  1458  383  354  2  -2  
16  43  3  1469  383  354  2  -2  
16  43  3  1476  383  354  2  -2  
16  43  3  1484  382  354  2  -2  
16  43  3  1492  382  354  2  -2  
16  43  3  1501  381  354  2  -2  
16  43  3  1510  381  354  2  -2  
16  43  3  1518  381  354  2  -2  
16  43  3  1526  381  354  2  -2  
16  43  3  1536  379  354  2  -2  
16  43  3  1542  378  355  2  -2  
16  43  3  1553  378  355  2  -2  
16  43  3  1558  378  355  2  -2  
16  43  3  1569  378  355  2  -2  
16  43  3  1575  377  355  2  -2  
16  43  3  1584  377  355  2  -2  
16  43  3  1593  377  355  2  -2  
16  43  3  1603  376  355  2  -2  
16  43  3  1609  376  355  2  -2  
16  43  3  1619  376  355  2  -2  
16  43  3  1625  375  355  2  -2  
16  43  3  1634  375  355  2  -2  
16  43  3  1642  374  355  2  -2  
16  43  3  1652  373  354  2  -2  
16  43  3  1660  373  354  2  -2  
16  43  3  1670  372  351  2  -2  
16  43  3  1676  371  349  3  -2  
16  43  3  1685  370  348  3  -2  
16  43  3  1693  370  348  3  -2  
16  43  3  1702  370  348  3  -2  
16  43  3  1710  370  348  3  -2  
16  43  3  1720  370  348  3  -2  
16  43  3  1726  370  348  3  -2  
16  43  3  1735  370  348  3  -2  
16  43  3  1743  370  348  3  -2  
16  43  3  1752  370  348  3  -2  
16  43  3  1759  370  348  3  -2  
16  43  3  1770  370  348  3  -2  
16  43  3  1776  370  348  3  -2  
16  43  3  1785  370  348  3  -2  
16  43  3  1793  370  348  3  -2  
16  43  3  1803  370  348  3  -2  
16  43  3  1809  370  348  3  -2  
16  43  3  1820  370  348  3  -2  
16  43  3  1826  370  348  3  -2  
16  43  3  1836  370  348  3  -2  
16  43  3  1842  370  348  3  -2  
16  43  3  1853  370  348  3  -2  
16  43  3  1860  370  348  3  -2  
16  43  3  1869  370  348  3  -2  
16  43  3  1876  370  348  3  -2  
16  43  3  1886  370  348  3  -2  
16  43  3  1892  370  348  3  -2  
16  43  3  1903  370  348  3  -2  
16  43  3  1910  370  348  3  -2  
16  43  3  1920  370  348  3  -2  
16  43  3  1926  370  348  3  -2  
16  43  3  1936  370  348  3  -2  
16  43  3  1943  370  348  3  -2  
16  43  3  1952  370  348  3  -2  
16  43  3  1960  370  348  3  -2  
16  43  3  1970  370  348  3  -2  
16  43  4  1977  370  348  3  -2  
16  43  4  1986  370  347  3  -2  
16  43  4  1993  370  344  3  -2  
16  43  4  2003  370  339  3  -2  
16  43  4  2010  370  334  3  -2  
16  43  4  2020  370  330  3  -2  
16  43  4  2027  370  328  3  -2  
16  43  4  2036  370  327  3  -2  
16  43  4  2043  370  325  3  -2  
16  43  4  2053  370  324  3  -2  
16  43  4  2060  370  323  3  -2  
16  43  4  2069  370  323  3  -2  
16  43  4  2076  370  322  3  -2  
16  43  4  2086  370  322  3  -2  
16  43  4  2092  370  322  3  -2  
16  43  4  2104  370  322  3  -2  
16  43  4  2110  370  322  3  -2  
16  43  4  2120  370  322  3  -2  
16  43  4  2126  370  322  3  -2  
16  43  4  2136  370  322  3  -2  
16  43  4  2143  370  322  3  -2  
16  43  4  2153  370  322  3  -2  
16  43  4  2160  370  322  3  -2  
16  43  4  2170  370  322  3  -2  
16  43  4  2176  370  322  3  -2  
16  43  4  2186  370  322  3  -2  
16  43  4  2193  370  322  3  -2  
16  43  4  2204  370  322  3  -2  
16  43  4  2211  370  322  3  -2  
16  43  4  2220  370  322  3  -2  
16  43  4  2227  370  322  3  -2  
16  43  4  2236  370  322  3  -2  
16  43  4  2243  370  322  3  -2  
16  43  4  2253  370  322  3  -2  
16  43  4  2260  370  322  3  -2  
16  43  4  2270  370  322  3  -2  
16  43  4  2276  370  322  3  -2  
16  43  4  2286  370  322  3  -2  
16  43  4  2292  370  322  3  -2  
16  43  4  2303  370  322  3  -2  
16  43  4  2310  370  322  3  -2  
16  43  4  2320  370  322  3  -2  
16  43  4  2327  370  322  3  -2  
16  43  4  2336  370  322  3  -2  
16  43  4  2343  370  322  3  -2  
16  43  4  2353  370  322  3  -2  
16  43  4  2360  370  322  3  -2  
16  43  4  2370  371  319  3  -2  
16  43  4  2377  371  318  3  -2  
16  43  4  2386  373  318  3  -2  
16  43  4  2393  376  315  3  -2  
16  43  4  2403  379  312  3  -2  
16  43  4  2411  380  310  3  -2  
16  43  4  2419  383  308  3  -2  
16  43  4  2427  387  307  3  -2  
16  43  4  2436  390  305  3  -2  
16  43  4  2444  395  303  3  -2  
16  43  4  2453  399  302  3  -2  
16  43  4  2460  406  300  3  -2  
16  43  4  2470  410  299  3  -2  
16  43  4  2478  422  297  3  -2  
16  43  4  2486  422  297  3  -2  
16  43  4  2493  430  294  3  -2  
16  43  4  2503  436  294  3  -2  
16  43  4  2512  444  293  3  -2  
16  43  4  2519  452  292  3  -2  
16  43  4  2529  454  292  3  -2  
16  43  4  2538  461  291  3  -2  
16  43  4  2545  466  290  3  -2  
16  43  4  2553  472  289  3  -2  
16  43  4  2563  476  289  3  -2  
16  43  4  2570  481  289  3  -2  
16  43  4  2579  484  289  3  -2  
16  43  4  2586  488  289  3  -2  
16  43  4  2595  492  289  3  -2  
16  43  4  2603  495  290  3  -2  
16  43  4  2612  498  291  3  -2  
16  43  4  2620  504  293  4  -2  
16  43  4  2627  507  294  4  -2  
16  43  4  2636  510  295  4  -2  
16  43  4  2644  512  296  4  -2  
16  43  4  2653  515  298  4  -2  
16  43  4  2662  518  298  4  -2  
16  43  4  2670  521  298  4  -2  
16  43  4  2679  521  298  4  -2  
16  43  4  2687  522  298  4  -2  
16  43  4  2694  526  300  4  -2  
16  43  4  2703  527  300  4  -2  
16  43  4  2712  529  300  4  -2  
16  43  4  2721  532  302  4  -2  
16  43  4  2729  535  303  4  -2  
16  43  4  2737  537  304  4  -2  
16  43  4  2746  538  304  4  -2  
16  43  4  2754  541  305  4  -2  
16  43  4  2762  541  305  4  -2  
16  43  4  2772  544  306  4  -2  
16  43  4  2780  544  306  4  -2  
16  43  4  2789  544  306  4  -2  
16  43  4  2796  545  306  4  -2  
16  43  4  2806  545  306  4  -2  
16  43  4  2813  545  306  4  -2  
16  43  4  2822  545  306  4  -2  
16  43  4  2830  545  306  4  -2  
16  43  4  2839  545  306  4  -2  
16  43  4  2846  545  306  4  -2  
16  43  4  2856  545  306  4  -2  
16  43  4  2863  545  307  4  -2  
16  43  4  2872  544  307  4  -2  
16  43  4  2881  541  308  4  -2  
16  43  4  2890  535  309  4  -2  
16  43  4  2897  525  310  4  -2  
16  43  4  2906  518  311  4  -2  
16  43  4  2914  506  313  4  -2  
16  43  4  2922  496  313  4  -2  
16  43  4  2930  487  313  4  -2  
16  43  4  2940  482  313  4  -2  
16  43  4  2948  472  313  4  -2  
16  43  4  2955  464  313  4  -2  
16  43  4  2965  459  313  4  -2  
16  43  4  2973  452  313  4  -2  
16  43  5  2981  446  314  4  -2  
16  43  5  2990  441  315  4  -2  
16  43  5  2998  434  315  4  -2  
16  43  5  3007  427  317  4  -2  
16  43  5  3015  413  321  4  -2  
16  43  5  3023  413  321  4  -2  
16  43  5  3031  397  325  5  -2  
16  43  5  3040  390  326  5  -2  
16  43  5  3048  385  327  5  -2  
16  43  5  3057  381  329  5  -2  
16  43  5  3065  378  330  5  -2  
16  43  5  3074  374  330  5  -2  
16  43  5  3082  370  330  5  -2  
16  43  5  3090  366  331  5  -2  
16  43  5  3097  364  332  5  -2  
16  43  5  3106  360  334  5  -2  
16  43  5  3115  358  335  5  -2  
16  43  5  3123  354  336  5  -2  
16  43  5  3133  354  336  5  -2  
16  43  5  3141  353  336  5  -2  
16  43  5  3150  351  337  5  -2  
16  43  5  3157  351  337  5  -2  
16  43  5  3165  350  337  5  -2  
16  43  5  3172  349  338  5  -2  
16  43  5  3183  349  338  5  -2  
16  43  5  3190  349  338  5  -2  
16  43  5  3198  349  338  5  -2  
16  43  5  3206  349  338  5  -2  
16  43  5  3217  349  338  5  -2  
16  43  5  3223  349  338  5  -2  
16  43  5  3233  349  338  5  -2  
16  43  5  3240  349  338  5  -2  
16  43  5  3250  349  338  5  -2  
16  43  5  3258  349  338  5  -2  
16  43  5  3268  349  338  5  -2  
16  43  5  3275  349  338  5  -2  
16  43  5  3287  349  338  5  -2  
16  43  5  3296  349  338  5  -2  
16  43  5  3306  349  338  5  -2  
16  43  5  3313  349  338  5  -2  
16  43  5  3322  349  338  5  -2  
16  43  5  3330  349  338  5  -2  
16  43  5  3339  349  338  5  -2  
16  43  5  3347  349  338  5  -2  
16  43  5  3355  349  338  5  -2  
16  43  5  3365  349  338  5  -2  
16  43  5  3372  349  338  5  -2  
16  43  5  3380  349  338  5  -2  
16  43  5  3390  349  338  5  -2  
16  43  5  3397  349  338  5  -2  
16  43  5  3406  349  338  5  -2  
16  43  5  3413  349  338  5  -2  
16  43  5  3423  349  338  5  -2  
16  43  5  3431  349  338  5  -2  
