10  23  27  0  380  307  1  -2  
10  23  27  7  380  307  1  -2  
10  23  27  16  380  307  1  -2  
10  23  27  24  380  307  1  -2  
10  23  27  32  380  307  1  -2  
10  23  27  41  380  307  1  -2  
10  23  27  49  380  307  1  -2  
10  23  27  57  381  308  1  -2  
10  23  27  67  381  308  1  -2  
10  23  27  75  383  308  1  -2  
10  23  27  83  386  308  1  -2  
10  23  27  92  387  308  1  -2  
10  23  27  99  390  308  1  -2  
10  23  27  109  394  308  1  -2  
10  23  27  116  396  308  1  -2  
10  23  27  125  399  308  1  -2  
10  23  27  134  401  308  1  -2  
10  23  27  146  404  308  1  -2  
10  23  27  156  410  308  1  -2  
10  23  27  167  413  308  1  -2  
10  23  27  173  417  308  1  -2  
10  23  27  183  422  310  1  -2  
10  23  27  191  426  310  1  -2  
10  23  27  199  431  310  1  -2  
10  23  27  208  438  311  1  -2  
10  23  27  215  450  312  1  -2  
10  23  27  223  455  312  1  -2  
10  23  27  232  461  312  1  -2  
10  23  27  240  466  312  1  -2  
10  23  27  248  471  312  1  -2  
10  23  27  256  475  312  1  -2  
10  23  27  265  478  312  1  -2  
10  23  27  272  480  312  1  -2  
10  23  27  282  484  312  1  -2  
10  23  27  290  485  312  1  -2  
10  23  27  298  488  312  1  -2  
10  23  27  306  492  313  1  -2  
10  23  28  315  493  313  1  -2  
10  23  28  325  496  315  2  -2  
10  23  28  332  499  315  2  -2  
10  23  28  340  503  315  2  -2  
10  23  28  349  506  315  2  -2  
10  23  28  357  508  315  2  -2  
10  23  28  366  511  315  2  -2  
10  23  28  374  512  315  2  -2  
10  23  28  384  514  315  2  -2  
10  23  28  392  515  315  2  -2  
10  23  28  400  516  315  2  -2  
10  23  28  408  518  315  2  -2  
10  23  28  416  518  315  2  -2  
10  23  28  425  519  315  2  -2  
10  23  28  432  520  315  2  -2  
10  23  28  441  521  315  2  -2  
10  23  28  450  522  315  2  -2  
10  23  28  457  523  315  2  -2  
10  23  28  466  523  315  2  -2  
10  23  28  475  525  315  2  -2  
10  23  28  481  526  315  2  -2  
10  23  28  491  526  315  2  -2  
10  23  28  498  526  315  2  -2  
10  23  28  507  526  315  2  -2  
10  23  28  516  526  315  2  -2  
10  23  28  525  526  315  2  -2  
10  23  28  531  526  315  2  -2  
10  23  28  541  526  315  2  -2  
10  23  28  549  526  315  2  -2  
10  23  28  557  526  315  2  -2  
10  23  28  566  526  315  2  -2  
10  23  28  575  526  315  2  -2  
10  23  28  582  526  315  2  -2  
10  23  28  590  526  315  2  -2  
10  23  28  598  526  315  2  -2  
10  23  28  607  526  315  2  -2  
10  23  28  616  526  315  2  -2  
10  23  28  625  526  315  2  -2  
10  23  28  633  526  315  2  -2  
10  23  28  641  526  315  2  -2  
10  23  28  649  526  315  2  -2  
10  23  28  659  526  315  2  -2  
10  23  28  668  526  315  2  -2  
10  23  28  676  526  315  2  -2  
10  23  28  684  526  315  2  -2  
10  23  28  692  526  315  2  -2  
10  23  28  701  526  315  2  -2  
10  23  28  708  526  315  2  -2  
10  23  28  716  526  315  2  -2  
10  23  28  725  526  315  2  -2  
10  23  28  733  525  315  2  -2  
10  23  28  741  524  315  2  -2  
10  23  28  750  522  315  2  -2  
10  23  28  758  521  315  2  -2  
10  23  28  767  519  315  2  -2  
10  23  28  776  516  315  2  -2  
10  23  28  785  513  315  2  -2  
10  23  28  792  509  315  2  -2  
10  23  28  800  506  315  2  -2  
10  23  28  808  502  315  2  -2  
10  23  28  817  499  315  2  -2  
10  23  28  826  495  315  2  -2  
10  23  28  835  492  315  2  -2  
10  23  28  843  488  315  2  -2  
10  23  28  850  485  315  2  -2  
10  23  28  858  482  315  2  -2  
10  23  28  866  477  315  2  -2  
10  23  28  875  473  314  2  -2  
10  23  28  883  468  314  2  -2  
10  23  28  892  462  314  2  -2  
10  23  28  902  457  314  2  -2  
10  23  28  908  452  314  2  -2  
10  23  28  916  447  314  2  -2  
10  23  28  926  443  314  2  -2  
10  23  28  935  438  314  2  -2  
10  23  28  942  434  313  2  -2  
10  23  28  951  431  313  2  -2  
10  23  28  959  425  311  2  -2  
10  23  28  967  422  310  2  -2  
10  23  28  976  422  310  2  -2  
10  23  28  984  419  310  2  -2  
10  23  28  993  418  310  2  -2  
10  23  28  1001  415  309  2  -2  
10  23  28  1010  413  309  2  -2  
10  23  28  1017  410  309  2  -2  
10  23  28  1026  407  308  2  -2  
10  23  28  1035  405  308  2  -2  
10  23  28  1042  401  308  2  -2  
10  23  28  1051  399  308  3  -2  
10  23  28  1060  397  307  3  -2  
10  23  28  1068  395  307  3  -2  
10  23  28  1076  394  307  3  -2  
10  23  28  1083  392  306  3  -2  
10  23  28  1092  392  306  3  -2  
10  23  28  1101  392  306  3  -2  
10  23  28  1109  391  306  3  -2  
10  23  28  1117  391  306  3  -2  
10  23  28  1126  391  306  3  -2  
10  23  28  1135  391  306  3  -2  
10  23  28  1142  391  306  3  -2  
10  23  28  1150  390  306  3  -2  
10  23  28  1159  390  306  3  -2  
10  23  28  1168  388  306  3  -2  
10  23  28  1176  388  306  3  -2  
10  23  28  1183  386  305  3  -2  
10  23  28  1192  386  305  3  -2  
10  23  28  1201  385  305  3  -2  
10  23  28  1209  385  305  3  -2  
10  23  28  1217  385  305  3  -2  
10  23  28  1225  385  305  3  -2  
10  23  28  1235  385  305  3  -2  
10  23  28  1242  385  305  3  -2  
10  23  28  1251  385  305  3  -2  
10  23  28  1258  385  305  3  -2  
10  23  28  1267  385  305  3  -2  
10  23  28  1276  385  305  3  -2  
10  23  28  1285  385  305  3  -2  
10  23  28  1293  385  305  3  -2  
10  23  28  1301  385  305  3  -2  
10  23  29  1309  385  305  3  -2  
10  23  29  1317  385  305  3  -2  
10  23  29  1328  385  305  3  -2  
10  23  29  1335  385  305  3  -2  
10  23  29  1342  385  305  3  -2  
10  23  29  1351  385  305  3  -2  
10  23  29  1360  385  305  3  -2  
10  23  29  1368  386  305  3  -2  
10  23  29  1378  387  305  3  -2  
10  23  29  1385  388  305  3  -2  
10  23  29  1392  390  305  3  -2  
10  23  29  1401  391  305  3  -2  
10  23  29  1410  394  305  3  -2  
10  23  29  1418  398  305  3  -2  
10  23  29  1426  400  305  3  -2  
10  23  29  1436  403  305  3  -2  
10  23  29  1444  407  305  3  -2  
10  23  29  1451  412  305  3  -2  
10  23  29  1459  417  305  3  -2  
10  23  29  1467  421  305  3  -2  
10  23  29  1476  427  305  3  -2  
10  23  29  1485  434  305  3  -2  
10  23  29  1494  439  305  3  -2  
10  23  29  1501  447  305  3  -2  
10  23  29  1509  454  305  3  -2  
10  23  29  1517  458  306  3  -2  
10  23  29  1528  465  307  3  -2  
10  23  29  1535  469  307  3  -2  
10  23  29  1542  469  307  3  -2  
10  23  29  1551  470  307  3  -2  
10  23  29  1560  471  307  3  -2  
10  23  29  1567  473  308  3  -2  
10  23  29  1576  473  308  3  -2  
10  23  29  1585  474  308  3  -2  
10  23  29  1592  476  308  3  -2  
10  23  29  1600  477  308  3  -2  
10  23  29  1611  477  308  3  -2  
10  23  29  1618  478  308  3  -2  
10  23  29  1627  480  308  3  -2  
10  23  29  1635  482  308  3  -2  
10  23  29  1642  482  308  3  -2  
10  23  29  1651  483  308  3  -2  
10  23  29  1659  484  308  3  -2  
10  23  29  1667  484  308  3  -2  
10  23  29  1677  486  308  3  -2  
10  23  29  1685  487  309  3  -2  
10  23  29  1692  488  309  3  -2  
10  23  29  1701  489  309  3  -2  
10  23  29  1709  490  309  3  -2  
10  23  29  1718  492  311  3  -2  
10  23  29  1728  493  311  3  -2  
10  23  29  1736  498  311  4  -2  
10  23  29  1745  499  311  4  -2  
10  23  29  1751  499  311  4  -2  
10  23  29  1759  501  311  4  -2  
10  23  29  1768  504  311  4  -2  
10  23  29  1778  505  312  4  -2  
10  23  29  1785  505  312  4  -2  
10  23  29  1794  505  312  4  -2  
10  23  29  1801  505  312  4  -2  
10  23  29  1810  505  312  4  -2  
10  23  29  1817  505  312  4  -2  
10  23  29  1828  505  312  4  -2  
10  23  29  1834  505  312  4  -2  
10  23  29  1844  506  312  4  -2  
10  23  29  1851  508  312  4  -2  
10  23  29  1861  508  312  4  -2  
10  23  29  1867  508  312  4  -2  
10  23  29  1876  509  312  4  -2  
10  23  29  1885  509  312  4  -2  
10  23  29  1894  509  312  4  -2  
10  23  29  1901  509  312  4  -2  
10  23  29  1909  509  312  4  -2  
10  23  29  1917  509  312  4  -2  
10  23  29  1926  509  312  4  -2  
10  23  29  1936  509  312  4  -2  
10  23  29  1945  509  312  4  -2  
10  23  29  1951  509  312  4  -2  
10  23  29  1961  509  312  4  -2  
10  23  29  1967  509  312  4  -2  
10  23  29  1977  509  312  4  -2  
10  23  29  1985  509  312  4  -2  
10  23  29  1993  509  312  4  -2  
10  23  29  2000  509  312  4  -2  
10  23  29  2011  509  312  4  -2  
10  23  29  2017  509  312  4  -2  
10  23  29  2027  509  312  4  -2  
10  23  29  2034  509  312  4  -2  
10  23  29  2044  509  312  4  -2  
10  23  29  2051  509  312  4  -2  
10  23  29  2061  508  312  4  -2  
10  23  29  2067  507  313  4  -2  
10  23  29  2077  506  313  4  -2  
10  23  29  2084  504  313  4  -2  
10  23  29  2094  499  313  4  -2  
10  23  29  2100  492  313  4  -2  
10  23  29  2111  484  313  4  -2  
10  23  29  2118  465  313  4  -2  
10  23  29  2128  465  313  4  -2  
10  23  29  2135  446  310  4  -2  
10  23  29  2144  441  309  4  -2  
10  23  29  2152  436  309  4  -2  
10  23  29  2160  432  308  4  -2  
10  23  29  2169  429  308  4  -2  
10  23  29  2178  425  307  4  -2  
10  23  29  2185  425  307  4  -2  
10  23  29  2194  421  307  4  -2  
10  23  29  2201  419  305  4  -2  
10  23  29  2211  416  304  4  -2  
10  23  29  2218  413  304  4  -2  
10  23  29  2228  409  303  4  -2  
10  23  29  2235  407  303  4  -2  
10  23  29  2244  404  303  4  -2  
10  23  29  2250  402  302  4  -2  
10  23  29  2261  401  302  4  -2  
10  23  29  2268  399  302  4  -2  
10  23  29  2277  398  302  4  -2  
10  23  29  2286  398  302  4  -2  
10  23  29  2295  398  302  4  -2  
