10  56  36  0  365  313  1  -2  
10  56  36  7  365  313  1  -2  
10  56  36  16  365  313  1  -2  
10  56  36  24  365  313  1  -2  
10  56  36  34  365  313  1  -2  
10  56  36  41  365  313  1  -2  
10  56  36  49  365  313  1  -2  
10  56  36  58  365  313  1  -2  
10  56  36  66  365  313  1  -2  
10  56  36  74  365  313  1  -2  
10  56  36  84  365  313  1  -2  
10  56  36  90  365  313  1  -2  
10  56  37  99  365  313  1  -2  
10  56  37  107  365  313  1  -2  
10  56  37  117  365  313  1  -2  
10  56  37  124  365  313  1  -2  
10  56  37  133  365  313  1  -2  
10  56  37  142  365  313  1  -2  
10  56  37  149  365  313  1  -2  
10  56  37  158  365  313  1  -2  
10  56  37  166  365  313  1  -2  
10  56  37  175  365  313  1  -2  
10  56  37  184  365  313  1  -2  
10  56  37  191  365  313  1  -2  
10  56  37  199  365  313  1  -2  
10  56  37  208  365  313  1  -2  
10  56  37  216  365  313  1  -2  
10  56  37  224  365  313  1  -2  
10  56  37  233  365  313  1  -2  
10  56  37  240  365  313  1  -2  
10  56  37  249  365  313  1  -2  
10  56  37  256  365  313  1  -2  
10  56  37  265  365  313  1  -2  
10  56  37  274  365  313  1  -2  
10  56  37  283  365  313  1  -2  
10  56  37  291  365  313  1  -2  
10  56  37  298  365  313  1  -2  
10  56  37  307  365  313  1  -2  
10  56  37  316  365  313  1  -2  
10  56  37  323  365  313  1  -2  
10  56  37  333  365  313  1  -2  
10  56  37  341  365  313  1  -2  
10  56  37  349  365  313  1  -2  
10  56  37  356  365  313  1  -2  
10  56  37  365  365  313  1  -2  
10  56  37  374  365  313  1  -2  
10  56  37  383  365  313  1  -2  
10  56  37  390  365  313  1  -2  
10  56  37  398  365  313  1  -2  
10  56  37  407  365  313  1  -2  
10  56  37  415  365  313  1  -2  
10  56  37  424  365  313  1  -2  
10  56  37  433  365  313  1  -2  
10  56  37  441  365  313  1  -2  
10  56  37  448  365  313  1  -2  
10  56  37  458  365  313  1  -2  
10  56  37  465  365  313  1  -2  
10  56  37  474  365  313  1  -2  
10  56  37  483  365  313  1  -2  
10  56  37  491  366  313  1  -2  
10  56  37  498  366  313  1  -2  
10  56  37  506  366  313  1  -2  
10  56  37  516  366  313  1  -2  
10  56  37  524  366  313  1  -2  
10  56  37  533  366  313  1  -2  
10  56  37  540  366  313  1  -2  
10  56  37  549  367  313  1  -2  
10  56  37  558  367  313  1  -2  
10  56  37  565  368  313  1  -2  
10  56  37  574  369  313  1  -2  
10  56  37  583  369  313  1  -2  
10  56  37  592  371  313  1  -2  
10  56  37  599  371  313  1  -2  
10  56  37  608  373  314  1  -2  
10  56  37  616  375  314  1  -2  
10  56  37  624  379  314  1  -2  
10  56  37  633  382  314  1  -2  
10  56  37  641  386  314  1  -2  
10  56  37  649  389  314  1  -2  
10  56  37  658  392  316  1  -2  
10  56  37  666  394  316  1  -2  
10  56  37  675  397  317  1  -2  
10  56  37  683  399  317  1  -2  
10  56  37  690  400  317  1  -2  
10  56  37  699  403  317  1  -2  
10  56  37  707  408  317  1  -2  
10  56  37  716  413  318  1  -2  
10  56  37  724  420  320  1  -2  
10  56  37  732  429  320  1  -2  
10  56  37  741  440  320  1  -2  
10  56  37  749  454  320  1  -2  
10  56  37  757  464  320  1  -2  
10  56  37  765  474  320  1  -2  
10  56  37  774  479  320  1  -2  
10  56  37  783  486  322  1  -2  
10  56  37  792  488  322  1  -2  
10  56  37  799  489  322  1  -2  
10  56  37  808  489  322  1  -2  
10  56  37  816  491  322  1  -2  
10  56  37  824  491  322  1  -2  
10  56  37  833  493  322  1  -2  
10  56  37  842  495  322  2  -2  
10  56  37  849  499  322  2  -2  
10  56  37  857  502  322  2  -2  
10  56  37  866  506  321  2  -2  
10  56  37  875  508  321  2  -2  
10  56  37  883  512  320  2  -2  
10  56  37  892  512  320  2  -2  
10  56  37  900  512  320  2  -2  
10  56  37  908  513  320  2  -2  
10  56  37  916  513  320  2  -2  
10  56  37  925  515  320  2  -2  
10  56  37  933  516  318  2  -2  
10  56  37  941  517  318  2  -2  
10  56  37  949  517  318  2  -2  
10  56  37  958  519  318  2  -2  
10  56  37  966  519  318  2  -2  
10  56  37  975  519  318  2  -2  
10  56  37  982  520  318  2  -2  
10  56  37  992  520  318  2  -2  
10  56  37  999  522  317  2  -2  
10  56  37  1008  522  317  2  -2  
10  56  37  1016  522  317  2  -2  
10  56  37  1024  522  317  2  -2  
10  56  37  1033  522  317  2  -2  
10  56  37  1041  522  317  2  -2  
10  56  37  1049  522  317  2  -2  
10  56  37  1058  522  317  2  -2  
10  56  37  1065  522  317  2  -2  
10  56  37  1074  522  317  2  -2  
10  56  37  1083  522  317  2  -2  
10  56  37  1091  522  317  2  -2  
10  56  38  1101  522  317  2  -2  
10  56  38  1108  522  317  2  -2  
10  56  38  1116  522  317  2  -2  
10  56  38  1124  522  317  2  -2  
10  56  38  1133  522  317  2  -2  
10  56  38  1141  522  317  2  -2  
10  56  38  1150  522  317  2  -2  
10  56  38  1159  522  317  2  -2  
10  56  38  1167  522  317  2  -2  
10  56  38  1176  522  317  2  -2  
10  56  38  1183  522  317  2  -2  
10  56  38  1192  522  317  2  -2  
10  56  38  1200  522  317  2  -2  
10  56  38  1209  522  317  2  -2  
10  56  38  1217  522  317  2  -2  
10  56  38  1225  522  317  2  -2  
10  56  38  1234  523  316  2  -2  
10  56  38  1243  523  316  2  -2  
10  56  38  1250  523  316  2  -2  
10  56  38  1259  523  316  2  -2  
10  56  38  1267  520  314  2  -2  
10  56  38  1276  514  314  2  -2  
10  56  38  1283  507  314  2  -2  
10  56  38  1291  497  314  2  -2  
10  56  38  1300  487  313  2  -2  
10  56  38  1309  475  313  2  -2  
10  56  38  1317  463  313  2  -2  
10  56  38  1325  455  313  2  -2  
10  56  38  1334  443  313  2  -2  
10  56  38  1342  433  313  2  -2  
10  56  38  1350  425  313  2  -2  
10  56  38  1360  415  313  2  -2  
10  56  38  1367  400  313  2  -2  
10  56  38  1375  394  313  3  -2  
10  56  38  1384  389  313  3  -2  
10  56  38  1393  386  313  3  -2  
10  56  38  1400  382  313  3  -2  
10  56  38  1408  380  313  3  -2  
10  56  38  1417  374  313  3  -2  
10  56  38  1427  367  314  3  -2  
10  56  38  1434  360  315  3  -2  
10  56  38  1443  356  317  3  -2  
10  56  38  1450  354  317  3  -2  
10  56  38  1460  351  319  3  -2  
10  56  38  1467  351  319  3  -2  
10  56  38  1474  351  319  3  -2  
10  56  38  1484  351  319  3  -2  
10  56  38  1492  350  319  3  -2  
10  56  38  1500  350  319  3  -2  
10  56  38  1508  350  319  3  -2  
10  56  38  1518  350  319  3  -2  
10  56  38  1526  350  319  3  -2  
10  56  38  1534  350  319  3  -2  
10  56  38  1543  350  319  3  -2  
10  56  38  1550  350  319  3  -2  
10  56  38  1558  350  319  3  -2  
10  56  38  1567  350  319  3  -2  
10  56  38  1575  350  319  3  -2  
10  56  38  1584  350  319  3  -2  
10  56  38  1593  350  319  3  -2  
10  56  38  1600  350  319  3  -2  
10  56  38  1608  350  319  3  -2  
10  56  38  1618  350  319  3  -2  
10  56  38  1626  350  319  3  -2  
10  56  38  1638  350  319  3  -2  
10  56  38  1646  350  319  3  -2  
10  56  38  1656  350  319  3  -2  
10  56  38  1664  350  319  3  -2  
10  56  38  1674  350  319  3  -2  
10  56  38  1683  350  319  3  -2  
10  56  38  1691  350  319  3  -2  
10  56  38  1701  350  319  3  -2  
10  56  38  1710  350  319  3  -2  
10  56  38  1718  350  319  3  -2  
10  56  38  1726  350  319  3  -2  
10  56  38  1738  354  319  3  -2  
10  56  38  1746  374  319  3  -2  
10  56  38  1758  389  319  3  -2  
10  56  38  1765  402  319  3  -2  
10  56  38  1774  419  319  3  -2  
10  56  38  1783  433  319  3  -2  
10  56  38  1792  447  322  3  -2  
10  56  38  1800  469  322  3  -2  
10  56  38  1809  479  322  3  -2  
10  56  38  1819  484  322  3  -2  
10  56  38  1827  486  322  3  -2  
10  56  38  1838  488  322  3  -2  
10  56  38  1846  488  322  3  -2  
10  56  38  1857  490  322  3  -2  
10  56  38  1865  491  322  3  -2  
10  56  38  1875  493  322  3  -2  
10  56  38  1884  496  322  4  -2  
10  56  38  1893  496  322  4  -2  
10  56  38  1902  498  322  4  -2  
10  56  38  1910  499  322  4  -2  
10  56  38  1922  500  322  4  -2  
10  56  38  1930  503  322  4  -2  
10  56  38  1940  504  322  4  -2  
10  56  38  1949  504  322  4  -2  
10  56  38  1959  505  322  4  -2  
10  56  38  1967  505  322  4  -2  
10  56  38  1976  505  322  4  -2  
10  56  38  1985  507  322  4  -2  
10  56  38  1993  508  322  4  -2  
10  56  38  2004  508  322  4  -2  
10  56  38  2011  508  322  4  -2  
10  56  38  2022  509  322  4  -2  
10  56  38  2029  509  322  4  -2  
10  56  38  2040  509  322  4  -2  
10  56  38  2047  509  322  4  -2  
10  56  38  2056  511  322  4  -2  
10  56  38  2065  511  322  4  -2  
10  56  38  2074  511  322  4  -2  
10  56  38  2086  511  322  4  -2  
10  56  38  2093  511  322  4  -2  
10  56  39  2103  511  322  4  -2  
10  56  39  2109  511  322  4  -2  
10  56  39  2121  511  322  4  -2  
10  56  39  2129  511  322  4  -2  
10  56  39  2139  511  322  4  -2  
10  56  39  2146  511  322  4  -2  
10  56  39  2156  511  322  4  -2  
10  56  39  2165  511  322  4  -2  
10  56  39  2173  511  322  4  -2  
10  56  39  2183  511  322  4  -2  
10  56  39  2192  511  322  4  -2  
10  56  39  2202  511  322  4  -2  
10  56  39  2209  511  322  4  -2  
10  56  39  2220  511  322  4  -2  
10  56  39  2227  511  322  4  -2  
10  56  39  2238  511  322  4  -2  
10  56  39  2245  511  322  4  -2  
10  56  39  2257  511  322  4  -2  
10  56  39  2265  511  322  4  -2  
10  56  39  2275  511  322  4  -2  
10  56  39  2284  511  322  4  -2  
10  56  39  2293  511  322  4  -2  
10  56  39  2304  511  322  4  -2  
10  56  39  2312  511  322  4  -2  
10  56  39  2323  503  322  4  -2  
10  56  39  2331  498  322  4  -2  
10  56  39  2341  491  322  4  -2  
10  56  39  2350  484  322  4  -2  
10  56  39  2360  473  322  4  -2  
10  56  39  2369  456  322  4  -2  
10  56  39  2376  446  322  4  -2  
10  56  39  2388  436  322  4  -2  
10  56  39  2396  429  322  4  -2  
10  56  39  2406  422  322  4  -2  
10  56  39  2415  417  322  4  -2  
10  56  39  2425  402  322  4  -2  
