16  43  17  0  350  319  1  -2  
16  43  17  7  350  319  1  -2  
16  43  17  15  350  319  1  -2  
16  43  17  23  350  319  1  -2  
16  43  17  32  350  319  1  -2  
16  43  17  40  350  319  1  -2  
16  43  17  48  350  319  1  -2  
16  43  17  57  350  319  1  -2  
16  43  17  65  350  319  1  -2  
16  43  17  74  350  319  1  -2  
16  43  17  81  350  319  1  -2  
16  43  17  91  350  319  1  -2  
16  43  17  98  350  319  1  -2  
16  43  17  106  350  319  1  -2  
16  43  17  115  350  319  1  -2  
16  43  17  123  350  319  1  -2  
16  43  17  132  352  317  1  -2  
16  43  17  141  355  314  1  -2  
16  43  17  148  361  312  1  -2  
16  43  17  157  365  309  1  -2  
16  43  17  165  372  308  1  -2  
16  43  17  174  380  303  1  -2  
16  43  17  182  392  300  1  -2  
16  43  17  191  400  297  1  -2  
16  43  17  200  403  297  1  -2  
16  43  17  207  411  294  1  -2  
16  43  17  215  417  291  1  -2  
16  43  17  223  424  290  1  -2  
16  43  17  233  430  285  1  -2  
16  43  17  242  437  284  1  -2  
16  43  17  249  446  281  1  -2  
16  43  17  257  453  279  1  -2  
16  43  17  265  460  277  1  -2  
16  43  17  273  469  274  1  -2  
16  43  17  282  473  272  1  -2  
16  43  17  291  476  271  1  -2  
16  43  17  300  477  271  1  -2  
16  43  17  307  478  271  1  -2  
16  43  17  314  478  271  1  -2  
16  43  17  324  478  271  1  -2  
16  43  17  332  478  271  1  -2  
16  43  17  341  478  271  1  -2  
16  43  17  348  478  271  1  -2  
16  43  17  357  478  271  1  -2  
16  43  17  364  478  271  1  -2  
16  43  17  373  478  271  1  -2  
16  43  17  382  478  271  1  -2  
16  43  17  391  480  271  1  -2  
16  43  17  400  480  271  1  -2  
16  43  17  407  481  271  1  -2  
16  43  17  416  484  271  1  -2  
16  43  17  425  485  271  1  -2  
16  43  17  433  488  273  1  -2  
16  43  17  443  490  273  1  -2  
16  43  17  449  492  274  1  -2  
16  43  17  457  494  275  1  -2  
16  43  17  466  496  277  1  -2  
16  43  17  476  498  278  1  -2  
16  43  17  483  500  280  1  -2  
16  43  17  492  502  281  1  -2  
16  43  17  500  503  282  1  -2  
16  43  17  507  504  283  1  -2  
16  43  17  516  505  285  1  -2  
16  43  17  526  506  287  1  -2  
16  43  17  533  508  288  2  -2  
16  43  17  542  510  290  2  -2  
16  43  17  549  512  292  2  -2  
16  43  17  559  513  293  2  -2  
16  43  17  567  516  295  2  -2  
16  43  17  576  518  296  2  -2  
16  43  17  582  518  296  2  -2  
16  43  17  591  518  296  2  -2  
16  43  17  601  518  296  2  -2  
16  43  17  608  518  296  2  -2  
16  43  17  616  518  296  2  -2  
16  43  17  624  518  296  2  -2  
16  43  17  633  518  296  2  -2  
16  43  17  640  518  296  2  -2  
16  43  17  649  518  296  2  -2  
16  43  17  657  518  296  2  -2  
16  43  17  666  518  296  2  -2  
16  43  17  677  518  296  2  -2  
16  43  17  684  518  296  2  -2  
16  43  17  692  518  296  2  -2  
16  43  17  700  518  296  2  -2  
16  43  17  709  518  296  2  -2  
16  43  17  716  518  296  2  -2  
16  43  17  726  518  296  2  -2  
16  43  17  733  518  296  2  -2  
16  43  17  742  518  296  2  -2  
16  43  17  750  518  296  2  -2  
16  43  17  760  518  296  2  -2  
16  43  17  767  518  296  2  -2  
16  43  17  774  518  296  2  -2  
16  43  17  783  518  296  2  -2  
16  43  17  792  519  297  2  -2  
16  43  17  801  520  297  2  -2  
16  43  17  810  521  298  2  -2  
16  43  18  817  522  298  2  -2  
16  43  18  825  523  299  2  -2  
16  43  18  833  523  300  2  -2  
16  43  18  842  523  300  2  -2  
16  43  18  849  524  301  2  -2  
16  43  18  857  525  301  2  -2  
16  43  18  866  526  302  2  -2  
16  43  18  876  526  302  2  -2  
16  43  18  882  526  302  2  -2  
16  43  18  893  526  302  2  -2  
16  43  18  900  526  302  2  -2  
16  43  18  909  526  302  2  -2  
16  43  18  916  526  302  2  -2  
16  43  18  926  526  302  2  -2  
16  43  18  933  526  302  2  -2  
16  43  18  945  526  302  2  -2  
16  43  18  951  526  302  2  -2  
16  43  18  959  526  302  2  -2  
16  43  18  967  526  302  2  -2  
16  43  18  978  526  302  2  -2  
16  43  18  984  526  302  2  -2  
16  43  18  993  526  302  2  -2  
16  43  18  1002  526  302  2  -2  
16  43  18  1011  526  302  2  -2  
16  43  18  1017  526  302  2  -2  
16  43  18  1028  526  302  2  -2  
16  43  18  1034  526  302  2  -2  
16  43  18  1043  526  302  2  -2  
16  43  18  1052  526  302  2  -2  
16  43  18  1061  526  302  2  -2  
16  43  18  1067  526  302  2  -2  
16  43  18  1078  526  302  2  -2  
16  43  18  1084  526  302  2  -2  
16  43  18  1093  526  302  2  -2  
16  43  18  1101  526  302  2  -2  
16  43  18  1111  526  302  2  -2  
16  43  18  1117  526  302  2  -2  
16  43  18  1128  526  302  2  -2  
16  43  18  1134  526  302  2  -2  
16  43  18  1145  526  302  2  -2  
16  43  18  1152  526  302  2  -2  
16  43  18  1161  526  302  2  -2  
16  43  18  1168  526  302  2  -2  
16  43  18  1177  526  302  2  -2  
16  43  18  1183  526  302  2  -2  
16  43  18  1193  526  302  2  -2  
16  43  18  1202  526  302  2  -2  
16  43  18  1211  526  302  2  -2  
16  43  18  1216  526  302  2  -2  
16  43  18  1228  526  302  2  -2  
16  43  18  1234  526  302  2  -2  
16  43  18  1243  526  302  2  -2  
16  43  18  1252  526  302  2  -2  
16  43  18  1261  526  302  2  -2  
16  43  18  1267  526  302  2  -2  
16  43  18  1277  526  302  2  -2  
16  43  18  1284  526  302  2  -2  
16  43  18  1294  526  302  2  -2  
16  43  18  1302  526  302  2  -2  
16  43  18  1311  523  303  2  -2  
16  43  18  1318  514  304  2  -2  
16  43  18  1328  514  304  2  -2  
16  43  18  1335  500  305  2  -2  
16  43  18  1345  494  307  2  -2  
16  43  18  1352  485  308  2  -2  
16  43  18  1361  479  308  2  -2  
16  43  18  1367  472  310  2  -2  
16  43  18  1378  465  311  2  -2  
16  43  18  1385  455  311  2  -2  
16  43  18  1394  444  315  2  -2  
16  43  18  1402  432  316  2  -2  
16  43  18  1411  424  316  2  -2  
16  43  18  1418  414  317  2  -2  
16  43  18  1428  402  320  2  -2  
16  43  18  1436  392  321  3  -2  
16  43  18  1445  385  322  3  -2  
16  43  18  1453  379  322  3  -2  
16  43  18  1463  376  323  3  -2  
16  43  18  1470  374  323  3  -2  
16  43  18  1478  372  325  3  -2  
16  43  18  1486  371  325  3  -2  
16  43  18  1495  371  325  3  -2  
16  43  18  1503  371  325  3  -2  
16  43  18  1512  371  325  3  -2  
16  43  18  1521  371  325  3  -2  
16  43  18  1529  371  325  3  -2  
16  43  18  1536  371  325  3  -2  
16  43  18  1545  371  325  3  -2  
16  43  18  1554  370  325  3  -2  
16  43  18  1561  369  326  3  -2  
16  43  18  1568  369  326  3  -2  
16  43  18  1577  369  326  3  -2  
16  43  18  1585  369  326  3  -2  
16  43  18  1594  369  326  3  -2  
16  43  18  1602  369  326  3  -2  
16  43  18  1611  369  326  3  -2  
16  43  18  1619  369  326  3  -2  
16  43  18  1627  369  326  3  -2  
16  43  18  1635  369  326  3  -2  
16  43  18  1644  369  326  3  -2  
16  43  18  1651  369  326  3  -2  
16  43  18  1662  369  326  3  -2  
16  43  18  1668  369  326  3  -2  
16  43  18  1677  369  326  3  -2  
16  43  18  1685  369  326  3  -2  
16  43  18  1695  371  325  3  -2  
16  43  18  1702  380  321  3  -2  
16  43  18  1711  387  320  3  -2  
16  43  18  1719  391  319  3  -2  
16  43  18  1728  398  315  3  -2  
16  43  18  1735  404  314  3  -2  
16  43  18  1744  408  313  3  -2  
16  43  18  1753  413  310  3  -2  
16  43  18  1761  415  310  3  -2  
16  43  18  1770  420  310  3  -2  
16  43  18  1778  427  309  3  -2  
16  43  18  1785  434  309  3  -2  
16  43  18  1794  441  308  3  -2  
16  43  18  1801  448  308  3  -2  
16  43  18  1811  458  308  3  -2  
16  43  19  1818  464  308  3  -2  
16  43  19  1827  473  308  3  -2  
16  43  19  1835  478  306  3  -2  
16  43  19  1844  483  306  3  -2  
16  43  19  1852  487  306  3  -2  
16  43  19  1862  490  306  3  -2  
16  43  19  1868  491  306  3  -2  
16  43  19  1877  492  306  3  -2  
16  43  19  1885  494  306  3  -2  
16  43  19  1894  495  306  3  -2  
16  43  19  1903  497  306  4  -2  
16  43  19  1911  498  306  4  -2  
16  43  19  1920  499  306  4  -2  
16  43  19  1927  500  306  4  -2  
16  43  19  1935  502  306  4  -2  
16  43  19  1945  504  306  4  -2  
16  43  19  1953  506  306  4  -2  
16  43  19  1961  507  306  4  -2  
16  43  19  1969  509  306  4  -2  
16  43  19  1978  510  306  4  -2  
16  43  19  1985  510  306  4  -2  
16  43  19  1994  511  306  4  -2  
16  43  19  2002  511  306  4  -2  
16  43  19  2011  511  306  4  -2  
16  43  19  2019  511  306  4  -2  
16  43  19  2027  511  306  4  -2  
16  43  19  2035  511  306  4  -2  
16  43  19  2044  511  306  4  -2  
16  43  19  2052  511  306  4  -2  
16  43  19  2061  513  306  4  -2  
16  43  19  2069  514  306  4  -2  
16  43  19  2077  514  306  4  -2  
16  43  19  2085  514  306  4  -2  
16  43  19  2094  514  306  4  -2  
16  43  19  2101  515  306  4  -2  
16  43  19  2112  515  306  4  -2  
16  43  19  2119  517  306  4  -2  
16  43  19  2127  517  306  4  -2  
16  43  19  2135  517  306  4  -2  
16  43  19  2145  517  306  4  -2  
16  43  19  2152  518  306  4  -2  
16  43  19  2161  518  306  4  -2  
16  43  19  2169  518  306  4  -2  
16  43  19  2177  518  306  4  -2  
16  43  19  2185  518  306  4  -2  
16  43  19  2195  518  306  4  -2  
16  43  19  2204  518  306  4  -2  
16  43  19  2211  518  306  4  -2  
16  43  19  2219  518  306  4  -2  
16  43  19  2228  518  306  4  -2  
16  43  19  2235  518  306  4  -2  
16  43  19  2244  518  306  4  -2  
16  43  19  2252  518  306  4  -2  
16  43  19  2262  518  306  4  -2  
16  43  19  2269  518  306  4  -2  
16  43  19  2277  519  306  4  -2  
16  43  19  2285  519  306  4  -2  
16  43  19  2294  519  306  4  -2  
16  43  19  2302  519  306  4  -2  
16  43  19  2311  519  306  4  -2  
16  43  19  2320  519  306  4  -2  
16  43  19  2327  519  306  4  -2  
16  43  19  2335  519  306  4  -2  
16  43  19  2344  519  306  4  -2  
16  43  19  2352  519  306  4  -2  
16  43  19  2361  519  306  4  -2  
16  43  19  2370  519  306  4  -2  
16  43  19  2377  519  306  4  -2  
16  43  19  2385  519  306  4  -2  
16  43  19  2394  519  306  4  -2  
16  43  19  2402  519  306  4  -2  
16  43  19  2411  519  306  4  -2  
16  43  19  2419  519  306  4  -2  
16  43  19  2428  519  306  4  -2  
16  43  19  2435  519  306  4  -2  
16  43  19  2444  519  306  4  -2  
16  43  19  2453  519  306  4  -2  
16  43  19  2461  519  306  4  -2  
16  43  19  2470  519  306  4  -2  
16  43  19  2477  519  306  4  -2  
16  43  19  2486  519  306  4  -2  
16  43  19  2494  519  306  4  -2  
16  43  19  2502  519  306  4  -2  
16  43  19  2511  519  306  4  -2  
16  43  19  2519  519  306  4  -2  
16  43  19  2527  519  306  4  -2  
16  43  19  2535  519  306  4  -2  
16  43  19  2544  518  309  4  -2  
16  43  19  2553  516  309  4  -2  
16  43  19  2561  511  309  4  -2  
16  43  19  2570  506  311  4  -2  
16  43  19  2577  497  313  4  -2  
16  43  19  2587  489  313  4  -2  
16  43  19  2594  478  315  4  -2  
16  43  19  2602  467  316  4  -2  
16  43  19  2611  455  317  4  -2  
16  43  19  2620  443  317  4  -2  
16  43  19  2627  432  317  4  -2  
16  43  19  2635  420  317  4  -2  
16  43  19  2644  410  317  4  -2  
16  43  19  2653  400  317  4  -2  
16  43  19  2663  391  317  5  -2  
16  43  19  2671  381  320  5  -2  
16  43  19  2678  375  321  5  -2  
16  43  19  2686  375  321  5  -2  
16  43  19  2696  372  321  5  -2  
16  43  19  2703  369  321  5  -2  
16  43  19  2712  369  321  5  -2  
16  43  19  2721  369  321  5  -2  
16  43  19  2728  368  322  5  -2  
16  43  19  2736  368  322  5  -2  
16  43  19  2745  368  322  5  -2  
16  43  19  2754  368  322  5  -2  
16  43  19  2762  368  322  5  -2  
16  43  19  2772  368  322  5  -2  
16  43  19  2780  368  322  5  -2  
16  43  19  2787  368  322  5  -2  
16  43  19  2797  368  322  5  -2  
16  43  19  2804  368  322  5  -2  
16  43  19  2812  368  322  5  -2  
16  43  20  2821  368  322  5  -2  
16  43  20  2830  368  322  5  -2  
16  43  20  2837  368  322  5  -2  
16  43  20  2846  368  322  5  -2  
16  43  20  2855  368  322  5  -2  
16  43  20  2862  368  322  5  -2  
16  43  20  2871  368  322  5  -2  
16  43  20  2879  368  322  5  -2  
16  43  20  2887  368  322  5  -2  
16  43  20  2895  368  322  5  -2  
16  43  20  2905  368  322  5  -2  
16  43  20  2912  368  322  5  -2  
16  43  20  2922  368  322  5  -2  
16  43  20  2929  368  322  5  -2  
16  43  20  2938  368  322  5  -2  
