10  23  20  0  378  309  1  -2  
10  23  20  7  378  309  1  -2  
10  23  20  17  378  309  1  -2  
10  23  20  23  378  309  1  -2  
10  23  20  32  378  309  1  -2  
10  23  20  40  378  309  1  -2  
10  23  20  50  378  309  1  -2  
10  23  20  58  378  309  1  -2  
10  23  20  67  378  309  1  -2  
10  23  20  73  378  309  1  -2  
10  23  20  82  378  309  1  -2  
10  23  20  90  378  309  1  -2  
10  23  20  98  378  309  1  -2  
10  23  20  108  378  309  1  -2  
10  23  20  118  381  309  1  -2  
10  23  20  124  382  309  1  -2  
10  23  20  133  385  309  1  -2  
10  23  20  140  389  309  1  -2  
10  23  20  148  391  309  1  -2  
10  23  20  157  395  309  1  -2  
10  23  20  167  399  309  1  -2  
10  23  20  173  404  309  1  -2  
10  23  20  186  409  309  1  -2  
10  23  20  196  414  309  1  -2  
10  23  20  205  427  311  1  -2  
10  23  20  213  432  311  1  -2  
10  23  20  221  439  311  1  -2  
10  23  20  229  444  311  1  -2  
10  23  20  238  452  312  1  -2  
10  23  20  247  458  314  1  -2  
10  23  20  256  462  314  1  -2  
10  23  20  266  466  315  1  -2  
10  23  20  274  471  316  1  -2  
10  23  20  283  475  316  1  -2  
10  23  20  290  480  316  1  -2  
10  23  20  301  484  317  1  -2  
10  23  20  308  489  317  1  -2  
10  23  20  318  490  317  1  -2  
10  23  20  326  491  317  1  -2  
10  23  20  337  493  317  1  -2  
10  23  20  344  493  317  1  -2  
10  23  20  354  495  317  2  -2  
10  23  20  361  497  317  2  -2  
10  23  20  377  497  317  2  -2  
10  23  20  388  497  317  2  -2  
10  23  20  396  497  317  2  -2  
10  23  20  406  497  317  2  -2  
10  23  20  418  497  317  2  -2  
10  23  20  426  497  317  2  -2  
10  23  20  435  514  317  2  -2  
10  23  20  443  516  317  2  -2  
10  23  20  452  516  317  2  -2  
10  23  20  459  517  317  2  -2  
10  23  20  471  517  317  2  -2  
10  23  20  489  518  317  2  -2  
10  23  20  497  520  317  2  -2  
10  23  20  508  521  317  2  -2  
10  23  20  517  522  317  2  -2  
10  23  20  525  523  317  2  -2  
10  23  20  535  524  317  2  -2  
10  23  20  543  524  317  2  -2  
10  23  20  553  524  317  2  -2  
10  23  20  561  524  317  2  -2  
10  23  20  570  524  317  2  -2  
10  23  20  577  524  317  2  -2  
10  23  20  588  524  317  2  -2  
10  23  20  595  524  317  2  -2  
10  23  20  604  524  317  2  -2  
10  23  20  614  524  317  2  -2  
10  23  20  621  524  317  2  -2  
10  23  20  630  524  317  2  -2  
10  23  20  639  524  317  2  -2  
10  23  20  648  524  317  2  -2  
10  23  20  656  524  317  2  -2  
10  23  20  667  524  317  2  -2  
10  23  20  675  524  317  2  -2  
10  23  20  686  524  317  2  -2  
10  23  20  693  524  317  2  -2  
10  23  20  703  524  317  2  -2  
10  23  20  710  524  317  2  -2  
10  23  20  720  524  317  2  -2  
10  23  20  728  524  317  2  -2  
10  23  20  740  524  317  2  -2  
10  23  20  751  524  317  2  -2  
10  23  20  759  524  317  2  -2  
10  23  20  770  524  317  2  -2  
10  23  20  778  524  317  2  -2  
10  23  20  788  524  317  2  -2  
10  23  20  797  524  317  2  -2  
10  23  20  806  524  317  2  -2  
10  23  20  817  524  317  2  -2  
10  23  20  824  524  317  2  -2  
10  23  20  834  524  317  2  -2  
10  23  20  840  524  317  2  -2  
10  23  20  850  524  317  2  -2  
10  23  20  857  524  317  2  -2  
10  23  20  868  524  317  2  -2  
10  23  20  876  524  317  2  -2  
10  23  20  885  524  317  2  -2  
10  23  21  892  524  317  2  -2  
10  23  21  903  524  317  2  -2  
10  23  21  911  524  317  2  -2  
10  23  21  920  524  317  2  -2  
10  23  21  929  524  317  2  -2  
10  23  21  939  524  317  2  -2  
10  23  21  950  523  317  2  -2  
10  23  21  959  523  317  2  -2  
10  23  21  970  522  317  2  -2  
10  23  21  978  521  318  2  -2  
10  23  21  988  521  318  2  -2  
10  23  21  997  520  319  2  -2  
10  23  21  1006  520  319  2  -2  
10  23  21  1015  520  319  2  -2  
10  23  21  1023  518  319  2  -2  
10  23  21  1032  517  319  2  -2  
10  23  21  1039  514  319  2  -2  
10  23  21  1050  512  319  2  -2  
10  23  21  1058  509  319  2  -2  
10  23  21  1070  507  319  2  -2  
10  23  21  1077  503  319  2  -2  
10  23  21  1087  500  319  2  -2  
10  23  21  1096  498  319  2  -2  
10  23  21  1103  496  319  2  -2  
10  23  21  1111  494  319  2  -2  
10  23  21  1120  490  319  2  -2  
10  23  21  1128  487  319  2  -2  
10  23  21  1136  483  319  2  -2  
10  23  21  1145  480  319  2  -2  
10  23  21  1154  476  319  2  -2  
10  23  21  1161  471  318  2  -2  
10  23  21  1170  467  318  2  -2  
10  23  21  1178  464  318  2  -2  
10  23  21  1188  461  317  2  -2  
10  23  21  1196  453  315  2  -2  
10  23  21  1205  451  315  2  -2  
10  23  21  1212  448  315  2  -2  
10  23  21  1221  444  314  2  -2  
10  23  21  1229  439  314  2  -2  
10  23  21  1237  435  313  2  -2  
10  23  21  1247  432  313  2  -2  
10  23  21  1254  428  313  2  -2  
10  23  21  1262  423  312  2  -2  
10  23  21  1271  421  312  2  -2  
10  23  21  1279  418  311  2  -2  
10  23  21  1287  415  310  2  -2  
10  23  21  1296  414  310  2  -2  
10  23  21  1304  411  309  2  -2  
10  23  21  1312  409  309  2  -2  
10  23  21  1321  405  308  2  -2  
10  23  21  1329  401  307  2  -2  
10  23  21  1337  400  307  2  -2  
10  23  21  1347  396  305  3  -2  
10  23  21  1355  393  305  3  -2  
10  23  21  1362  392  305  3  -2  
10  23  21  1371  391  305  3  -2  
10  23  21  1378  389  305  3  -2  
10  23  21  1387  389  305  3  -2  
10  23  21  1396  389  305  3  -2  
10  23  21  1405  389  305  3  -2  
10  23  21  1412  388  305  3  -2  
10  23  21  1421  388  305  3  -2  
10  23  21  1429  387  305  3  -2  
10  23  21  1439  385  305  3  -2  
10  23  21  1447  383  304  3  -2  
10  23  21  1455  382  304  3  -2  
10  23  21  1462  380  304  3  -2  
10  23  21  1471  380  304  3  -2  
10  23  21  1479  379  303  3  -2  
10  23  21  1487  379  303  3  -2  
10  23  21  1496  379  303  3  -2  
10  23  21  1505  379  303  3  -2  
10  23  21  1512  379  303  3  -2  
10  23  21  1520  379  303  3  -2  
10  23  21  1529  379  303  3  -2  
10  23  21  1537  379  303  3  -2  
10  23  21  1545  379  303  3  -2  
10  23  21  1553  379  303  3  -2  
10  23  21  1564  379  303  3  -2  
10  23  21  1571  379  303  3  -2  
10  23  21  1578  379  303  3  -2  
10  23  21  1588  379  303  3  -2  
10  23  21  1596  379  303  3  -2  
10  23  21  1605  379  303  3  -2  
10  23  21  1614  379  303  3  -2  
10  23  21  1621  379  303  3  -2  
10  23  21  1629  379  303  3  -2  
10  23  21  1638  379  303  3  -2  
10  23  21  1647  379  303  3  -2  
10  23  21  1655  379  303  3  -2  
10  23  21  1662  379  303  3  -2  
10  23  21  1671  379  303  3  -2  
10  23  21  1678  379  303  3  -2  
10  23  21  1688  379  303  3  -2  
10  23  21  1696  379  303  3  -2  
10  23  21  1705  379  303  3  -2  
10  23  21  1714  379  303  3  -2  
10  23  21  1721  379  303  3  -2  
10  23  21  1729  380  303  3  -2  
10  23  21  1737  381  303  3  -2  
10  23  21  1749  384  303  3  -2  
10  23  21  1756  388  303  3  -2  
10  23  21  1765  393  303  3  -2  
10  23  21  1772  400  303  3  -2  
10  23  21  1781  407  303  3  -2  
10  23  21  1788  417  303  3  -2  
10  23  21  1797  425  303  3  -2  
10  23  21  1805  439  306  3  -2  
10  23  21  1814  444  306  3  -2  
10  23  21  1822  449  306  3  -2  
10  23  21  1830  453  307  3  -2  
10  23  21  1838  456  307  3  -2  
10  23  21  1846  457  307  3  -2  
10  23  21  1855  458  307  3  -2  
10  23  21  1866  460  307  3  -2  
10  23  21  1871  462  307  3  -2  
10  23  21  1881  465  307  3  -2  
10  23  22  1888  468  307  3  -2  
10  23  22  1899  470  307  3  -2  
10  23  22  1906  474  307  3  -2  
10  23  22  1914  477  307  3  -2  
10  23  22  1922  479  307  3  -2  
10  23  22  1931  482  307  3  -2  
10  23  22  1941  484  307  3  -2  
10  23  22  1948  488  307  3  -2  
10  23  22  1956  488  307  3  -2  
10  23  22  1963  491  307  3  -2  
10  23  22  1972  491  307  3  -2  
10  23  22  1982  492  307  3  -2  
10  23  22  1990  492  307  3  -2  
10  23  22  1999  492  307  3  -2  
10  23  22  2006  494  307  3  -2  
10  23  22  2015  494  307  3  -2  
10  23  22  2023  495  307  4  -2  
10  23  22  2031  495  307  4  -2  
10  23  22  2039  495  307  4  -2  
10  23  22  2047  495  307  4  -2  
10  23  22  2056  495  307  4  -2  
10  23  22  2066  495  307  4  -2  
10  23  22  2073  495  307  4  -2  
10  23  22  2080  495  307  4  -2  
10  23  22  2088  498  307  4  -2  
10  23  22  2098  498  307  4  -2  
10  23  22  2106  498  307  4  -2  
10  23  22  2116  499  307  4  -2  
10  23  22  2122  499  307  4  -2  
10  23  22  2132  499  307  4  -2  
10  23  22  2139  499  307  4  -2  
10  23  22  2148  499  307  4  -2  
10  23  22  2156  499  307  4  -2  
10  23  22  2166  499  307  4  -2  
10  23  22  2172  499  307  4  -2  
10  23  22  2180  499  307  4  -2  
10  23  22  2190  499  307  4  -2  
10  23  22  2198  501  308  4  -2  
10  23  22  2206  501  308  4  -2  
10  23  22  2216  501  308  4  -2  
10  23  22  2224  501  308  4  -2  
10  23  22  2232  501  308  4  -2  
10  23  22  2239  501  308  4  -2  
10  23  22  2249  502  308  4  -2  
10  23  22  2257  502  308  4  -2  
10  23  22  2266  502  308  4  -2  
10  23  22  2272  502  308  4  -2  
10  23  22  2283  502  308  4  -2  
10  23  22  2289  502  308  4  -2  
10  23  22  2299  502  308  4  -2  
10  23  22  2312  502  308  4  -2  
10  23  22  2319  502  308  4  -2  
10  23  22  2328  502  308  4  -2  
10  23  22  2337  502  308  4  -2  
10  23  22  2345  502  308  4  -2  
10  23  22  2354  502  308  4  -2  
10  23  22  2361  502  308  4  -2  
10  23  22  2369  502  308  4  -2  
10  23  22  2378  502  308  4  -2  
10  23  22  2387  500  308  4  -2  
10  23  22  2396  495  308  4  -2  
10  23  22  2404  487  308  4  -2  
10  23  22  2412  482  308  4  -2  
10  23  22  2421  477  308  4  -2  
10  23  22  2428  469  308  4  -2  
10  23  22  2437  462  308  4  -2  
10  23  22  2446  455  308  4  -2  
10  23  22  2455  447  308  4  -2  
10  23  22  2462  438  308  4  -2  
10  23  22  2470  431  308  4  -2  
10  23  22  2478  425  308  4  -2  
10  23  22  2488  419  308  4  -2  
10  23  22  2496  416  308  4  -2  
10  23  22  2505  411  308  4  -2  
10  23  22  2513  406  308  4  -2  
10  23  22  2520  402  308  4  -2  
