10  55  54  0  373  305  1  -2  
10  55  54  5  373  306  1  -2  
10  55  54  16  373  306  1  -2  
10  55  54  23  374  307  1  -2  
10  55  54  33  374  307  1  -2  
10  55  54  40  376  307  1  -2  
10  55  54  49  376  307  1  -2  
10  55  54  56  378  307  1  -2  
10  55  54  66  383  307  1  -2  
10  55  54  74  386  307  1  -2  
10  55  54  82  391  307  1  -2  
10  55  54  90  396  307  1  -2  
10  55  54  99  399  307  1  -2  
10  55  54  107  403  308  1  -2  
10  55  54  116  410  310  1  -2  
10  55  54  123  417  311  1  -2  
10  55  54  132  423  312  1  -2  
10  55  54  140  428  312  1  -2  
10  55  54  150  435  312  1  -2  
10  55  54  156  440  312  1  -2  
10  55  54  167  445  312  1  -2  
10  55  54  174  467  314  1  -2  
10  55  54  182  467  314  1  -2  
10  55  54  190  477  314  1  -2  
10  55  54  199  487  314  1  -2  
10  55  54  207  502  314  2  -2  
10  55  54  216  506  314  2  -2  
10  55  54  224  509  314  2  -2  
10  55  54  232  509  314  2  -2  
10  55  54  240  509  314  2  -2  
10  55  54  249  509  314  2  -2  
10  55  54  257  509  314  2  -2  
10  55  54  266  509  314  2  -2  
10  55  54  274  509  314  2  -2  
10  55  54  282  510  314  2  -2  
10  55  54  290  510  314  2  -2  
10  55  54  299  510  314  2  -2  
10  55  54  306  510  314  2  -2  
10  55  54  316  510  314  2  -2  
10  55  54  324  510  314  2  -2  
10  55  55  333  510  314  2  -2  
10  55  55  340  510  314  2  -2  
10  55  55  349  510  314  2  -2  
10  55  55  357  510  314  2  -2  
10  55  55  366  510  314  2  -2  
10  55  55  374  511  314  2  -2  
10  55  55  382  511  314  2  -2  
10  55  55  391  511  314  2  -2  
10  55  55  400  511  314  2  -2  
10  55  55  407  511  314  2  -2  
10  55  55  416  511  314  2  -2  
10  55  55  424  512  314  2  -2  
10  55  55  432  512  314  2  -2  
10  55  55  440  512  314  2  -2  
10  55  55  449  512  314  2  -2  
10  55  55  456  512  314  2  -2  
10  55  55  466  512  314  2  -2  
10  55  55  474  512  314  2  -2  
10  55  55  482  512  314  2  -2  
10  55  55  489  512  314  2  -2  
10  55  55  499  512  314  2  -2  
10  55  55  507  512  314  2  -2  
10  55  55  516  512  314  2  -2  
10  55  55  524  512  314  2  -2  
10  55  55  532  512  314  2  -2  
10  55  55  540  512  314  2  -2  
10  55  55  550  512  314  2  -2  
10  55  55  557  512  314  2  -2  
10  55  55  566  510  314  2  -2  
10  55  55  575  506  317  2  -2  
10  55  55  582  503  317  2  -2  
10  55  55  590  498  318  2  -2  
10  55  55  599  495  318  2  -2  
10  55  55  607  489  318  2  -2  
10  55  55  616  485  319  2  -2  
10  55  55  625  483  319  2  -2  
10  55  55  633  479  319  2  -2  
10  55  55  642  471  319  2  -2  
10  55  55  651  466  319  2  -2  
10  55  55  658  458  319  2  -2  
10  55  55  666  453  319  2  -2  
10  55  55  675  446  318  2  -2  
10  55  55  683  442  318  2  -2  
10  55  55  692  437  317  2  -2  
10  55  55  700  433  315  2  -2  
10  55  55  708  429  315  2  -2  
10  55  55  717  424  315  2  -2  
10  55  55  725  420  314  2  -2  
10  55  55  734  416  314  2  -2  
10  55  55  741  412  314  2  -2  
10  55  55  749  409  314  2  -2  
10  55  55  758  405  314  2  -2  
10  55  55  767  403  314  2  -2  
10  55  55  776  400  314  2  -2  
10  55  55  783  392  314  3  -2  
10  55  55  791  392  314  3  -2  
10  55  55  800  386  314  3  -2  
10  55  55  808  382  314  3  -2  
10  55  55  816  380  314  3  -2  
10  55  55  825  378  314  3  -2  
10  55  55  834  377  314  3  -2  
10  55  55  841  376  314  3  -2  
10  55  55  850  375  314  3  -2  
10  55  55  858  374  314  3  -2  
10  55  55  867  374  314  3  -2  
10  55  55  876  373  314  3  -2  
10  55  55  885  373  314  3  -2  
10  55  55  893  373  314  3  -2  
10  55  55  901  370  314  3  -2  
10  55  55  909  370  314  3  -2  
10  55  55  917  370  314  3  -2  
10  55  55  926  370  314  3  -2  
10  55  55  934  370  314  3  -2  
10  55  55  942  370  314  3  -2  
10  55  55  951  370  314  3  -2  
10  55  55  959  370  315  3  -2  
10  55  55  967  370  315  3  -2  
10  55  55  976  370  315  3  -2  
10  55  55  987  378  315  3  -2  
10  55  55  993  393  315  3  -2  
10  55  55  1002  412  315  3  -2  
10  55  55  1010  434  315  3  -2  
10  55  55  1018  465  315  3  -2  
10  55  55  1026  489  315  3  -2  
10  55  55  1035  513  315  4  -2  
10  55  55  1044  528  315  4  -2  
10  55  55  1052  541  315  4  -2  
10  55  55  1060  549  315  4  -2  
10  55  55  1069  555  315  4  -2  
10  55  55  1077  555  315  4  -2  
10  55  55  1086  556  315  4  -2  
10  55  55  1095  556  315  4  -2  
10  55  55  1101  556  315  4  -2  
10  55  55  1110  558  315  4  -2  
10  55  55  1119  559  315  4  -2  
10  55  55  1129  562  315  4  -2  
10  55  55  1135  564  315  4  -2  
10  55  55  1145  565  315  4  -2  
10  55  55  1154  565  315  4  -2  
10  55  55  1160  565  315  4  -2  
10  55  55  1169  565  315  4  -2  
10  55  55  1177  565  315  4  -2  
10  55  55  1185  565  315  4  -2  
10  55  55  1195  565  315  4  -2  
10  55  55  1201  565  315  4  -2  
10  55  55  1211  565  315  4  -2  
10  55  55  1218  565  315  4  -2  
10  55  55  1226  565  315  4  -2  
10  55  55  1235  565  315  4  -2  
10  55  55  1244  565  315  4  -2  
10  55  55  1251  565  315  4  -2  
10  55  55  1259  565  315  4  -2  
10  55  55  1267  565  315  4  -2  
10  55  55  1278  565  315  4  -2  
10  55  55  1286  565  315  4  -2  
10  55  55  1295  565  315  4  -2  
10  55  55  1302  565  315  4  -2  
10  55  55  1312  565  315  4  -2  
10  55  55  1319  564  315  4  -2  
10  55  56  1329  564  315  4  -2  
10  55  56  1336  563  315  4  -2  
10  55  56  1347  560  315  4  -2  
10  55  56  1353  557  315  4  -2  
10  55  56  1363  552  315  4  -2  
10  55  56  1370  549  315  4  -2  
10  55  56  1378  542  315  4  -2  
10  55  56  1386  536  315  4  -2  
10  55  56  1396  528  315  4  -2  
10  55  56  1404  521  315  4  -2  
10  55  56  1415  509  315  4  -2  
10  55  56  1420  491  315  4  -2  
10  55  56  1430  491  315  4  -2  
10  55  56  1438  484  315  4  -2  
10  55  56  1448  474  315  4  -2  
10  55  56  1455  451  315  4  -2  
10  55  56  1465  441  315  4  -2  
10  55  56  1471  431  315  4  -2  
10  55  56  1481  422  315  4  -2  
10  55  56  1489  415  315  4  -2  
10  55  56  1498  410  315  4  -2  
10  55  56  1506  408  315  4  -2  
10  55  56  1515  407  315  4  -2  
10  55  56  1522  406  315  4  -2  
10  55  56  1531  406  315  4  -2  
10  55  56  1538  406  315  4  -2  
10  55  56  1548  406  315  4  -2  
10  55  56  1555  406  315  4  -2  
10  55  56  1565  406  315  4  -2  
10  55  56  1572  406  315  4  -2  
10  55  56  1581  404  315  4  -2  
10  55  56  1589  400  315  4  -2  
10  55  56  2136  503  332  6  -2  
10  55  56  2143  503  333  6  -2  
10  55  56  2151  503  333  6  -2  
10  55  56  2162  503  333  6  -2  
10  55  56  2168  503  333  6  -2  
10  55  56  2177  503  333  6  -2  
10  55  56  2185  503  333  6  -2  
10  55  56  2195  503  333  6  -2  
10  55  56  2203  503  333  6  -2  
10  55  56  2212  503  333  6  -2  
10  55  56  2220  503  333  6  -2  
10  55  56  2229  503  333  6  -2  
10  55  56  2236  503  333  6  -2  
10  55  56  2245  503  333  6  -2  
10  55  56  2253  503  333  6  -2  
10  55  56  2262  503  333  6  -2  
10  55  56  2269  503  333  6  -2  
10  55  56  2279  503  333  6  -2  
10  55  56  2286  503  333  6  -2  
10  55  56  2295  503  333  6  -2  
10  55  56  2303  503  333  6  -2  
10  55  56  2312  503  333  6  -2  
10  55  56  2318  503  333  6  -2  
10  55  57  2329  503  333  6  -2  
10  55  57  2336  503  333  6  -2  
10  55  57  2346  503  333  6  -2  
10  55  57  2353  503  333  6  -2  
10  55  57  2362  503  333  6  -2  
10  55  57  2368  503  333  6  -2  
10  55  57  2378  503  333  6  -2  
10  55  57  2385  503  333  6  -2  
10  55  57  2396  500  333  6  -2  
10  55  57  2403  495  333  6  -2  
10  55  57  2413  490  333  6  -2  
10  55  57  2423  483  333  6  -2  
10  55  57  2433  473  333  6  -2  
10  55  57  2440  459  333  6  -2  
10  55  57  2449  448  333  6  -2  
10  55  57  2457  441  333  6  -2  
10  55  57  2465  429  333  6  -2  
10  55  57  2473  417  333  6  -2  
10  55  57  2482  407  333  6  -2  
10  55  57  2491  397  333  6  -2  
10  55  57  2499  390  333  7  -2  
10  55  57  2507  385  333  7  -2  
10  55  57  2517  382  333  7  -2  
10  55  57  2525  381  333  7  -2  
10  55  57  2532  380  333  7  -2  
10  55  57  2542  379  333  7  -2  
10  55  57  2549  378  333  7  -2  
10  55  57  2559  377  333  7  -2  
10  55  57  2568  376  333  7  -2  
10  55  57  2577  375  333  7  -2  
10  55  57  2583  375  333  7  -2  
10  55  57  2592  375  333  7  -2  
10  55  57  2601  374  333  7  -2  
10  55  57  2609  374  333  7  -2  
10  55  57  2617  374  333  7  -2  
10  55  57  2627  374  333  7  -2  
10  55  57  2633  374  333  7  -2  
10  55  57  2642  374  333  7  -2  
10  55  57  2651  374  333  7  -2  
10  55  57  2661  374  333  7  -2  
10  55  57  2667  374  333  7  -2  
10  55  57  2677  374  333  7  -2  
10  55  57  2685  374  333  7  -2  
10  55  57  2695  374  333  7  -2  
10  55  57  2702  374  333  7  -2  
10  55  57  2711  374  333  7  -2  
10  55  57  2719  374  333  7  -2  
10  55  57  2728  374  333  7  -2  
10  55  57  2736  374  333  7  -2  
10  55  57  2745  374  333  7  -2  
10  55  57  2753  374  333  7  -2  
10  55  57  2762  374  333  7  -2  
10  55  57  2770  374  333  7  -2  
10  55  57  2779  374  333  7  -2  
10  55  57  2785  374  333  7  -2  
10  55  57  2794  374  333  7  -2  
