16  42  46  0  397  338  1  -2  
16  42  46  9  397  338  1  -2  
16  42  46  16  397  338  1  -2  
16  42  46  26  397  338  1  -2  
16  42  46  32  397  338  1  -2  
16  42  46  43  397  338  1  -2  
16  42  46  50  397  338  1  -2  
16  42  46  60  399  337  1  -2  
16  42  46  66  400  336  1  -2  
16  42  46  76  401  336  1  -2  
16  42  46  83  404  336  1  -2  
16  42  46  92  405  336  1  -2  
16  42  46  99  409  336  1  -2  
16  42  46  108  414  336  1  -2  
16  42  46  115  418  336  1  -2  
16  42  46  126  424  336  1  -2  
16  42  46  133  429  336  1  -2  
16  42  46  143  436  336  1  -2  
16  42  46  151  441  336  1  -2  
16  42  46  159  448  336  1  -2  
16  42  46  166  456  336  1  -2  
16  42  46  174  463  336  1  -2  
16  42  46  183  470  336  1  -2  
16  42  46  193  475  336  1  -2  
16  42  46  200  484  336  1  -2  
16  42  46  209  489  336  1  -2  
16  42  46  216  493  336  1  -2  
16  42  46  226  498  336  1  -2  
16  42  46  233  500  336  1  -2  
16  42  46  242  504  336  2  -2  
16  42  46  249  507  336  2  -2  
16  42  46  259  508  336  2  -2  
16  42  46  266  509  336  2  -2  
16  42  46  274  511  336  2  -2  
16  42  46  283  511  336  2  -2  
16  42  46  292  511  336  2  -2  
16  42  46  299  512  336  2  -2  
16  42  46  309  513  336  2  -2  
16  42  46  315  514  336  2  -2  
16  42  46  325  516  336  2  -2  
16  42  46  332  520  336  2  -2  
16  42  46  342  523  336  2  -2  
16  42  46  348  525  336  2  -2  
16  42  46  358  529  336  2  -2  
16  42  46  365  529  336  2  -2  
16  42  46  375  530  336  2  -2  
16  42  46  382  530  336  2  -2  
16  42  46  392  530  336  2  -2  
16  42  46  401  530  336  2  -2  
16  42  46  408  530  336  2  -2  
16  42  46  416  530  336  2  -2  
16  42  46  425  530  336  2  -2  
16  42  46  433  530  336  2  -2  
16  42  46  442  530  336  2  -2  
16  42  46  449  530  336  2  -2  
16  42  46  460  530  336  2  -2  
16  42  46  467  530  336  2  -2  
16  42  46  475  530  336  2  -2  
16  42  46  483  530  336  2  -2  
16  42  46  492  530  336  2  -2  
16  42  46  501  530  336  2  -2  
16  42  46  508  530  336  2  -2  
16  42  46  516  530  336  2  -2  
16  42  46  526  530  336  2  -2  
16  42  46  534  530  336  2  -2  
16  42  46  542  530  336  2  -2  
16  42  46  551  530  336  2  -2  
16  42  46  559  530  336  2  -2  
16  42  46  567  530  336  2  -2  
16  42  46  575  530  336  2  -2  
16  42  46  583  530  336  2  -2  
16  42  46  592  530  336  2  -2  
16  42  46  601  530  336  2  -2  
16  42  46  608  530  336  2  -2  
16  42  46  617  530  336  2  -2  
16  42  46  625  530  336  2  -2  
16  42  46  633  530  336  2  -2  
16  42  46  642  530  336  2  -2  
16  42  46  650  530  336  2  -2  
16  42  46  659  530  336  2  -2  
16  42  46  667  530  336  2  -2  
16  42  46  675  530  336  2  -2  
16  42  46  685  530  336  2  -2  
16  42  46  692  530  336  2  -2  
16  42  46  701  530  336  2  -2  
16  42  46  708  530  336  2  -2  
16  42  46  716  530  336  2  -2  
16  42  46  725  530  336  2  -2  
16  42  46  734  528  336  2  -2  
16  42  46  742  524  336  2  -2  
16  42  46  751  521  336  2  -2  
16  42  46  758  517  335  2  -2  
16  42  46  767  511  333  2  -2  
16  42  46  777  506  333  2  -2  
16  42  46  785  493  330  2  -2  
16  42  46  794  486  329  2  -2  
16  42  46  803  483  329  2  -2  
16  42  46  812  476  329  2  -2  
16  42  46  820  469  328  2  -2  
16  42  46  829  462  327  2  -2  
16  42  46  836  455  325  2  -2  
16  42  46  844  449  325  2  -2  
16  42  46  852  442  325  2  -2  
16  42  46  862  435  325  2  -2  
16  42  46  869  430  325  2  -2  
16  42  46  877  421  325  2  -2  
16  42  46  886  416  325  2  -2  
16  42  46  895  411  325  2  -2  
16  42  47  903  404  325  2  -2  
16  42  47  912  401  325  2  -2  
16  42  47  919  400  325  2  -2  
16  42  47  927  397  326  3  -2  
16  42  47  936  397  326  3  -2  
16  42  47  943  395  327  3  -2  
16  42  47  954  395  327  3  -2  
16  42  47  962  393  327  3  -2  
16  42  47  969  391  328  3  -2  
16  42  47  978  391  328  3  -2  
16  42  47  986  390  328  3  -2  
16  42  47  994  388  329  3  -2  
16  42  47  1002  388  329  3  -2  
16  42  47  1012  388  329  3  -2  
16  42  47  1019  388  329  3  -2  
16  42  47  1027  386  330  3  -2  
16  42  47  1036  386  330  3  -2  
16  42  47  1044  386  330  3  -2  
16  42  47  1053  386  330  3  -2  
16  42  47  1063  386  330  3  -2  
16  42  47  1071  386  330  3  -2  
16  42  47  1078  386  330  3  -2  
16  42  47  1086  386  330  3  -2  
16  42  47  1093  386  330  3  -2  
16  42  47  1103  386  330  3  -2  
16  42  47  1112  386  330  3  -2  
16  42  47  1121  386  330  3  -2  
16  42  47  1128  386  330  3  -2  
16  42  47  1136  386  330  3  -2  
16  42  47  1144  386  330  3  -2  
16  42  47  1153  386  330  3  -2  
16  42  47  1162  386  330  3  -2  
16  42  47  1172  386  330  3  -2  
16  42  47  1178  386  330  3  -2  
16  42  47  1186  386  330  3  -2  
16  42  47  1194  386  330  3  -2  
16  42  47  1202  386  330  3  -2  
16  42  47  1212  386  330  3  -2  
16  42  47  1222  386  330  3  -2  
16  42  47  1228  386  330  3  -2  
16  42  47  1236  386  330  3  -2  
16  42  47  1244  386  330  3  -2  
16  42  47  1253  386  330  3  -2  
16  42  47  1262  386  330  3  -2  
16  42  47  1271  386  330  3  -2  
16  42  47  1278  386  330  3  -2  
16  42  47  1286  386  330  3  -2  
16  42  47  1295  386  330  3  -2  
16  42  47  1304  386  330  3  -2  
16  42  47  1312  386  330  3  -2  
16  42  47  1320  389  330  3  -2  
16  42  47  1328  396  330  3  -2  
16  42  47  1340  400  329  3  -2  
16  42  47  1345  407  328  3  -2  
16  42  47  1354  415  328  3  -2  
16  42  47  1362  424  327  3  -2  
16  42  47  1372  434  325  3  -2  
16  42  47  1378  442  325  3  -2  
16  42  47  1386  454  325  3  -2  
16  42  47  1396  463  323  3  -2  
16  42  47  1405  473  323  3  -2  
16  42  47  1413  479  323  3  -2  
16  42  47  1422  485  323  3  -2  
16  42  47  1429  490  323  3  -2  
16  42  47  1438  495  323  4  -2  
16  42  47  1446  499  323  4  -2  
16  42  47  1453  504  322  4  -2  
16  42  47  1463  505  322  4  -2  
16  42  47  1471  508  322  4  -2  
16  42  47  1478  512  322  4  -2  
16  42  47  1488  513  322  4  -2  
16  42  47  1496  517  322  4  -2  
16  42  47  1504  518  322  4  -2  
16  42  47  1513  518  322  4  -2  
16  42  47  1524  521  322  4  -2  
16  42  47  1529  522  322  4  -2  
16  42  47  1538  522  322  4  -2  
16  42  47  1545  524  322  4  -2  
16  42  47  1556  524  322  4  -2  
16  42  47  1563  524  322  4  -2  
16  42  47  1573  524  322  4  -2  
16  42  47  1580  524  322  4  -2  
16  42  47  1590  524  322  4  -2  
16  42  47  1596  524  322  4  -2  
16  42  47  1605  524  322  4  -2  
16  42  47  1613  524  322  4  -2  
16  42  47  1623  524  322  4  -2  
16  42  47  1631  524  322  4  -2  
16  42  47  1640  524  322  4  -2  
16  42  47  1647  524  322  4  -2  
16  42  47  1654  524  322  4  -2  
16  42  47  1663  524  322  4  -2  
16  42  47  1673  524  322  4  -2  
16  42  47  1679  524  322  4  -2  
16  42  47  1689  524  322  4  -2  
16  42  47  1695  524  322  4  -2  
16  42  47  1706  524  322  4  -2  
16  42  47  1713  524  322  4  -2  
16  42  47  1723  524  322  4  -2  
16  42  47  1731  524  322  4  -2  
16  42  47  1739  524  322  4  -2  
16  42  47  1746  524  322  4  -2  
16  42  47  1755  524  322  4  -2  
16  42  47  1765  524  322  4  -2  
16  42  47  1777  524  322  4  -2  
16  42  47  1785  524  322  4  -2  
16  42  47  1795  524  322  4  -2  
16  42  47  1806  524  322  4  -2  
16  42  47  1814  524  322  4  -2  
16  42  47  1825  524  322  4  -2  
16  42  47  1833  524  322  4  -2  
16  42  47  1843  524  322  4  -2  
16  42  47  1853  524  322  4  -2  
16  42  47  1859  524  322  4  -2  
16  42  47  1868  524  322  4  -2  
16  42  47  1877  524  322  4  -2  
16  42  47  1885  524  322  4  -2  
16  42  47  1894  524  322  4  -2  
16  42  48  1902  524  322  4  -2  
16  42  48  1911  524  322  4  -2  
16  42  48  1918  524  322  4  -2  
16  42  48  1927  524  322  4  -2  
16  42  48  1935  524  322  4  -2  
16  42  48  1944  524  322  4  -2  
16  42  48  1952  524  322  4  -2  
16  42  48  1961  524  322  4  -2  
16  42  48  1968  524  322  4  -2  
16  42  48  1977  524  322  4  -2  
16  42  48  1985  524  322  4  -2  
16  42  48  1993  524  322  4  -2  
16  42  48  2003  524  322  4  -2  
16  42  48  2010  524  322  4  -2  
16  42  48  2019  524  322  4  -2  
16  42  48  2027  520  322  4  -2  
16  42  48  2035  518  322  4  -2  
16  42  48  2043  515  323  4  -2  
16  42  48  2052  510  323  4  -2  
16  42  48  2061  507  323  4  -2  
16  42  48  2067  506  323  4  -2  
16  42  48  2076  503  323  4  -2  
16  42  48  2084  503  323  4  -2  
16  42  48  2093  503  323  4  -2  
16  42  48  2101  503  323  4  -2  
16  42  48  2110  503  323  4  -2  
16  42  48  2117  503  323  4  -2  
16  42  48  2126  503  323  4  -2  
16  42  48  2134  503  323  4  -2  
16  42  48  2142  503  323  4  -2  
16  42  48  2152  503  323  4  -2  
16  42  48  2161  503  323  4  -2  
16  42  48  2171  503  323  4  -2  
16  42  48  2177  503  323  4  -2  
16  42  48  2185  503  323  4  -2  
16  42  48  2194  503  323  4  -2  
16  42  48  2202  503  323  4  -2  
16  42  48  2211  503  323  4  -2  
16  42  48  2218  503  323  4  -2  
16  42  48  2227  503  323  4  -2  
16  42  48  2235  503  323  4  -2  
16  42  48  2243  503  323  4  -2  
16  42  48  2253  503  323  4  -2  
16  42  48  2261  503  323  4  -2  
16  42  48  2268  503  323  4  -2  
16  42  48  2277  503  323  4  -2  
16  42  48  2287  503  323  4  -2  
16  42  48  2295  503  323  4  -2  
16  42  48  2304  503  323  4  -2  
16  42  48  2311  503  323  4  -2  
16  42  48  2321  503  323  4  -2  
16  42  48  2328  503  323  4  -2  
16  42  48  2336  503  323  4  -2  
16  42  48  2344  503  323  4  -2  
16  42  48  2354  503  323  4  -2  
16  42  48  2362  503  323  4  -2  
16  42  48  2371  503  323  4  -2  
16  42  48  2377  503  323  4  -2  
16  42  48  2388  503  323  4  -2  
16  42  48  2394  503  323  4  -2  
16  42  48  2405  503  323  4  -2  
16  42  48  2412  503  323  4  -2  
16  42  48  2421  503  323  4  -2  
16  42  48  2428  503  323  4  -2  
16  42  48  2438  503  323  4  -2  
16  42  48  2444  503  323  4  -2  
16  42  48  2454  503  323  4  -2  
16  42  48  2461  503  323  4  -2  
16  42  48  2471  503  323  4  -2  
16  42  48  2477  503  323  4  -2  
16  42  48  2485  503  323  4  -2  
16  42  48  2494  503  323  4  -2  
16  42  48  2503  503  323  4  -2  
16  42  48  2511  503  323  4  -2  
16  42  48  2521  503  323  4  -2  
16  42  48  2528  503  323  4  -2  
16  42  48  2536  503  323  4  -2  
16  42  48  2544  503  323  4  -2  
16  42  48  2554  503  323  4  -2  
16  42  48  2563  503  323  4  -2  
16  42  48  2572  503  323  4  -2  
16  42  48  2578  502  323  4  -2  
16  42  48  2589  500  323  4  -2  
16  42  48  2596  497  323  4  -2  
16  42  48  2606  494  323  4  -2  
16  42  48  2614  491  323  4  -2  
16  42  48  2624  488  323  4  -2  
16  42  48  2638  475  323  4  -2  
16  42  48  2646  468  323  4  -2  
16  42  48  2656  459  323  4  -2  
16  42  48  2662  443  323  4  -2  
16  42  48  2672  443  323  4  -2  
16  42  48  2680  427  323  4  -2  
16  42  48  2689  421  323  4  -2  
16  42  48  2696  412  323  4  -2  
16  42  48  2705  404  323  4  -2  
16  42  48  2713  397  323  5  -2  
16  42  48  2722  389  323  5  -2  
16  42  48  2729  379  323  5  -2  
16  42  48  2740  370  323  5  -2  
16  42  48  2745  365  323  5  -2  
16  42  48  2755  361  324  5  -2  
16  42  48  2763  359  324  5  -2  
16  42  48  2772  357  324  5  -2  
16  42  48  2778  357  324  5  -2  
16  42  48  2789  357  324  5  -2  
16  42  48  2795  357  324  5  -2  
16  42  48  2805  357  324  5  -2  
16  42  48  2813  357  324  5  -2  
16  42  48  2823  357  324  5  -2  
16  42  48  2828  357  324  5  -2  
16  42  48  2839  357  324  5  -2  
16  42  48  2846  357  324  5  -2  
16  42  48  2856  357  324  5  -2  
16  42  48  2862  357  324  5  -2  
16  42  48  2872  357  324  5  -2  
16  42  48  2877  356  324  5  -2  
16  42  48  2889  356  324  5  -2  
