10  22  39  0  387  310  1  -2  
10  22  39  7  387  310  1  -2  
10  22  39  17  387  310  1  -2  
10  22  39  23  387  310  1  -2  
10  22  39  34  387  310  1  -2  
10  22  39  41  387  310  1  -2  
10  22  39  50  387  310  1  -2  
10  22  39  57  387  310  1  -2  
10  22  39  67  387  310  1  -2  
10  22  39  74  387  310  1  -2  
10  22  40  84  388  310  1  -2  
10  22  40  90  391  310  1  -2  
10  22  40  100  394  310  1  -2  
10  22  40  107  397  310  1  -2  
10  22  40  117  400  310  1  -2  
10  22  40  123  403  309  1  -2  
10  22  40  133  407  309  1  -2  
10  22  40  141  409  309  1  -2  
10  22  40  150  412  308  1  -2  
10  22  40  158  416  308  1  -2  
10  22  40  167  421  308  1  -2  
10  22  40  173  426  308  1  -2  
10  22  40  183  433  308  1  -2  
10  22  40  191  441  308  1  -2  
10  22  40  200  448  308  1  -2  
10  22  40  207  456  308  1  -2  
10  22  40  217  461  308  1  -2  
10  22  40  225  477  308  1  -2  
10  22  40  234  482  308  1  -2  
10  22  40  241  489  308  1  -2  
10  22  40  250  494  311  1  -2  
10  22  40  258  500  312  2  -2  
10  22  40  268  504  312  2  -2  
10  22  40  275  509  313  2  -2  
10  22  40  284  510  313  2  -2  
10  22  40  291  514  313  2  -2  
10  22  40  300  515  313  2  -2  
10  22  40  307  517  313  2  -2  
10  22  40  317  518  313  2  -2  
10  22  40  325  520  313  2  -2  
10  22  40  333  521  313  2  -2  
10  22  40  341  523  313  2  -2  
10  22  40  350  525  314  2  -2  
10  22  40  357  528  314  2  -2  
10  22  40  367  532  316  2  -2  
10  22  40  374  532  316  2  -2  
10  22  40  383  535  316  2  -2  
10  22  40  391  535  316  2  -2  
10  22  40  400  537  316  2  -2  
10  22  40  407  537  316  2  -2  
10  22  40  417  537  316  2  -2  
10  22  40  425  537  316  2  -2  
10  22  40  433  537  316  2  -2  
10  22  40  441  537  316  2  -2  
10  22  40  450  537  316  2  -2  
10  22  40  457  537  316  2  -2  
10  22  40  467  537  316  2  -2  
10  22  40  475  537  316  2  -2  
10  22  40  484  537  316  2  -2  
10  22  40  491  537  316  2  -2  
10  22  40  500  537  316  2  -2  
10  22  40  507  537  316  2  -2  
10  22  40  517  536  316  2  -2  
10  22  40  526  536  316  2  -2  
10  22  40  534  534  316  2  -2  
10  22  40  541  530  316  2  -2  
10  22  40  550  528  316  2  -2  
10  22  40  560  525  316  2  -2  
10  22  40  569  525  316  2  -2  
10  22  40  577  525  316  2  -2  
10  22  40  587  525  316  2  -2  
10  22  40  595  525  316  2  -2  
10  22  40  603  525  316  2  -2  
10  22  40  610  492  316  2  -2  
10  22  40  619  486  315  2  -2  
10  22  40  627  481  314  2  -2  
10  22  40  636  474  313  2  -2  
10  22  40  644  468  313  2  -2  
10  22  40  651  463  312  2  -2  
10  22  40  662  459  311  2  -2  
10  22  40  669  455  310  2  -2  
10  22  40  681  453  309  2  -2  
10  22  40  689  446  308  2  -2  
10  22  40  699  442  306  2  -2  
10  22  40  707  439  306  2  -2  
10  22  40  718  436  306  2  -2  
10  22  40  725  432  306  2  -2  
10  22  40  734  429  305  2  -2  
10  22  40  741  424  304  2  -2  
10  22  40  750  421  304  2  -2  
10  22  40  758  420  304  2  -2  
10  22  40  766  417  304  2  -2  
10  22  40  775  415  303  2  -2  
10  22  40  784  413  303  2  -2  
10  22  40  791  411  303  2  -2  
10  22  40  799  411  303  2  -2  
10  22  40  808  410  303  2  -2  
10  22  40  817  408  303  2  -2  
10  22  40  826  405  302  2  -2  
10  22  40  833  404  302  2  -2  
10  22  40  841  404  302  2  -2  
10  22  40  850  402  302  2  -2  
10  22  40  858  401  302  2  -2  
10  22  40  866  401  302  2  -2  
10  22  40  875  400  302  2  -2  
10  22  40  883  398  302  2  -2  
10  22  40  891  398  302  2  -2  
10  22  40  900  397  302  3  -2  
10  22  40  908  396  302  3  -2  
10  22  40  917  395  302  3  -2  
10  22  40  925  395  302  3  -2  
10  22  40  933  394  302  3  -2  
10  22  40  941  393  302  3  -2  
10  22  40  950  393  302  3  -2  
10  22  40  958  390  302  3  -2  
10  22  40  967  390  302  3  -2  
10  22  40  975  389  302  3  -2  
10  22  40  984  387  302  3  -2  
10  22  40  991  387  302  3  -2  
10  22  40  1000  387  302  3  -2  
10  22  40  1008  386  302  3  -2  
10  22  40  1018  385  302  3  -2  
10  22  40  1025  384  302  3  -2  
10  22  40  1033  384  302  3  -2  
10  22  40  1041  383  302  3  -2  
10  22  40  1050  383  302  3  -2  
10  22  40  1058  383  302  3  -2  
10  22  40  1066  383  302  3  -2  
10  22  40  1075  383  302  3  -2  
10  22  41  1083  383  302  3  -2  
10  22  41  1092  383  302  3  -2  
10  22  41  1101  383  302  3  -2  
10  22  41  1109  383  302  3  -2  
10  22  41  1117  383  302  3  -2  
10  22  41  1125  383  302  3  -2  
10  22  41  1135  383  302  3  -2  
10  22  41  1142  383  302  3  -2  
10  22  41  1149  383  302  3  -2  
10  22  41  1160  383  302  3  -2  
10  22  41  1167  383  302  3  -2  
10  22  41  1175  383  302  3  -2  
10  22  41  1185  385  302  3  -2  
10  22  41  1193  394  303  3  -2  
10  22  41  1201  402  304  3  -2  
10  22  41  1209  408  304  3  -2  
10  22  41  1219  414  306  3  -2  
10  22  41  1227  421  306  3  -2  
10  22  41  1235  426  307  3  -2  
10  22  41  1243  432  308  3  -2  
10  22  41  1251  437  308  3  -2  
10  22  41  1259  442  308  3  -2  
10  22  41  1268  446  308  3  -2  
10  22  41  1276  451  308  3  -2  
10  22  41  1285  454  309  3  -2  
10  22  41  1293  457  309  3  -2  
10  22  41  1301  462  309  3  -2  
10  22  41  1309  466  311  3  -2  
10  22  41  1318  471  311  3  -2  
10  22  41  1326  477  312  3  -2  
10  22  41  1335  481  312  3  -2  
10  22  41  1344  483  313  3  -2  
10  22  41  1353  489  313  3  -2  
10  22  41  1360  490  313  3  -2  
10  22  41  1368  491  313  3  -2  
10  22  41  1377  492  313  3  -2  
10  22  41  1385  494  314  3  -2  
10  22  41  1396  495  314  4  -2  
10  22  41  1402  496  314  4  -2  
10  22  41  1412  498  314  4  -2  
10  22  41  1419  501  314  4  -2  
10  22  41  1427  502  314  4  -2  
10  22  41  1437  505  314  4  -2  
10  22  41  1446  506  314  4  -2  
10  22  41  1453  506  314  4  -2  
10  22  41  1460  509  314  4  -2  
10  22  41  1469  511  316  4  -2  
10  22  41  1477  511  316  4  -2  
10  22  41  1485  511  316  4  -2  
10  22  41  1496  513  316  4  -2  
10  22  41  1504  514  316  4  -2  
10  22  41  1512  514  316  4  -2  
10  22  41  1519  516  316  4  -2  
10  22  41  1526  517  316  4  -2  
10  22  41  1536  518  316  4  -2  
10  22  41  1546  519  316  4  -2  
10  22  41  1553  519  316  4  -2  
10  22  41  1560  519  316  4  -2  
10  22  41  1568  519  316  4  -2  
10  22  41  1578  520  316  4  -2  
10  22  41  1586  520  316  4  -2  
10  22  41  1596  521  316  4  -2  
10  22  41  1603  521  316  4  -2  
10  22  41  1610  522  316  4  -2  
10  22  41  1619  522  316  4  -2  
10  22  41  1626  522  316  4  -2  
10  22  41  1636  522  316  4  -2  
10  22  41  1644  522  316  4  -2  
10  22  41  1651  522  316  4  -2  
10  22  41  1660  522  316  4  -2  
10  22  41  1669  522  316  4  -2  
10  22  41  1678  522  316  4  -2  
10  22  41  1685  522  316  4  -2  
10  22  41  1696  522  316  4  -2  
10  22  41  1703  522  316  4  -2  
10  22  41  1710  522  316  4  -2  
10  22  41  1718  522  316  4  -2  
10  22  41  1726  522  316  4  -2  
10  22  41  1736  522  316  4  -2  
10  22  41  1744  522  316  4  -2  
10  22  41  1753  521  316  4  -2  
10  22  41  1760  512  316  4  -2  
10  22  41  1769  507  316  4  -2  
10  22  41  1779  502  316  4  -2  
10  22  41  1786  497  316  4  -2  
10  22  41  1797  490  316  4  -2  
10  22  41  1802  485  316  4  -2  
10  22  41  1812  480  316  4  -2  
10  22  41  1819  475  316  4  -2  
10  22  41  1828  470  316  4  -2  
10  22  41  1836  466  316  4  -2  
10  22  41  1846  461  316  4  -2  
10  22  41  1851  457  316  4  -2  
10  22  41  1860  452  316  4  -2  
10  22  41  1869  450  316  4  -2  
10  22  41  1877  444  316  4  -2  
10  22  41  1886  441  316  4  -2  
10  22  41  1896  437  315  4  -2  
10  22  41  1904  432  315  4  -2  
10  22  41  1911  428  315  4  -2  
10  22  41  1919  428  315  4  -2  
10  22  41  1928  424  314  4  -2  
10  22  41  1936  420  312  4  -2  
10  22  41  1946  417  312  4  -2  
10  22  41  1954  410  311  4  -2  
10  22  41  1963  407  311  4  -2  
10  22  41  1970  404  311  4  -2  
10  22  41  1979  403  310  4  -2  
10  22  41  1986  400  310  4  -2  
