16  42  30  0  371  332  1  -2  
16  42  30  6  371  332  1  -2  
16  42  30  15  371  332  1  -2  
16  42  30  23  371  332  1  -2  
16  42  30  31  371  332  1  -2  
16  42  30  40  371  332  1  -2  
16  42  30  47  371  332  1  -2  
16  42  30  56  371  332  1  -2  
16  42  30  65  371  332  1  -2  
16  42  30  73  371  332  1  -2  
16  42  30  81  371  332  1  -2  
16  42  30  89  371  332  1  -2  
16  42  30  98  371  332  1  -2  
16  42  30  106  371  332  1  -2  
16  42  30  114  371  332  1  -2  
16  42  30  123  371  332  1  -2  
16  42  30  131  371  332  1  -2  
16  42  30  140  371  332  1  -2  
16  42  30  149  371  332  1  -2  
16  42  30  156  371  332  1  -2  
16  42  30  165  371  332  1  -2  
16  42  30  173  371  332  1  -2  
16  42  30  181  371  332  1  -2  
16  42  30  190  371  332  1  -2  
16  42  30  198  371  332  1  -2  
16  42  30  206  371  332  1  -2  
16  42  30  215  371  332  1  -2  
16  42  30  223  371  332  1  -2  
16  42  30  231  371  332  1  -2  
16  42  30  240  371  332  1  -2  
16  42  30  248  371  332  1  -2  
16  42  30  256  371  332  1  -2  
16  42  30  265  371  332  1  -2  
16  42  30  273  371  332  1  -2  
16  42  30  281  371  332  1  -2  
16  42  30  290  371  332  1  -2  
16  42  30  299  371  332  1  -2  
16  42  30  306  371  332  1  -2  
16  42  30  315  371  332  1  -2  
16  42  30  323  371  332  1  -2  
16  42  30  331  371  332  1  -2  
16  42  30  340  371  332  1  -2  
16  42  30  347  371  332  1  -2  
16  42  30  356  371  332  1  -2  
16  42  30  366  371  332  1  -2  
16  42  30  374  371  332  1  -2  
16  42  30  383  371  332  1  -2  
16  42  30  390  371  332  1  -2  
16  42  30  399  371  332  1  -2  
16  42  30  406  371  332  1  -2  
16  42  30  416  371  332  1  -2  
16  42  30  424  371  332  1  -2  
16  42  30  431  371  332  1  -2  
16  42  30  440  371  332  1  -2  
16  42  30  449  371  332  1  -2  
16  42  30  456  371  332  1  -2  
16  42  30  466  371  332  1  -2  
16  42  30  473  371  332  1  -2  
16  42  30  481  371  332  1  -2  
16  42  30  490  371  332  1  -2  
16  42  30  500  371  332  1  -2  
16  42  30  506  371  332  1  -2  
16  42  30  516  371  332  1  -2  
16  42  30  523  371  332  1  -2  
16  42  30  531  371  332  1  -2  
16  42  30  540  371  332  1  -2  
16  42  30  549  371  332  1  -2  
16  42  30  556  371  332  1  -2  
16  42  30  566  371  332  1  -2  
16  42  30  573  371  332  1  -2  
16  42  30  581  371  332  1  -2  
16  42  30  590  371  332  1  -2  
16  42  30  599  371  332  1  -2  
16  42  30  606  371  332  1  -2  
16  42  30  616  371  332  1  -2  
16  42  30  622  371  332  1  -2  
16  42  30  630  371  332  1  -2  
16  42  30  639  373  332  1  -2  
16  42  30  648  375  331  1  -2  
16  42  30  655  378  330  1  -2  
16  42  30  665  381  330  1  -2  
16  42  30  673  387  327  1  -2  
16  42  30  682  390  326  1  -2  
16  42  30  689  394  325  1  -2  
16  42  30  698  397  325  1  -2  
16  42  30  704  404  323  1  -2  
16  42  30  716  408  321  1  -2  
16  42  30  723  413  321  1  -2  
16  42  30  731  419  320  1  -2  
16  42  30  740  426  319  1  -2  
16  42  30  748  431  319  1  -2  
16  42  30  755  438  318  1  -2  
16  42  30  765  445  317  1  -2  
16  42  30  772  453  317  1  -2  
16  42  30  780  460  317  1  -2  
16  42  30  789  470  315  1  -2  
16  42  30  798  477  315  1  -2  
16  42  30  805  484  314  1  -2  
16  42  30  815  490  313  1  -2  
16  42  30  822  495  313  2  -2  
16  42  30  830  498  313  2  -2  
16  42  30  839  504  311  2  -2  
16  42  30  848  505  311  2  -2  
16  42  30  855  512  310  2  -2  
16  42  30  865  512  310  2  -2  
16  42  30  872  513  310  2  -2  
16  42  31  880  514  310  2  -2  
16  42  31  889  515  310  2  -2  
16  42  31  899  517  310  2  -2  
16  42  31  905  518  310  2  -2  
16  42  31  916  519  310  2  -2  
16  42  31  922  520  310  2  -2  
16  42  31  931  520  310  2  -2  
16  42  31  940  520  310  2  -2  
16  42  31  948  520  310  2  -2  
16  42  31  955  520  310  2  -2  
16  42  31  965  520  310  2  -2  
16  42  31  972  520  310  2  -2  
16  42  31  980  520  310  2  -2  
16  42  31  989  520  310  2  -2  
16  42  31  999  520  310  2  -2  
16  42  31  1005  520  310  2  -2  
16  42  31  1015  520  310  2  -2  
16  42  31  1022  520  310  2  -2  
16  42  31  1030  520  310  2  -2  
16  42  31  1040  520  310  2  -2  
16  42  31  1048  520  310  2  -2  
16  42  31  1055  519  310  2  -2  
16  42  31  1065  515  310  2  -2  
16  42  31  1072  498  310  2  -2  
16  42  31  1080  489  310  2  -2  
16  42  31  1089  489  310  2  -2  
16  42  31  1101  472  310  2  -2  
16  42  31  1106  462  310  2  -2  
16  42  31  1116  454  310  2  -2  
16  42  31  1123  446  310  2  -2  
16  42  31  1132  439  310  2  -2  
16  42  31  1141  432  310  2  -2  
16  42  31  1150  428  310  2  -2  
16  42  31  1155  423  310  2  -2  
16  42  31  1165  419  311  2  -2  
16  42  31  1173  414  313  2  -2  
16  42  31  1181  411  313  2  -2  
16  42  31  1190  405  316  2  -2  
16  42  31  1200  400  318  2  -2  
16  42  31  1208  391  321  3  -2  
16  42  31  1216  391  321  3  -2  
16  42  31  1223  384  324  3  -2  
16  42  31  1231  384  324  3  -2  
16  42  31  1240  383  324  3  -2  
16  42  31  1248  381  324  3  -2  
16  42  31  1257  381  325  3  -2  
16  42  31  1267  381  325  3  -2  
16  42  31  1273  378  326  3  -2  
16  42  31  1283  378  326  3  -2  
16  42  31  1290  378  326  3  -2  
16  42  31  1300  378  326  3  -2  
16  42  31  1307  378  326  3  -2  
16  42  31  1315  378  326  3  -2  
16  42  31  1322  378  326  3  -2  
16  42  31  1332  378  326  3  -2  
16  42  31  1340  378  326  3  -2  
16  42  31  1349  378  326  3  -2  
16  42  31  1356  378  326  3  -2  
16  42  31  1367  378  326  3  -2  
16  42  31  1374  378  326  3  -2  
16  42  31  1383  378  326  3  -2  
16  42  31  1390  378  326  3  -2  
16  42  31  1399  378  326  3  -2  
16  42  31  1407  378  326  3  -2  
16  42  31  1417  378  326  3  -2  
16  42  31  1423  378  326  3  -2  
16  42  31  1434  378  326  3  -2  
16  42  31  1440  378  326  3  -2  
16  42  31  1449  378  326  3  -2  
16  42  31  1456  378  326  3  -2  
16  42  31  1467  378  326  3  -2  
16  42  31  1473  378  326  3  -2  
16  42  31  1483  378  326  3  -2  
16  42  31  1489  378  326  3  -2  
16  42  31  1500  378  326  3  -2  
16  42  31  1508  378  326  3  -2  
16  42  31  1517  378  326  3  -2  
16  42  31  1523  378  326  3  -2  
16  42  31  1532  378  326  3  -2  
16  42  31  1540  378  326  3  -2  
16  42  31  1550  378  326  3  -2  
16  42  31  1559  378  326  3  -2  
16  42  31  1569  378  326  3  -2  
16  42  31  1576  378  326  3  -2  
16  42  31  1586  378  326  3  -2  
16  42  31  1593  378  326  3  -2  
16  42  31  1601  378  326  3  -2  
16  42  31  1610  378  326  3  -2  
16  42  31  1618  378  326  3  -2  
16  42  31  1627  378  326  3  -2  
16  42  31  1635  378  326  3  -2  
16  42  31  1643  379  326  3  -2  
16  42  31  1652  379  326  3  -2  
16  42  31  1660  382  326  3  -2  
16  42  31  1669  382  326  3  -2  
16  42  31  1676  386  325  3  -2  
16  42  31  1684  389  324  3  -2  
16  42  31  1693  393  323  3  -2  
16  42  31  1701  401  320  3  -2  
16  42  31  1710  408  318  3  -2  
16  42  31  1718  417  315  3  -2  
16  42  31  1726  425  312  3  -2  
16  42  31  1736  434  308  3  -2  
16  42  31  1743  440  308  3  -2  
16  42  31  1752  447  307  3  -2  
16  42  31  1760  455  306  3  -2  
16  42  31  1768  460  306  3  -2  
16  42  31  1776  466  305  3  -2  
16  42  31  1784  473  304  3  -2  
16  42  31  1793  477  303  3  -2  
16  42  31  1803  490  301  3  -2  
16  42  31  1810  497  300  3  -2  
16  42  31  1818  506  299  4  -2  
16  42  31  1826  514  299  4  -2  
16  42  31  1835  523  297  4  -2  
16  42  31  1844  530  295  4  -2  
16  42  31  1851  535  295  4  -2  
16  42  31  1860  538  295  4  -2  
16  42  31  1870  542  295  4  -2  
16  42  32  1878  543  295  4  -2  
16  42  32  1886  545  295  4  -2  
16  42  32  1894  547  295  4  -2  
16  42  32  1902  548  295  4  -2  
16  42  32  1911  548  295  4  -2  
16  42  32  1918  549  295  4  -2  
16  42  32  1926  549  295  4  -2  
16  42  32  1936  549  295  4  -2  
16  42  32  1943  549  295  4  -2  
16  42  32  1951  549  295  4  -2  
16  42  32  1960  549  295  4  -2  
16  42  32  1969  549  295  4  -2  
16  42  32  1978  549  295  4  -2  
16  42  32  1986  549  295  4  -2  
16  42  32  1994  549  295  4  -2  
16  42  32  2002  549  295  4  -2  
16  42  32  2010  549  295  4  -2  
16  42  32  2020  549  295  4  -2  
16  42  32  2028  549  295  4  -2  
16  42  32  2035  549  295  4  -2  
16  42  32  2043  549  295  4  -2  
16  42  32  2052  549  295  4  -2  
16  42  32  2060  549  295  4  -2  
16  42  32  2068  550  295  4  -2  
16  42  32  2076  550  295  4  -2  
16  42  32  2085  550  295  4  -2  
16  42  32  2093  550  295  4  -2  
16  42  32  2102  550  296  4  -2  
16  42  32  2110  549  297  4  -2  
16  42  32  2119  549  297  4  -2  
16  42  32  2128  548  297  4  -2  
16  42  32  2135  548  297  4  -2  
16  42  32  2143  547  297  4  -2  
16  42  32  2152  547  297  4  -2  
16  42  32  2161  546  297  4  -2  
16  42  32  2169  545  297  4  -2  
16  42  32  2178  545  297  4  -2  
16  42  32  2185  545  297  4  -2  
16  42  32  2193  545  297  4  -2  
16  42  32  2202  545  297  4  -2  
16  42  32  2211  545  297  4  -2  
16  42  32  2219  545  297  4  -2  
16  42  32  2228  545  297  4  -2  
16  42  32  2235  545  297  4  -2  
16  42  32  2244  545  297  4  -2  
16  42  32  2252  545  297  4  -2  
16  42  32  2260  545  297  4  -2  
16  42  32  2270  545  297  4  -2  
16  42  32  2277  545  297  4  -2  
16  42  32  2286  545  297  4  -2  
16  42  32  2294  545  297  4  -2  
16  42  32  2302  545  297  4  -2  
16  42  32  2311  545  297  4  -2  
16  42  32  2319  545  297  4  -2  
16  42  32  2328  543  299  4  -2  
16  42  32  2337  542  299  4  -2  
16  42  32  2344  538  300  4  -2  
16  42  32  2352  534  300  4  -2  
16  42  32  2360  528  300  4  -2  
16  42  32  2369  516  300  4  -2  
16  42  32  2379  489  301  4  -2  
16  42  32  2385  474  301  4  -2  
16  42  32  2394  459  301  4  -2  
16  42  32  2403  445  301  4  -2  
16  42  32  2411  431  301  4  -2  
16  42  32  2420  421  302  4  -2  
16  42  32  2428  413  302  4  -2  
16  42  32  2437  401  305  4  -2  
16  42  32  2444  395  306  5  -2  
16  42  32  2453  390  307  5  -2  
16  42  32  2461  387  308  5  -2  
16  42  32  2470  383  310  5  -2  
16  42  32  2478  382  310  5  -2  
16  42  32  2487  381  311  5  -2  
16  42  32  2496  380  311  5  -2  
16  42  32  2503  379  312  5  -2  
16  42  32  2512  379  312  5  -2  
16  42  32  2521  378  312  5  -2  
16  42  32  2530  378  312  5  -2  
16  42  32  2538  377  313  5  -2  
16  42  32  2547  376  314  5  -2  
16  42  32  2555  376  315  5  -2  
16  42  32  2564  374  315  5  -2  
16  42  32  2570  371  316  5  -2  
16  42  32  2581  369  317  5  -2  
16  42  32  2588  366  319  5  -2  
16  42  32  2596  363  321  5  -2  
16  42  32  2603  359  324  5  -2  
16  42  32  2614  358  325  5  -2  
16  42  32  2620  358  325  5  -2  
16  42  32  2630  357  325  5  -2  
16  42  32  2638  357  325  5  -2  
16  42  32  2647  357  325  5  -2  
16  42  32  2654  357  325  5  -2  
16  42  32  2664  357  325  5  -2  
16  42  32  2671  357  325  5  -2  
16  42  32  2681  357  325  5  -2  
16  42  32  2688  357  325  5  -2  
16  42  32  2696  357  325  5  -2  
16  42  32  2704  357  325  5  -2  
16  42  32  2714  357  325  5  -2  
16  42  32  2721  357  325  5  -2  
16  42  32  2730  357  325  5  -2  
16  42  32  2738  357  325  5  -2  
16  42  32  2746  357  325  5  -2  
16  42  32  2754  357  325  5  -2  
16  42  32  2764  357  325  5  -2  
16  42  32  2771  357  325  5  -2  
16  42  32  2781  357  325  5  -2  
16  42  32  2789  357  325  5  -2  
16  42  32  2797  357  325  5  -2  
16  42  32  2805  357  325  5  -2  
16  42  32  2814  357  325  5  -2  
