10  56  25  0  367  321  1  -2  
10  56  25  8  372  321  1  -2  
10  56  25  17  378  322  1  -2  
10  56  25  25  388  323  1  -2  
10  56  25  33  400  326  1  -2  
10  56  25  41  415  327  1  -2  
10  56  25  50  434  330  1  -2  
10  56  25  57  450  333  1  -2  
10  56  25  66  466  336  1  -2  
10  56  25  75  489  338  1  -2  
10  56  25  83  493  339  1  -2  
10  56  25  90  498  340  1  -2  
10  56  25  99  498  340  1  -2  
10  56  25  107  500  340  1  -2  
10  56  25  116  502  340  1  -2  
10  56  25  123  502  340  1  -2  
10  56  25  132  502  340  1  -2  
10  56  25  140  502  340  1  -2  
10  56  25  149  502  340  1  -2  
10  56  25  158  502  340  1  -2  
10  56  25  166  502  340  1  -2  
10  56  25  173  503  340  1  -2  
10  56  25  184  504  340  1  -2  
10  56  25  190  505  340  2  -2  
10  56  25  199  505  340  2  -2  
10  56  25  207  508  340  2  -2  
10  56  25  216  510  340  2  -2  
10  56  25  223  512  339  2  -2  
10  56  25  232  513  338  2  -2  
10  56  25  240  515  338  2  -2  
10  56  25  249  518  335  2  -2  
10  56  25  257  518  335  2  -2  
10  56  25  266  518  335  2  -2  
10  56  25  273  518  335  2  -2  
10  56  25  282  518  335  2  -2  
10  56  25  290  518  335  2  -2  
10  56  25  299  518  335  2  -2  
10  56  25  307  518  335  2  -2  
10  56  25  316  518  335  2  -2  
10  56  25  325  518  335  2  -2  
10  56  25  332  516  334  2  -2  
10  56  25  340  510  334  2  -2  
10  56  25  349  495  334  2  -2  
10  56  25  357  477  334  2  -2  
10  56  25  366  460  334  2  -2  
10  56  25  373  437  334  2  -2  
10  56  25  382  419  334  2  -2  
10  56  25  390  404  334  2  -2  
10  56  25  399  394  334  3  -2  
10  56  25  408  386  334  3  -2  
10  56  25  416  383  334  3  -2  
10  56  25  424  382  334  3  -2  
10  56  25  432  382  334  3  -2  
10  56  25  440  382  334  3  -2  
10  56  25  449  382  334  3  -2  
10  56  25  457  382  334  3  -2  
10  56  25  466  382  334  3  -2  
10  56  25  474  382  334  3  -2  
10  56  25  482  382  334  3  -2  
10  56  25  490  382  334  3  -2  
10  56  25  499  382  334  3  -2  
10  56  25  508  382  334  3  -2  
10  56  25  516  382  334  3  -2  
10  56  25  524  382  334  3  -2  
10  56  25  533  382  334  3  -2  
10  56  25  541  382  334  3  -2  
10  56  25  549  382  334  3  -2  
10  56  25  557  382  334  3  -2  
10  56  25  566  382  334  3  -2  
10  56  25  574  382  334  3  -2  
10  56  25  582  382  334  3  -2  
10  56  25  591  382  334  3  -2  
10  56  25  599  382  334  3  -2  
10  56  25  608  382  334  3  -2  
10  56  25  617  382  334  3  -2  
10  56  25  622  382  334  3  -2  
10  56  25  632  382  334  3  -2  
10  56  25  640  382  334  3  -2  
10  56  25  649  382  334  3  -2  
10  56  25  657  382  334  3  -2  
10  56  26  666  382  334  3  -2  
10  56  26  673  382  334  3  -2  
10  56  26  682  382  334  3  -2  
10  56  26  691  382  334  3  -2  
10  56  26  699  382  334  3  -2  
10  56  26  708  382  334  3  -2  
10  56  26  717  382  334  3  -2  
10  56  26  724  382  334  3  -2  
10  56  26  732  382  334  3  -2  
10  56  26  741  382  334  3  -2  
10  56  26  749  382  334  3  -2  
10  56  26  757  382  334  3  -2  
10  56  26  766  382  334  3  -2  
10  56  26  773  382  334  3  -2  
10  56  26  782  382  334  3  -2  
10  56  26  791  382  334  3  -2  
10  56  26  800  382  334  3  -2  
10  56  26  808  382  334  3  -2  
10  56  26  817  382  334  3  -2  
10  56  26  824  382  334  3  -2  
10  56  26  834  382  334  3  -2  
10  56  26  841  382  334  3  -2  
10  56  26  849  382  334  3  -2  
10  56  26  858  382  334  3  -2  
10  56  26  866  382  334  3  -2  
10  56  26  874  382  334  3  -2  
10  56  26  882  382  334  3  -2  
10  56  26  891  382  334  3  -2  
10  56  26  899  382  334  3  -2  
10  56  26  908  382  334  3  -2  
10  56  26  916  382  334  3  -2  
10  56  26  924  382  334  3  -2  
10  56  26  932  382  334  3  -2  
10  56  26  940  382  334  3  -2  
10  56  26  949  382  334  3  -2  
10  56  26  958  382  334  3  -2  
10  56  26  966  382  334  3  -2  
10  56  26  974  383  334  3  -2  
10  56  26  982  392  334  3  -2  
10  56  26  991  400  334  3  -2  
10  56  26  999  414  334  3  -2  
10  56  26  1008  425  333  3  -2  
10  56  26  1017  439  333  3  -2  
10  56  26  1024  452  333  3  -2  
10  56  26  1032  464  333  3  -2  
10  56  26  1041  474  333  3  -2  
10  56  26  1049  481  333  3  -2  
10  56  26  1058  484  333  3  -2  
10  56  26  1067  488  333  3  -2  
10  56  26  1075  492  333  3  -2  
10  56  26  1082  494  333  3  -2  
10  56  26  1091  494  333  3  -2  
10  56  26  1100  495  333  3  -2  
10  56  26  1109  498  333  3  -2  
10  56  26  1117  499  333  4  -2  
10  56  26  1124  503  333  4  -2  
10  56  26  1132  508  331  4  -2  
10  56  26  1142  512  331  4  -2  
10  56  26  1149  514  330  4  -2  
10  56  26  1159  516  330  4  -2  
10  56  26  1167  518  330  4  -2  
10  56  26  1174  521  329  4  -2  
10  56  26  1183  521  329  4  -2  
10  56  26  1191  523  328  4  -2  
10  56  26  1200  523  328  4  -2  
10  56  26  1208  525  328  4  -2  
10  56  26  1217  525  328  4  -2  
10  56  26  1224  525  328  4  -2  
10  56  26  1233  525  328  4  -2  
10  56  26  1241  526  327  4  -2  
10  56  26  1250  526  327  4  -2  
10  56  26  1257  526  327  4  -2  
10  56  26  1266  526  327  4  -2  
10  56  26  1274  526  327  4  -2  
10  56  26  1283  526  327  4  -2  
10  56  26  1291  526  327  4  -2  
10  56  26  1300  526  327  4  -2  
10  56  26  1308  526  327  4  -2  
10  56  26  1317  526  327  4  -2  
10  56  26  1326  526  327  4  -2  
10  56  26  1333  526  327  4  -2  
10  56  26  1341  526  327  4  -2  
10  56  26  1350  526  327  4  -2  
10  56  26  1358  526  327  4  -2  
10  56  26  1366  526  327  4  -2  
10  56  26  1374  525  326  4  -2  
10  56  26  1384  521  326  4  -2  
10  56  26  1391  516  326  4  -2  
10  56  26  1399  509  326  4  -2  
10  56  26  1408  502  326  4  -2  
10  56  26  1417  494  326  4  -2  
10  56  26  1425  485  326  4  -2  
10  56  26  1434  472  326  4  -2  
10  56  26  1441  457  326  4  -2  
10  56  26  1450  441  326  4  -2  
10  56  26  1459  427  326  4  -2  
10  56  26  1466  414  326  4  -2  
10  56  26  1474  401  324  4  -2  
10  56  27  1942  495  317  6  -2  
10  56  27  1950  503  317  6  -2  
10  56  27  1959  505  317  6  -2  
10  56  27  1967  509  317  6  -2  
10  56  27  1976  509  317  6  -2  
10  56  27  1985  509  317  6  -2  
10  56  27  1992  509  317  6  -2  
10  56  27  2001  510  317  6  -2  
10  56  27  2010  512  317  6  -2  
10  56  27  2020  512  317  6  -2  
10  56  27  2026  515  317  6  -2  
10  56  27  2036  515  317  6  -2  
10  56  27  2045  521  317  6  -2  
10  56  27  2052  521  317  6  -2  
10  56  27  2060  522  317  6  -2  
10  56  27  2068  524  317  6  -2  
10  56  27  2078  525  317  6  -2  
10  56  27  2085  525  317  6  -2  
10  56  27  2095  525  317  6  -2  
10  56  27  2101  525  317  6  -2  
10  56  27  2111  525  317  6  -2  
10  56  27  2118  525  317  6  -2  
10  56  27  2128  525  317  6  -2  
10  56  27  2134  525  317  6  -2  
10  56  27  2145  525  317  6  -2  
10  56  27  2152  525  317  6  -2  
10  56  27  2162  525  317  6  -2  
10  56  27  2169  525  317  6  -2  
10  56  27  2178  525  317  6  -2  
10  56  27  2186  525  317  6  -2  
10  56  27  2195  525  317  6  -2  
10  56  27  2203  517  317  6  -2  
10  56  27  2210  511  317  6  -2  
10  56  27  2218  511  317  6  -2  
10  56  27  2229  504  317  6  -2  
10  56  27  2236  484  315  6  -2  
10  56  27  2245  470  315  6  -2  
10  56  27  2253  457  315  6  -2  
10  56  27  2260  439  315  6  -2  
10  56  27  2269  427  315  6  -2  
10  56  27  2279  417  314  6  -2  
10  56  27  2286  407  314  6  -2  
10  56  27  2295  399  314  7  -2  
10  56  27  2302  393  314  7  -2  
10  56  27  2312  387  314  7  -2  
10  56  27  2320  378  314  7  -2  
10  56  27  2329  371  314  7  -2  
10  56  27  2335  366  314  7  -2  
10  56  27  2345  361  314  7  -2  
10  56  27  2353  357  314  7  -2  
10  56  27  2362  354  314  7  -2  
10  56  27  2369  353  314  7  -2  
10  56  27  2378  351  315  7  -2  
10  56  27  2386  351  315  7  -2  
10  56  27  2395  351  315  7  -2  
10  56  27  2402  351  315  7  -2  
10  56  27  2412  351  315  7  -2  
10  56  27  2419  351  315  7  -2  
10  56  27  2428  351  315  7  -2  
10  56  27  2436  351  315  7  -2  
10  56  27  2445  351  315  7  -2  
10  56  27  2452  351  315  7  -2  
10  56  27  2462  351  315  7  -2  
10  56  27  2469  351  315  7  -2  
10  56  27  2479  351  315  7  -2  
10  56  27  2486  351  315  7  -2  
10  56  27  2495  351  315  7  -2  
10  56  27  2503  351  315  7  -2  
10  56  27  2512  351  315  7  -2  
10  56  27  2519  351  315  7  -2  
10  56  27  2529  351  315  7  -2  
10  56  27  2537  351  315  7  -2  
10  56  27  2546  351  315  7  -2  
10  56  27  2553  351  315  7  -2  
10  56  27  2562  351  315  7  -2  
10  56  27  2570  351  315  7  -2  
10  56  27  2579  351  315  7  -2  
10  56  27  2587  351  315  7  -2  
