10  23  4  0  383  312  1  -2  
10  23  4  9  383  312  1  -2  
10  23  4  18  383  312  1  -2  
10  23  4  25  383  312  1  -2  
10  23  4  33  383  312  1  -2  
10  23  4  42  383  313  1  -2  
10  23  4  50  384  313  1  -2  
10  23  4  60  384  313  1  -2  
10  23  4  67  385  313  1  -2  
10  23  4  75  388  313  1  -2  
10  23  4  83  389  313  1  -2  
10  23  4  92  392  313  1  -2  
10  23  4  101  394  313  1  -2  
10  23  4  109  398  313  1  -2  
10  23  4  119  401  313  1  -2  
10  23  4  125  408  313  1  -2  
10  23  4  134  408  313  1  -2  
10  23  4  142  412  313  1  -2  
10  23  4  150  421  313  1  -2  
10  23  4  159  426  313  1  -2  
10  23  4  169  431  313  1  -2  
10  23  4  177  436  313  1  -2  
10  23  4  185  441  313  1  -2  
10  23  4  194  445  313  1  -2  
10  23  4  202  450  313  1  -2  
10  23  4  210  457  313  1  -2  
10  23  4  219  464  314  1  -2  
10  23  4  227  468  314  1  -2  
10  23  4  236  473  315  1  -2  
10  23  4  244  476  315  1  -2  
10  23  4  252  481  315  1  -2  
10  23  4  261  484  316  1  -2  
10  23  4  269  489  316  1  -2  
10  23  4  278  493  316  1  -2  
10  23  4  286  498  316  2  -2  
10  23  4  294  503  316  2  -2  
10  23  4  302  503  316  2  -2  
10  23  4  310  506  316  2  -2  
10  23  4  319  510  316  2  -2  
10  23  4  328  512  316  2  -2  
10  23  4  336  513  316  2  -2  
10  23  4  345  513  316  2  -2  
10  23  4  353  514  316  2  -2  
10  23  4  361  514  316  2  -2  
10  23  4  369  515  316  2  -2  
10  23  4  377  515  316  2  -2  
10  23  4  386  517  316  2  -2  
10  23  4  393  518  316  2  -2  
10  23  4  402  518  316  2  -2  
10  23  4  410  519  316  2  -2  
10  23  4  419  521  316  2  -2  
10  23  4  427  521  316  2  -2  
10  23  4  436  522  316  2  -2  
10  23  4  444  523  316  2  -2  
10  23  4  452  523  316  2  -2  
10  23  4  460  523  316  2  -2  
10  23  4  470  523  316  2  -2  
10  23  4  478  523  316  2  -2  
10  23  4  486  523  316  2  -2  
10  23  4  495  523  316  2  -2  
10  23  4  503  523  316  2  -2  
10  23  4  511  523  316  2  -2  
10  23  4  519  523  316  2  -2  
10  23  4  529  523  316  2  -2  
10  23  4  536  523  316  2  -2  
10  23  4  544  523  316  2  -2  
10  23  4  552  523  316  2  -2  
10  23  4  560  523  316  2  -2  
10  23  4  570  523  316  2  -2  
10  23  4  578  523  316  2  -2  
10  23  4  585  523  316  2  -2  
10  23  4  594  523  316  2  -2  
10  23  4  603  523  316  2  -2  
10  23  4  611  523  316  2  -2  
10  23  4  620  523  316  2  -2  
10  23  4  628  523  316  2  -2  
10  23  4  636  523  316  2  -2  
10  23  4  644  523  316  2  -2  
10  23  4  652  523  316  2  -2  
10  23  4  660  523  316  2  -2  
10  23  4  670  523  316  2  -2  
10  23  4  679  522  316  2  -2  
10  23  4  686  519  316  2  -2  
10  23  4  694  519  316  2  -2  
10  23  4  702  517  316  2  -2  
10  23  4  711  517  316  2  -2  
10  23  4  720  513  316  2  -2  
10  23  4  729  511  316  2  -2  
10  23  4  736  509  316  2  -2  
10  23  4  745  506  316  2  -2  
10  23  4  753  504  316  2  -2  
10  23  4  761  501  316  2  -2  
10  23  4  770  500  316  2  -2  
10  23  4  781  496  316  2  -2  
10  23  4  790  492  316  2  -2  
10  23  4  798  490  316  2  -2  
10  23  4  807  485  316  2  -2  
10  23  5  813  479  316  2  -2  
10  23  5  822  479  316  2  -2  
10  23  5  830  476  316  2  -2  
10  23  5  841  474  316  2  -2  
10  23  5  848  468  316  2  -2  
10  23  5  857  465  316  2  -2  
10  23  5  864  460  316  2  -2  
10  23  5  872  456  316  2  -2  
10  23  5  881  452  316  2  -2  
10  23  5  892  448  314  2  -2  
10  23  5  897  444  313  2  -2  
10  23  5  906  440  313  2  -2  
10  23  5  914  437  312  2  -2  
10  23  5  924  435  312  2  -2  
10  23  5  930  432  312  2  -2  
10  23  5  940  431  312  2  -2  
10  23  5  948  428  312  2  -2  
10  23  5  957  426  311  2  -2  
10  23  5  963  423  311  2  -2  
10  23  5  974  420  310  2  -2  
10  23  5  980  416  308  2  -2  
10  23  5  992  413  308  2  -2  
10  23  5  999  407  307  2  -2  
10  23  5  1009  404  307  2  -2  
10  23  5  1014  403  307  2  -2  
10  23  5  1024  403  307  2  -2  
10  23  5  1032  401  307  2  -2  
10  23  5  1042  400  307  2  -2  
10  23  5  1049  399  307  3  -2  
10  23  5  1058  396  307  3  -2  
10  23  5  1064  395  307  3  -2  
10  23  5  1074  392  305  3  -2  
10  23  5  1081  390  305  3  -2  
10  23  5  1091  388  305  3  -2  
10  23  5  1098  387  304  3  -2  
10  23  5  1108  385  304  3  -2  
10  23  5  1114  384  304  3  -2  
10  23  5  1125  384  304  3  -2  
10  23  5  1132  383  304  3  -2  
10  23  5  1141  383  304  3  -2  
10  23  5  1147  383  304  3  -2  
10  23  5  1158  382  304  3  -2  
10  23  5  1164  382  304  3  -2  
10  23  5  1174  381  304  3  -2  
10  23  5  1181  380  304  3  -2  
10  23  5  1191  380  304  3  -2  
10  23  5  1198  380  304  3  -2  
10  23  5  1207  380  304  3  -2  
10  23  5  1214  380  304  3  -2  
10  23  5  1224  379  304  3  -2  
10  23  5  1231  379  304  3  -2  
10  23  5  1241  379  304  3  -2  
10  23  5  1248  379  304  3  -2  
10  23  5  1258  379  304  3  -2  
10  23  5  1265  379  304  3  -2  
10  23  5  1274  379  304  3  -2  
10  23  5  1281  379  304  3  -2  
10  23  5  1291  379  304  3  -2  
10  23  5  1298  379  304  3  -2  
10  23  5  1308  379  304  3  -2  
10  23  5  1314  379  304  3  -2  
10  23  5  1324  379  304  3  -2  
10  23  5  1331  379  304  3  -2  
10  23  5  1341  379  304  3  -2  
10  23  5  1349  379  304  3  -2  
10  23  5  1358  379  304  3  -2  
10  23  5  1363  380  304  3  -2  
10  23  5  1376  380  304  3  -2  
10  23  5  1381  383  304  3  -2  
10  23  5  1391  383  304  3  -2  
10  23  5  1398  389  304  3  -2  
10  23  5  1408  389  304  3  -2  
10  23  5  1415  393  305  3  -2  
10  23  5  1424  396  305  3  -2  
10  23  5  1432  397  306  3  -2  
10  23  5  1441  401  306  3  -2  
10  23  5  1449  405  306  3  -2  
10  23  5  1458  407  306  3  -2  
10  23  5  1464  412  306  3  -2  
10  23  5  1474  418  309  3  -2  
10  23  5  1481  422  309  3  -2  
10  23  5  1492  426  310  3  -2  
10  23  5  1499  429  310  3  -2  
10  23  5  1507  431  311  3  -2  
10  23  5  1515  434  311  3  -2  
10  23  5  1524  436  311  3  -2  
10  23  5  1532  439  311  3  -2  
10  23  5  1541  442  311  3  -2  
10  23  5  1549  445  311  3  -2  
10  23  5  1557  448  311  3  -2  
10  23  5  1565  452  313  3  -2  
10  23  5  1574  455  314  3  -2  
10  23  5  1581  465  315  3  -2  
10  23  5  1591  465  315  3  -2  
10  23  5  1598  478  319  3  -2  
10  23  5  1608  482  320  3  -2  
10  23  5  1615  486  320  3  -2  
10  23  5  1624  488  320  3  -2  
10  23  5  1633  489  321  3  -2  
10  23  5  1641  491  321  3  -2  
10  23  5  1649  491  321  3  -2  
10  23  5  1658  492  321  3  -2  
10  23  5  1665  493  321  3  -2  
10  23  5  1674  494  321  3  -2  
10  23  5  1682  494  321  3  -2  
10  23  5  1691  496  321  4  -2  
10  23  5  1699  497  321  4  -2  
10  23  5  1707  497  321  4  -2  
10  23  5  1715  498  321  4  -2  
10  23  5  1724  500  321  4  -2  
10  23  5  1732  501  321  4  -2  
10  23  5  1741  504  321  4  -2  
10  23  5  1749  504  321  4  -2  
10  23  5  1757  505  321  4  -2  
10  23  5  1765  505  321  4  -2  
10  23  5  1774  505  321  4  -2  
10  23  5  1783  507  323  4  -2  
10  23  5  1790  507  323  4  -2  
10  23  5  1799  507  323  4  -2  
10  23  5  1807  507  323  4  -2  
10  23  6  1815  507  323  4  -2  
10  23  6  1824  507  323  4  -2  
10  23  6  1831  507  323  4  -2  
10  23  6  1841  507  323  4  -2  
10  23  6  1849  507  323  4  -2  
10  23  6  1857  507  323  4  -2  
10  23  6  1865  507  323  4  -2  
10  23  6  1874  507  323  4  -2  
10  23  6  1881  507  323  4  -2  
10  23  6  1891  507  323  4  -2  
10  23  6  1899  507  323  4  -2  
10  23  6  1908  507  323  4  -2  
10  23  6  1915  507  323  4  -2  
10  23  6  1924  507  323  4  -2  
10  23  6  1932  507  323  4  -2  
10  23  6  1941  507  323  4  -2  
10  23  6  1950  507  323  4  -2  
10  23  6  1958  507  323  4  -2  
10  23  6  1965  507  323  4  -2  
10  23  6  1974  507  323  4  -2  
10  23  6  1981  507  323  4  -2  
10  23  6  1991  507  323  4  -2  
10  23  6  1999  507  323  4  -2  
10  23  6  2008  507  323  4  -2  
10  23  6  2014  507  323  4  -2  
10  23  6  2024  507  323  4  -2  
10  23  6  2032  507  323  4  -2  
10  23  6  2041  506  323  4  -2  
10  23  6  2049  505  323  4  -2  
10  23  6  2057  504  323  4  -2  
10  23  6  2065  501  323  4  -2  
10  23  6  2074  500  323  4  -2  
10  23  6  2081  498  323  4  -2  
10  23  6  2091  497  323  4  -2  
10  23  6  2099  495  323  4  -2  
10  23  6  2107  492  323  4  -2  
10  23  6  2115  490  323  4  -2  
10  23  6  2124  487  323  4  -2  
10  23  6  2132  482  323  4  -2  
10  23  6  2141  477  323  4  -2  
10  23  6  2150  472  323  4  -2  
10  23  6  2157  462  323  4  -2  
10  23  6  2165  455  323  4  -2  
10  23  6  2175  445  323  4  -2  
10  23  6  2183  429  321  4  -2  
10  23  6  2191  422  321  4  -2  
10  23  6  2199  419  320  4  -2  
10  23  6  2208  416  320  4  -2  
10  23  6  2216  413  319  4  -2  
10  23  6  2224  411  319  4  -2  
10  23  6  2232  410  319  4  -2  
10  23  6  2241  407  318  4  -2  
10  23  6  2250  403  318  4  -2  
10  23  6  2258  401  318  4  -2  
