10  22  31  0  378  307  1  -2  
10  22  31  7  378  307  1  -2  
10  22  31  16  378  307  1  -2  
10  22  31  32  378  308  1  -2  
10  22  31  41  379  308  1  -2  
10  22  31  50  380  308  1  -2  
10  22  31  60  382  308  1  -2  
10  22  31  68  383  308  1  -2  
10  22  31  77  384  307  1  -2  
10  22  31  85  385  307  1  -2  
10  22  31  95  386  307  1  -2  
10  22  31  103  388  307  1  -2  
10  22  31  113  391  307  1  -2  
10  22  31  120  392  307  1  -2  
10  22  31  130  396  307  1  -2  
10  22  31  137  399  307  1  -2  
10  22  31  147  400  307  1  -2  
10  22  31  153  406  307  1  -2  
10  22  31  164  406  307  1  -2  
10  22  31  171  413  307  1  -2  
10  22  31  179  418  307  1  -2  
10  22  31  187  423  307  1  -2  
10  22  31  197  428  307  1  -2  
10  22  31  203  432  307  1  -2  
10  22  31  214  438  307  1  -2  
10  22  31  220  442  307  1  -2  
10  22  31  230  447  307  1  -2  
10  22  31  238  452  307  1  -2  
10  22  31  247  457  307  1  -2  
10  22  31  253  461  307  1  -2  
10  22  31  264  466  307  1  -2  
10  22  31  271  470  307  1  -2  
10  22  31  281  474  308  1  -2  
10  22  31  288  477  308  1  -2  
10  22  31  298  479  308  1  -2  
10  22  31  303  483  308  1  -2  
10  22  31  314  483  308  1  -2  
10  22  31  321  485  308  1  -2  
10  22  31  331  487  308  1  -2  
10  22  31  338  487  308  1  -2  
10  22  31  348  487  308  1  -2  
10  22  31  356  490  308  1  -2  
10  22  31  365  491  308  1  -2  
10  22  31  372  493  308  1  -2  
10  22  31  381  493  308  1  -2  
10  22  31  389  493  308  1  -2  
10  22  31  398  494  308  1  -2  
10  22  31  406  495  308  2  -2  
10  22  31  415  496  308  2  -2  
10  22  31  421  497  308  2  -2  
10  22  31  431  498  308  2  -2  
10  22  31  439  498  308  2  -2  
10  22  31  448  500  308  2  -2  
10  22  31  454  501  308  2  -2  
10  22  31  464  501  308  2  -2  
10  22  31  472  501  308  2  -2  
10  22  31  481  501  308  2  -2  
10  22  31  488  501  308  2  -2  
10  22  31  498  501  308  2  -2  
10  22  31  505  502  308  2  -2  
10  22  31  514  504  308  2  -2  
10  22  31  522  505  310  2  -2  
10  22  31  532  506  310  2  -2  
10  22  31  538  509  311  2  -2  
10  22  31  549  509  311  2  -2  
10  22  31  557  510  311  2  -2  
10  22  31  566  512  311  2  -2  
10  22  31  573  512  311  2  -2  
10  22  31  582  512  311  2  -2  
10  22  31  590  512  311  2  -2  
10  22  31  600  512  311  2  -2  
10  22  31  610  512  311  2  -2  
10  22  31  618  512  311  2  -2  
10  22  31  627  512  311  2  -2  
10  22  31  636  512  311  2  -2  
10  22  31  645  512  311  2  -2  
10  22  31  651  512  311  2  -2  
10  22  31  662  512  311  2  -2  
10  22  31  668  512  311  2  -2  
10  22  31  678  512  311  2  -2  
10  22  31  684  512  311  2  -2  
10  22  31  694  512  311  2  -2  
10  22  31  701  512  311  2  -2  
10  22  31  712  512  311  2  -2  
10  22  31  718  512  311  2  -2  
10  22  31  728  512  311  2  -2  
10  22  31  736  512  311  2  -2  
10  22  31  745  512  311  2  -2  
10  22  31  750  512  311  2  -2  
10  22  31  760  512  311  2  -2  
10  22  31  768  512  311  2  -2  
10  22  31  778  512  311  2  -2  
10  22  31  785  512  311  2  -2  
10  22  31  794  512  311  2  -2  
10  22  31  801  512  311  2  -2  
10  22  31  810  512  311  2  -2  
10  22  31  818  512  311  2  -2  
10  22  31  828  512  311  2  -2  
10  22  31  836  512  311  2  -2  
10  22  31  845  512  311  2  -2  
10  22  31  850  512  311  2  -2  
10  22  31  860  512  311  2  -2  
10  22  31  868  512  311  2  -2  
10  22  31  878  512  311  2  -2  
10  22  31  885  512  311  2  -2  
10  22  31  895  512  311  2  -2  
10  22  31  901  512  311  2  -2  
10  22  31  910  512  311  2  -2  
10  22  31  918  512  311  2  -2  
10  22  31  928  512  311  2  -2  
10  22  31  934  512  311  2  -2  
10  22  31  945  512  311  2  -2  
10  22  31  951  512  311  2  -2  
10  22  31  961  512  311  2  -2  
10  22  31  969  512  311  2  -2  
10  22  31  978  512  311  2  -2  
10  22  31  986  510  311  2  -2  
10  22  31  994  510  311  2  -2  
10  22  32  1001  509  311  2  -2  
10  22  32  1012  508  311  2  -2  
10  22  32  1018  506  311  2  -2  
10  22  32  1029  505  311  2  -2  
10  22  32  1036  503  311  2  -2  
10  22  32  1046  500  311  2  -2  
10  22  32  1053  496  311  2  -2  
10  22  32  1062  493  311  2  -2  
10  22  32  1069  489  311  2  -2  
10  22  32  1080  485  311  2  -2  
10  22  32  1087  481  311  2  -2  
10  22  32  1097  476  311  2  -2  
10  22  32  1102  473  311  2  -2  
10  22  32  1111  469  311  2  -2  
10  22  32  1119  464  311  2  -2  
10  22  32  1128  457  310  2  -2  
10  22  32  1137  452  310  2  -2  
10  22  32  1146  444  307  2  -2  
10  22  32  1152  431  305  2  -2  
10  22  32  1163  431  305  2  -2  
10  22  32  1169  418  304  2  -2  
10  22  32  1180  418  304  2  -2  
10  22  32  1187  409  303  2  -2  
10  22  32  1197  407  303  2  -2  
10  22  32  1203  404  302  2  -2  
10  22  32  1213  403  302  2  -2  
10  22  32  1220  400  302  2  -2  
10  22  32  1230  398  302  2  -2  
10  22  32  1237  396  302  3  -2  
10  22  32  1247  394  302  3  -2  
10  22  32  1253  390  302  3  -2  
10  22  32  1263  388  302  3  -2  
10  22  32  1270  383  302  3  -2  
10  22  32  1280  381  300  3  -2  
10  22  32  1287  377  300  3  -2  
10  22  32  1297  375  300  3  -2  
10  22  32  1303  374  300  3  -2  
10  22  32  1311  373  300  3  -2  
10  22  32  1319  373  300  3  -2  
10  22  32  1329  372  300  3  -2  
10  22  32  1337  372  300  3  -2  
10  22  32  1346  372  300  3  -2  
10  22  32  1352  372  300  3  -2  
10  22  32  1364  372  300  3  -2  
10  22  32  1370  372  300  3  -2  
10  22  32  1379  372  300  3  -2  
10  22  32  1387  372  300  3  -2  
10  22  32  1396  372  300  3  -2  
10  22  32  1403  372  300  3  -2  
10  22  32  1413  372  300  3  -2  
10  22  32  1421  372  300  3  -2  
10  22  32  1430  372  300  3  -2  
10  22  32  1436  372  300  3  -2  
10  22  32  1447  372  300  3  -2  
10  22  32  1453  372  300  3  -2  
10  22  32  1463  372  300  3  -2  
10  22  32  1470  372  300  3  -2  
10  22  32  1479  372  300  3  -2  
10  22  32  1487  372  300  3  -2  
10  22  32  1497  372  300  3  -2  
10  22  32  1503  372  300  3  -2  
10  22  32  1513  372  300  3  -2  
10  22  32  1520  372  300  3  -2  
10  22  32  1530  372  300  3  -2  
10  22  32  1538  372  300  3  -2  
10  22  32  1547  372  300  3  -2  
10  22  32  1553  372  300  3  -2  
10  22  32  1563  372  300  3  -2  
10  22  32  1570  372  300  3  -2  
10  22  32  1580  372  300  3  -2  
10  22  32  1587  372  300  3  -2  
10  22  32  1597  372  300  3  -2  
10  22  32  1603  372  300  3  -2  
10  22  32  1613  372  300  3  -2  
10  22  32  1620  372  300  3  -2  
10  22  32  1630  372  300  3  -2  
10  22  32  1637  372  300  3  -2  
10  22  32  1648  372  300  3  -2  
10  22  32  1654  372  300  3  -2  
10  22  32  1665  372  300  3  -2  
10  22  32  1672  372  300  3  -2  
10  22  32  1682  372  300  3  -2  
10  22  32  1690  372  300  3  -2  
10  22  32  1699  372  300  3  -2  
10  22  32  1711  372  300  3  -2  
10  22  32  1720  373  300  3  -2  
10  22  32  1730  376  300  3  -2  
10  22  32  1736  377  300  3  -2  
10  22  32  1748  381  300  3  -2  
10  22  32  1756  389  300  3  -2  
10  22  32  1763  392  301  3  -2  
10  22  32  1771  395  302  3  -2  
10  22  32  1780  397  302  3  -2  
10  22  32  1789  400  302  3  -2  
10  22  32  1797  401  302  3  -2  
10  22  32  1805  404  302  3  -2  
10  22  32  1813  405  302  3  -2  
10  22  32  1821  408  302  3  -2  
10  22  32  1830  412  302  3  -2  
10  22  32  1838  414  304  3  -2  
10  22  32  1847  419  304  3  -2  
10  22  32  1855  425  304  3  -2  
10  22  32  1863  432  305  3  -2  
10  22  32  1871  435  306  3  -2  
10  22  32  1880  441  306  3  -2  
10  22  32  1888  444  306  3  -2  
10  22  32  1898  448  307  3  -2  
10  22  32  1906  452  307  3  -2  
10  22  32  1913  455  309  3  -2  
10  22  32  1923  455  309  3  -2  
10  22  32  1930  458  309  3  -2  
10  22  32  1939  460  309  3  -2  
10  22  32  1948  461  309  3  -2  
10  22  32  1956  462  309  3  -2  
10  22  32  1964  463  309  3  -2  
10  22  32  1972  464  309  3  -2  
10  22  32  1980  466  309  3  -2  
10  22  32  1989  466  309  3  -2  
10  22  33  1998  468  309  3  -2  
10  22  33  2006  470  309  3  -2  
10  22  33  2013  472  309  3  -2  
10  22  33  2022  473  309  3  -2  
10  22  33  2030  474  309  3  -2  
10  22  33  2038  474  309  3  -2  
10  22  33  2047  474  309  3  -2  
10  22  33  2056  476  309  3  -2  
10  22  33  2063  477  309  3  -2  
10  22  33  2072  478  309  3  -2  
10  22  33  2081  480  309  3  -2  
10  22  33  2088  480  309  3  -2  
10  22  33  2098  482  309  3  -2  
10  22  33  2106  483  309  3  -2  
10  22  33  2113  484  309  3  -2  
10  22  33  2122  485  309  3  -2  
10  22  33  2130  485  309  3  -2  
10  22  33  2138  485  309  3  -2  
10  22  33  2148  486  309  3  -2  
10  22  33  2156  487  309  3  -2  
10  22  33  2164  487  309  3  -2  
10  22  33  2172  487  309  3  -2  
10  22  33  2181  487  309  3  -2  
10  22  33  2189  487  309  3  -2  
10  22  33  2198  487  309  3  -2  
10  22  33  2206  487  309  3  -2  
10  22  33  2213  487  309  3  -2  
10  22  33  2222  487  309  3  -2  
10  22  33  2230  487  309  3  -2  
10  22  33  2238  487  309  3  -2  
10  22  33  2248  487  309  3  -2  
10  22  33  2256  487  309  3  -2  
10  22  33  2264  487  309  3  -2  
10  22  33  2271  487  309  3  -2  
10  22  33  2280  487  309  3  -2  
10  22  33  2289  487  309  3  -2  
10  22  33  2298  487  309  3  -2  
10  22  33  2306  487  309  3  -2  
10  22  33  2313  487  309  3  -2  
10  22  33  2322  487  309  3  -2  
10  22  33  2331  487  309  3  -2  
10  22  33  2339  489  309  3  -2  
10  22  33  2348  489  309  3  -2  
10  22  33  2356  492  309  3  -2  
10  22  33  2364  493  309  3  -2  
10  22  33  2371  493  309  3  -2  
10  22  33  2380  493  309  3  -2  
10  22  33  2388  493  309  3  -2  
10  22  33  2397  493  309  3  -2  
10  22  33  2404  493  309  3  -2  
10  22  33  2413  493  309  3  -2  
10  22  33  2421  493  309  3  -2  
10  22  33  2429  493  309  3  -2  
10  22  33  2438  493  309  3  -2  
10  22  33  2446  493  309  3  -2  
10  22  33  2456  495  310  4  -2  
10  22  33  2463  496  310  4  -2  
10  22  33  2472  496  310  4  -2  
10  22  33  2480  497  310  4  -2  
10  22  33  2488  499  310  4  -2  
10  22  33  2497  499  310  4  -2  
10  22  33  2507  499  310  4  -2  
10  22  33  2514  499  310  4  -2  
10  22  33  2523  499  310  4  -2  
10  22  33  2531  499  310  4  -2  
10  22  33  2540  499  310  4  -2  
10  22  33  2548  499  310  4  -2  
10  22  33  2556  499  310  4  -2  
10  22  33  2565  500  310  4  -2  
10  22  33  2573  500  310  4  -2  
10  22  33  2581  501  310  4  -2  
10  22  33  2589  502  310  4  -2  
10  22  33  2597  502  310  4  -2  
10  22  33  2606  503  310  4  -2  
10  22  33  2615  503  310  4  -2  
10  22  33  2624  503  310  4  -2  
10  22  33  2632  503  310  4  -2  
10  22  33  2639  503  310  4  -2  
10  22  33  2648  503  310  4  -2  
10  22  33  2657  503  310  4  -2  
10  22  33  2666  503  310  4  -2  
10  22  33  2673  503  310  4  -2  
10  22  33  2681  503  310  4  -2  
10  22  33  2691  503  310  4  -2  
10  22  33  2699  503  310  4  -2  
10  22  33  2707  503  310  4  -2  
10  22  33  2716  503  310  4  -2  
10  22  33  2723  503  310  4  -2  
10  22  33  2731  503  310  4  -2  
10  22  33  2739  503  310  4  -2  
10  22  33  2748  503  310  4  -2  
10  22  33  2757  503  310  4  -2  
10  22  33  2766  503  310  4  -2  
10  22  33  2772  503  310  4  -2  
10  22  33  2781  503  310  4  -2  
10  22  33  2793  503  310  4  -2  
10  22  33  2799  503  310  4  -2  
10  22  33  2809  503  310  4  -2  
10  22  33  2817  503  310  4  -2  
10  22  33  2825  503  310  4  -2  
10  22  33  2832  503  310  4  -2  
10  22  33  2843  503  310  4  -2  
10  22  33  2851  503  310  4  -2  
10  22  33  2860  503  310  4  -2  
10  22  33  2867  502  310  4  -2  
10  22  33  2876  499  310  4  -2  
10  22  33  2883  494  310  4  -2  
10  22  33  2893  487  310  4  -2  
10  22  33  2900  483  309  4  -2  
10  22  33  2910  478  309  4  -2  
10  22  33  2916  475  309  4  -2  
10  22  33  2927  474  309  4  -2  
10  22  33  2933  470  309  4  -2  
10  22  33  2942  466  309  4  -2  
10  22  33  2949  463  309  4  -2  
10  22  33  2960  458  309  4  -2  
10  22  33  2967  453  309  4  -2  
10  22  33  2975  449  308  4  -2  
10  22  33  2982  444  308  4  -2  
10  22  33  2994  440  308  4  -2  
10  22  34  3000  435  307  4  -2  
10  22  34  3010  435  307  4  -2  
10  22  34  3017  432  305  4  -2  
10  22  34  3027  432  305  4  -2  
10  22  34  3035  430  305  4  -2  
10  22  34  3045  429  305  4  -2  
10  22  34  3051  428  304  4  -2  
10  22  34  3061  428  304  4  -2  
10  22  34  3069  427  304  4  -2  
10  22  34  3080  426  304  4  -2  
10  22  34  3087  424  304  4  -2  
10  22  34  3096  422  304  4  -2  
10  22  34  3101  419  303  4  -2  
10  22  34  3112  415  303  4  -2  
10  22  34  3119  414  303  4  -2  
10  22  34  3129  412  303  4  -2  
10  22  34  3137  411  303  4  -2  
10  22  34  3146  410  302  4  -2  
10  22  34  3153  410  302  4  -2  
10  22  34  3162  410  302  4  -2  
10  22  34  3170  410  302  4  -2  
10  22  34  3179  410  302  4  -2  
10  22  34  3188  408  302  4  -2  
10  22  34  3195  407  302  4  -2  
10  22  34  3204  406  302  4  -2  
10  22  34  3213  400  300  4  -2  
10  22  34  3221  397  299  4  -2  
