16  42  4  0  380  326  1  -2  
16  42  4  10  379  326  1  -2  
16  42  4  18  379  326  1  -2  
16  42  4  26  379  326  1  -2  
16  42  4  34  379  326  1  -2  
16  42  4  44  379  326  1  -2  
16  42  4  52  379  326  1  -2  
16  42  4  61  379  326  1  -2  
16  42  4  69  379  326  1  -2  
16  42  4  77  379  326  1  -2  
16  42  4  86  379  326  1  -2  
16  42  4  95  379  326  1  -2  
16  42  4  102  379  326  1  -2  
16  42  4  110  379  326  1  -2  
16  42  4  118  379  326  1  -2  
16  42  5  126  379  326  1  -2  
16  42  5  135  379  326  1  -2  
16  42  5  143  379  326  1  -2  
16  42  5  151  379  326  1  -2  
16  42  5  159  379  326  1  -2  
16  42  5  168  379  326  1  -2  
16  42  5  175  379  326  1  -2  
16  42  5  185  379  326  1  -2  
16  42  5  195  379  326  1  -2  
16  42  5  203  379  326  1  -2  
16  42  5  210  379  326  1  -2  
16  42  5  218  379  326  1  -2  
16  42  5  227  379  326  1  -2  
16  42  5  235  379  326  1  -2  
16  42  5  243  379  326  1  -2  
16  42  5  253  379  326  1  -2  
16  42  5  260  379  326  1  -2  
16  42  5  268  379  326  1  -2  
16  42  5  277  379  326  1  -2  
16  42  5  285  379  326  1  -2  
16  42  5  295  379  326  1  -2  
16  42  5  302  379  326  1  -2  
16  42  5  310  379  326  1  -2  
16  42  5  318  379  326  1  -2  
16  42  5  327  379  326  1  -2  
16  42  5  335  379  326  1  -2  
16  42  5  344  379  326  1  -2  
16  42  5  351  379  326  1  -2  
16  42  5  360  379  326  1  -2  
16  42  5  369  379  326  1  -2  
16  42  5  377  379  326  1  -2  
16  42  5  385  379  326  1  -2  
16  42  5  395  379  326  1  -2  
16  42  5  402  379  326  1  -2  
16  42  5  410  379  326  1  -2  
16  42  5  418  379  326  1  -2  
16  42  5  427  379  326  1  -2  
16  42  5  435  379  326  1  -2  
16  42  5  445  379  326  1  -2  
16  42  5  452  379  326  1  -2  
16  42  5  461  379  326  1  -2  
16  42  5  470  380  326  1  -2  
16  42  5  477  383  326  1  -2  
16  42  5  485  388  326  1  -2  
16  42  5  493  395  326  1  -2  
16  42  5  503  402  325  1  -2  
16  42  5  510  419  322  1  -2  
16  42  5  518  433  320  1  -2  
16  42  5  527  440  318  1  -2  
16  42  5  535  450  318  1  -2  
16  42  5  544  459  317  1  -2  
16  42  5  552  467  317  1  -2  
16  42  5  560  474  316  1  -2  
16  42  5  568  479  316  1  -2  
16  42  5  576  483  316  1  -2  
16  42  5  585  486  316  1  -2  
16  42  5  593  489  316  1  -2  
16  42  5  601  492  316  1  -2  
16  42  5  610  495  316  2  -2  
16  42  5  618  496  316  2  -2  
16  42  5  627  498  316  2  -2  
16  42  5  637  501  316  2  -2  
16  42  5  644  501  316  2  -2  
16  42  5  651  502  316  2  -2  
16  42  5  660  503  316  2  -2  
16  42  5  668  504  316  2  -2  
16  42  5  676  504  316  2  -2  
16  42  5  684  505  316  2  -2  
16  42  5  692  505  316  2  -2  
16  42  5  700  505  316  2  -2  
16  42  5  709  505  316  2  -2  
16  42  5  717  506  316  2  -2  
16  42  5  726  506  316  2  -2  
16  42  5  734  506  316  2  -2  
16  42  5  744  506  316  2  -2  
16  42  5  751  506  316  2  -2  
16  42  5  759  506  316  2  -2  
16  42  5  767  506  316  2  -2  
16  42  5  776  506  316  2  -2  
16  42  5  784  506  316  2  -2  
16  42  5  792  506  316  2  -2  
16  42  5  802  506  316  2  -2  
16  42  5  809  506  316  2  -2  
16  42  5  818  506  316  2  -2  
16  42  5  826  506  316  2  -2  
16  42  5  834  506  316  2  -2  
16  42  5  842  506  316  2  -2  
16  42  5  852  506  316  2  -2  
16  42  5  860  506  316  2  -2  
16  42  5  871  506  316  2  -2  
16  42  5  878  506  316  2  -2  
16  42  5  888  506  316  2  -2  
16  42  5  897  506  316  2  -2  
16  42  5  907  506  316  2  -2  
16  42  5  913  506  316  2  -2  
16  42  5  922  506  316  2  -2  
16  42  5  930  506  316  2  -2  
16  42  5  939  506  316  2  -2  
16  42  5  947  506  316  2  -2  
16  42  5  956  506  316  2  -2  
16  42  5  963  506  316  2  -2  
16  42  5  973  506  316  2  -2  
16  42  5  980  506  316  2  -2  
16  42  5  989  506  316  2  -2  
16  42  5  996  506  316  2  -2  
16  42  5  1006  506  316  2  -2  
16  42  5  1014  506  316  2  -2  
16  42  5  1023  506  316  2  -2  
16  42  5  1029  506  316  2  -2  
16  42  5  1039  506  316  2  -2  
16  42  5  1046  506  316  2  -2  
16  42  5  1056  506  316  2  -2  
16  42  5  1064  506  316  2  -2  
16  42  5  1072  506  316  2  -2  
16  42  5  1080  506  316  2  -2  
16  42  5  1089  506  316  2  -2  
16  42  5  1097  506  316  2  -2  
16  42  5  1106  506  316  2  -2  
16  42  5  1114  506  316  2  -2  
16  42  6  1122  506  316  2  -2  
16  42  6  1130  506  316  2  -2  
16  42  6  1139  506  316  2  -2  
16  42  6  1145  506  316  2  -2  
16  42  6  1156  506  316  2  -2  
16  42  6  1164  506  316  2  -2  
16  42  6  1172  506  316  2  -2  
16  42  6  1180  506  316  2  -2  
16  42  6  1189  506  316  2  -2  
16  42  6  1196  506  316  2  -2  
16  42  6  1206  506  316  2  -2  
16  42  6  1214  506  316  2  -2  
16  42  6  1222  506  316  2  -2  
16  42  6  1230  506  316  2  -2  
16  42  6  1239  506  316  2  -2  
16  42  6  1246  506  316  2  -2  
16  42  6  1256  506  316  2  -2  
16  42  6  1264  506  316  2  -2  
16  42  6  1273  506  316  2  -2  
16  42  6  1279  506  316  2  -2  
16  42  6  1289  506  316  2  -2  
16  42  6  1296  506  316  2  -2  
16  42  6  1306  506  316  2  -2  
16  42  6  1314  506  316  2  -2  
16  42  6  1323  506  316  2  -2  
16  42  6  1330  504  316  2  -2  
16  42  6  1339  502  316  2  -2  
16  42  6  1346  499  316  2  -2  
16  42  6  1356  495  316  2  -2  
16  42  6  1365  492  316  2  -2  
16  42  6  1372  486  316  2  -2  
16  42  6  1380  483  316  2  -2  
16  42  6  1389  479  316  2  -2  
16  42  6  1396  476  318  2  -2  
16  42  6  1406  472  319  2  -2  
16  42  6  1414  464  319  2  -2  
16  42  6  1422  458  319  2  -2  
16  42  6  1431  452  319  2  -2  
16  42  6  1439  445  319  2  -2  
16  42  6  1448  436  319  2  -2  
16  42  6  1456  430  319  2  -2  
16  42  6  1466  423  319  2  -2  
16  42  6  1474  416  320  2  -2  
16  42  6  1483  411  320  2  -2  
16  42  6  1491  408  321  2  -2  
16  42  6  1499  403  322  2  -2  
16  42  6  1507  401  323  2  -2  
16  42  6  1516  397  323  3  -2  
16  42  6  1525  395  324  3  -2  
16  42  6  1533  393  324  3  -2  
16  42  6  1541  389  326  3  -2  
16  42  6  1549  388  326  3  -2  
16  42  6  1558  386  326  3  -2  
16  42  6  1565  383  327  3  -2  
16  42  6  1575  383  327  3  -2  
16  42  6  1583  380  329  3  -2  
16  42  6  1592  379  329  3  -2  
16  42  6  1600  377  330  3  -2  
16  42  6  1607  375  332  3  -2  
16  42  6  1616  375  332  3  -2  
16  42  6  1626  374  332  3  -2  
16  42  6  1634  373  332  3  -2  
16  42  6  1641  373  332  3  -2  
16  42  6  1649  373  332  3  -2  
16  42  6  1658  373  332  3  -2  
16  42  6  1666  373  332  3  -2  
16  42  6  1675  373  332  3  -2  
16  42  6  1684  373  332  3  -2  
16  42  6  1691  373  332  3  -2  
16  42  6  1700  373  332  3  -2  
16  42  6  1709  373  332  3  -2  
16  42  6  1717  373  332  3  -2  
16  42  6  1727  373  332  3  -2  
16  42  6  1734  373  332  3  -2  
16  42  6  1741  373  332  3  -2  
16  42  6  1750  373  332  3  -2  
16  42  6  1758  373  332  3  -2  
16  42  6  1766  373  332  3  -2  
16  42  6  1775  373  332  3  -2  
16  42  6  1786  373  332  3  -2  
16  42  6  1793  373  332  3  -2  
16  42  6  1800  373  332  3  -2  
16  42  6  1808  373  332  3  -2  
16  42  6  1817  373  332  3  -2  
16  42  6  1826  373  332  3  -2  
16  42  6  1834  373  332  3  -2  
16  42  6  1841  373  332  3  -2  
16  42  6  1851  373  332  3  -2  
16  42  6  1859  373  332  3  -2  
16  42  6  1867  373  332  3  -2  
16  42  6  1875  373  332  3  -2  
16  42  6  1884  373  332  3  -2  
16  42  6  1890  373  332  3  -2  
16  42  6  1900  373  332  3  -2  
16  42  6  1908  373  332  3  -2  
16  42  6  1916  373  332  3  -2  
16  42  6  1925  373  332  3  -2  
16  42  6  1934  373  332  3  -2  
16  42  6  1941  373  332  3  -2  
16  42  6  1950  373  332  3  -2  
16  42  6  1959  373  332  3  -2  
16  42  6  1966  373  332  3  -2  
16  42  6  1975  373  332  3  -2  
16  42  6  1984  373  332  3  -2  
16  42  6  1991  373  332  3  -2  
16  42  6  2002  373  332  3  -2  
16  42  6  2010  373  332  3  -2  
16  42  6  2021  373  332  3  -2  
16  42  6  2028  373  332  3  -2  
16  42  6  2038  373  332  3  -2  
16  42  6  2046  373  332  3  -2  
16  42  6  2056  373  332  3  -2  
16  42  6  2063  373  332  3  -2  
16  42  6  2072  373  332  3  -2  
16  42  6  2079  373  332  3  -2  
16  42  6  2089  373  332  3  -2  
16  42  6  2095  373  332  3  -2  
16  42  6  2104  373  332  3  -2  
16  42  6  2111  373  332  3  -2  
16  42  7  2122  373  332  3  -2  
16  42  7  2128  373  332  3  -2  
16  42  7  2138  373  332  3  -2  
16  42  7  2145  373  332  3  -2  
16  42  7  2156  373  332  3  -2  
16  42  7  2163  373  332  3  -2  
16  42  7  2172  373  332  3  -2  
16  42  7  2178  373  332  3  -2  
16  42  7  2186  373  332  3  -2  
16  42  7  2195  373  332  3  -2  
16  42  7  2204  373  332  3  -2  
16  42  7  2211  373  332  3  -2  
16  42  7  2220  373  332  3  -2  
16  42  7  2227  373  332  3  -2  
16  42  7  2239  373  332  3  -2  
16  42  7  2245  377  330  3  -2  
16  42  7  2256  377  330  3  -2  
16  42  7  2263  382  328  3  -2  
16  42  7  2272  386  327  3  -2  
16  42  7  2280  392  326  3  -2  
16  42  7  2289  399  322  3  -2  
16  42  7  2295  408  321  3  -2  
16  42  7  2306  416  320  3  -2  
16  42  7  2311  427  316  3  -2  
16  42  7  2322  437  313  3  -2  
16  42  7  2329  448  309  3  -2  
16  42  7  2338  459  306  3  -2  
16  42  7  2346  470  304  3  -2  
16  42  7  2356  478  304  3  -2  
16  42  7  2362  487  301  3  -2  
16  42  7  2373  494  300  3  -2  
16  42  7  2379  501  300  4  -2  
16  42  7  2387  508  300  4  -2  
16  42  7  2394  510  300  4  -2  
16  42  7  2405  514  298  4  -2  
16  42  7  2411  517  298  4  -2  
16  42  7  2422  519  297  4  -2  
16  42  7  2430  523  297  4  -2  
16  42  7  2440  524  297  4  -2  
16  42  7  2449  525  296  4  -2  
16  42  7  2457  527  296  4  -2  
16  42  7  2465  528  296  4  -2  
16  42  7  2475  530  296  4  -2  
16  42  7  2483  532  296  4  -2  
16  42  7  2490  533  296  4  -2  
16  42  7  2499  535  296  4  -2  
16  42  7  2507  535  296  4  -2  
16  42  7  2515  535  296  4  -2  
16  42  7  2525  535  296  4  -2  
16  42  7  2531  535  296  4  -2  
16  42  7  2540  535  296  4  -2  
16  42  7  2549  535  296  4  -2  
16  42  7  2557  535  296  4  -2  
16  42  7  2565  535  296  4  -2  
16  42  7  2574  535  296  4  -2  
16  42  7  2582  534  296  4  -2  
16  42  7  2592  530  296  4  -2  
16  42  7  2600  525  296  4  -2  
16  42  7  2608  519  296  4  -2  
16  42  7  2617  515  296  4  -2  
16  42  7  2626  509  296  4  -2  
16  42  7  2635  502  296  4  -2  
16  42  7  2641  496  298  4  -2  
16  42  7  2649  491  298  4  -2  
16  42  7  2658  482  299  4  -2  
16  42  7  2666  481  299  4  -2  
16  42  7  2675  476  299  4  -2  
16  42  7  2683  472  300  4  -2  
16  42  7  2692  468  300  4  -2  
16  42  7  2699  463  300  4  -2  
16  42  7  2708  458  300  4  -2  
16  42  7  2717  453  300  4  -2  
16  42  7  2724  446  301  4  -2  
16  42  7  2736  437  304  4  -2  
16  42  7  2741  423  306  4  -2  
16  42  7  2750  423  306  4  -2  
16  42  7  2759  412  307  4  -2  
16  42  7  2768  410  309  4  -2  
16  42  7  2775  407  309  4  -2  
16  42  7  2784  403  310  4  -2  
16  42  7  2792  402  310  4  -2  
16  42  7  2802  398  311  5  -2  
16  42  7  2809  396  312  5  -2  
16  42  7  2817  393  312  5  -2  
16  42  7  2825  391  313  5  -2  
16  42  7  2835  389  314  5  -2  
16  42  7  2842  387  314  5  -2  
16  42  7  2850  384  315  5  -2  
16  42  7  2859  381  315  5  -2  
16  42  7  2868  379  316  5  -2  
16  42  7  2876  379  316  5  -2  
16  42  7  2885  379  316  5  -2  
16  42  7  2891  379  316  5  -2  
16  42  7  2899  379  316  5  -2  
16  42  7  2907  379  316  5  -2  
16  42  7  2918  379  316  5  -2  
16  42  7  2925  377  317  5  -2  
16  42  7  2936  377  317  5  -2  
16  42  7  2943  375  319  5  -2  
16  42  7  2952  375  319  5  -2  
16  42  7  2958  375  319  5  -2  
16  42  7  2968  375  319  5  -2  
16  42  7  2975  375  319  5  -2  
16  42  7  2985  375  319  5  -2  
16  42  7  2992  375  319  5  -2  
16  42  7  3000  375  319  5  -2  
16  42  7  3008  375  319  5  -2  
16  42  7  3017  375  319  5  -2  
16  42  7  3026  375  319  5  -2  
16  42  7  3035  375  319  5  -2  
16  42  7  3042  374  319  5  -2  
16  42  7  3049  374  319  5  -2  
16  42  7  3058  374  319  5  -2  
16  42  7  3068  374  319  5  -2  
16  42  7  3075  374  319  5  -2  
16  42  7  3083  374  319  5  -2  
16  42  7  3092  374  319  5  -2  
16  42  7  3100  374  319  5  -2  
16  42  7  3109  374  319  5  -2  
16  42  7  3118  374  319  5  -2  
16  42  8  3125  374  319  5  -2  
16  42  8  3135  374  319  5  -2  
16  42  8  3141  374  319  5  -2  
16  42  8  3150  374  319  5  -2  
16  42  8  3157  374  319  5  -2  
16  42  8  3168  374  319  5  -2  
16  42  8  3176  374  319  5  -2  
16  42  8  3185  374  319  5  -2  
16  42  8  3193  374  319  5  -2  
16  42  8  3202  374  319  5  -2  
