10  55  41  0  374  319  1  -2  
10  55  41  6  374  319  1  -2  
10  55  41  16  374  319  1  -2  
10  55  41  22  374  319  1  -2  
10  55  41  33  374  319  1  -2  
10  55  41  39  374  319  1  -2  
10  55  41  49  374  319  1  -2  
10  55  41  55  377  319  1  -2  
10  55  41  65  384  319  1  -2  
10  55  41  72  395  321  1  -2  
10  55  41  82  404  323  1  -2  
10  55  41  88  422  327  1  -2  
10  55  41  99  422  327  1  -2  
10  55  41  105  437  329  1  -2  
10  55  41  116  437  329  1  -2  
10  55  41  122  450  332  1  -2  
10  55  42  132  453  332  1  -2  
10  55  42  139  455  333  1  -2  
10  55  42  149  458  333  1  -2  
10  55  42  155  458  333  1  -2  
10  55  42  165  458  333  1  -2  
10  55  42  172  459  333  1  -2  
10  55  42  182  459  333  1  -2  
10  55  42  188  460  333  1  -2  
10  55  42  198  461  333  1  -2  
10  55  42  205  462  333  1  -2  
10  55  42  215  465  333  1  -2  
10  55  42  223  466  333  1  -2  
10  55  42  232  467  333  1  -2  
10  55  42  238  469  333  1  -2  
10  55  42  249  470  333  1  -2  
10  55  42  255  471  333  1  -2  
10  55  42  265  471  333  1  -2  
10  55  42  272  474  333  1  -2  
10  55  42  282  475  333  1  -2  
10  55  42  288  479  333  1  -2  
10  55  42  299  479  333  1  -2  
10  55  42  305  481  333  1  -2  
10  55  42  315  481  333  1  -2  
10  55  42  322  482  333  1  -2  
10  55  42  332  482  333  1  -2  
10  55  42  339  482  333  1  -2  
10  55  42  349  482  333  1  -2  
10  55  42  356  483  332  1  -2  
10  55  42  365  485  332  1  -2  
10  55  42  372  485  332  1  -2  
10  55  42  382  486  332  1  -2  
10  55  42  389  487  332  1  -2  
10  55  42  399  488  332  1  -2  
10  55  42  405  490  331  1  -2  
10  55  42  415  490  331  1  -2  
10  55  42  422  490  331  1  -2  
10  55  42  431  490  331  1  -2  
10  55  42  439  490  331  1  -2  
10  55  42  449  490  331  1  -2  
10  55  42  455  490  331  1  -2  
10  55  42  465  490  331  1  -2  
10  55  42  474  489  330  1  -2  
10  55  42  483  484  330  1  -2  
10  55  42  493  469  330  1  -2  
10  55  42  502  459  330  1  -2  
10  55  42  512  447  330  1  -2  
10  55  42  521  432  331  1  -2  
10  55  42  530  419  334  1  -2  
10  55  42  538  405  335  1  -2  
10  55  42  548  382  338  1  -2  
10  55  42  556  377  338  1  -2  
10  55  42  566  372  340  1  -2  
10  55  42  574  371  340  1  -2  
10  55  42  582  370  340  1  -2  
10  55  42  589  369  340  1  -2  
10  55  42  599  369  340  1  -2  
10  55  42  607  369  340  1  -2  
10  55  42  615  369  340  1  -2  
10  55  42  622  369  340  1  -2  
10  55  42  631  368  340  1  -2  
10  55  42  639  368  340  1  -2  
10  55  42  649  368  340  1  -2  
10  55  42  656  368  340  1  -2  
10  55  42  665  368  340  1  -2  
10  55  42  672  368  340  1  -2  
10  55  42  681  368  340  1  -2  
10  55  42  689  368  340  1  -2  
10  55  42  699  368  340  1  -2  
10  55  42  706  368  340  1  -2  
10  55  42  715  368  340  1  -2  
10  55  42  723  368  340  1  -2  
10  55  42  732  368  340  1  -2  
10  55  42  739  368  340  1  -2  
10  55  42  749  368  340  1  -2  
10  55  42  756  368  340  1  -2  
10  55  42  765  368  340  1  -2  
10  55  42  773  368  340  1  -2  
10  55  42  781  368  340  1  -2  
10  55  42  789  368  340  1  -2  
10  55  42  799  368  340  1  -2  
10  55  42  807  368  340  1  -2  
10  55  42  815  368  340  1  -2  
10  55  42  822  368  340  1  -2  
10  55  42  831  368  340  1  -2  
10  55  42  839  368  340  1  -2  
10  55  42  849  368  340  1  -2  
10  55  42  857  368  340  1  -2  
10  55  42  865  368  340  1  -2  
10  55  42  873  368  340  1  -2  
10  55  42  882  368  340  1  -2  
10  55  42  891  368  340  1  -2  
10  55  42  899  368  340  1  -2  
10  55  42  907  368  340  1  -2  
10  55  42  915  368  340  1  -2  
10  55  42  923  368  340  1  -2  
10  55  42  932  368  340  1  -2  
10  55  42  939  368  340  1  -2  
10  55  42  948  368  340  1  -2  
10  55  42  957  368  340  1  -2  
10  55  42  964  368  340  1  -2  
10  55  42  973  368  340  1  -2  
10  55  42  982  368  340  1  -2  
10  55  42  989  368  340  1  -2  
10  55  42  998  368  340  1  -2  
10  55  42  1007  368  340  1  -2  
10  55  42  1015  368  340  1  -2  
10  55  42  1022  368  340  1  -2  
10  55  42  1031  368  340  1  -2  
10  55  42  1039  368  340  1  -2  
10  55  42  1048  368  340  1  -2  
10  55  42  1057  368  340  1  -2  
10  55  42  1065  368  340  1  -2  
10  55  42  1073  368  340  1  -2  
10  55  42  1082  368  340  1  -2  
10  55  42  1089  368  340  1  -2  
10  55  42  1099  368  340  1  -2  
10  55  42  1107  368  340  1  -2  
10  55  42  1115  368  340  1  -2  
10  55  42  1123  368  340  1  -2  
10  55  43  1131  368  340  1  -2  
10  55  43  1141  368  340  1  -2  
10  55  43  1149  368  340  1  -2  
10  55  43  1157  367  340  1  -2  
10  55  43  1165  367  340  1  -2  
10  55  43  1172  367  340  1  -2  
10  55  43  1181  367  340  1  -2  
10  55  43  1190  367  340  1  -2  
10  55  43  1198  367  340  1  -2  
10  55  43  1207  367  340  1  -2  
10  55  43  1214  367  340  1  -2  
10  55  43  1223  367  340  1  -2  
10  55  43  1232  367  340  1  -2  
10  55  43  1239  367  340  1  -2  
10  55  43  1248  367  340  1  -2  
10  55  43  1257  367  340  1  -2  
10  55  43  1264  367  340  1  -2  
10  55  43  1273  367  340  1  -2  
10  55  43  1282  367  340  1  -2  
10  55  43  1290  367  340  1  -2  
10  55  43  1298  367  340  1  -2  
10  55  43  1307  367  340  1  -2  
10  55  43  1314  367  340  1  -2  
10  55  43  1322  367  340  1  -2  
10  55  43  1332  367  340  1  -2  
10  55  43  1339  367  340  1  -2  
10  55  43  1348  367  340  1  -2  
10  55  43  1358  367  340  1  -2  
10  55  43  1365  367  340  1  -2  
10  55  43  1373  367  340  1  -2  
10  55  43  1382  367  340  1  -2  
10  55  43  1391  367  340  1  -2  
10  55  43  1399  367  340  1  -2  
10  55  43  1409  367  340  1  -2  
10  55  43  1415  367  340  1  -2  
10  55  43  1424  367  340  1  -2  
10  55  43  1432  367  340  1  -2  
10  55  43  1440  367  340  1  -2  
10  55  43  1449  367  340  1  -2  
10  55  43  1458  367  340  1  -2  
10  55  43  1467  367  340  1  -2  
10  55  43  1474  367  340  1  -2  
10  55  43  1482  367  340  1  -2  
10  55  43  1492  367  340  1  -2  
10  55  43  1500  367  340  1  -2  
10  55  43  1508  367  340  1  -2  
10  55  43  1517  367  340  1  -2  
10  55  43  1524  367  340  1  -2  
10  55  43  1533  367  340  1  -2  
10  55  43  1541  367  340  1  -2  
10  55  43  1549  367  340  1  -2  
10  55  43  1558  367  340  1  -2  
10  55  43  1567  367  340  1  -2  
10  55  43  1574  367  340  1  -2  
10  55  43  1583  367  340  1  -2  
10  55  43  1590  367  340  1  -2  
10  55  43  1599  367  340  1  -2  
10  55  43  1608  367  340  1  -2  
10  55  43  1617  367  340  1  -2  
10  55  43  1624  367  340  1  -2  
10  55  43  1632  365  340  1  -2  
10  55  43  1642  365  340  1  -2  
10  55  43  1650  365  340  1  -2  
10  55  43  1659  365  340  1  -2  
10  55  43  1668  365  340  1  -2  
10  55  43  1675  365  340  1  -2  
10  55  43  1683  365  340  1  -2  
10  55  43  1692  365  340  1  -2  
10  55  43  1699  364  340  1  -2  
10  55  43  1709  364  340  1  -2  
10  55  43  1718  364  340  1  -2  
10  55  43  1725  363  340  1  -2  
10  55  43  1733  361  340  1  -2  
10  55  43  1741  361  340  1  -2  
10  55  43  1750  359  340  1  -2  
10  55  43  1759  358  340  1  -2  
10  55  43  1768  356  340  1  -2  
10  55  43  1775  354  340  1  -2  
10  55  43  1784  353  340  1  -2  
10  55  43  1791  352  340  1  -2  
10  55  43  1799  352  340  1  -2  
10  55  43  1808  352  340  1  -2  
10  55  43  1817  351  340  1  -2  
10  55  43  1824  351  340  1  -2  
10  55  43  1833  351  340  1  -2  
10  55  43  1840  351  340  1  -2  
10  55  43  1849  351  340  1  -2  
10  55  43  1858  351  340  1  -2  
10  55  43  1867  351  340  1  -2  
10  55  43  1874  351  340  1  -2  
10  55  43  1883  351  340  1  -2  
10  55  43  1891  351  340  1  -2  
10  55  43  1899  351  340  1  -2  
10  55  43  1908  351  340  1  -2  
10  55  43  1917  351  340  1  -2  
10  55  43  1926  351  340  1  -2  
10  55  43  1933  351  340  1  -2  
10  55  43  1941  351  340  1  -2  
10  55  43  1949  351  340  1  -2  
10  55  43  1958  351  340  1  -2  
10  55  43  1967  351  340  1  -2  
10  55  43  1975  351  340  1  -2  
10  55  43  1983  351  340  1  -2  
10  55  43  1991  351  340  1  -2  
10  55  43  1999  351  340  1  -2  
10  55  43  2008  351  340  1  -2  
10  55  43  2017  351  340  1  -2  
10  55  43  2026  351  340  1  -2  
10  55  43  2034  351  340  1  -2  
10  55  43  2043  351  340  1  -2  
10  55  43  2049  351  340  1  -2  
10  55  43  2058  351  340  1  -2  
10  55  43  2067  351  340  1  -2  
10  55  43  2074  351  339  1  -2  
10  55  43  2083  351  337  1  -2  
10  55  43  2093  351  336  1  -2  
10  55  43  2100  353  335  1  -2  
10  55  43  2109  357  334  1  -2  
10  55  43  2117  363  330  1  -2  
10  55  43  2126  367  329  1  -2  
10  55  44  2134  374  328  1  -2  
10  55  44  2144  382  326  1  -2  
10  55  44  2150  393  324  1  -2  
10  55  44  2161  401  323  1  -2  
10  55  44  2168  413  323  1  -2  
10  55  44  2178  423  323  1  -2  
10  55  44  2184  431  323  1  -2  
10  55  44  2193  441  323  1  -2  
10  55  44  2201  450  323  1  -2  
10  55  44  2208  455  323  1  -2  
10  55  44  2218  460  323  1  -2  
10  55  44  2226  469  323  1  -2  
10  55  44  2234  469  323  1  -2  
10  55  44  2244  478  323  1  -2  
10  55  44  2252  479  323  1  -2  
10  55  44  2261  483  323  1  -2  
10  55  44  2268  484  323  1  -2  
10  55  44  2278  484  323  1  -2  
10  55  44  2285  487  323  1  -2  
10  55  44  2295  489  324  1  -2  
10  55  44  2302  490  324  1  -2  
10  55  44  2311  492  324  1  -2  
10  55  44  2318  494  324  1  -2  
10  55  44  2329  496  324  2  -2  
10  55  44  2336  497  324  2  -2  
10  55  44  2345  498  324  2  -2  
10  55  44  2351  499  324  2  -2  
10  55  44  2362  500  324  2  -2  
10  55  44  2369  503  324  2  -2  
10  55  44  2379  503  324  2  -2  
10  55  44  2385  504  324  2  -2  
10  55  44  2396  504  324  2  -2  
10  55  44  2402  510  324  2  -2  
10  55  44  2413  510  324  2  -2  
10  55  44  2420  512  324  2  -2  
10  55  44  2430  514  324  2  -2  
10  55  44  2435  515  324  2  -2  
10  55  44  2447  515  324  2  -2  
10  55  44  2453  516  324  2  -2  
10  55  44  2462  517  324  2  -2  
10  55  44  2469  517  324  2  -2  
10  55  44  2480  517  324  2  -2  
10  55  44  2487  517  324  2  -2  
10  55  44  2495  518  324  2  -2  
10  55  44  2502  518  324  2  -2  
10  55  44  2512  518  324  2  -2  
10  55  44  2519  518  324  2  -2  
10  55  44  2530  518  324  2  -2  
10  55  44  2535  518  324  2  -2  
10  55  44  2547  518  324  2  -2  
10  55  44  2553  518  324  2  -2  
10  55  44  2563  518  324  2  -2  
10  55  44  2569  518  324  2  -2  
10  55  44  2580  518  324  2  -2  
10  55  44  2588  518  324  2  -2  
10  55  44  2596  518  324  2  -2  
10  55  44  2602  518  324  2  -2  
10  55  44  2613  518  324  2  -2  
10  55  44  2621  517  324  2  -2  
10  55  44  2631  515  324  2  -2  
10  55  44  2637  511  324  2  -2  
10  55  44  2647  505  324  2  -2  
10  55  44  2654  498  324  2  -2  
10  55  44  2663  485  324  2  -2  
10  55  44  2669  470  324  2  -2  
10  55  44  2680  452  324  2  -2  
10  55  44  2688  437  324  2  -2  
10  55  44  2697  422  324  2  -2  
10  55  44  2703  407  324  2  -2  
10  55  44  2714  397  323  3  -2  
10  55  44  2720  385  323  3  -2  
10  55  44  2730  378  322  3  -2  
10  55  44  2738  367  318  3  -2  
10  55  44  2747  366  318  3  -2  
10  55  44  2753  365  318  3  -2  
10  55  44  2763  365  318  3  -2  
10  55  44  2769  364  318  3  -2  
10  55  44  2780  364  318  3  -2  
10  55  44  2788  362  318  3  -2  
10  55  44  2796  361  318  3  -2  
10  55  44  2802  361  318  3  -2  
10  55  44  2813  361  318  3  -2  
10  55  44  2819  361  318  3  -2  
10  55  44  2830  360  318  3  -2  
10  55  44  2838  358  318  3  -2  
10  55  44  2847  357  318  3  -2  
10  55  44  2853  354  318  3  -2  
10  55  44  2863  351  318  3  -2  
10  55  44  2869  348  317  3  -2  
10  55  44  2880  342  317  3  -2  
10  55  44  2888  339  316  3  -2  
10  55  44  2896  334  314  3  -2  
10  55  44  2904  334  314  3  -2  
10  55  44  2913  334  314  3  -2  
10  55  44  2919  334  314  3  -2  
10  55  44  2930  334  314  3  -2  
10  55  44  2938  334  314  3  -2  
10  55  44  2947  334  314  3  -2  
10  55  44  2954  334  314  3  -2  
10  55  44  2963  334  314  3  -2  
10  55  44  2971  334  314  3  -2  
10  55  44  2980  334  314  3  -2  
10  55  44  2988  334  314  3  -2  
10  55  44  2997  334  314  3  -2  
10  55  44  3003  334  314  3  -2  
10  55  44  3013  334  314  3  -2  
10  55  44  3020  334  314  3  -2  
10  55  44  3030  334  314  3  -2  
10  55  44  3037  334  314  3  -2  
10  55  44  3047  334  314  3  -2  
10  55  44  3054  334  314  3  -2  
10  55  44  3063  334  314  3  -2  
10  55  44  3070  334  314  3  -2  
10  55  44  3080  334  314  3  -2  
10  55  44  3087  334  314  3  -2  
10  55  44  3097  334  314  3  -2  
10  55  44  3104  334  314  3  -2  
10  55  44  3113  334  314  3  -2  
10  55  44  3120  334  314  3  -2  
10  55  45  3130  334  314  3  -2  
10  55  45  3138  334  314  3  -2  
10  55  45  3147  337  313  3  -2  
10  55  45  3154  337  313  3  -2  
10  55  45  3163  337  313  3  -2  
10  55  45  3171  337  313  3  -2  
10  55  45  3182  338  313  3  -2  
10  55  45  3189  340  313  3  -2  
10  55  45  3197  340  313  3  -2  
10  55  45  3205  340  313  3  -2  
10  55  45  3213  342  313  3  -2  
10  55  45  3221  343  313  3  -2  
10  55  45  3230  345  313  3  -2  
10  55  45  3239  348  312  3  -2  
10  55  45  3247  350  312  3  -2  
10  55  45  3254  356  311  3  -2  
10  55  45  3263  361  310  3  -2  
10  55  45  3272  371  310  3  -2  
10  55  45  3280  379  310  3  -2  
10  55  45  3288  393  310  3  -2  
10  55  45  3296  404  310  3  -2  
10  55  45  3304  418  310  3  -2  
10  55  45  3313  429  310  3  -2  
10  55  45  3322  443  310  3  -2  
10  55  45  3330  449  310  3  -2  
10  55  45  3338  459  310  3  -2  
10  55  45  3347  468  310  3  -2  
10  55  45  3355  480  310  3  -2  
10  55  45  3363  485  310  3  -2  
10  55  45  3371  489  310  3  -2  
10  55  45  3380  491  310  3  -2  
10  55  45  3388  493  310  3  -2  
10  55  45  3397  494  310  3  -2  
10  55  45  3405  495  310  4  -2  
10  55  45  3413  496  310  4  -2  
10  55  45  3422  497  310  4  -2  
10  55  45  3430  497  310  4  -2  
10  55  45  3439  499  310  4  -2  
10  55  45  3448  499  310  4  -2  
10  55  45  3456  500  310  4  -2  
10  55  45  3463  500  310  4  -2  
10  55  45  3471  501  309  4  -2  
10  55  45  3480  501  309  4  -2  
10  55  45  3490  502  309  4  -2  
10  55  45  3497  502  309  4  -2  
10  55  45  3507  503  309  4  -2  
10  55  45  3514  504  309  4  -2  
10  55  45  3523  504  309  4  -2  
10  55  45  3531  505  309  4  -2  
10  55  45  3539  505  309  4  -2  
10  55  45  3546  505  309  4  -2  
10  55  45  3556  505  309  4  -2  
10  55  45  3564  505  309  4  -2  
10  55  45  3572  505  309  4  -2  
10  55  45  3581  505  309  4  -2  
10  55  45  3589  505  309  4  -2  
10  55  45  3598  505  309  4  -2  
10  55  45  3606  505  309  4  -2  
10  55  45  3615  505  309  4  -2  
10  55  45  3622  505  309  4  -2  
10  55  45  3632  505  309  4  -2  
10  55  45  3640  505  309  4  -2  
10  55  45  3649  505  309  4  -2  
10  55  45  3657  505  309  4  -2  
10  55  45  3665  505  309  4  -2  
10  55  45  3674  505  309  4  -2  
10  55  45  3683  505  309  4  -2  
10  55  45  3692  505  309  4  -2  
10  55  45  3699  505  309  4  -2  
10  55  45  3710  505  309  4  -2  
10  55  45  3715  505  309  4  -2  
10  55  45  3725  505  309  4  -2  
10  55  45  3733  503  309  4  -2  
10  55  45  3742  498  309  4  -2  
10  55  45  3749  493  311  4  -2  
10  55  45  3759  484  312  4  -2  
10  55  45  3767  477  312  4  -2  
10  55  45  3776  469  312  4  -2  
10  55  45  3784  457  312  4  -2  
10  55  45  3791  444  315  4  -2  
10  55  45  3799  431  315  4  -2  
10  55  45  3810  417  315  4  -2  
