10  55  6  0  363  314  1  -2  
10  55  6  8  364  314  1  -2  
10  55  6  18  364  314  1  -2  
10  55  6  25  364  314  1  -2  
10  55  6  33  364  314  1  -2  
10  55  6  44  364  314  1  -2  
10  55  6  52  364  314  1  -2  
10  55  6  60  366  314  1  -2  
10  55  6  70  367  314  1  -2  
10  55  6  78  371  314  1  -2  
10  55  6  87  375  314  1  -2  
10  55  6  98  386  314  1  -2  
10  55  6  105  395  314  1  -2  
10  55  6  117  403  314  1  -2  
10  55  6  125  409  315  1  -2  
10  55  6  134  411  315  1  -2  
10  55  6  142  415  315  1  -2  
10  55  6  152  418  315  1  -2  
10  55  6  160  420  315  1  -2  
10  55  6  169  422  315  1  -2  
10  55  6  176  424  315  1  -2  
10  55  6  186  427  315  1  -2  
10  55  6  193  428  315  1  -2  
10  55  6  201  433  315  1  -2  
10  55  6  210  437  315  1  -2  
10  55  6  218  442  315  1  -2  
10  55  6  226  447  315  1  -2  
10  55  6  236  452  315  1  -2  
10  55  6  243  456  315  1  -2  
10  55  6  252  460  315  1  -2  
10  55  6  260  463  316  1  -2  
10  55  6  269  464  316  1  -2  
10  55  6  277  466  316  1  -2  
10  55  6  286  466  316  1  -2  
10  55  6  293  466  316  1  -2  
10  55  6  301  468  316  1  -2  
10  55  6  310  468  316  1  -2  
10  55  6  318  469  316  1  -2  
10  55  6  327  469  316  1  -2  
10  55  6  336  469  316  1  -2  
10  55  6  344  474  316  1  -2  
10  55  6  352  481  316  1  -2  
10  55  6  360  488  316  1  -2  
10  55  6  368  493  316  1  -2  
10  55  6  377  499  316  2  -2  
10  55  6  386  503  316  2  -2  
10  55  6  393  506  316  2  -2  
10  55  6  402  509  316  2  -2  
10  55  6  410  509  316  2  -2  
10  55  6  419  510  316  2  -2  
10  55  6  428  510  316  2  -2  
10  55  6  436  511  316  2  -2  
10  55  6  443  511  316  2  -2  
10  55  6  452  511  316  2  -2  
10  55  6  459  512  316  2  -2  
10  55  6  468  513  316  2  -2  
10  55  6  476  515  316  2  -2  
10  55  6  485  516  316  2  -2  
10  55  6  492  518  316  2  -2  
10  55  6  501  519  316  2  -2  
10  55  6  510  520  316  2  -2  
10  55  6  518  520  316  2  -2  
10  55  6  526  521  316  2  -2  
10  55  6  535  521  316  2  -2  
10  55  6  543  521  316  2  -2  
10  55  6  551  521  316  2  -2  
10  55  6  560  521  316  2  -2  
10  55  6  568  521  316  2  -2  
10  55  6  576  521  316  2  -2  
10  55  6  585  521  316  2  -2  
10  55  6  594  521  316  2  -2  
10  55  6  603  521  316  2  -2  
10  55  6  611  521  316  2  -2  
10  55  6  619  521  316  2  -2  
10  55  6  629  521  316  2  -2  
10  55  6  637  521  316  2  -2  
10  55  6  648  521  316  2  -2  
10  55  6  655  521  316  2  -2  
10  55  6  667  521  316  2  -2  
10  55  6  674  521  316  2  -2  
10  55  6  683  521  316  2  -2  
10  55  6  693  521  316  2  -2  
10  55  6  701  521  316  2  -2  
10  55  6  709  521  316  2  -2  
10  55  6  717  521  316  2  -2  
10  55  6  726  521  316  2  -2  
10  55  6  735  521  316  2  -2  
10  55  6  743  521  316  2  -2  
10  55  6  751  521  316  2  -2  
10  55  6  759  519  316  2  -2  
10  55  6  767  515  316  2  -2  
10  55  6  775  510  316  2  -2  
10  55  6  785  504  316  2  -2  
10  55  6  793  492  316  2  -2  
10  55  6  801  482  316  2  -2  
10  55  6  809  472  316  2  -2  
10  55  6  817  462  316  2  -2  
10  55  6  826  452  316  2  -2  
10  55  6  834  443  316  2  -2  
10  55  6  843  432  316  2  -2  
10  55  6  852  423  316  2  -2  
10  55  6  860  413  316  2  -2  
10  55  6  868  407  316  2  -2  
10  55  6  875  401  316  2  -2  
10  55  6  885  395  316  3  -2  
10  55  6  894  392  316  3  -2  
10  55  6  901  389  316  3  -2  
10  55  6  909  388  316  3  -2  
10  55  6  918  387  316  3  -2  
10  55  6  925  386  316  3  -2  
10  55  7  935  385  316  3  -2  
10  55  7  942  383  316  3  -2  
10  55  7  950  383  316  3  -2  
10  55  7  959  383  316  3  -2  
10  55  7  967  379  316  3  -2  
10  55  7  977  378  316  3  -2  
10  55  7  986  375  316  3  -2  
10  55  7  994  374  316  3  -2  
10  55  7  1001  372  316  3  -2  
10  55  7  1009  372  316  3  -2  
10  55  7  1017  371  316  3  -2  
10  55  7  1025  370  316  3  -2  
10  55  7  1035  369  316  3  -2  
10  55  7  1044  368  316  3  -2  
10  55  7  1051  367  316  3  -2  
10  55  7  1061  366  316  3  -2  
10  55  7  1067  366  316  3  -2  
10  55  7  1076  365  316  3  -2  
10  55  7  1085  365  316  3  -2  
10  55  7  1094  365  316  3  -2  
10  55  7  1101  365  316  3  -2  
10  55  7  1111  365  316  3  -2  
10  55  7  1117  365  316  3  -2  
10  55  7  1126  365  316  3  -2  
10  55  7  1135  365  316  3  -2  
10  55  7  1144  365  316  3  -2  
10  55  7  1151  365  316  3  -2  
10  55  7  1161  365  316  3  -2  
10  55  7  1168  365  316  3  -2  
10  55  7  1176  365  316  3  -2  
10  55  7  1185  365  316  3  -2  
10  55  7  1195  365  316  3  -2  
10  55  7  1201  365  316  3  -2  
10  55  7  1211  365  316  3  -2  
10  55  7  1219  365  316  3  -2  
10  55  7  1229  365  316  3  -2  
10  55  7  1237  365  316  3  -2  
10  55  7  1247  368  316  3  -2  
10  55  7  1255  385  316  3  -2  
10  55  7  1266  395  319  3  -2  
10  55  7  1274  405  320  3  -2  
10  55  7  1283  417  321  3  -2  
10  55  7  1291  429  321  3  -2  
10  55  7  1299  439  321  3  -2  
10  55  7  1309  449  321  3  -2  
10  55  7  1318  457  321  3  -2  
10  55  7  1328  464  321  3  -2  
10  55  7  1336  475  321  3  -2  
10  55  7  1347  477  321  3  -2  
10  55  7  1355  480  321  3  -2  
10  55  7  1365  482  321  3  -2  
10  55  7  1372  482  321  3  -2  
10  55  7  1381  485  321  3  -2  
10  55  7  1388  486  321  3  -2  
10  55  7  1398  489  321  3  -2  
10  55  7  1406  491  321  3  -2  
10  55  7  1415  493  321  3  -2  
10  55  7  1423  495  321  4  -2  
10  55  7  1431  499  321  4  -2  
10  55  7  1439  499  321  4  -2  
10  55  7  1448  501  322  4  -2  
10  55  7  1456  501  322  4  -2  
10  55  7  1465  501  322  4  -2  
10  55  7  1473  501  322  4  -2  
10  55  7  1481  502  322  4  -2  
10  55  7  1489  503  322  4  -2  
10  55  7  1498  504  322  4  -2  
10  55  7  1506  504  322  4  -2  
10  55  7  1515  505  322  4  -2  
10  55  7  1523  505  322  4  -2  
10  55  7  1531  507  322  4  -2  
10  55  7  1538  507  322  4  -2  
10  55  7  1548  507  322  4  -2  
10  55  7  1555  507  322  4  -2  
10  55  7  1565  507  322  4  -2  
10  55  7  1573  507  322  4  -2  
10  55  7  1580  507  322  4  -2  
10  55  7  1589  507  322  4  -2  
10  55  7  1598  507  322  4  -2  
10  55  7  1606  507  322  4  -2  
10  55  7  1615  507  322  4  -2  
10  55  7  1622  507  322  4  -2  
10  55  7  1631  507  322  4  -2  
10  55  7  1639  507  322  4  -2  
10  55  7  1648  507  322  4  -2  
10  55  7  1656  507  322  4  -2  
10  55  7  1665  507  322  4  -2  
10  55  7  1672  507  322  4  -2  
10  55  7  1681  507  322  4  -2  
10  55  7  1688  507  322  4  -2  
10  55  7  1698  507  322  4  -2  
10  55  7  1706  507  322  4  -2  
10  55  7  1714  507  322  4  -2  
10  55  7  1723  507  322  4  -2  
10  55  7  1732  507  322  4  -2  
10  55  7  1740  507  322  4  -2  
10  55  7  1748  507  322  4  -2  
10  55  7  1756  507  322  4  -2  
10  55  7  1765  507  322  4  -2  
10  55  7  1772  507  322  4  -2  
10  55  7  1781  507  322  4  -2  
10  55  7  1791  507  322  4  -2  
10  55  7  1798  507  322  4  -2  
10  55  7  1806  507  322  4  -2  
10  55  7  1815  507  322  4  -2  
10  55  7  1823  506  322  4  -2  
10  55  7  1831  504  322  4  -2  
10  55  7  1839  499  322  4  -2  
10  55  7  1848  481  322  4  -2  
10  55  7  1856  469  322  4  -2  
10  55  7  1865  459  322  4  -2  
10  55  7  1873  449  322  4  -2  
10  55  7  1881  437  322  4  -2  
10  55  7  1890  426  322  4  -2  
10  55  7  1898  414  322  4  -2  
10  55  7  1906  402  322  4  -2  
