16  42  12  0  374  319  1  -2  
16  42  12  8  374  319  1  -2  
16  42  12  18  374  319  1  -2  
16  42  12  26  374  319  1  -2  
16  42  12  33  374  319  1  -2  
16  42  12  41  374  319  1  -2  
16  42  12  50  374  319  1  -2  
16  42  12  58  374  319  1  -2  
16  42  12  68  374  319  1  -2  
16  42  12  75  374  319  1  -2  
16  42  12  85  374  319  1  -2  
16  42  12  92  374  319  1  -2  
16  42  12  103  376  319  1  -2  
16  42  12  110  385  316  1  -2  
16  42  12  120  391  312  1  -2  
16  42  12  128  398  311  1  -2  
16  42  12  137  405  310  1  -2  
16  42  12  143  415  306  1  -2  
16  42  12  152  422  306  1  -2  
16  42  12  161  434  305  1  -2  
16  42  12  168  442  303  1  -2  
16  42  12  177  451  301  1  -2  
16  42  12  187  460  300  1  -2  
16  42  13  193  467  298  1  -2  
16  42  13  203  472  298  1  -2  
16  42  13  209  477  297  1  -2  
16  42  13  219  482  297  1  -2  
16  42  13  227  485  297  1  -2  
16  42  13  237  487  297  1  -2  
16  42  13  244  489  297  1  -2  
16  42  13  254  490  297  1  -2  
16  42  13  259  490  297  1  -2  
16  42  13  269  491  297  1  -2  
16  42  13  278  492  297  1  -2  
16  42  13  287  492  297  1  -2  
16  42  13  293  492  297  1  -2  
16  42  13  303  492  297  1  -2  
16  42  13  310  492  297  1  -2  
16  42  13  319  492  297  1  -2  
16  42  13  327  492  297  1  -2  
16  42  13  338  492  297  1  -2  
16  42  13  344  492  297  1  -2  
16  42  13  355  492  297  1  -2  
16  42  13  363  492  297  1  -2  
16  42  13  372  492  297  1  -2  
16  42  13  381  492  297  1  -2  
16  42  13  391  492  297  1  -2  
16  42  13  399  492  297  1  -2  
16  42  13  408  492  297  1  -2  
16  42  13  416  492  297  1  -2  
16  42  13  426  492  297  1  -2  
16  42  13  433  492  297  1  -2  
16  42  13  442  492  297  1  -2  
16  42  13  450  485  297  1  -2  
16  42  13  459  476  298  1  -2  
16  42  13  467  464  298  1  -2  
16  42  13  475  453  298  1  -2  
16  42  13  483  438  298  1  -2  
16  42  13  491  423  298  1  -2  
16  42  13  499  408  302  1  -2  
16  42  13  508  397  303  1  -2  
16  42  13  516  392  303  1  -2  
16  42  13  524  388  304  1  -2  
16  42  13  532  388  304  1  -2  
16  42  13  540  387  304  1  -2  
16  42  13  549  387  304  1  -2  
16  42  13  558  387  304  1  -2  
16  42  13  568  387  304  1  -2  
16  42  13  576  387  304  1  -2  
16  42  13  583  387  304  1  -2  
16  42  13  591  387  304  1  -2  
16  42  13  601  386  304  1  -2  
16  42  13  608  386  304  1  -2  
16  42  13  616  386  304  1  -2  
16  42  13  624  386  304  1  -2  
16  42  13  634  386  304  1  -2  
16  42  13  641  386  304  1  -2  
16  42  13  649  386  304  1  -2  
16  42  13  658  386  304  1  -2  
16  42  13  667  386  304  1  -2  
16  42  13  674  386  304  1  -2  
16  42  13  682  386  304  1  -2  
16  42  13  692  386  304  1  -2  
16  42  13  701  386  304  1  -2  
16  42  13  708  386  304  1  -2  
16  42  13  719  386  304  1  -2  
16  42  13  726  386  304  1  -2  
16  42  13  733  386  304  1  -2  
16  42  13  741  386  304  1  -2  
16  42  13  749  386  304  1  -2  
16  42  13  758  386  304  1  -2  
16  42  13  767  386  304  1  -2  
16  42  13  774  386  304  1  -2  
16  42  13  786  386  304  1  -2  
16  42  13  793  386  304  1  -2  
16  42  13  801  386  304  1  -2  
16  42  13  808  386  304  1  -2  
16  42  13  816  386  304  1  -2  
16  42  13  823  386  304  1  -2  
16  42  13  833  386  304  1  -2  
16  42  13  841  386  304  1  -2  
16  42  13  851  386  304  1  -2  
16  42  13  858  386  304  1  -2  
16  42  13  867  386  304  1  -2  
16  42  13  874  386  304  1  -2  
16  42  13  884  386  304  1  -2  
16  42  13  891  386  304  1  -2  
16  42  13  899  386  304  1  -2  
16  42  13  908  386  304  1  -2  
16  42  13  918  386  304  1  -2  
16  42  13  927  386  304  1  -2  
16  42  13  936  386  304  1  -2  
16  42  13  942  386  304  1  -2  
16  42  13  951  386  304  1  -2  
16  42  13  959  386  304  1  -2  
16  42  13  969  386  304  1  -2  
16  42  13  976  386  304  1  -2  
16  42  13  983  386  304  1  -2  
16  42  13  991  386  304  1  -2  
16  42  13  1001  386  304  1  -2  
16  42  13  1009  386  304  1  -2  
16  42  13  1017  386  304  1  -2  
16  42  13  1025  386  304  1  -2  
16  42  13  1036  386  304  1  -2  
16  42  13  1042  386  304  1  -2  
16  42  13  1051  386  304  1  -2  
16  42  13  1059  386  304  1  -2  
16  42  13  1069  386  304  1  -2  
16  42  13  1075  386  304  1  -2  
16  42  13  1083  386  304  1  -2  
16  42  13  1093  386  304  1  -2  
16  42  13  1101  386  304  1  -2  
16  42  13  1110  386  304  1  -2  
16  42  13  1117  386  304  1  -2  
16  42  13  1125  385  305  1  -2  
16  42  13  1136  385  305  1  -2  
16  42  13  1142  385  306  1  -2  
16  42  13  1151  385  306  1  -2  
16  42  13  1158  384  307  1  -2  
16  42  13  1169  383  307  1  -2  
16  42  13  1176  382  310  1  -2  
16  42  13  1186  381  310  1  -2  
16  42  14  1193  380  311  1  -2  
16  42  14  1201  378  313  1  -2  
16  42  14  1210  376  314  1  -2  
16  42  14  1219  374  315  1  -2  
16  42  14  1227  372  315  1  -2  
16  42  14  1236  372  315  1  -2  
16  42  14  1242  372  315  1  -2  
16  42  14  1251  371  316  1  -2  
16  42  14  1258  371  316  1  -2  
16  42  14  1269  371  316  1  -2  
16  42  14  1276  371  316  1  -2  
16  42  14  1283  371  316  1  -2  
16  42  14  1291  371  316  1  -2  
16  42  14  1301  371  316  1  -2  
16  42  14  1309  371  316  1  -2  
16  42  14  1317  371  316  1  -2  
16  42  14  1325  371  316  1  -2  
16  42  14  1336  371  316  1  -2  
16  42  14  1342  371  316  1  -2  
16  42  14  1352  371  316  1  -2  
16  42  14  1359  371  316  1  -2  
16  42  14  1367  371  316  1  -2  
16  42  14  1374  371  316  1  -2  
16  42  14  1383  371  316  1  -2  
16  42  14  1392  371  316  1  -2  
16  42  14  1403  371  316  1  -2  
16  42  14  1409  370  317  1  -2  
16  42  14  1417  370  317  1  -2  
16  42  14  1426  370  317  1  -2  
16  42  14  1435  370  317  1  -2  
16  42  14  1441  370  317  1  -2  
16  42  14  1450  370  318  1  -2  
16  42  14  1459  370  318  1  -2  
16  42  14  1468  370  318  1  -2  
16  42  14  1476  370  318  1  -2  
16  42  14  1484  370  318  1  -2  
16  42  14  1491  370  318  1  -2  
16  42  14  1502  370  318  1  -2  
16  42  14  1508  370  318  1  -2  
16  42  14  1518  370  318  1  -2  
16  42  14  1525  370  318  1  -2  
16  42  14  1534  370  318  1  -2  
16  42  14  1541  370  318  1  -2  
16  42  14  1552  370  318  1  -2  
16  42  14  1558  370  318  1  -2  
16  42  14  1568  370  318  1  -2  
16  42  14  1576  370  318  1  -2  
16  42  14  1585  370  318  1  -2  
16  42  14  1591  370  318  1  -2  
16  42  14  1601  370  318  1  -2  
16  42  14  1607  370  318  1  -2  
16  42  14  1618  370  318  1  -2  
16  42  14  1626  370  318  1  -2  
16  42  14  1635  370  318  1  -2  
16  42  14  1641  370  318  1  -2  
16  42  14  1652  370  318  1  -2  
16  42  14  1658  370  318  1  -2  
16  42  14  1668  370  318  1  -2  
16  42  14  1674  370  318  1  -2  
16  42  14  1684  370  318  1  -2  
16  42  14  1693  370  318  1  -2  
16  42  14  1702  370  318  1  -2  
16  42  14  1709  370  318  1  -2  
16  42  14  1719  370  318  1  -2  
16  42  14  1727  370  318  1  -2  
16  42  14  1736  370  318  1  -2  
16  42  14  1742  370  318  1  -2  
16  42  14  1753  370  318  1  -2  
16  42  14  1760  370  318  1  -2  
16  42  14  1770  370  318  1  -2  
16  42  14  1777  370  318  1  -2  
16  42  14  1787  373  318  1  -2  
16  42  14  1793  374  318  1  -2  
16  42  14  1803  381  317  1  -2  
16  42  14  1810  388  314  1  -2  
16  42  14  1820  395  314  1  -2  
16  42  14  1827  402  312  1  -2  
16  42  14  1836  412  311  1  -2  
16  42  14  1843  419  309  1  -2  
16  42  14  1853  431  307  1  -2  
16  42  14  1860  442  304  1  -2  
16  42  14  1869  450  303  1  -2  
16  42  14  1877  461  299  1  -2  
16  42  14  1887  468  298  1  -2  
16  42  14  1893  483  295  1  -2  
16  42  14  1903  483  295  1  -2  
16  42  14  1911  502  294  2  -2  
16  42  14  1921  507  293  2  -2  
16  42  14  1926  516  292  2  -2  
16  42  14  1937  516  292  2  -2  
16  42  14  1943  525  292  2  -2  
16  42  14  1953  528  292  2  -2  
16  42  14  1961  528  292  2  -2  
16  42  14  1970  530  292  2  -2  
16  42  14  1976  530  292  2  -2  
16  42  14  1986  530  292  2  -2  
16  42  14  1993  530  292  2  -2  
16  42  14  2004  530  292  2  -2  
16  42  14  2011  530  292  2  -2  
16  42  14  2021  530  292  2  -2  
16  42  14  2029  530  292  2  -2  
16  42  14  2038  530  292  2  -2  
16  42  14  2046  530  292  2  -2  
16  42  14  2054  530  292  2  -2  
16  42  14  2062  530  292  2  -2  
16  42  14  2070  530  292  2  -2  
16  42  14  2079  530  292  2  -2  
16  42  14  2087  530  292  2  -2  
16  42  14  2096  530  292  2  -2  
16  42  14  2105  530  292  2  -2  
16  42  14  2113  530  292  2  -2  
16  42  14  2121  530  292  2  -2  
16  42  14  2128  530  292  2  -2  
16  42  14  2138  530  292  2  -2  
16  42  14  2147  530  292  2  -2  
16  42  14  2157  530  292  2  -2  
16  42  14  2167  530  292  2  -2  
16  42  14  2175  530  292  2  -2  
16  42  14  2184  530  292  2  -2  
16  42  14  2191  530  292  2  -2  
16  42  15  2202  530  292  2  -2  
16  42  15  2210  530  292  2  -2  
16  42  15  2219  530  292  2  -2  
16  42  15  2227  530  292  2  -2  
16  42  15  2237  530  292  2  -2  
16  42  15  2242  530  292  2  -2  
16  42  15  2252  530  292  2  -2  
16  42  15  2259  530  292  2  -2  
16  42  15  2268  530  292  2  -2  
16  42  15  2276  530  292  2  -2  
16  42  15  2287  530  292  2  -2  
16  42  15  2293  530  292  2  -2  
16  42  15  2303  530  292  2  -2  
16  42  15  2310  530  292  2  -2  
16  42  15  2320  530  292  2  -2  
16  42  15  2327  530  292  2  -2  
16  42  15  2336  530  292  2  -2  
16  42  15  2343  530  292  2  -2  
16  42  15  2353  530  292  2  -2  
16  42  15  2360  530  292  2  -2  
16  42  15  2370  530  292  2  -2  
16  42  15  2377  530  292  2  -2  
16  42  15  2387  530  292  2  -2  
16  42  15  2393  530  292  2  -2  
16  42  15  2403  530  292  2  -2  
16  42  15  2409  530  292  2  -2  
16  42  15  2419  530  292  2  -2  
16  42  15  2427  530  292  2  -2  
16  42  15  2436  530  292  2  -2  
16  42  15  2444  530  292  2  -2  
16  42  15  2453  530  292  2  -2  
16  42  15  2458  530  292  2  -2  
16  42  15  2470  530  292  2  -2  
16  42  15  2476  530  292  2  -2  
16  42  15  2486  530  292  2  -2  
16  42  15  2494  530  292  2  -2  
16  42  15  2503  530  292  2  -2  
16  42  15  2509  530  292  2  -2  
16  42  15  2519  530  292  2  -2  
16  42  15  2527  530  292  2  -2  
16  42  15  2536  530  292  2  -2  
16  42  15  2543  530  292  2  -2  
16  42  15  2553  530  292  2  -2  
16  42  15  2559  530  292  2  -2  
16  42  15  2570  530  292  2  -2  
16  42  15  2577  530  292  2  -2  
16  42  15  2586  530  292  2  -2  
16  42  15  2592  530  292  2  -2  
16  42  15  2603  530  292  2  -2  
16  42  15  2610  530  292  2  -2  
16  42  15  2621  530  292  2  -2  
16  42  15  2630  530  292  2  -2  
16  42  15  2638  530  292  2  -2  
16  42  15  2648  530  292  2  -2  
16  42  15  2657  530  292  2  -2  
16  42  15  2668  530  292  2  -2  
16  42  15  2675  530  292  2  -2  
16  42  15  2686  530  292  2  -2  
16  42  15  2694  530  292  2  -2  
16  42  15  2703  530  292  2  -2  
16  42  15  2712  530  292  2  -2  
16  42  15  2721  530  292  2  -2  
16  42  15  2729  530  292  2  -2  
16  42  15  2737  530  292  2  -2  
16  42  15  2746  530  292  2  -2  
16  42  15  2753  530  292  2  -2  
16  42  15  2761  530  292  2  -2  
16  42  15  2770  530  292  2  -2  
16  42  15  2779  530  292  2  -2  
16  42  15  2788  530  292  2  -2  
16  42  15  2796  528  293  2  -2  
16  42  15  2803  528  293  2  -2  
16  42  15  2812  528  293  2  -2  
16  42  15  2820  528  293  2  -2  
16  42  15  2828  528  293  2  -2  
16  42  15  2838  528  293  2  -2  
16  42  15  2846  528  293  2  -2  
16  42  15  2854  528  293  2  -2  
16  42  15  2863  528  293  2  -2  
16  42  15  2870  528  293  2  -2  
16  42  15  2878  528  293  2  -2  
16  42  15  2888  528  293  2  -2  
16  42  15  2896  528  293  2  -2  
16  42  15  2903  528  293  2  -2  
16  42  15  2911  528  293  2  -2  
16  42  15  2920  528  293  2  -2  
16  42  15  2928  528  293  2  -2  
16  42  15  2937  528  293  2  -2  
16  42  15  2946  528  293  2  -2  
16  42  15  2954  528  293  2  -2  
16  42  15  2962  528  293  2  -2  
16  42  15  2970  528  293  2  -2  
16  42  15  2979  528  293  2  -2  
16  42  15  2987  528  293  2  -2  
16  42  15  2995  528  293  2  -2  
16  42  15  3005  528  293  2  -2  
16  42  15  3012  528  293  2  -2  
16  42  15  3020  528  293  2  -2  
16  42  15  3030  528  293  2  -2  
16  42  15  3038  528  293  2  -2  
16  42  15  3047  528  293  2  -2  
16  42  15  3055  528  293  2  -2  
16  42  15  3062  528  293  2  -2  
16  42  15  3072  528  293  2  -2  
16  42  15  3079  528  293  2  -2  
16  42  15  3088  528  293  2  -2  
16  42  15  3097  528  293  2  -2  
16  42  15  3104  528  293  2  -2  
16  42  15  3112  528  293  2  -2  
16  42  15  3120  528  293  2  -2  
16  42  15  3129  528  293  2  -2  
16  42  15  3138  528  293  2  -2  
16  42  15  3145  528  293  2  -2  
16  42  15  3155  528  293  2  -2  
16  42  15  3162  528  293  2  -2  
16  42  15  3170  528  293  2  -2  
16  42  15  3178  528  293  2  -2  
16  42  15  3187  528  293  2  -2  
16  42  16  3196  528  293  2  -2  
16  42  16  3205  528  293  2  -2  
16  42  16  3212  528  294  2  -2  
16  42  16  3220  526  295  2  -2  
16  42  16  3229  526  295  2  -2  
16  42  16  3238  524  296  2  -2  
16  42  16  3245  523  297  2  -2  
16  42  16  3253  519  298  2  -2  
16  42  16  3263  518  298  2  -2  
16  42  16  3271  510  301  2  -2  
16  42  16  3278  504  302  2  -2  
16  42  16  3288  497  303  2  -2  
16  42  16  3296  488  307  2  -2  
16  42  16  3305  482  307  2  -2  
16  42  16  3313  473  308  2  -2  
16  42  16  3321  461  310  2  -2  
16  42  16  3329  449  312  2  -2  
16  42  16  3338  439  313  2  -2  
16  42  16  3346  427  315  2  -2  
16  42  16  3355  415  316  2  -2  
16  42  16  3362  407  319  2  -2  
16  42  16  3372  396  320  3  -2  
16  42  16  3380  388  322  3  -2  
16  42  16  3387  379  325  3  -2  
16  42  16  3397  373  327  3  -2  
16  42  16  3404  368  328  3  -2  
16  42  16  3412  365  330  3  -2  
16  42  16  3421  360  331  3  -2  
16  42  16  3428  360  331  3  -2  
16  42  16  3437  357  332  3  -2  
16  42  16  3448  357  332  3  -2  
16  42  16  3455  356  332  3  -2  
16  42  16  3462  356  333  3  -2  
16  42  16  3471  356  333  3  -2  
16  42  16  3479  356  333  3  -2  
16  42  16  3487  356  333  3  -2  
16  42  16  3498  356  333  3  -2  
16  42  16  3506  356  333  3  -2  
16  42  16  3513  356  333  3  -2  
16  42  16  3521  356  333  3  -2  
16  42  16  3529  356  333  3  -2  
16  42  16  3538  356  333  3  -2  
16  42  16  3548  356  333  3  -2  
16  42  16  3556  356  333  3  -2  
16  42  16  3563  358  333  3  -2  
16  42  16  3572  363  330  3  -2  
16  42  16  3580  369  329  3  -2  
16  42  16  3589  376  328  3  -2  
16  42  16  3597  384  325  3  -2  
16  42  16  3606  393  323  3  -2  
16  42  16  3613  402  321  3  -2  
16  42  16  3623  411  317  3  -2  
16  42  16  3632  431  316  3  -2  
16  42  16  3638  440  315  3  -2  
16  42  16  3649  440  315  3  -2  
16  42  16  3656  450  313  3  -2  
16  42  16  3664  457  313  3  -2  
16  42  16  3673  460  313  3  -2  
16  42  16  3683  463  313  3  -2  
16  42  16  3689  468  313  3  -2  
16  42  16  3700  472  313  3  -2  
16  42  16  3708  477  313  3  -2  
16  42  16  3717  481  313  3  -2  
16  42  16  3726  485  313  3  -2  
16  42  16  3736  490  313  3  -2  
16  42  16  3743  494  313  3  -2  
16  42  16  3752  495  313  4  -2  
16  42  16  3760  497  313  4  -2  
16  42  16  3769  500  313  4  -2  
16  42  16  3777  503  314  4  -2  
16  42  16  3785  505  315  4  -2  
16  42  16  3793  507  316  4  -2  
16  42  16  3802  508  316  4  -2  
16  42  16  3808  508  317  4  -2  
16  42  16  3819  508  317  4  -2  
16  42  16  3827  508  317  4  -2  
16  42  16  3835  508  317  4  -2  
16  42  16  3843  508  317  4  -2  
16  42  16  3852  508  317  4  -2  
16  42  16  3860  508  317  4  -2  
16  42  16  3868  508  317  4  -2  
16  42  16  3877  508  317  4  -2  
16  42  16  3884  508  317  4  -2  
16  42  16  3894  508  317  4  -2  
16  42  16  3901  508  317  4  -2  
16  42  16  3910  508  317  4  -2  
16  42  16  3918  508  317  4  -2  
16  42  16  3927  508  317  4  -2  
16  42  16  3934  508  317  4  -2  
16  42  16  3945  508  317  4  -2  
16  42  16  3954  508  317  4  -2  
16  42  16  3963  508  317  4  -2  
16  42  16  3973  508  317  4  -2  
