10  22  22  0  375  308  1  -2  
10  22  22  9  375  308  1  -2  
10  22  22  17  376  308  1  -2  
10  22  22  27  376  308  1  -2  
10  22  22  33  377  308  1  -2  
10  22  22  42  377  308  1  -2  
10  22  22  50  379  308  1  -2  
10  22  22  59  380  308  1  -2  
10  22  22  66  381  308  1  -2  
10  22  22  76  383  308  1  -2  
10  22  22  84  385  308  1  -2  
10  22  22  91  388  308  1  -2  
10  22  22  101  392  308  1  -2  
10  22  22  109  394  308  1  -2  
10  22  22  118  399  308  1  -2  
10  22  22  127  409  308  1  -2  
10  22  22  134  420  308  1  -2  
10  22  22  142  425  308  1  -2  
10  22  22  151  425  308  1  -2  
10  22  22  159  438  309  1  -2  
10  22  22  166  444  309  1  -2  
10  22  22  175  447  309  1  -2  
10  22  22  183  451  310  1  -2  
10  22  22  191  453  310  1  -2  
10  22  22  199  457  310  1  -2  
10  22  22  208  461  312  1  -2  
10  22  22  217  466  313  1  -2  
10  22  22  226  471  313  1  -2  
10  22  22  233  478  313  1  -2  
10  22  22  241  485  314  1  -2  
10  22  23  249  492  315  1  -2  
10  22  23  259  500  317  2  -2  
10  22  23  267  504  318  2  -2  
10  22  23  274  506  319  2  -2  
10  22  23  283  509  319  2  -2  
10  22  23  290  509  319  2  -2  
10  22  23  300  510  319  2  -2  
10  22  23  308  510  319  2  -2  
10  22  23  317  510  319  2  -2  
10  22  23  325  510  319  2  -2  
10  22  23  333  510  319  2  -2  
10  22  23  342  510  319  2  -2  
10  22  23  349  510  319  2  -2  
10  22  23  358  510  319  2  -2  
10  22  23  366  510  319  2  -2  
10  22  23  375  510  319  2  -2  
10  22  23  383  510  319  2  -2  
10  22  23  391  510  319  2  -2  
10  22  23  399  510  319  2  -2  
10  22  23  408  510  319  2  -2  
10  22  23  416  510  319  2  -2  
10  22  23  425  510  319  2  -2  
10  22  23  434  510  319  2  -2  
10  22  23  442  510  319  2  -2  
10  22  23  449  510  319  2  -2  
10  22  23  458  510  319  2  -2  
10  22  23  467  510  319  2  -2  
10  22  23  478  510  319  2  -2  
10  22  23  489  510  319  2  -2  
10  22  23  497  510  319  2  -2  
10  22  23  507  510  319  2  -2  
10  22  23  514  510  319  2  -2  
10  22  23  524  510  319  2  -2  
10  22  23  531  510  319  2  -2  
10  22  23  540  510  319  2  -2  
10  22  23  549  510  319  2  -2  
10  22  23  557  510  319  2  -2  
10  22  23  564  510  319  2  -2  
10  22  23  573  510  319  2  -2  
10  22  23  581  507  319  2  -2  
10  22  23  590  506  319  2  -2  
10  22  23  598  503  319  2  -2  
10  22  23  607  503  319  2  -2  
10  22  23  617  501  319  2  -2  
10  22  23  624  499  319  2  -2  
10  22  23  633  495  319  2  -2  
10  22  23  641  490  319  2  -2  
10  22  23  649  487  319  2  -2  
10  22  23  658  483  319  2  -2  
10  22  23  667  480  319  2  -2  
10  22  23  676  476  319  2  -2  
10  22  23  683  474  319  2  -2  
10  22  23  691  471  319  2  -2  
10  22  23  699  467  319  2  -2  
10  22  23  708  464  319  2  -2  
10  22  23  717  460  319  2  -2  
10  22  23  724  457  319  2  -2  
10  22  23  735  452  319  2  -2  
10  22  23  742  445  319  2  -2  
10  22  23  750  441  318  2  -2  
10  22  23  758  438  318  2  -2  
10  22  23  767  436  318  2  -2  
10  22  23  777  432  317  2  -2  
10  22  23  784  430  317  2  -2  
10  22  23  793  427  317  2  -2  
10  22  23  801  424  316  2  -2  
10  22  23  810  420  316  2  -2  
10  22  23  820  416  314  2  -2  
10  22  23  828  414  314  2  -2  
10  22  23  840  410  313  2  -2  
10  22  23  848  403  313  2  -2  
10  22  23  858  401  312  2  -2  
10  22  23  867  401  312  2  -2  
10  22  23  875  400  312  2  -2  
10  22  23  884  400  312  2  -2  
10  22  23  894  399  312  3  -2  
10  22  23  903  397  312  3  -2  
10  22  23  911  396  312  3  -2  
10  22  23  921  395  311  3  -2  
10  22  23  929  392  311  3  -2  
10  22  23  940  389  311  3  -2  
10  22  23  948  386  309  3  -2  
10  22  23  957  386  309  3  -2  
10  22  23  966  386  309  3  -2  
10  22  23  975  386  309  3  -2  
10  22  23  984  386  309  3  -2  
10  22  23  995  386  309  3  -2  
10  22  23  1007  386  309  3  -2  
10  22  23  1015  386  309  3  -2  
10  22  23  1026  386  309  3  -2  
10  22  23  1034  386  309  3  -2  
10  22  23  1043  386  309  3  -2  
10  22  23  1052  386  309  3  -2  
10  22  23  1060  386  309  3  -2  
10  22  23  1071  386  309  3  -2  
10  22  23  1078  386  309  3  -2  
10  22  23  1088  386  309  3  -2  
10  22  23  1096  386  309  3  -2  
10  22  23  1107  386  309  3  -2  
10  22  23  1115  386  309  3  -2  
10  22  23  1123  386  309  3  -2  
10  22  23  1131  386  309  3  -2  
10  22  23  1140  386  309  3  -2  
10  22  23  1148  386  309  3  -2  
10  22  23  1157  386  309  3  -2  
10  22  23  1164  386  309  3  -2  
10  22  23  1173  386  309  3  -2  
10  22  23  1180  386  309  3  -2  
10  22  23  1190  386  309  3  -2  
10  22  23  1198  386  309  3  -2  
10  22  23  1207  386  309  3  -2  
10  22  23  1214  386  309  3  -2  
10  22  23  1223  386  309  3  -2  
10  22  23  1231  386  309  3  -2  
10  22  23  1240  386  309  3  -2  
10  22  24  1249  386  309  3  -2  
10  22  24  1256  386  309  3  -2  
10  22  24  1264  386  309  3  -2  
10  22  24  1273  386  309  3  -2  
10  22  24  1281  386  309  3  -2  
10  22  24  1290  386  309  3  -2  
10  22  24  1299  386  309  3  -2  
10  22  24  1307  386  309  3  -2  
10  22  24  1314  386  309  3  -2  
10  22  24  1323  386  309  3  -2  
10  22  24  1330  386  309  3  -2  
10  22  24  1340  386  309  3  -2  
10  22  24  1349  388  309  3  -2  
10  22  24  1357  391  309  3  -2  
10  22  24  1365  396  309  3  -2  
10  22  24  1373  402  309  3  -2  
10  22  24  1380  407  309  3  -2  
10  22  24  1390  414  309  3  -2  
10  22  24  1398  424  311  3  -2  
10  22  24  1407  428  312  3  -2  
10  22  24  1415  430  312  3  -2  
10  22  24  1423  433  312  3  -2  
10  22  24  1430  435  312  3  -2  
10  22  24  1440  438  313  3  -2  
10  22  24  1449  441  313  3  -2  
10  22  24  1456  442  313  3  -2  
10  22  24  1465  446  314  3  -2  
10  22  24  1473  451  315  3  -2  
10  22  24  1480  455  315  3  -2  
10  22  24  1491  462  316  3  -2  
10  22  24  1499  470  319  3  -2  
10  22  24  1507  474  319  3  -2  
10  22  24  1515  479  320  3  -2  
10  22  24  1522  483  320  3  -2  
10  22  24  1531  485  320  3  -2  
10  22  24  1540  487  320  3  -2  
10  22  24  1548  488  321  3  -2  
10  22  24  1556  488  321  3  -2  
10  22  24  1568  489  321  3  -2  
10  22  24  1574  489  321  3  -2  
10  22  24  1583  490  321  3  -2  
10  22  24  1591  490  321  3  -2  
10  22  24  1600  491  321  3  -2  
10  22  24  1610  492  321  3  -2  
10  22  24  1617  492  321  3  -2  
10  22  24  1627  494  321  3  -2  
10  22  24  1634  494  321  3  -2  
10  22  24  1643  494  321  3  -2  
10  22  24  1651  494  321  3  -2  
10  22  24  1659  494  321  3  -2  
10  22  24  1668  494  321  3  -2  
10  22  24  1677  494  321  3  -2  
10  22  24  1685  495  321  4  -2  
10  22  24  1693  495  321  4  -2  
10  22  24  1700  495  321  4  -2  
10  22  24  1709  495  321  4  -2  
10  22  24  1718  495  321  4  -2  
10  22  24  1726  495  321  4  -2  
10  22  24  1735  495  321  4  -2  
10  22  24  1743  495  321  4  -2  
10  22  24  1751  496  321  4  -2  
10  22  24  1759  496  321  4  -2  
10  22  24  1768  496  321  4  -2  
10  22  24  1777  498  321  4  -2  
10  22  24  1784  498  321  4  -2  
10  22  24  1793  498  321  4  -2  
10  22  24  1801  498  321  4  -2  
10  22  24  1809  498  321  4  -2  
10  22  24  1820  498  321  4  -2  
10  22  24  1827  498  321  4  -2  
10  22  24  1834  498  321  4  -2  
10  22  24  1843  498  321  4  -2  
10  22  24  1851  498  321  4  -2  
10  22  24  1860  498  321  4  -2  
10  22  24  1870  498  321  4  -2  
10  22  24  1877  498  321  4  -2  
10  22  24  1884  498  321  4  -2  
10  22  24  1894  498  321  4  -2  
10  22  24  1901  498  321  4  -2  
10  22  24  1908  498  321  4  -2  
10  22  24  1919  498  321  4  -2  
10  22  24  1927  498  321  4  -2  
10  22  24  1936  498  321  4  -2  
10  22  24  1944  498  321  4  -2  
10  22  24  1953  498  321  4  -2  
10  22  24  1961  498  321  4  -2  
10  22  24  1972  498  321  4  -2  
10  22  24  1980  498  321  4  -2  
10  22  24  1990  498  321  4  -2  
10  22  24  1995  499  321  4  -2  
10  22  24  2005  499  321  4  -2  
10  22  24  2011  499  321  4  -2  
10  22  24  2022  499  321  4  -2  
10  22  24  2029  499  321  4  -2  
10  22  24  2039  499  321  4  -2  
10  22  24  2046  499  321  4  -2  
10  22  24  2055  499  321  4  -2  
10  22  24  2062  499  321  4  -2  
10  22  24  2072  499  321  4  -2  
10  22  24  2079  499  321  4  -2  
10  22  24  2089  499  321  4  -2  
10  22  24  2096  499  321  4  -2  
10  22  24  2105  499  321  4  -2  
10  22  24  2112  498  321  4  -2  
10  22  24  2121  496  321  4  -2  
10  22  24  2128  493  321  4  -2  
10  22  24  2139  488  321  4  -2  
10  22  24  2144  483  321  4  -2  
10  22  24  2155  475  321  4  -2  
10  22  24  2162  468  321  4  -2  
10  22  24  2172  461  321  4  -2  
10  22  24  2179  454  321  4  -2  
10  22  24  2189  449  321  4  -2  
10  22  24  2196  440  321  4  -2  
10  22  24  2205  440  321  4  -2  
10  22  24  2212  431  320  4  -2  
10  22  24  2222  431  320  4  -2  
10  22  24  2230  425  319  4  -2  
10  22  24  2239  420  319  4  -2  
10  22  24  2247  414  318  4  -2  
10  22  25  2255  409  318  4  -2  
10  22  25  2263  406  317  4  -2  
10  22  25  2272  405  317  4  -2  
10  22  25  2280  403  317  4  -2  
10  22  25  2289  402  317  4  -2  
10  22  25  2296  402  317  4  -2  
10  22  25  2305  402  317  4  -2  
10  22  25  2312  402  317  4  -2  
10  22  25  2322  402  317  4  -2  
10  22  25  2329  402  317  4  -2  
10  22  25  2339  402  317  4  -2  
10  22  25  2346  402  317  4  -2  
10  22  25  2355  402  317  4  -2  
10  22  25  2362  402  317  4  -2  
10  22  25  2371  402  317  4  -2  
10  22  25  2379  402  317  4  -2  
10  22  25  2389  402  317  4  -2  
10  22  25  2397  402  317  4  -2  
10  22  25  2405  402  317  4  -2  
10  22  25  2413  402  317  4  -2  
10  22  25  2423  402  317  4  -2  
10  22  25  2430  402  317  4  -2  
10  22  25  2439  402  317  4  -2  
10  22  25  2447  402  317  4  -2  
10  22  25  2455  402  317  4  -2  
10  22  25  2462  402  317  4  -2  
10  22  25  2471  402  317  4  -2  
10  22  25  2479  402  317  4  -2  
10  22  25  2490  402  317  4  -2  
10  22  25  2497  402  317  4  -2  
10  22  25  2505  402  317  4  -2  
10  22  25  2513  402  317  4  -2  
10  22  25  2521  402  317  4  -2  
10  22  25  2528  402  317  4  -2  
10  22  25  2539  402  317  4  -2  
10  22  25  2547  402  317  4  -2  
10  22  25  2555  402  317  4  -2  
10  22  25  2563  402  317  4  -2  
10  22  25  2571  402  317  4  -2  
10  22  25  2579  402  317  4  -2  
10  22  25  2589  402  317  4  -2  
10  22  25  2596  402  317  4  -2  
10  22  25  2605  402  317  4  -2  
10  22  25  2614  402  317  4  -2  
10  22  25  2622  402  317  4  -2  
10  22  25  2629  402  317  4  -2  
10  22  25  2639  402  317  4  -2  
10  22  25  2647  402  317  4  -2  
10  22  25  2655  402  317  4  -2  
10  22  25  2662  402  317  4  -2  
10  22  25  2671  402  317  4  -2  
10  22  25  2681  402  317  4  -2  
10  22  25  2688  402  317  4  -2  
10  22  25  2695  402  317  4  -2  
10  22  25  2705  402  317  4  -2  
10  22  25  2712  402  317  4  -2  
10  22  25  2721  402  317  4  -2  
10  22  25  2729  402  317  4  -2  
10  22  25  2739  401  316  4  -2  
