10  55  30  0  370  315  1  -2  
10  55  30  9  370  315  1  -2  
10  55  30  19  370  315  1  -2  
10  55  30  26  371  316  1  -2  
10  55  30  36  372  316  1  -2  
10  55  30  43  382  316  1  -2  
10  55  30  52  382  316  1  -2  
10  55  30  59  394  316  1  -2  
10  55  30  70  403  316  1  -2  
10  55  30  76  411  316  1  -2  
10  55  30  84  418  316  1  -2  
10  55  30  94  430  316  1  -2  
10  55  30  107  440  316  1  -2  
10  55  30  115  460  312  1  -2  
10  55  30  123  460  312  1  -2  
10  55  30  132  474  310  1  -2  
10  55  30  138  479  310  1  -2  
10  55  30  147  479  310  1  -2  
10  55  30  156  488  308  1  -2  
10  55  30  163  491  307  1  -2  
10  55  30  173  492  307  1  -2  
10  55  30  181  492  307  1  -2  
10  55  30  189  493  307  1  -2  
10  55  30  197  493  307  1  -2  
10  55  30  206  493  307  1  -2  
10  55  30  217  495  307  2  -2  
10  55  30  224  496  307  2  -2  
10  55  30  232  497  307  2  -2  
10  55  30  242  499  307  2  -2  
10  55  30  249  499  307  2  -2  
10  55  30  258  500  307  2  -2  
10  55  30  265  500  307  2  -2  
10  55  30  274  500  307  2  -2  
10  55  30  282  500  307  2  -2  
10  55  30  291  501  307  2  -2  
10  55  30  299  501  307  2  -2  
10  55  30  307  501  307  2  -2  
10  55  30  315  501  307  2  -2  
10  55  30  327  501  307  2  -2  
10  55  30  337  502  307  2  -2  
10  55  30  345  503  308  2  -2  
10  55  30  356  503  308  2  -2  
10  55  30  364  503  308  2  -2  
10  55  30  374  503  308  2  -2  
10  55  30  382  503  308  2  -2  
10  55  30  390  503  308  2  -2  
10  55  30  398  503  308  2  -2  
10  55  30  406  503  308  2  -2  
10  55  30  415  503  308  2  -2  
10  55  30  423  503  308  2  -2  
10  55  30  432  503  308  2  -2  
10  55  30  440  503  308  2  -2  
10  55  30  448  503  308  2  -2  
10  55  30  457  503  308  2  -2  
10  55  30  465  503  308  2  -2  
10  55  30  474  503  308  2  -2  
10  55  30  481  503  308  2  -2  
10  55  30  490  503  308  2  -2  
10  55  30  499  503  308  2  -2  
10  55  30  506  503  308  2  -2  
10  55  30  516  503  308  2  -2  
10  55  30  524  489  309  2  -2  
10  55  30  533  479  312  2  -2  
10  55  30  542  467  313  2  -2  
10  55  30  550  457  313  2  -2  
10  55  30  557  450  313  2  -2  
10  55  30  565  442  314  2  -2  
10  55  30  574  433  316  2  -2  
10  55  30  583  426  316  2  -2  
10  55  30  592  418  316  2  -2  
10  55  30  599  409  316  2  -2  
10  55  30  607  403  316  2  -2  
10  55  30  616  396  316  3  -2  
10  55  30  624  391  316  3  -2  
10  55  30  633  387  316  3  -2  
10  55  30  641  384  316  3  -2  
10  55  30  649  382  316  3  -2  
10  55  30  659  378  318  3  -2  
10  55  30  666  372  318  3  -2  
10  55  30  674  371  318  3  -2  
10  55  31  683  366  318  3  -2  
10  55  31  691  363  318  3  -2  
10  55  31  699  359  318  3  -2  
10  55  31  707  358  318  3  -2  
10  55  31  716  358  318  3  -2  
10  55  31  725  358  318  3  -2  
10  55  31  733  358  318  3  -2  
10  55  31  741  358  318  3  -2  
10  55  31  749  358  318  3  -2  
10  55  31  758  358  318  3  -2  
10  55  31  766  358  318  3  -2  
10  55  31  774  358  318  3  -2  
10  55  31  783  358  318  3  -2  
10  55  31  791  358  318  3  -2  
10  55  31  799  358  318  3  -2  
10  55  31  808  358  318  3  -2  
10  55  31  816  358  318  3  -2  
10  55  31  824  358  318  3  -2  
10  55  31  833  358  318  3  -2  
10  55  31  841  358  318  3  -2  
10  55  31  849  358  318  3  -2  
10  55  31  858  358  318  3  -2  
10  55  31  866  358  318  3  -2  
10  55  31  876  358  318  3  -2  
10  55  31  887  358  318  3  -2  
10  55  31  894  358  318  3  -2  
10  55  31  905  358  318  3  -2  
10  55  31  912  358  318  3  -2  
10  55  31  921  358  318  3  -2  
10  55  31  928  358  318  3  -2  
10  55  31  939  358  318  3  -2  
10  55  31  945  358  318  3  -2  
10  55  31  956  358  318  3  -2  
10  55  31  963  358  318  3  -2  
10  55  31  972  358  318  3  -2  
10  55  31  979  358  318  3  -2  
10  55  31  989  358  318  3  -2  
10  55  31  994  358  318  3  -2  
10  55  31  1006  358  318  3  -2  
10  55  31  1013  370  319  3  -2  
10  55  31  1022  383  321  3  -2  
10  55  31  1030  395  323  3  -2  
10  55  31  1040  409  325  3  -2  
10  55  31  1046  422  326  3  -2  
10  55  31  1057  437  330  3  -2  
10  55  31  1063  449  332  3  -2  
10  55  31  1073  463  334  3  -2  
10  55  31  1080  475  337  3  -2  
10  55  31  1089  485  337  3  -2  
10  55  31  1096  493  338  3  -2  
10  55  31  1106  499  339  3  -2  
10  55  31  1113  504  339  4  -2  
10  55  31  1123  507  340  4  -2  
10  55  31  1129  510  340  4  -2  
10  55  31  1137  515  340  4  -2  
10  55  31  1145  518  342  4  -2  
10  55  31  1155  520  342  4  -2  
10  55  31  1162  524  342  4  -2  
10  55  31  1171  524  342  4  -2  
10  55  31  1180  527  342  4  -2  
10  55  31  1188  528  342  4  -2  
10  55  31  1195  529  342  4  -2  
10  55  31  1205  530  342  4  -2  
10  55  31  1212  530  342  4  -2  
10  55  31  1221  531  342  4  -2  
10  55  31  1229  531  342  4  -2  
10  55  31  1237  531  342  4  -2  
10  55  31  1246  531  342  4  -2  
10  55  31  1255  531  342  4  -2  
10  55  31  1263  531  342  4  -2  
10  55  31  1271  531  342  4  -2  
10  55  31  1279  531  342  4  -2  
10  55  31  1287  531  342  4  -2  
10  55  31  1295  531  342  4  -2  
10  55  31  1305  531  342  4  -2  
10  55  31  1313  531  342  4  -2  
10  55  31  1321  531  342  4  -2  
10  55  31  1328  531  342  4  -2  
10  55  31  1338  531  342  4  -2  
10  55  31  1346  532  342  4  -2  
10  55  31  1355  532  342  4  -2  
10  55  31  1363  532  342  4  -2  
10  55  31  1373  532  342  4  -2  
10  55  31  1383  532  342  4  -2  
10  55  31  1392  532  342  4  -2  
10  55  31  1399  532  342  4  -2  
10  55  31  1408  532  342  4  -2  
10  55  31  1417  532  342  4  -2  
10  55  31  1424  532  342  4  -2  
10  55  31  1435  532  342  4  -2  
10  55  31  1442  532  342  4  -2  
10  55  31  1450  532  342  4  -2  
10  55  31  1458  532  342  4  -2  
10  55  31  1467  532  342  4  -2  
10  55  31  1474  529  341  4  -2  
10  55  31  1483  529  341  4  -2  
10  55  31  1492  521  339  4  -2  
10  55  31  1502  516  339  4  -2  
10  55  31  1508  511  339  4  -2  
10  55  31  1519  504  339  4  -2  
10  55  31  1525  494  337  4  -2  
10  55  31  1535  484  337  4  -2  
10  55  31  1542  473  336  4  -2  
10  55  31  1552  467  336  4  -2  
10  55  31  1558  461  336  4  -2  
10  55  31  1569  458  336  4  -2  
10  55  31  1576  454  336  4  -2  
10  55  31  1586  450  336  4  -2  
10  55  31  1593  448  336  4  -2  
10  55  31  1604  445  336  4  -2  
10  55  31  1609  439  335  4  -2  
10  55  31  1621  439  335  4  -2  
10  55  31  1627  432  335  4  -2  
10  55  31  1638  429  335  4  -2  
10  55  31  1644  424  335  4  -2  
10  55  31  1655  419  335  4  -2  
10  55  31  1662  415  335  4  -2  
10  55  31  1671  410  335  4  -2  
10  55  32  1678  405  335  4  -2  
10  55  32  1688  402  335  4  -2  
10  55  32  1695  400  335  4  -2  
10  55  32  1705  397  335  4  -2  
10  55  32  1711  397  335  4  -2  
10  55  32  2172  499  331  6  -2  
10  55  32  2180  508  331  6  -2  
10  55  32  2188  511  331  6  -2  
10  55  32  2197  515  331  6  -2  
10  55  32  2205  519  331  6  -2  
10  55  32  2213  520  331  6  -2  
10  55  32  2223  523  331  6  -2  
10  55  32  2231  524  331  6  -2  
10  55  32  2240  525  331  6  -2  
10  55  32  2253  526  331  6  -2  
10  55  32  2262  527  331  6  -2  
10  55  32  2272  529  331  6  -2  
10  55  32  2280  529  331  6  -2  
10  55  32  2289  529  331  6  -2  
10  55  32  2298  529  331  6  -2  
10  55  32  2308  529  331  6  -2  
10  55  32  2319  529  331  6  -2  
10  55  32  2327  529  331  6  -2  
10  55  32  2337  529  331  6  -2  
10  55  32  2345  529  331  6  -2  
10  55  32  2356  529  331  6  -2  
10  55  32  2364  529  331  6  -2  
10  55  32  2375  529  331  6  -2  
10  55  32  2385  529  331  6  -2  
10  55  32  2394  529  331  6  -2  
10  55  32  2404  521  331  6  -2  
10  55  32  2413  495  331  6  -2  
10  55  32  2422  480  331  6  -2  
10  55  32  2429  465  331  6  -2  
10  55  32  2438  452  331  6  -2  
10  55  32  2446  442  331  6  -2  
10  55  32  2455  436  331  6  -2  
10  55  32  2463  431  331  6  -2  
10  55  32  2472  431  331  6  -2  
10  55  32  2480  429  331  6  -2  
10  55  32  2488  426  331  6  -2  
10  55  32  2496  426  331  6  -2  
10  55  32  2504  425  331  6  -2  
10  55  32  2513  425  331  6  -2  
10  55  32  2521  423  331  6  -2  
10  55  32  2529  423  331  6  -2  
10  55  32  2537  423  331  6  -2  
10  55  32  2546  422  331  6  -2  
10  55  32  2554  419  331  6  -2  
10  55  32  2563  417  331  6  -2  
10  55  32  2572  408  328  6  -2  
10  55  32  2579  404  328  6  -2  
10  55  32  2587  404  328  6  -2  
10  55  32  2597  398  327  6  -2  
10  55  32  2605  395  327  7  -2  
10  55  32  2613  394  327  7  -2  
10  55  32  2622  394  327  7  -2  
10  55  32  2630  394  327  7  -2  
10  55  32  2638  394  327  7  -2  
10  55  32  2647  394  327  7  -2  
10  55  32  2655  394  327  7  -2  
10  55  32  2664  394  327  7  -2  
10  55  32  2671  394  327  7  -2  
10  55  33  2681  394  327  7  -2  
10  55  33  2688  394  327  7  -2  
10  55  33  2698  394  327  7  -2  
10  55  33  2705  394  327  7  -2  
10  55  33  2715  394  327  7  -2  
10  55  33  2724  394  327  7  -2  
10  55  33  2731  392  327  7  -2  
10  55  33  2739  392  327  7  -2  
10  55  33  2748  392  327  7  -2  
10  55  33  2757  392  327  7  -2  
10  55  33  2765  392  327  7  -2  
10  55  33  2774  392  327  7  -2  
10  55  33  2782  392  327  7  -2  
10  55  33  2789  392  327  7  -2  
10  55  33  2799  392  327  7  -2  
10  55  33  2809  392  327  7  -2  
10  55  33  2816  392  327  7  -2  
10  55  33  2824  392  327  7  -2  
10  55  33  2834  392  327  7  -2  
10  55  33  2842  392  327  7  -2  
10  55  33  2849  392  327  7  -2  
10  55  33  2858  392  327  7  -2  
10  55  33  2866  392  327  7  -2  
10  55  33  2873  392  327  7  -2  
10  55  33  2885  392  327  7  -2  
10  55  33  2891  392  327  7  -2  
10  55  33  2901  392  327  7  -2  
10  55  33  2909  392  327  7  -2  
10  55  33  2917  392  327  7  -2  
10  55  33  2924  392  327  7  -2  
10  55  33  2935  392  327  7  -2  
10  55  33  2942  392  327  7  -2  
10  55  33  2951  392  327  7  -2  
10  55  33  2959  392  327  7  -2  
10  55  33  2968  392  327  7  -2  
10  55  33  2975  392  327  7  -2  
10  55  33  2985  392  327  7  -2  
