10  47  56  0  372  303  1  -2  
10  47  56  8  372  303  1  -2  
10  47  56  17  372  303  1  -2  
10  47  56  25  372  303  1  -2  
10  47  56  34  372  303  1  -2  
10  47  56  42  372  303  1  -2  
10  47  56  50  372  303  1  -2  
10  47  56  58  372  303  1  -2  
10  47  56  67  372  303  1  -2  
10  47  56  75  372  303  1  -2  
10  47  56  84  372  303  1  -2  
10  47  56  92  372  303  1  -2  
10  47  56  99  372  303  1  -2  
10  47  56  108  372  303  1  -2  
10  47  56  116  372  303  1  -2  
10  47  56  124  372  303  1  -2  
10  47  56  133  372  303  1  -2  
10  47  56  141  372  303  1  -2  
10  47  56  149  372  303  1  -2  
10  47  56  158  372  303  1  -2  
10  47  56  166  372  303  1  -2  
10  47  56  174  372  303  1  -2  
10  47  56  183  372  303  1  -2  
10  47  56  192  372  303  1  -2  
10  47  56  200  372  303  1  -2  
10  47  56  208  372  303  1  -2  
10  47  56  216  372  303  1  -2  
10  47  56  224  372  303  1  -2  
10  47  56  233  372  303  1  -2  
10  47  56  241  372  303  1  -2  
10  47  56  249  372  303  1  -2  
10  47  56  258  372  303  1  -2  
10  47  56  266  372  303  1  -2  
10  47  56  274  372  303  1  -2  
10  47  56  282  372  303  1  -2  
10  47  56  291  372  303  1  -2  
10  47  56  299  372  303  1  -2  
10  47  56  308  372  303  1  -2  
10  47  56  316  372  303  1  -2  
10  47  56  324  372  303  1  -2  
10  47  56  333  372  303  1  -2  
10  47  56  342  372  303  1  -2  
10  47  56  349  372  303  1  -2  
10  47  56  358  372  303  1  -2  
10  47  56  366  372  303  1  -2  
10  47  56  374  372  303  1  -2  
10  47  56  383  372  303  1  -2  
10  47  56  391  372  303  1  -2  
10  47  56  399  372  303  1  -2  
10  47  56  408  372  303  1  -2  
10  47  56  416  372  303  1  -2  
10  47  56  424  372  303  1  -2  
10  47  56  433  372  303  1  -2  
10  47  56  442  372  303  1  -2  
10  47  56  449  375  303  1  -2  
10  47  56  458  380  303  1  -2  
10  47  56  466  390  303  1  -2  
10  47  56  474  402  303  1  -2  
10  47  56  483  416  305  1  -2  
10  47  56  491  436  305  1  -2  
10  47  56  499  454  305  1  -2  
10  47  56  507  473  307  1  -2  
10  47  56  516  489  307  1  -2  
10  47  56  524  499  309  2  -2  
10  47  56  533  506  310  2  -2  
10  47  56  541  508  310  2  -2  
10  47  56  549  509  310  2  -2  
10  47  56  558  509  310  2  -2  
10  47  57  566  509  310  2  -2  
10  47  57  575  509  310  2  -2  
10  47  57  584  509  310  2  -2  
10  47  57  592  509  310  2  -2  
10  47  57  599  509  310  2  -2  
10  47  57  608  509  310  2  -2  
10  47  57  616  509  310  2  -2  
10  47  57  624  509  310  2  -2  
10  47  57  633  509  310  2  -2  
10  47  57  642  509  310  2  -2  
10  47  57  649  509  310  2  -2  
10  47  57  658  509  310  2  -2  
10  47  57  666  509  310  2  -2  
10  47  57  674  509  310  2  -2  
10  47  57  683  509  310  2  -2  
10  47  57  691  509  310  2  -2  
10  47  57  699  509  310  2  -2  
10  47  57  708  509  310  2  -2  
10  47  57  716  509  310  2  -2  
10  47  57  724  509  310  2  -2  
10  47  57  733  509  310  2  -2  
10  47  57  744  509  310  2  -2  
10  47  57  749  509  310  2  -2  
10  47  57  758  509  310  2  -2  
10  47  57  766  509  310  2  -2  
10  47  57  774  510  310  2  -2  
10  47  57  783  512  310  2  -2  
10  47  57  793  512  310  2  -2  
10  47  57  799  512  310  2  -2  
10  47  57  808  512  310  2  -2  
10  47  57  816  512  310  2  -2  
10  47  57  824  512  310  2  -2  
10  47  57  833  512  310  2  -2  
10  47  57  844  512  310  2  -2  
10  47  57  849  512  310  2  -2  
10  47  57  858  512  310  2  -2  
10  47  57  866  512  310  2  -2  
10  47  57  874  512  310  2  -2  
10  47  57  883  509  311  2  -2  
10  47  57  893  504  311  2  -2  
10  47  57  899  489  311  2  -2  
10  47  57  908  471  311  2  -2  
10  47  57  917  454  311  2  -2  
10  47  57  926  434  311  2  -2  
10  47  57  933  417  311  2  -2  
10  47  57  944  401  311  2  -2  
10  47  57  949  381  311  3  -2  
10  47  57  958  381  311  3  -2  
10  47  57  967  376  311  3  -2  
10  47  57  975  374  311  3  -2  
10  47  57  984  372  311  3  -2  
10  47  57  993  372  311  3  -2  
10  47  57  999  372  311  3  -2  
10  47  57  1009  372  311  3  -2  
10  47  57  1017  372  311  3  -2  
10  47  57  1024  372  311  3  -2  
10  47  57  1033  372  311  3  -2  
10  47  57  1042  372  311  3  -2  
10  47  57  1051  372  311  3  -2  
10  47  57  1058  372  311  3  -2  
10  47  57  1067  372  311  3  -2  
10  47  57  1076  372  311  3  -2  
10  47  57  1084  372  311  3  -2  
10  47  57  1094  372  311  3  -2  
10  47  57  1100  372  311  3  -2  
10  47  57  1108  372  311  3  -2  
10  47  57  1116  372  311  3  -2  
10  47  57  1124  372  311  3  -2  
10  47  57  1134  372  311  3  -2  
10  47  57  1142  372  311  3  -2  
10  47  57  1150  372  311  3  -2  
10  47  57  1158  372  311  3  -2  
10  47  57  1167  372  311  3  -2  
10  47  57  1176  372  311  3  -2  
10  47  57  1184  372  311  3  -2  
10  47  57  1194  372  311  3  -2  
10  47  57  1200  372  311  3  -2  
10  47  57  1208  372  311  3  -2  
10  47  57  1217  372  311  3  -2  
10  47  57  1224  372  311  3  -2  
10  47  57  1234  372  311  3  -2  
10  47  57  1242  372  311  3  -2  
10  47  57  1250  372  311  3  -2  
10  47  57  1260  372  311  3  -2  
10  47  57  1268  372  311  3  -2  
10  47  57  1277  372  311  3  -2  
10  47  57  1284  372  311  3  -2  
10  47  57  1293  372  311  3  -2  
10  47  57  1302  372  311  3  -2  
10  47  57  1311  372  311  3  -2  
10  47  57  1318  372  311  3  -2  
10  47  57  1328  372  311  3  -2  
10  47  57  1335  372  311  3  -2  
10  47  57  1345  372  311  3  -2  
10  47  57  1352  372  311  3  -2  
10  47  57  1362  372  311  3  -2  
10  47  57  1369  372  311  3  -2  
10  47  57  1378  372  311  3  -2  
10  47  57  1386  372  311  3  -2  
10  47  57  1397  372  311  3  -2  
10  47  57  1403  372  311  3  -2  
10  47  57  1413  372  311  3  -2  
10  47  57  1420  372  311  3  -2  
10  47  57  1430  372  311  3  -2  
10  47  57  1437  372  311  3  -2  
10  47  57  1447  372  311  3  -2  
10  47  57  1455  372  311  3  -2  
10  47  57  1464  374  311  3  -2  
10  47  57  1471  376  311  3  -2  
10  47  57  1480  379  311  3  -2  
10  47  57  1489  384  311  3  -2  
10  47  57  1497  387  311  3  -2  
10  47  57  1505  389  312  3  -2  
10  47  57  1515  390  312  3  -2  
10  47  57  1523  392  312  3  -2  
10  47  57  1531  394  312  3  -2  
10  47  57  1540  396  313  3  -2  
10  47  57  1549  397  313  3  -2  
10  47  57  1558  400  313  3  -2  
10  47  58  1566  402  313  3  -2  
10  47  58  1577  406  314  3  -2  
10  47  58  1583  411  314  3  -2  
10  47  58  1590  411  314  3  -2  
10  47  58  1600  415  315  3  -2  
10  47  58  1608  420  315  3  -2  
10  47  58  1616  424  315  3  -2  
10  47  58  1624  436  318  3  -2  
10  47  58  1633  443  319  3  -2  
10  47  58  1641  448  319  3  -2  
10  47  58  1650  453  320  3  -2  
10  47  58  1658  457  321  3  -2  
10  47  58  1666  461  321  3  -2  
10  47  58  1674  465  321  3  -2  
10  47  58  1683  467  322  3  -2  
10  47  58  1692  470  323  3  -2  
10  47  58  1698  472  323  3  -2  
10  47  58  1708  476  324  3  -2  
10  47  58  1715  478  324  3  -2  
10  47  58  1725  481  324  3  -2  
10  47  58  1733  485  324  3  -2  
10  47  58  1740  487  324  3  -2  
10  47  58  1749  489  325  3  -2  
10  47  58  1757  493  325  3  -2  
10  47  58  1767  493  325  3  -2  
10  47  58  1774  495  326  3  -2  
10  47  58  1783  495  326  3  -2  
10  47  58  1790  495  326  3  -2  
10  47  58  1799  495  326  3  -2  
10  47  58  1807  495  326  3  -2  
10  47  58  1815  495  326  3  -2  
10  47  58  1824  495  326  3  -2  
10  47  58  1832  495  326  3  -2  
10  47  58  1840  495  326  3  -2  
10  47  58  1847  495  326  3  -2  
10  47  58  1858  495  326  3  -2  
10  47  58  1864  495  326  3  -2  
10  47  58  1873  495  326  3  -2  
10  47  58  1883  495  326  3  -2  
10  47  58  1890  495  326  3  -2  
10  47  58  1898  495  326  3  -2  
10  47  58  1906  495  326  3  -2  
10  47  58  1914  495  326  3  -2  
10  47  58  1924  495  326  3  -2  
10  47  58  1932  495  326  3  -2  
10  47  58  1941  495  326  3  -2  
10  47  58  1948  495  326  3  -2  
10  47  58  1958  495  326  3  -2  
10  47  58  1965  495  326  3  -2  
10  47  58  1974  496  328  3  -2  
10  47  58  1982  497  328  4  -2  
10  47  58  1991  498  329  4  -2  
10  47  58  1998  499  329  4  -2  
10  47  58  2008  501  329  4  -2  
10  47  58  2016  504  329  4  -2  
10  47  58  2025  505  329  4  -2  
10  47  58  2032  506  329  4  -2  
10  47  58  2040  506  329  4  -2  
10  47  58  2048  506  329  4  -2  
10  47  58  2058  506  329  4  -2  
10  47  58  2065  506  329  4  -2  
10  47  58  2073  506  329  4  -2  
10  47  58  2082  506  329  4  -2  
10  47  58  2091  506  329  4  -2  
10  47  58  2098  506  329  4  -2  
10  47  58  2108  504  329  4  -2  
10  47  58  2114  500  329  4  -2  
10  47  58  2123  494  329  4  -2  
10  47  58  2132  484  329  4  -2  
10  47  58  2141  472  329  4  -2  
10  47  58  2149  459  329  4  -2  
10  47  58  2156  444  329  4  -2  
10  47  58  2165  431  329  4  -2  
10  47  58  2173  414  327  4  -2  
10  47  58  2182  402  325  4  -2  
