16  26  9  0  384  311  1  -2  
16  26  9  6  384  311  1  -2  
16  26  10  16  384  311  1  -2  
16  26  10  23  384  311  1  -2  
16  26  10  33  384  311  1  -2  
16  26  10  40  384  311  1  -2  
16  26  10  48  384  311  1  -2  
16  26  10  56  384  311  1  -2  
16  26  10  66  384  311  1  -2  
16  26  10  73  384  311  1  -2  
16  26  10  83  384  311  1  -2  
16  26  10  90  384  311  1  -2  
16  26  10  100  384  311  1  -2  
16  26  10  106  384  311  1  -2  
16  26  10  116  384  311  1  -2  
16  26  10  123  384  311  1  -2  
16  26  10  133  384  311  1  -2  
16  26  10  141  384  311  1  -2  
16  26  10  150  384  311  1  -2  
16  26  10  157  384  311  1  -2  
16  26  10  166  384  311  1  -2  
16  26  10  173  384  311  1  -2  
16  26  10  183  384  311  1  -2  
16  26  10  190  384  311  1  -2  
16  26  10  200  384  311  1  -2  
16  26  10  206  384  311  1  -2  
16  26  10  216  384  311  1  -2  
16  26  10  223  386  311  1  -2  
16  26  10  234  387  311  1  -2  
16  26  10  241  391  311  1  -2  
16  26  10  251  396  311  1  -2  
16  26  10  257  401  311  1  -2  
16  26  10  267  408  311  1  -2  
16  26  10  273  413  311  1  -2  
16  26  10  284  424  312  1  -2  
16  26  10  290  429  312  1  -2  
16  26  10  300  435  312  1  -2  
16  26  10  306  441  313  1  -2  
16  26  10  316  446  313  1  -2  
16  26  10  323  453  313  1  -2  
16  26  10  334  457  313  1  -2  
16  26  10  339  463  313  1  -2  
16  26  10  350  468  313  1  -2  
16  26  10  357  473  313  1  -2  
16  26  10  366  480  313  1  -2  
16  26  10  374  484  313  1  -2  
16  26  10  384  489  313  1  -2  
16  26  10  390  494  313  1  -2  
16  26  10  400  494  313  1  -2  
16  26  10  406  500  313  2  -2  
16  26  10  416  500  313  2  -2  
16  26  10  423  502  313  2  -2  
16  26  10  434  502  313  2  -2  
16  26  10  440  503  313  2  -2  
16  26  10  450  503  313  2  -2  
16  26  10  457  504  313  2  -2  
16  26  10  466  506  313  2  -2  
16  26  10  473  508  313  2  -2  
16  26  10  483  511  313  2  -2  
16  26  10  490  514  313  2  -2  
16  26  10  500  515  313  2  -2  
16  26  10  506  517  313  2  -2  
16  26  10  516  518  313  2  -2  
16  26  10  524  518  313  2  -2  
16  26  10  534  519  313  2  -2  
16  26  10  540  521  313  2  -2  
16  26  10  549  521  313  2  -2  
16  26  10  556  522  313  2  -2  
16  26  10  566  524  313  2  -2  
16  26  10  573  526  314  2  -2  
16  26  10  584  529  314  2  -2  
16  26  10  591  535  315  2  -2  
16  26  10  600  535  315  2  -2  
16  26  10  607  541  317  2  -2  
16  26  10  616  543  317  2  -2  
16  26  10  623  543  317  2  -2  
16  26  10  634  543  317  2  -2  
16  26  10  640  543  317  2  -2  
16  26  10  650  543  317  2  -2  
16  26  10  657  543  317  2  -2  
16  26  10  666  544  318  2  -2  
16  26  10  674  544  318  2  -2  
16  26  10  684  544  318  2  -2  
16  26  10  690  544  318  2  -2  
16  26  10  700  544  318  2  -2  
16  26  10  706  544  318  2  -2  
16  26  10  716  544  318  2  -2  
16  26  10  724  544  318  2  -2  
16  26  10  733  544  318  2  -2  
16  26  10  740  544  318  2  -2  
16  26  10  750  543  318  2  -2  
16  26  10  758  540  318  2  -2  
16  26  10  766  535  319  2  -2  
16  26  10  774  531  319  2  -2  
16  26  10  784  526  320  2  -2  
16  26  10  790  514  320  2  -2  
16  26  10  800  514  320  2  -2  
16  26  10  806  501  320  2  -2  
16  26  10  817  501  320  2  -2  
16  26  10  823  484  320  2  -2  
16  26  10  834  477  320  2  -2  
16  26  10  841  468  319  2  -2  
16  26  10  850  460  319  2  -2  
16  26  10  857  453  319  2  -2  
16  26  10  867  444  317  2  -2  
16  26  10  873  439  317  2  -2  
16  26  10  884  434  316  2  -2  
16  26  10  891  431  316  2  -2  
16  26  10  900  429  316  2  -2  
16  26  10  906  425  316  2  -2  
16  26  10  916  424  316  2  -2  
16  26  10  924  423  316  2  -2  
16  26  10  933  421  316  2  -2  
16  26  10  940  420  315  2  -2  
16  26  10  950  417  315  2  -2  
16  26  10  956  414  315  2  -2  
16  26  10  966  408  312  2  -2  
16  26  10  974  405  312  2  -2  
16  26  10  984  399  312  3  -2  
16  26  10  991  389  310  3  -2  
16  26  10  1000  386  310  3  -2  
16  26  10  1008  384  310  3  -2  
16  26  11  1016  381  309  3  -2  
16  26  11  1024  381  309  3  -2  
16  26  11  1034  381  309  3  -2  
16  26  11  1040  381  309  3  -2  
16  26  11  1050  381  309  3  -2  
16  26  11  1057  381  309  3  -2  
16  26  11  1066  381  309  3  -2  
16  26  11  1075  381  309  3  -2  
16  26  11  1083  381  309  3  -2  
16  26  11  1090  381  309  3  -2  
16  26  11  1100  381  309  3  -2  
16  26  11  1107  381  309  3  -2  
16  26  11  1116  381  309  3  -2  
16  26  11  1124  381  309  3  -2  
16  26  11  1133  381  309  3  -2  
16  26  11  1142  381  309  3  -2  
16  26  11  1150  381  309  3  -2  
16  26  11  1157  381  309  3  -2  
16  26  11  1166  381  309  3  -2  
16  26  11  1174  381  309  3  -2  
16  26  11  1184  381  309  3  -2  
16  26  11  1191  381  309  3  -2  
16  26  11  1199  381  309  3  -2  
16  26  11  1207  381  309  3  -2  
16  26  11  1216  381  309  3  -2  
16  26  11  1224  381  309  3  -2  
16  26  11  1233  381  309  3  -2  
16  26  11  1242  381  309  3  -2  
16  26  11  1249  381  309  3  -2  
16  26  11  1258  381  309  3  -2  
16  26  11  1266  381  309  3  -2  
16  26  11  1274  381  309  3  -2  
16  26  11  1284  381  309  3  -2  
16  26  11  1292  381  309  3  -2  
16  26  11  1299  381  309  3  -2  
16  26  11  1308  381  309  3  -2  
16  26  11  1317  381  309  3  -2  
16  26  11  1324  381  309  3  -2  
16  26  11  1334  381  309  3  -2  
16  26  11  1342  381  309  3  -2  
16  26  11  1351  381  309  3  -2  
16  26  11  1358  381  309  3  -2  
16  26  11  1366  381  309  3  -2  
16  26  11  1375  381  309  3  -2  
16  26  11  1383  381  309  3  -2  
16  26  11  1392  381  309  3  -2  
16  26  11  1400  381  309  3  -2  
16  26  11  1408  381  309  3  -2  
16  26  11  1416  381  309  3  -2  
16  26  11  1424  382  309  3  -2  
16  26  11  1433  386  308  3  -2  
16  26  11  1440  388  307  3  -2  
16  26  11  1449  390  307  3  -2  
16  26  11  1457  394  307  3  -2  
16  26  11  1465  399  307  3  -2  
16  26  11  1473  402  307  3  -2  
16  26  11  1482  407  307  3  -2  
16  26  11  1491  414  307  3  -2  
16  26  11  1499  421  307  3  -2  
16  26  11  1507  428  307  3  -2  
16  26  11  1517  438  307  3  -2  
16  26  11  1525  443  307  3  -2  
16  26  11  1533  451  307  3  -2  
16  26  11  1541  458  307  3  -2  
16  26  11  1549  465  307  3  -2  
16  26  11  1558  470  306  3  -2  
16  26  11  1565  474  306  3  -2  
16  26  11  1575  478  306  3  -2  
16  26  11  1583  487  306  3  -2  
16  26  11  1591  492  306  3  -2  
16  26  11  1598  495  306  3  -2  
16  26  11  1608  495  306  3  -2  
16  26  11  1616  501  306  4  -2  
16  26  11  1625  502  306  4  -2  
16  26  11  1632  504  306  4  -2  
16  26  11  1641  505  306  4  -2  
16  26  11  1649  505  306  4  -2  
16  26  11  1657  505  306  4  -2  
16  26  11  1665  505  306  4  -2  
16  26  11  1674  505  306  4  -2  
16  26  11  1682  505  306  4  -2  
16  26  11  1691  505  306  4  -2  
16  26  11  1699  505  306  4  -2  
16  26  11  1707  505  306  4  -2  
16  26  11  1715  505  306  4  -2  
16  26  11  1723  505  306  4  -2  
16  26  11  1733  505  306  4  -2  
16  26  11  1741  505  306  4  -2  
16  26  11  1750  505  306  4  -2  
16  26  11  1757  505  306  4  -2  
16  26  11  1766  507  306  4  -2  
16  26  11  1774  510  306  4  -2  
16  26  11  1782  513  306  4  -2  
16  26  11  1792  520  306  4  -2  
16  26  11  1799  538  306  4  -2  
16  26  11  1808  538  306  4  -2  
16  26  11  1817  553  309  4  -2  
16  26  11  1825  554  310  4  -2  
16  26  11  1832  554  310  4  -2  
16  26  11  1842  554  310  4  -2  
16  26  11  1848  554  310  4  -2  
16  26  11  1858  554  310  4  -2  
16  26  11  1866  554  310  4  -2  
16  26  11  1875  554  310  4  -2  
16  26  11  1883  554  310  4  -2  
16  26  11  1892  554  310  4  -2  
16  26  11  1900  554  311  4  -2  
16  26  11  1908  554  311  4  -2  
16  26  11  1916  554  312  4  -2  
16  26  11  1924  553  312  4  -2  
16  26  11  1932  552  312  4  -2  
16  26  11  1942  551  312  4  -2  
16  26  11  1950  551  312  4  -2  
16  26  11  1958  551  312  4  -2  
16  26  11  1966  550  312  4  -2  
16  26  11  1975  550  312  4  -2  
16  26  11  1982  547  312  4  -2  
16  26  11  1992  547  312  4  -2  
16  26  11  2000  546  312  4  -2  
16  26  11  2008  542  312  4  -2  
16  26  12  2017  540  312  4  -2  
16  26  12  2025  538  313  4  -2  
16  26  12  2033  534  313  4  -2  
16  26  12  2041  529  313  4  -2  
16  26  12  2050  522  316  4  -2  
16  26  12  2058  512  317  4  -2  
16  26  12  2066  503  317  4  -2  
16  26  12  2075  493  317  4  -2  
16  26  12  2082  485  317  4  -2  
16  26  12  2092  475  317  4  -2  
16  26  12  2099  465  317  4  -2  
16  26  12  2107  455  317  4  -2  
16  26  12  2117  443  317  4  -2  
16  26  12  2125  435  317  4  -2  
16  26  12  2133  430  317  4  -2  
16  26  12  2141  425  317  4  -2  
16  26  12  2149  419  317  4  -2  
16  26  12  2158  414  317  4  -2  
16  26  12  2167  409  317  4  -2  
16  26  12  2175  405  317  4  -2  
16  26  12  2184  404  317  4  -2  
16  26  12  2191  404  317  4  -2  
16  26  12  2200  404  317  4  -2  
16  26  12  2209  404  317  4  -2  
16  26  12  2215  404  317  4  -2  
16  26  12  2225  404  317  4  -2  
16  26  12  2233  404  317  4  -2  
16  26  12  2242  404  317  4  -2  
16  26  12  2250  402  317  4  -2  
16  26  12  2258  402  317  4  -2  
16  26  12  2268  402  317  4  -2  
16  26  12  2275  401  316  4  -2  
16  26  12  2283  401  316  4  -2  
16  26  12  2292  401  316  4  -2  
16  26  12  2300  401  316  4  -2  
16  26  12  2308  401  316  4  -2  
16  26  12  2317  401  316  4  -2  
16  26  12  2325  401  316  4  -2  
16  26  12  2334  401  316  4  -2  
16  26  12  2342  401  316  4  -2  
16  26  12  2350  401  316  4  -2  
16  26  12  2358  401  316  4  -2  
16  26  12  2367  401  316  4  -2  
16  26  12  2375  401  316  4  -2  
16  26  12  2384  401  316  4  -2  
16  26  12  2392  401  316  4  -2  
16  26  12  2401  401  316  4  -2  
16  26  12  2410  401  316  4  -2  
16  26  12  2418  401  316  4  -2  
16  26  12  2428  401  316  4  -2  
16  26  12  2436  401  316  4  -2  
16  26  12  2445  401  316  4  -2  
16  26  12  2453  401  316  4  -2  
