10  13  25  0  379  337  1  -2  
10  13  25  9  379  337  1  -2  
10  13  25  17  379  337  1  -2  
10  13  25  26  379  337  1  -2  
10  13  25  34  379  337  1  -2  
10  13  25  42  379  337  1  -2  
10  13  25  50  379  337  1  -2  
10  13  25  59  379  337  1  -2  
10  13  25  68  379  337  1  -2  
10  13  25  75  379  337  1  -2  
10  13  25  84  379  337  1  -2  
10  13  25  92  379  337  1  -2  
10  13  25  101  379  337  1  -2  
10  13  25  109  379  337  1  -2  
10  13  25  117  379  337  1  -2  
10  13  25  125  379  337  1  -2  
10  13  25  134  379  337  1  -2  
10  13  25  142  379  337  1  -2  
10  13  25  150  379  337  1  -2  
10  13  25  160  379  337  1  -2  
10  13  25  167  379  337  1  -2  
10  13  25  175  379  337  1  -2  
10  13  25  184  379  337  1  -2  
10  13  25  192  379  337  1  -2  
10  13  25  201  379  337  1  -2  
10  13  25  210  379  337  1  -2  
10  13  25  216  379  337  1  -2  
10  13  25  226  379  337  1  -2  
10  13  25  234  379  337  1  -2  
10  13  25  242  379  337  1  -2  
10  13  25  251  381  337  1  -2  
10  13  25  260  386  334  1  -2  
10  13  25  269  388  334  1  -2  
10  13  25  276  393  334  1  -2  
10  13  25  284  398  334  1  -2  
10  13  25  292  407  334  1  -2  
10  13  25  301  415  334  1  -2  
10  13  25  310  422  334  1  -2  
10  13  25  317  437  334  1  -2  
10  13  25  326  437  334  1  -2  
10  13  25  334  450  332  1  -2  
10  13  25  342  456  332  1  -2  
10  13  25  351  465  332  1  -2  
10  13  25  360  472  332  1  -2  
10  13  25  368  478  332  1  -2  
10  13  25  376  485  332  1  -2  
10  13  25  384  489  332  1  -2  
10  13  25  392  493  332  1  -2  
10  13  25  401  494  332  1  -2  
10  13  25  410  497  331  1  -2  
10  13  25  417  498  330  2  -2  
10  13  25  425  498  330  2  -2  
10  13  25  434  499  329  2  -2  
10  13  25  442  500  329  2  -2  
10  13  25  451  501  329  2  -2  
10  13  25  459  501  329  2  -2  
10  13  25  467  501  329  2  -2  
10  13  25  475  501  329  2  -2  
10  13  25  484  501  329  2  -2  
10  13  25  492  503  329  2  -2  
10  13  25  501  504  329  2  -2  
10  13  25  509  504  329  2  -2  
10  13  25  517  507  328  2  -2  
10  13  25  526  507  328  2  -2  
10  13  25  534  510  326  2  -2  
10  13  25  542  510  326  2  -2  
10  13  25  551  510  326  2  -2  
10  13  25  559  511  326  2  -2  
10  13  25  568  512  325  2  -2  
10  13  25  575  512  325  2  -2  
10  13  25  585  512  325  2  -2  
10  13  25  592  512  325  2  -2  
10  13  25  601  512  325  2  -2  
10  13  25  609  512  325  2  -2  
10  13  25  617  512  325  2  -2  
10  13  25  626  512  325  2  -2  
10  13  25  635  512  325  2  -2  
10  13  25  642  512  325  2  -2  
10  13  25  652  512  325  2  -2  
10  13  25  660  512  325  2  -2  
10  13  25  667  512  325  2  -2  
10  13  25  676  512  325  2  -2  
10  13  25  684  512  325  2  -2  
10  13  25  692  512  325  2  -2  
10  13  25  701  512  325  2  -2  
10  13  26  709  512  325  2  -2  
10  13  26  718  512  325  2  -2  
10  13  26  726  512  325  2  -2  
10  13  26  734  512  325  2  -2  
10  13  26  743  513  324  2  -2  
10  13  26  751  513  324  2  -2  
10  13  26  760  513  324  2  -2  
10  13  26  768  513  324  2  -2  
10  13  26  776  513  324  2  -2  
10  13  26  784  513  324  2  -2  
10  13  26  792  513  324  2  -2  
10  13  26  801  513  324  2  -2  
10  13  26  810  513  324  2  -2  
10  13  26  818  512  324  2  -2  
10  13  26  826  507  322  2  -2  
10  13  26  834  501  321  2  -2  
10  13  26  842  495  321  2  -2  
10  13  26  851  483  320  2  -2  
10  13  26  862  468  318  2  -2  
10  13  26  868  450  318  2  -2  
10  13  26  876  433  318  2  -2  
10  13  26  885  413  318  2  -2  
10  13  26  893  395  318  3  -2  
10  13  26  902  380  318  3  -2  
10  13  26  910  360  318  3  -2  
10  13  26  916  356  318  3  -2  
10  13  26  925  356  318  3  -2  
10  13  26  933  352  316  3  -2  
10  13  26  941  352  316  3  -2  
10  13  26  950  352  316  3  -2  
10  13  26  961  352  316  3  -2  
10  13  26  967  352  316  3  -2  
10  13  26  975  352  316  3  -2  
10  13  26  983  352  316  3  -2  
10  13  26  991  352  316  3  -2  
10  13  26  1001  352  316  3  -2  
10  13  26  1008  352  316  3  -2  
10  13  26  1018  352  316  3  -2  
10  13  26  1025  352  316  3  -2  
10  13  26  1033  352  316  3  -2  
10  13  26  1041  352  316  3  -2  
10  13  26  1050  352  316  3  -2  
10  13  26  1061  352  316  3  -2  
10  13  26  1070  352  316  3  -2  
10  13  26  1080  352  316  3  -2  
10  13  26  1088  352  316  3  -2  
10  13  26  1098  352  316  3  -2  
10  13  26  1105  352  316  3  -2  
10  13  26  1114  352  316  3  -2  
10  13  26  1122  352  316  3  -2  
10  13  26  1132  352  316  3  -2  
10  13  26  1140  352  316  3  -2  
10  13  26  1149  352  316  3  -2  
10  13  26  1158  352  316  3  -2  
10  13  26  1167  352  316  3  -2  
10  13  26  1175  352  316  3  -2  
10  13  26  1183  352  316  3  -2  
10  13  26  1192  352  316  3  -2  
10  13  26  1200  351  316  3  -2  
10  13  26  1208  354  316  3  -2  
10  13  26  1217  364  316  3  -2  
10  13  26  1225  383  313  3  -2  
10  13  26  1234  407  313  3  -2  
10  13  26  1242  431  313  3  -2  
10  13  26  1251  455  313  3  -2  
10  13  26  1260  473  313  3  -2  
10  13  26  1266  490  313  3  -2  
10  13  26  1275  498  313  4  -2  
10  13  26  1283  501  311  4  -2  
10  13  26  1291  502  311  4  -2  
10  13  26  1301  502  311  4  -2  
10  13  26  1309  502  311  4  -2  
10  13  26  1317  502  311  4  -2  
10  13  26  1325  502  311  4  -2  
10  13  26  1333  504  310  4  -2  
10  13  26  1341  504  310  4  -2  
10  13  26  1350  504  310  4  -2  
10  13  26  1359  504  310  4  -2  
10  13  26  1368  504  310  4  -2  
10  13  26  1375  504  310  4  -2  
10  13  26  1384  504  310  4  -2  
10  13  26  1391  504  310  4  -2  
10  13  26  1401  504  310  4  -2  
10  13  26  1409  504  310  4  -2  
10  13  26  1416  504  310  4  -2  
10  13  26  1425  504  310  4  -2  
10  13  26  1433  504  310  4  -2  
10  13  26  1441  504  310  4  -2  
10  13  26  1451  504  310  4  -2  
10  13  26  1459  504  310  4  -2  
10  13  26  1467  504  310  4  -2  
10  13  26  1478  504  310  4  -2  
10  13  26  1483  504  310  4  -2  
10  13  26  1493  504  310  4  -2  
10  13  26  1501  504  310  4  -2  
10  13  26  1510  504  310  4  -2  
10  13  26  1518  504  310  4  -2  
10  13  26  1526  504  310  4  -2  
10  13  26  1534  505  310  4  -2  
10  13  26  1543  505  310  4  -2  
10  13  26  1551  505  310  4  -2  
10  13  26  1561  506  310  4  -2  
10  13  26  1567  506  310  4  -2  
10  13  26  1578  508  310  4  -2  
10  13  26  1584  508  310  4  -2  
10  13  26  1593  509  310  4  -2  
10  13  26  1601  509  310  4  -2  
10  13  26  1611  510  310  4  -2  
10  13  26  1619  511  310  4  -2  
10  13  26  1628  513  310  4  -2  
10  13  26  1634  514  310  4  -2  
10  13  26  1643  517  311  4  -2  
10  13  26  1651  518  311  4  -2  
10  13  26  1661  520  311  4  -2  
10  13  26  1667  521  311  4  -2  
10  13  26  1676  521  311  4  -2  
10  13  26  1684  521  311  4  -2  
10  13  26  1694  521  311  4  -2  
10  13  26  1701  521  311  4  -2  
10  13  27  1711  521  311  4  -2  
10  13  27  1718  521  311  4  -2  
10  13  27  1725  521  311  4  -2  
10  13  27  1733  521  311  4  -2  
10  13  27  1743  521  311  4  -2  
10  13  27  1751  521  311  4  -2  
10  13  27  1761  521  311  4  -2  
10  13  27  1768  521  311  4  -2  
10  13  27  1778  521  311  4  -2  
10  13  27  1786  522  311  4  -2  
10  13  27  1796  522  311  4  -2  
10  13  27  1803  522  310  4  -2  
10  13  27  1815  521  310  4  -2  
10  13  27  1825  512  310  4  -2  
10  13  27  1834  506  309  4  -2  
10  13  27  1844  498  308  4  -2  
10  13  27  1851  488  308  4  -2  
10  13  27  1860  476  307  4  -2  
10  13  27  1867  465  304  4  -2  
10  13  27  1875  451  304  4  -2  
10  13  27  1884  436  304  4  -2  
10  13  27  1893  425  303  4  -2  
10  13  27  1901  415  302  4  -2  
10  13  27  1910  415  302  4  -2  
10  13  27  1916  409  302  4  -2  
10  13  27  1926  409  302  4  -2  
10  13  27  1934  402  302  4  -2  
10  13  27  1944  398  302  4  -2  
