10  13  32  0  383  329  1  -2  
10  13  32  8  383  329  1  -2  
10  13  32  16  383  329  1  -2  
10  13  32  24  383  329  1  -2  
10  13  32  33  383  329  1  -2  
10  13  32  41  383  329  1  -2  
10  13  32  50  383  329  1  -2  
10  13  32  58  382  329  1  -2  
10  13  32  66  382  329  1  -2  
10  13  32  74  382  329  1  -2  
10  13  32  83  382  329  1  -2  
10  13  32  91  382  329  1  -2  
10  13  32  100  382  329  1  -2  
10  13  32  108  382  329  1  -2  
10  13  32  117  382  329  1  -2  
10  13  32  125  382  329  1  -2  
10  13  32  133  382  329  1  -2  
10  13  32  141  382  329  1  -2  
10  13  32  150  382  329  1  -2  
10  13  32  158  382  329  1  -2  
10  13  32  166  382  329  1  -2  
10  13  32  175  382  329  1  -2  
10  13  32  183  381  329  1  -2  
10  13  32  191  382  329  1  -2  
10  13  32  200  382  329  1  -2  
10  13  32  209  384  329  1  -2  
10  13  32  217  385  329  1  -2  
10  13  32  225  387  329  1  -2  
10  13  32  233  388  329  1  -2  
10  13  32  241  390  329  1  -2  
10  13  32  250  391  329  1  -2  
10  13  32  258  393  329  1  -2  
10  13  32  268  395  329  1  -2  
10  13  32  275  399  329  1  -2  
10  13  32  283  402  329  1  -2  
10  13  32  291  407  329  1  -2  
10  13  32  300  410  329  1  -2  
10  13  32  308  415  329  1  -2  
10  13  32  316  424  328  1  -2  
10  13  32  324  432  328  1  -2  
10  13  32  332  444  328  1  -2  
10  13  32  340  455  328  1  -2  
10  13  32  350  467  328  1  -2  
10  13  32  358  486  328  1  -2  
10  13  32  365  486  328  1  -2  
10  13  32  374  492  328  1  -2  
10  13  32  382  500  328  2  -2  
10  13  32  390  503  328  2  -2  
10  13  33  399  504  328  2  -2  
10  13  33  407  504  328  2  -2  
10  13  33  416  504  328  2  -2  
10  13  33  424  506  328  2  -2  
10  13  33  432  506  328  2  -2  
10  13  33  441  506  328  2  -2  
10  13  33  450  507  328  2  -2  
10  13  33  460  507  328  2  -2  
10  13  33  466  507  328  2  -2  
10  13  33  474  507  328  2  -2  
10  13  33  482  507  328  2  -2  
10  13  33  491  507  328  2  -2  
10  13  33  499  507  328  2  -2  
10  13  33  509  507  328  2  -2  
10  13  33  516  507  328  2  -2  
10  13  33  524  507  328  2  -2  
10  13  33  532  507  328  2  -2  
10  13  33  541  507  328  2  -2  
10  13  33  550  507  328  2  -2  
10  13  33  557  507  328  2  -2  
10  13  33  565  507  328  2  -2  
10  13  33  574  507  328  2  -2  
10  13  33  582  507  328  2  -2  
10  13  33  591  507  328  2  -2  
10  13  33  600  507  328  2  -2  
10  13  33  610  507  328  2  -2  
10  13  33  616  507  328  2  -2  
10  13  33  624  507  328  2  -2  
10  13  33  632  507  328  2  -2  
10  13  33  641  507  328  2  -2  
10  13  33  649  507  328  2  -2  
10  13  33  657  507  328  2  -2  
10  13  33  666  507  328  2  -2  
10  13  33  676  507  328  2  -2  
10  13  33  683  507  328  2  -2  
10  13  33  691  507  328  2  -2  
10  13  33  700  507  328  2  -2  
10  13  33  709  507  328  2  -2  
10  13  33  716  507  328  2  -2  
10  13  33  724  507  328  2  -2  
10  13  33  732  507  328  2  -2  
10  13  33  741  507  328  2  -2  
10  13  33  749  507  328  2  -2  
10  13  33  759  504  326  2  -2  
10  13  33  766  502  326  2  -2  
10  13  33  774  497  325  2  -2  
10  13  33  782  490  325  2  -2  
10  13  33  790  482  325  2  -2  
10  13  33  802  473  325  2  -2  
10  13  33  812  463  325  2  -2  
10  13  33  818  453  325  2  -2  
10  13  33  827  438  326  2  -2  
10  13  33  835  423  327  2  -2  
10  13  33  845  408  327  2  -2  
10  13  33  852  393  327  3  -2  
10  13  33  861  377  327  3  -2  
10  13  33  869  367  327  3  -2  
10  13  33  878  358  327  3  -2  
10  13  33  884  352  326  3  -2  
10  13  33  895  352  326  3  -2  
10  13  33  901  349  326  3  -2  
10  13  33  911  349  326  3  -2  
10  13  33  919  348  326  3  -2  
10  13  33  928  348  326  3  -2  
10  13  33  935  348  326  3  -2  
10  13  33  945  348  326  3  -2  
10  13  33  952  348  326  3  -2  
10  13  33  962  348  326  3  -2  
10  13  33  969  348  326  3  -2  
10  13  33  979  348  326  3  -2  
10  13  33  985  348  326  3  -2  
10  13  33  995  348  326  3  -2  
10  13  33  1002  348  326  3  -2  
10  13  33  1012  348  326  3  -2  
10  13  33  1017  347  326  3  -2  
10  13  33  1029  347  326  3  -2  
10  13  33  1036  347  326  3  -2  
10  13  33  1045  347  326  3  -2  
10  13  33  1052  347  326  3  -2  
10  13  33  1062  347  326  3  -2  
10  13  33  1069  347  326  3  -2  
10  13  33  1079  347  326  3  -2  
10  13  33  1085  347  326  3  -2  
10  13  33  1095  347  326  3  -2  
10  13  33  1102  347  326  3  -2  
10  13  33  1112  347  326  3  -2  
10  13  33  1119  347  326  3  -2  
10  13  33  1129  347  326  3  -2  
10  13  33  1135  347  324  3  -2  
10  13  33  1145  347  323  3  -2  
10  13  33  1153  348  323  3  -2  
10  13  33  1162  349  322  3  -2  
10  13  33  1170  353  322  3  -2  
10  13  33  1180  361  321  3  -2  
10  13  33  1185  372  321  3  -2  
10  13  33  1195  389  321  3  -2  
10  13  33  1202  404  321  3  -2  
10  13  33  1212  419  321  3  -2  
10  13  33  1220  432  321  3  -2  
10  13  33  1229  439  321  3  -2  
10  13  33  1235  442  321  3  -2  
10  13  33  1245  446  320  3  -2  
10  13  33  1252  447  319  3  -2  
10  13  33  1262  448  319  3  -2  
10  13  33  1269  452  319  3  -2  
10  13  33  1279  452  319  3  -2  
10  13  33  1285  456  318  3  -2  
10  13  33  1295  456  318  3  -2  
10  13  33  1303  459  318  3  -2  
10  13  33  1312  462  317  3  -2  
10  13  33  1319  463  317  3  -2  
10  13  33  1329  463  317  3  -2  
10  13  33  1336  465  317  3  -2  
10  13  33  1345  466  317  3  -2  
10  13  33  1353  468  317  3  -2  
10  13  33  1362  471  315  3  -2  
10  13  33  1370  475  314  3  -2  
10  13  33  1379  477  314  3  -2  
10  13  33  1385  485  313  3  -2  
10  13  34  1395  490  313  3  -2  
10  13  34  1402  497  313  4  -2  
10  13  34  1412  504  310  4  -2  
10  13  34  1420  510  309  4  -2  
10  13  34  1430  513  309  4  -2  
10  13  34  1435  515  308  4  -2  
10  13  34  1445  518  308  4  -2  
10  13  34  1453  520  307  4  -2  
10  13  34  1462  520  307  4  -2  
10  13  34  1470  520  307  4  -2  
10  13  34  1479  521  307  4  -2  
10  13  34  1485  521  307  4  -2  
10  13  34  1495  521  307  4  -2  
10  13  34  1502  522  307  4  -2  
10  13  34  1512  522  307  4  -2  
10  13  34  1520  522  307  4  -2  
10  13  34  1529  522  307  4  -2  
10  13  34  1536  523  307  4  -2  
10  13  34  1545  523  307  4  -2  
10  13  34  1552  523  307  4  -2  
10  13  34  1562  523  307  4  -2  
10  13  34  1570  525  307  4  -2  
10  13  34  1579  525  307  4  -2  
10  13  34  1585  527  306  4  -2  
10  13  34  1595  527  306  4  -2  
10  13  34  1602  527  306  4  -2  
10  13  34  1612  527  306  4  -2  
10  13  34  1620  527  306  4  -2  
10  13  34  1629  527  306  4  -2  
10  13  34  1636  527  306  4  -2  
10  13  34  1645  527  306  4  -2  
10  13  34  1652  527  306  4  -2  
10  13  34  1662  527  306  4  -2  
10  13  34  1670  527  306  4  -2  
10  13  34  1679  527  306  4  -2  
10  13  34  1686  527  306  4  -2  
10  13  34  1695  527  306  4  -2  
10  13  34  1702  527  306  4  -2  
10  13  34  1712  527  306  4  -2  
10  13  34  1720  527  305  4  -2  
10  13  34  1729  526  305  4  -2  
10  13  34  1737  526  305  4  -2  
10  13  34  1746  523  305  4  -2  
10  13  34  1754  521  305  4  -2  
10  13  34  1763  518  305  4  -2  
10  13  34  1770  514  305  4  -2  
10  13  34  1779  510  305  4  -2  
10  13  34  1787  505  305  4  -2  
10  13  34  1795  497  305  4  -2  
10  13  34  1805  487  303  4  -2  
10  13  34  1812  473  302  4  -2  
10  13  34  1821  463  301  4  -2  
10  13  34  1829  450  301  4  -2  
10  13  34  1836  438  301  4  -2  
10  13  34  1845  426  301  4  -2  
10  13  34  1853  416  301  4  -2  
10  13  34  1862  408  301  4  -2  
10  13  34  1870  400  301  4  -2  
