10  46  23  0  374  305  1  -2  
10  46  23  9  374  305  1  -2  
10  46  23  17  374  305  1  -2  
10  46  23  26  374  305  1  -2  
10  46  23  34  374  305  1  -2  
10  46  23  43  374  305  1  -2  
10  46  23  51  374  305  1  -2  
10  46  23  59  374  305  1  -2  
10  46  23  67  374  305  1  -2  
10  46  23  76  374  305  1  -2  
10  46  23  84  374  305  1  -2  
10  46  23  93  374  305  1  -2  
10  46  23  102  374  305  1  -2  
10  46  23  109  374  305  1  -2  
10  46  23  118  374  305  1  -2  
10  46  23  126  374  305  1  -2  
10  46  23  134  374  305  1  -2  
10  46  23  142  374  305  1  -2  
10  46  23  151  374  305  1  -2  
10  46  23  159  374  305  1  -2  
10  46  23  168  377  305  1  -2  
10  46  23  176  382  305  1  -2  
10  46  23  183  389  305  1  -2  
10  46  23  193  401  305  1  -2  
10  46  23  201  414  306  1  -2  
10  46  23  209  427  306  1  -2  
10  46  23  217  442  306  1  -2  
10  46  23  227  461  310  1  -2  
10  46  23  235  476  310  1  -2  
10  46  23  243  485  311  1  -2  
10  46  23  252  495  313  2  -2  
10  46  23  260  499  314  2  -2  
10  46  23  268  501  314  2  -2  
10  46  23  277  501  314  2  -2  
10  46  23  285  501  314  2  -2  
10  46  23  292  501  314  2  -2  
10  46  23  301  501  314  2  -2  
10  46  23  309  501  314  2  -2  
10  46  23  317  501  314  2  -2  
10  46  23  328  501  314  2  -2  
10  46  23  335  501  314  2  -2  
10  46  23  342  501  314  2  -2  
10  46  23  352  501  314  2  -2  
10  46  23  359  501  314  2  -2  
10  46  23  368  501  314  2  -2  
10  46  23  377  501  314  2  -2  
10  46  23  385  501  314  2  -2  
10  46  23  393  501  314  2  -2  
10  46  23  402  504  314  2  -2  
10  46  23  409  504  315  2  -2  
10  46  23  418  504  315  2  -2  
10  46  23  426  505  315  2  -2  
10  46  23  435  508  315  2  -2  
10  46  23  443  508  315  2  -2  
10  46  23  452  512  316  2  -2  
10  46  23  459  512  317  2  -2  
10  46  23  468  515  317  2  -2  
10  46  23  477  515  317  2  -2  
10  46  23  486  517  317  2  -2  
10  46  23  494  520  319  2  -2  
10  46  23  502  520  319  2  -2  
10  46  23  510  520  319  2  -2  
10  46  23  518  520  319  2  -2  
10  46  23  527  520  319  2  -2  
10  46  23  535  520  319  2  -2  
10  46  24  543  520  319  2  -2  
10  46  24  553  520  319  2  -2  
10  46  24  560  522  320  2  -2  
10  46  24  569  522  320  2  -2  
10  46  24  578  522  320  2  -2  
10  46  24  587  522  320  2  -2  
10  46  24  594  522  320  2  -2  
10  46  24  602  522  320  2  -2  
10  46  24  610  522  320  2  -2  
10  46  24  618  522  320  2  -2  
10  46  24  627  522  320  2  -2  
10  46  24  636  522  320  2  -2  
10  46  24  643  522  320  2  -2  
10  46  24  652  522  320  2  -2  
10  46  24  660  522  320  2  -2  
10  46  24  669  521  320  2  -2  
10  46  24  678  518  321  2  -2  
10  46  24  687  508  321  2  -2  
10  46  24  694  498  321  2  -2  
10  46  24  703  488  321  2  -2  
10  46  24  713  473  321  2  -2  
10  46  24  720  459  321  2  -2  
10  46  24  731  445  321  2  -2  
10  46  24  739  432  321  2  -2  
10  46  24  751  424  321  2  -2  
10  46  24  757  405  321  2  -2  
10  46  24  766  400  321  2  -2  
10  46  24  774  395  321  3  -2  
10  46  24  783  392  321  3  -2  
10  46  24  792  391  321  3  -2  
10  46  24  802  388  321  3  -2  
10  46  24  811  387  321  3  -2  
10  46  24  818  386  321  3  -2  
10  46  24  827  384  321  3  -2  
10  46  24  836  383  321  3  -2  
10  46  24  845  381  321  3  -2  
10  46  24  852  380  321  3  -2  
10  46  24  861  380  321  3  -2  
10  46  24  867  377  321  3  -2  
10  46  24  878  377  321  3  -2  
10  46  24  885  376  321  3  -2  
10  46  24  897  376  321  3  -2  
10  46  24  903  375  321  3  -2  
10  46  24  912  375  321  3  -2  
10  46  24  919  375  321  3  -2  
10  46  24  929  375  321  3  -2  
10  46  24  937  375  321  3  -2  
10  46  24  947  375  321  3  -2  
10  46  24  953  375  321  3  -2  
10  46  24  963  375  321  3  -2  
10  46  24  969  375  321  3  -2  
10  46  24  978  375  321  3  -2  
10  46  24  987  375  321  3  -2  
10  46  24  995  375  321  3  -2  
10  46  24  1003  375  321  3  -2  
10  46  24  1012  375  321  3  -2  
10  46  24  1020  375  321  3  -2  
10  46  24  1031  375  321  3  -2  
10  46  24  1039  375  321  3  -2  
10  46  24  1050  375  321  3  -2  
10  46  24  1058  375  321  3  -2  
10  46  24  1067  375  321  3  -2  
10  46  24  1078  375  321  3  -2  
10  46  24  1086  375  321  3  -2  
10  46  24  1096  375  321  3  -2  
10  46  24  1103  378  321  3  -2  
10  46  24  1112  382  321  3  -2  
10  46  24  1120  390  321  3  -2  
10  46  24  1131  397  322  3  -2  
10  46  24  1140  403  322  3  -2  
10  46  24  1150  413  322  3  -2  
10  46  24  1158  434  326  3  -2  
10  46  24  1168  442  326  3  -2  
10  46  24  1177  448  326  3  -2  
10  46  24  1186  456  326  3  -2  
10  46  24  1195  460  326  3  -2  
10  46  24  1204  463  327  3  -2  
10  46  24  1213  467  327  3  -2  
10  46  24  1221  473  327  3  -2  
10  46  24  1231  475  327  3  -2  
10  46  24  1240  479  327  3  -2  
10  46  24  1250  481  327  3  -2  
10  46  24  1258  486  327  3  -2  
10  46  24  1266  488  327  3  -2  
10  46  24  1273  491  327  3  -2  
10  46  24  1282  493  327  3  -2  
10  46  24  1291  493  327  3  -2  
10  46  24  1299  494  327  3  -2  
10  46  24  1309  495  327  3  -2  
10  46  24  1318  497  327  4  -2  
10  46  24  1329  498  327  4  -2  
10  46  24  1336  501  327  4  -2  
10  46  24  1346  503  327  4  -2  
10  46  24  1354  506  327  4  -2  
10  46  24  1363  507  327  4  -2  
10  46  24  1371  509  327  4  -2  
10  46  24  1383  511  327  4  -2  
10  46  24  1390  514  327  4  -2  
10  46  24  1401  515  327  4  -2  
10  46  24  1409  517  327  4  -2  
10  46  24  1420  518  327  4  -2  
10  46  24  1431  519  327  4  -2  
10  46  24  1440  520  327  4  -2  
10  46  24  1450  520  327  4  -2  
10  46  24  1460  520  327  4  -2  
10  46  24  1469  520  327  4  -2  
10  46  24  1480  520  327  4  -2  
10  46  24  1486  520  327  4  -2  
10  46  24  1496  520  327  4  -2  
10  46  24  1502  520  327  4  -2  
10  46  24  1513  520  327  4  -2  
10  46  24  1519  520  327  4  -2  
10  46  24  1529  520  327  4  -2  
10  46  24  1537  520  327  4  -2  
10  46  25  1547  520  327  4  -2  
10  46  25  1554  520  327  4  -2  
10  46  25  1566  520  327  4  -2  
10  46  25  1574  520  327  4  -2  
10  46  25  1583  520  327  4  -2  
10  46  25  1594  520  327  4  -2  
10  46  25  1603  520  327  4  -2  
10  46  25  1613  520  327  4  -2  
10  46  25  1622  520  327  4  -2  
10  46  25  1632  520  327  4  -2  
10  46  25  1641  520  327  4  -2  
10  46  25  1651  520  327  4  -2  
10  46  25  1661  520  327  4  -2  
10  46  25  1670  520  327  4  -2  
10  46  25  1682  520  327  4  -2  
10  46  25  1690  520  327  4  -2  
10  46  25  1700  516  327  4  -2  
10  46  25  1708  509  327  4  -2  
10  46  25  1717  501  327  4  -2  
10  46  25  1728  483  327  4  -2  
10  46  25  1737  474  327  4  -2  
10  46  25  1748  467  327  4  -2  
10  46  25  1756  461  327  4  -2  
10  46  25  1766  456  327  4  -2  
10  46  25  1775  448  327  4  -2  
10  46  25  1784  444  327  4  -2  
10  46  25  1792  440  327  4  -2  
10  46  25  1801  439  327  4  -2  
10  46  25  1813  435  327  4  -2  
10  46  25  1821  430  326  4  -2  
10  46  25  1832  426  326  4  -2  
10  46  25  1841  423  325  4  -2  
10  46  25  1851  420  325  4  -2  
10  46  25  1861  418  325  4  -2  
10  46  25  1870  414  324  4  -2  
10  46  25  1882  409  324  4  -2  
10  46  25  1890  408  324  4  -2  
10  46  25  1900  405  324  4  -2  
10  46  25  1910  404  323  4  -2  
10  46  25  1920  401  323  4  -2  
