10  13  39  0  382  334  1  -2  
10  13  39  10  382  334  1  -2  
10  13  39  15  382  334  1  -2  
10  13  39  26  382  334  1  -2  
10  13  39  32  382  334  1  -2  
10  13  39  42  382  334  1  -2  
10  13  39  49  382  334  1  -2  
10  13  39  59  382  334  1  -2  
10  13  39  67  382  334  1  -2  
10  13  39  76  382  334  1  -2  
10  13  39  83  382  334  1  -2  
10  13  39  92  382  334  1  -2  
10  13  39  99  382  334  1  -2  
10  13  39  109  382  334  1  -2  
10  13  39  116  382  334  1  -2  
10  13  39  126  382  334  1  -2  
10  13  39  132  382  334  1  -2  
10  13  39  142  382  334  1  -2  
10  13  39  149  382  334  1  -2  
10  13  39  159  382  334  1  -2  
10  13  39  166  382  333  1  -2  
10  13  39  176  382  332  1  -2  
10  13  39  182  384  332  1  -2  
10  13  39  192  386  331  1  -2  
10  13  39  199  392  329  1  -2  
10  13  39  209  400  328  1  -2  
10  13  39  216  409  327  1  -2  
10  13  39  226  419  325  1  -2  
10  13  39  233  428  323  1  -2  
10  13  39  243  438  322  1  -2  
10  13  39  251  447  322  1  -2  
10  13  39  259  454  320  1  -2  
10  13  39  266  464  320  1  -2  
10  13  39  276  470  320  1  -2  
10  13  40  282  482  320  1  -2  
10  13  40  292  490  320  1  -2  
10  13  40  299  502  320  2  -2  
10  13  40  309  509  320  2  -2  
10  13  40  316  517  320  2  -2  
10  13  40  326  522  320  2  -2  
10  13  40  332  528  319  2  -2  
10  13  40  342  528  319  2  -2  
10  13  40  349  531  319  2  -2  
10  13  40  359  532  319  2  -2  
10  13  40  366  532  319  2  -2  
10  13  40  376  532  319  2  -2  
10  13  40  382  532  319  2  -2  
10  13  40  392  532  319  2  -2  
10  13  40  399  532  319  2  -2  
10  13  40  409  532  319  2  -2  
10  13  40  417  532  319  2  -2  
10  13  40  425  532  319  2  -2  
10  13  40  433  532  319  2  -2  
10  13  40  442  532  319  2  -2  
10  13  40  449  532  319  2  -2  
10  13  40  459  532  319  2  -2  
10  13  40  466  532  319  2  -2  
10  13  40  476  532  319  2  -2  
10  13  40  485  532  319  2  -2  
10  13  40  491  532  319  2  -2  
10  13  40  501  532  319  2  -2  
10  13  40  509  533  319  2  -2  
10  13  40  517  533  319  2  -2  
10  13  40  526  533  319  2  -2  
10  13  40  532  533  319  2  -2  
10  13  40  542  533  319  2  -2  
10  13  40  550  533  319  2  -2  
10  13  40  559  533  319  2  -2  
10  13  40  567  533  319  2  -2  
10  13  40  576  533  319  2  -2  
10  13  40  583  533  319  2  -2  
10  13  40  592  533  319  2  -2  
10  13  40  599  533  319  2  -2  
10  13  40  609  533  319  2  -2  
10  13  40  617  533  319  2  -2  
10  13  40  626  533  319  2  -2  
10  13  40  633  533  319  2  -2  
10  13  40  643  533  319  2  -2  
10  13  40  650  533  319  2  -2  
10  13  40  659  533  319  2  -2  
10  13  40  667  533  319  2  -2  
10  13  40  676  533  319  2  -2  
10  13  40  683  533  319  2  -2  
10  13  40  692  533  319  2  -2  
10  13  40  700  533  319  2  -2  
10  13  40  709  533  318  2  -2  
10  13  40  717  532  318  2  -2  
10  13  40  726  527  316  2  -2  
10  13  40  734  519  315  2  -2  
10  13  40  742  511  315  2  -2  
10  13  40  751  498  311  2  -2  
10  13  40  759  485  311  2  -2  
10  13  40  767  470  308  2  -2  
10  13  40  776  455  308  2  -2  
10  13  40  783  439  308  2  -2  
10  13  40  792  425  308  2  -2  
10  13  40  800  412  308  2  -2  
10  13  40  809  402  306  2  -2  
10  13  40  816  391  303  3  -2  
10  13  40  826  386  303  3  -2  
10  13  40  833  382  302  3  -2  
10  13  40  842  379  300  3  -2  
10  13  40  849  378  300  3  -2  
10  13  40  859  377  300  3  -2  
10  13  40  868  376  300  3  -2  
10  13  40  878  374  300  3  -2  
10  13  40  891  373  299  3  -2  
10  13  40  900  373  299  3  -2  
10  13  40  910  373  299  3  -2  
10  13  40  919  373  299  3  -2  
10  13  40  926  371  298  3  -2  
10  13  40  936  371  298  3  -2  
10  13  40  945  370  298  3  -2  
10  13  40  952  370  298  3  -2  
10  13  40  961  369  298  3  -2  
10  13  40  968  368  298  3  -2  
10  13  40  977  366  298  3  -2  
10  13  40  986  364  298  3  -2  
10  13  40  994  363  298  3  -2  
10  13  40  1001  362  298  3  -2  
10  13  40  1010  362  298  3  -2  
10  13  40  1018  361  298  3  -2  
10  13  40  1027  361  298  3  -2  
10  13  40  1035  361  298  3  -2  
10  13  40  1043  361  298  3  -2  
10  13  40  1051  361  298  3  -2  
10  13  40  1059  361  298  3  -2  
10  13  40  1068  361  298  3  -2  
10  13  40  1077  361  298  3  -2  
10  13  40  1085  361  298  3  -2  
10  13  40  1093  361  298  3  -2  
10  13  40  1102  361  298  3  -2  
10  13  40  1111  361  298  3  -2  
10  13  40  1119  361  298  3  -2  
10  13  40  1127  361  298  3  -2  
10  13  40  1136  361  298  3  -2  
10  13  40  1144  361  298  3  -2  
10  13  40  1152  361  298  3  -2  
10  13  40  1161  361  298  3  -2  
10  13  40  1168  361  298  3  -2  
10  13  40  1177  361  298  3  -2  
10  13  40  1185  361  298  3  -2  
10  13  40  1194  361  298  3  -2  
10  13  40  1201  361  298  3  -2  
10  13  40  1210  361  298  3  -2  
10  13  40  1219  365  298  3  -2  
10  13  40  1227  375  298  3  -2  
10  13  40  1236  388  298  3  -2  
10  13  40  1245  407  301  3  -2  
10  13  40  1252  423  303  3  -2  
10  13  40  1260  445  306  3  -2  
10  13  40  1268  459  306  3  -2  
10  13  40  1278  473  306  3  -2  
10  13  41  1286  487  306  3  -2  
10  13  41  1295  488  306  3  -2  
10  13  41  1302  488  306  3  -2  
10  13  41  1312  488  306  3  -2  
10  13  41  1319  489  306  3  -2  
10  13  41  1328  489  306  3  -2  
10  13  41  1336  490  306  3  -2  
10  13  41  1344  490  306  3  -2  
10  13  41  1352  490  306  3  -2  
10  13  41  1361  491  306  3  -2  
10  13  41  1369  491  306  3  -2  
10  13  41  1378  491  306  3  -2  
10  13  41  1387  492  306  3  -2  
10  13  41  1394  492  306  3  -2  
10  13  41  1402  493  306  3  -2  
10  13  41  1411  495  306  3  -2  
10  13  41  1419  496  306  4  -2  
10  13  41  1427  497  305  4  -2  
10  13  41  1437  498  304  4  -2  
10  13  41  1446  500  304  4  -2  
10  13  41  1453  507  303  4  -2  
10  13  41  1460  507  303  4  -2  
10  13  41  1468  512  303  4  -2  
10  13  41  1478  517  303  4  -2  
10  13  41  1487  528  303  4  -2  
10  13  41  1495  530  303  4  -2  
10  13  41  1503  533  303  4  -2  
10  13  41  1511  534  303  4  -2  
10  13  41  1520  534  303  4  -2  
10  13  41  1527  536  303  4  -2  
10  13  41  1536  536  303  4  -2  
10  13  41  1544  536  303  4  -2  
10  13  41  1552  536  303  4  -2  
10  13  41  1561  536  303  4  -2  
10  13  41  1568  536  303  4  -2  
10  13  41  1578  536  303  4  -2  
10  13  41  1587  536  303  4  -2  
10  13  41  1596  536  303  4  -2  
10  13  41  1603  537  303  4  -2  
10  13  41  1610  537  303  4  -2  
10  13  41  1619  537  303  4  -2  
10  13  41  1627  537  303  4  -2  
10  13  41  1636  537  303  4  -2  
10  13  41  1647  537  303  4  -2  
10  13  41  1653  537  303  4  -2  
10  13  41  1661  537  303  4  -2  
10  13  41  1671  537  303  4  -2  
10  13  41  1678  537  303  4  -2  
10  13  41  1688  537  303  4  -2  
10  13  41  1696  537  303  4  -2  
10  13  41  1704  537  303  4  -2  
10  13  41  1712  536  303  4  -2  
10  13  41  1720  534  303  4  -2  
10  13  41  1728  532  303  4  -2  
10  13  41  1738  529  303  4  -2  
10  13  41  1746  525  303  4  -2  
10  13  41  1754  519  303  4  -2  
10  13  41  1761  512  303  4  -2  
10  13  41  1769  498  303  4  -2  
10  13  41  1777  482  303  4  -2  
10  13  41  1787  467  303  4  -2  
10  13  41  1795  451  303  4  -2  
10  13  41  1803  434  303  4  -2  
10  13  41  1811  419  303  4  -2  
10  13  41  1820  406  303  4  -2  
