10  46  47  0  373  302  1  -2  
10  46  47  9  373  302  1  -2  
10  46  47  16  373  302  1  -2  
10  46  47  25  373  302  1  -2  
10  46  47  34  373  302  1  -2  
10  46  47  42  373  302  1  -2  
10  46  47  50  373  302  1  -2  
10  46  47  59  373  302  1  -2  
10  46  47  67  373  302  1  -2  
10  46  47  75  373  302  1  -2  
10  46  47  84  373  302  1  -2  
10  46  47  92  373  302  1  -2  
10  46  47  100  373  303  1  -2  
10  46  47  109  373  303  1  -2  
10  46  47  117  373  303  1  -2  
10  46  47  127  373  303  1  -2  
10  46  47  134  373  304  1  -2  
10  46  48  141  374  304  1  -2  
10  46  48  150  374  304  1  -2  
10  46  48  159  381  304  1  -2  
10  46  48  168  388  305  1  -2  
10  46  48  176  398  308  1  -2  
10  46  48  184  408  308  1  -2  
10  46  48  191  420  309  1  -2  
10  46  48  201  434  309  1  -2  
10  46  48  209  447  309  1  -2  
10  46  48  217  460  310  1  -2  
10  46  48  225  472  310  1  -2  
10  46  48  233  480  310  1  -2  
10  46  48  242  489  310  1  -2  
10  46  48  250  491  310  1  -2  
10  46  48  259  495  310  2  -2  
10  46  48  267  496  310  2  -2  
10  46  48  275  497  310  2  -2  
10  46  48  283  498  310  2  -2  
10  46  48  292  499  310  2  -2  
10  46  48  301  499  310  2  -2  
10  46  48  309  501  310  2  -2  
10  46  48  317  502  310  2  -2  
10  46  48  326  502  310  2  -2  
10  46  48  334  505  310  2  -2  
10  46  48  341  505  310  2  -2  
10  46  48  350  505  310  2  -2  
10  46  48  359  507  310  2  -2  
10  46  48  368  508  310  2  -2  
10  46  48  378  509  310  2  -2  
10  46  48  384  511  310  2  -2  
10  46  48  392  513  310  2  -2  
10  46  48  401  515  310  2  -2  
10  46  48  409  518  310  2  -2  
10  46  48  418  519  310  2  -2  
10  46  48  427  522  310  2  -2  
10  46  48  434  523  310  2  -2  
10  46  48  443  525  311  2  -2  
10  46  48  451  526  311  2  -2  
10  46  48  459  527  311  2  -2  
10  46  48  467  527  311  2  -2  
10  46  48  476  529  313  2  -2  
10  46  48  484  529  313  2  -2  
10  46  48  492  530  313  2  -2  
10  46  48  502  530  313  2  -2  
10  46  48  510  530  313  2  -2  
10  46  48  519  530  313  2  -2  
10  46  48  528  531  313  2  -2  
10  46  48  535  531  313  2  -2  
10  46  48  544  531  313  2  -2  
10  46  48  552  531  313  2  -2  
10  46  48  560  531  313  2  -2  
10  46  48  569  531  313  2  -2  
10  46  48  576  531  313  2  -2  
10  46  48  585  531  313  2  -2  
10  46  48  594  531  313  2  -2  
10  46  48  602  531  313  2  -2  
10  46  48  610  531  313  2  -2  
10  46  48  619  531  313  2  -2  
10  46  48  628  531  313  2  -2  
10  46  48  635  531  313  2  -2  
10  46  48  644  531  313  2  -2  
10  46  48  652  529  313  2  -2  
10  46  48  661  521  313  2  -2  
10  46  48  669  514  313  2  -2  
10  46  48  677  506  313  2  -2  
10  46  48  686  494  313  2  -2  
10  46  48  694  483  313  2  -2  
10  46  48  703  471  313  2  -2  
10  46  48  710  466  313  2  -2  
10  46  48  721  462  313  2  -2  
10  46  48  728  458  313  2  -2  
10  46  48  736  455  313  2  -2  
10  46  48  744  452  312  2  -2  
10  46  48  752  448  312  2  -2  
10  46  48  760  444  312  2  -2  
10  46  48  768  442  312  2  -2  
10  46  48  777  437  312  2  -2  
10  46  48  787  431  311  2  -2  
10  46  48  794  424  311  2  -2  
10  46  48  802  418  311  2  -2  
10  46  48  811  410  308  2  -2  
10  46  48  819  405  308  2  -2  
10  46  48  828  400  308  2  -2  
10  46  48  835  396  308  3  -2  
10  46  48  843  394  308  3  -2  
10  46  48  853  391  307  3  -2  
10  46  48  861  389  307  3  -2  
10  46  48  869  385  307  3  -2  
10  46  48  878  381  307  3  -2  
10  46  48  886  378  307  3  -2  
10  46  48  892  374  307  3  -2  
10  46  48  901  374  307  3  -2  
10  46  48  910  370  307  3  -2  
10  46  48  919  368  307  3  -2  
10  46  48  926  368  307  3  -2  
10  46  48  937  368  307  3  -2  
10  46  48  944  368  307  3  -2  
10  46  48  953  368  307  3  -2  
10  46  48  961  368  307  3  -2  
10  46  48  968  368  307  3  -2  
10  46  48  978  367  307  3  -2  
10  46  48  988  367  307  3  -2  
10  46  48  993  366  307  3  -2  
10  46  48  1002  365  307  3  -2  
10  46  48  1011  365  307  3  -2  
10  46  48  1018  364  307  3  -2  
10  46  48  1028  364  307  3  -2  
10  46  48  1037  363  307  3  -2  
10  46  48  1044  363  307  3  -2  
10  46  48  1052  363  307  3  -2  
10  46  48  1061  363  307  3  -2  
10  46  48  1069  363  307  3  -2  
10  46  48  1078  363  307  3  -2  
10  46  48  1086  363  307  3  -2  
10  46  48  1094  363  307  3  -2  
10  46  48  1103  363  307  3  -2  
10  46  48  1111  362  307  3  -2  
10  46  48  1119  362  307  3  -2  
10  46  48  1128  362  307  3  -2  
10  46  48  1135  362  307  3  -2  
10  46  49  1143  362  307  3  -2  
10  46  49  1152  362  307  3  -2  
10  46  49  1160  362  307  3  -2  
10  46  49  1169  362  307  3  -2  
10  46  49  1178  362  307  3  -2  
10  46  49  1187  362  307  3  -2  
10  46  49  1194  362  307  3  -2  
10  46  49  1205  362  307  3  -2  
10  46  49  1211  362  307  3  -2  
10  46  49  1222  362  307  3  -2  
10  46  49  1228  362  307  3  -2  
10  46  49  1237  362  307  3  -2  
10  46  49  1244  362  307  3  -2  
10  46  49  1254  362  307  3  -2  
10  46  49  1261  362  307  3  -2  
10  46  49  1269  362  307  3  -2  
10  46  49  1279  362  307  3  -2  
10  46  49  1288  362  307  3  -2  
10  46  49  1294  362  307  3  -2  
10  46  49  1304  362  307  3  -2  
10  46  49  1311  362  307  3  -2  
10  46  49  1321  362  307  3  -2  
10  46  49  1329  362  307  3  -2  
10  46  49  1337  362  307  3  -2  
10  46  49  1344  362  307  3  -2  
10  46  49  1354  362  307  3  -2  
10  46  49  1361  362  307  3  -2  
10  46  49  1369  362  307  3  -2  
10  46  49  1379  362  307  3  -2  
10  46  49  1387  362  307  3  -2  
10  46  49  1394  362  307  3  -2  
10  46  49  1404  362  307  3  -2  
10  46  49  1412  362  307  3  -2  
10  46  49  1420  362  307  3  -2  
10  46  49  1428  362  307  3  -2  
10  46  49  1439  362  307  3  -2  
10  46  49  1446  362  307  3  -2  
10  46  49  1454  362  307  3  -2  
10  46  49  1462  362  307  3  -2  
10  46  49  1471  362  307  3  -2  
10  46  49  1479  362  307  3  -2  
10  46  49  1488  362  307  3  -2  
10  46  49  1495  362  307  3  -2  
10  46  49  1506  362  307  3  -2  
10  46  49  1512  362  307  3  -2  
10  46  49  1522  362  307  3  -2  
10  46  49  1529  362  307  3  -2  
10  46  49  1539  362  307  3  -2  
10  46  49  1545  362  307  3  -2  
10  46  49  1554  362  307  3  -2  
10  46  49  1561  362  307  3  -2  
10  46  49  1572  362  307  3  -2  
10  46  49  1579  362  307  3  -2  
10  46  49  1588  362  307  3  -2  
10  46  49  1595  362  307  3  -2  
10  46  49  1605  364  307  3  -2  
10  46  49  1612  365  307  3  -2  
10  46  49  1622  367  307  3  -2  
10  46  49  1629  369  307  3  -2  
10  46  49  1639  369  307  3  -2  
10  46  49  1647  372  307  3  -2  
10  46  49  1656  372  307  3  -2  
10  46  49  1664  373  307  3  -2  
10  46  49  1673  375  307  3  -2  
10  46  49  1679  375  307  3  -2  
10  46  49  1689  376  307  3  -2  
10  46  49  1697  377  308  3  -2  
10  46  49  1706  378  308  3  -2  
10  46  49  1713  379  308  3  -2  
10  46  49  1724  380  308  3  -2  
10  46  49  1732  380  308  3  -2  
10  46  49  1742  380  308  3  -2  
10  46  49  1751  382  308  3  -2  
10  46  49  1760  383  308  3  -2  
10  46  49  1768  384  308  3  -2  
10  46  49  1777  386  308  3  -2  
10  46  49  1784  387  309  3  -2  
10  46  49  1792  392  309  3  -2  
10  46  49  1801  398  310  3  -2  
10  46  49  1809  405  310  3  -2  
10  46  49  1817  413  313  3  -2  
10  46  49  1825  425  314  3  -2  
10  46  49  1834  437  315  3  -2  
10  46  49  1842  449  316  3  -2  
10  46  49  1850  461  319  3  -2  
10  46  49  1859  469  319  3  -2  
10  46  49  1871  479  319  3  -2  
10  46  49  1877  491  319  3  -2  
10  46  49  1885  491  319  3  -2  
10  46  49  1894  496  319  4  -2  
10  46  49  1903  502  319  4  -2  
10  46  49  1911  504  319  4  -2  
10  46  49  1920  506  319  4  -2  
10  46  49  1928  510  319  4  -2  
10  46  49  1935  513  319  4  -2  
10  46  49  1944  517  319  4  -2  
10  46  49  1953  520  319  4  -2  
10  46  49  1961  524  319  4  -2  
10  46  49  1969  526  319  4  -2  
10  46  49  1977  527  319  4  -2  
10  46  49  1985  528  319  4  -2  
10  46  49  1994  528  319  4  -2  
10  46  49  2002  528  319  4  -2  
10  46  49  2010  528  319  4  -2  
10  46  49  2018  528  319  4  -2  
10  46  49  2027  528  319  4  -2  
10  46  49  2035  528  319  4  -2  
10  46  49  2044  528  319  4  -2  
10  46  49  2053  528  319  4  -2  
10  46  49  2060  528  319  4  -2  
10  46  49  2070  528  319  4  -2  
10  46  49  2078  528  319  4  -2  
10  46  49  2085  530  319  4  -2  
10  46  49  2094  530  319  4  -2  
10  46  49  2103  531  319  4  -2  
10  46  49  2110  531  319  4  -2  
10  46  49  2120  531  319  4  -2  
10  46  49  2128  531  319  4  -2  
10  46  49  2136  531  319  4  -2  
10  46  50  2144  531  319  4  -2  
10  46  50  2152  531  319  4  -2  
10  46  50  2160  531  319  4  -2  
10  46  50  2169  531  319  4  -2  
10  46  50  2178  531  319  4  -2  
10  46  50  2185  531  319  4  -2  
10  46  50  2194  531  319  4  -2  
10  46  50  2203  531  319  4  -2  
10  46  50  2212  531  319  4  -2  
10  46  50  2221  531  319  4  -2  
10  46  50  2228  531  319  4  -2  
10  46  50  2236  531  319  4  -2  
10  46  50  2244  531  319  4  -2  
10  46  50  2252  531  319  4  -2  
10  46  50  2260  531  319  4  -2  
10  46  50  2271  531  319  4  -2  
10  46  50  2278  531  319  4  -2  
10  46  50  2285  531  319  4  -2  
10  46  50  2294  531  319  4  -2  
10  46  50  2303  531  319  4  -2  
10  46  50  2310  531  319  4  -2  
10  46  50  2321  531  319  4  -2  
10  46  50  2328  531  319  4  -2  
10  46  50  2336  531  319  4  -2  
10  46  50  2345  526  319  4  -2  
10  46  50  2355  522  319  4  -2  
10  46  50  2361  517  319  4  -2  
10  46  50  2370  510  319  4  -2  
10  46  50  2378  505  319  4  -2  
10  46  50  2386  500  319  4  -2  
10  46  50  2394  493  319  4  -2  
10  46  50  2403  486  319  4  -2  
10  46  50  2410  480  319  4  -2  
10  46  50  2421  473  319  4  -2  
10  46  50  2428  466  319  4  -2  
10  46  50  2438  458  319  4  -2  
10  46  50  2443  449  319  4  -2  
10  46  50  2453  441  319  4  -2  
10  46  50  2461  432  319  4  -2  
10  46  50  2470  424  319  4  -2  
10  46  50  2477  412  319  4  -2  
10  46  50  2486  407  319  4  -2  
10  46  50  2494  407  319  4  -2  
