10  13  15  0  356  335  1  -2  
10  13  15  8  356  335  1  -2  
10  13  15  16  356  335  1  -2  
10  13  15  25  357  335  1  -2  
10  13  15  32  357  335  1  -2  
10  13  15  41  359  335  1  -2  
10  13  15  49  363  335  1  -2  
10  13  15  58  368  335  1  -2  
10  13  15  65  373  335  1  -2  
10  13  15  74  378  335  1  -2  
10  13  15  82  385  335  1  -2  
10  13  15  91  391  335  1  -2  
10  13  15  99  398  335  1  -2  
10  13  15  107  409  332  1  -2  
10  13  15  115  424  328  1  -2  
10  13  15  124  434  327  1  -2  
10  13  15  132  442  327  1  -2  
10  13  15  141  446  326  1  -2  
10  13  15  149  450  326  1  -2  
10  13  15  157  454  325  1  -2  
10  13  15  165  455  325  1  -2  
10  13  15  174  458  325  1  -2  
10  13  15  183  461  325  1  -2  
10  13  15  192  464  325  1  -2  
10  13  15  200  470  325  1  -2  
10  13  15  209  474  325  1  -2  
10  13  15  220  480  323  1  -2  
10  13  15  226  483  323  1  -2  
10  13  15  235  487  322  1  -2  
10  13  15  244  489  322  1  -2  
10  13  15  254  493  321  1  -2  
10  13  15  262  493  321  1  -2  
10  13  15  273  495  320  2  -2  
10  13  15  281  496  320  2  -2  
10  13  15  291  497  320  2  -2  
10  13  15  300  499  320  2  -2  
10  13  15  308  500  320  2  -2  
10  13  15  318  502  320  2  -2  
10  13  15  327  503  320  2  -2  
10  13  15  337  504  320  2  -2  
10  13  15  346  506  320  2  -2  
10  13  15  357  508  319  2  -2  
10  13  15  364  509  319  2  -2  
10  13  15  375  509  319  2  -2  
10  13  15  383  509  319  2  -2  
10  13  15  392  509  319  2  -2  
10  13  15  402  509  319  2  -2  
10  13  15  409  509  319  2  -2  
10  13  15  418  509  319  2  -2  
10  13  15  426  509  319  2  -2  
10  13  15  436  509  319  2  -2  
10  13  15  444  509  319  2  -2  
10  13  15  454  509  319  2  -2  
10  13  15  462  509  319  2  -2  
10  13  15  472  509  319  2  -2  
10  13  15  481  509  319  2  -2  
10  13  15  489  509  318  2  -2  
10  13  15  499  509  318  2  -2  
10  13  15  507  509  318  2  -2  
10  13  15  515  509  318  2  -2  
10  13  15  525  509  318  2  -2  
10  13  15  534  508  318  2  -2  
10  13  15  543  508  318  2  -2  
10  13  15  553  504  318  2  -2  
10  13  15  560  493  318  2  -2  
10  13  15  571  483  318  2  -2  
10  13  15  579  470  318  2  -2  
10  13  15  588  455  318  2  -2  
10  13  15  597  440  318  2  -2  
10  13  15  606  423  318  2  -2  
10  13  15  615  408  316  2  -2  
10  13  15  624  381  312  3  -2  
10  13  16  634  370  312  3  -2  
10  13  16  643  363  311  3  -2  
10  13  16  654  359  311  3  -2  
10  13  16  663  357  311  3  -2  
10  13  16  674  357  311  3  -2  
10  13  16  682  357  311  3  -2  
10  13  16  691  357  311  3  -2  
10  13  16  702  357  311  3  -2  
10  13  16  711  357  311  3  -2  
10  13  16  720  357  311  3  -2  
10  13  16  727  357  311  3  -2  
10  13  16  737  357  311  3  -2  
10  13  16  745  357  311  3  -2  
10  13  16  754  357  311  3  -2  
10  13  16  762  357  311  3  -2  
10  13  16  772  357  311  3  -2  
10  13  16  780  357  311  3  -2  
10  13  16  789  357  311  3  -2  
10  13  16  798  357  311  3  -2  
10  13  16  807  357  311  3  -2  
10  13  16  814  357  311  3  -2  
10  13  16  824  357  311  3  -2  
10  13  16  832  357  311  3  -2  
10  13  16  842  357  311  3  -2  
10  13  16  848  357  311  3  -2  
10  13  16  856  357  311  3  -2  
10  13  16  865  357  311  3  -2  
10  13  16  874  357  311  3  -2  
10  13  16  882  357  311  3  -2  
10  13  16  891  357  311  3  -2  
10  13  16  898  357  311  3  -2  
10  13  16  906  357  311  3  -2  
10  13  16  915  357  311  3  -2  
10  13  16  923  357  311  3  -2  
10  13  16  933  357  311  3  -2  
10  13  16  941  357  311  3  -2  
10  13  16  950  358  311  3  -2  
10  13  16  956  364  311  3  -2  
10  13  16  965  376  311  3  -2  
10  13  16  974  391  312  3  -2  
10  13  16  983  408  313  3  -2  
10  13  16  992  423  314  3  -2  
10  13  16  1002  451  314  3  -2  
10  13  16  1009  461  314  3  -2  
10  13  16  1018  466  314  3  -2  
10  13  16  1025  468  314  3  -2  
10  13  16  1035  468  314  3  -2  
10  13  16  1041  468  314  3  -2  
10  13  16  1052  468  314  3  -2  
10  13  16  1059  468  314  3  -2  
10  13  16  1068  468  314  3  -2  
10  13  16  1077  468  314  3  -2  
10  13  16  1085  468  314  3  -2  
10  13  16  1092  470  314  3  -2  
10  13  16  1103  470  314  3  -2  
10  13  16  1110  470  314  3  -2  
10  13  16  1119  470  314  3  -2  
10  13  16  1125  470  314  3  -2  
10  13  16  1136  471  314  3  -2  
10  13  16  1141  471  314  3  -2  
10  13  16  1153  471  314  3  -2  
10  13  16  1160  474  314  3  -2  
10  13  16  1169  475  314  3  -2  
10  13  16  1175  477  313  3  -2  
10  13  16  1186  479  312  3  -2  
10  13  16  1193  481  311  3  -2  
10  13  16  1203  483  311  3  -2  
10  13  16  1210  485  309  3  -2  
10  13  16  1219  489  308  3  -2  
10  13  16  1226  491  308  3  -2  
10  13  16  1235  493  308  3  -2  
10  13  16  1242  497  307  4  -2  
10  13  16  1252  498  307  4  -2  
10  13  16  1260  502  306  4  -2  
10  13  16  1269  503  306  4  -2  
10  13  16  1276  503  306  4  -2  
10  13  16  1285  505  306  4  -2  
10  13  16  1292  505  306  4  -2  
10  13  16  1304  506  305  4  -2  
10  13  16  1314  506  305  4  -2  
10  13  16  1325  506  305  4  -2  
10  13  16  1335  507  304  4  -2  
10  13  16  1343  507  304  4  -2  
10  13  16  1353  507  304  4  -2  
10  13  16  1360  507  304  4  -2  
10  13  16  1369  507  304  4  -2  
10  13  16  1374  508  304  4  -2  
10  13  16  1386  508  304  4  -2  
10  13  16  1393  509  304  4  -2  
10  13  16  1404  510  304  4  -2  
10  13  16  1410  510  304  4  -2  
10  13  16  1420  510  304  4  -2  
10  13  16  1427  510  304  4  -2  
10  13  16  1437  510  304  4  -2  
10  13  16  1444  510  304  4  -2  
10  13  16  1454  510  304  4  -2  
10  13  16  1461  510  304  4  -2  
10  13  16  1470  510  304  4  -2  
10  13  16  1478  510  304  4  -2  
10  13  16  1488  510  304  4  -2  
10  13  16  1493  510  304  4  -2  
10  13  16  1504  510  304  4  -2  
10  13  16  1511  510  304  4  -2  
10  13  16  1520  510  304  4  -2  
10  13  16  1528  510  304  4  -2  
10  13  16  1537  510  304  4  -2  
10  13  16  1544  510  304  4  -2  
10  13  16  1554  510  304  4  -2  
10  13  16  1561  510  304  4  -2  
10  13  16  1571  510  304  4  -2  
10  13  16  1579  509  304  4  -2  
10  13  16  1588  505  304  4  -2  
10  13  16  1594  500  304  4  -2  
10  13  16  1604  492  304  4  -2  
10  13  16  1611  478  304  4  -2  
10  13  16  1621  460  306  4  -2  
10  13  16  1629  444  306  4  -2  
10  13  17  1637  427  306  4  -2  
10  13  17  1644  412  306  4  -2  
