10  45  54  0  361  309  1  -2  
10  45  54  7  361  309  1  -2  
10  45  54  19  361  309  1  -2  
10  45  54  26  361  309  1  -2  
10  45  54  37  361  309  1  -2  
10  45  54  50  361  309  1  -2  
10  45  54  61  361  309  1  -2  
10  45  54  70  363  309  1  -2  
10  45  54  77  364  309  1  -2  
10  45  54  85  364  309  1  -2  
10  45  54  93  366  310  1  -2  
10  45  54  102  368  310  1  -2  
10  45  54  110  370  310  1  -2  
10  45  54  120  374  311  1  -2  
10  45  54  127  376  311  1  -2  
10  45  54  135  378  311  1  -2  
10  45  54  144  381  312  1  -2  
10  45  54  153  385  312  1  -2  
10  45  54  160  389  314  1  -2  
10  45  54  168  391  314  1  -2  
10  45  54  177  395  314  1  -2  
10  45  54  186  402  315  1  -2  
10  45  54  194  404  315  1  -2  
10  45  54  204  405  315  1  -2  
10  45  54  212  405  315  1  -2  
10  45  54  219  406  315  1  -2  
10  45  54  227  406  315  1  -2  
10  45  54  236  406  315  1  -2  
10  45  54  244  406  315  1  -2  
10  45  54  253  406  315  1  -2  
10  45  54  261  406  315  1  -2  
10  45  54  268  406  315  1  -2  
10  45  54  277  406  315  1  -2  
10  45  54  285  406  315  1  -2  
10  45  54  294  406  315  1  -2  
10  45  54  302  406  315  1  -2  
10  45  54  310  406  315  1  -2  
10  45  54  318  406  315  1  -2  
10  45  54  327  406  315  1  -2  
10  45  54  336  406  315  1  -2  
10  45  54  344  406  315  1  -2  
10  45  54  353  406  315  1  -2  
10  45  54  361  406  315  1  -2  
10  45  54  368  406  315  1  -2  
10  45  54  377  406  315  1  -2  
10  45  54  385  406  315  1  -2  
10  45  54  394  406  315  1  -2  
10  45  54  404  406  315  1  -2  
10  45  54  411  406  315  1  -2  
10  45  54  421  406  315  1  -2  
10  45  54  428  406  315  1  -2  
10  45  54  437  406  315  1  -2  
10  45  54  444  406  315  1  -2  
10  45  54  453  406  315  1  -2  
10  45  54  463  406  315  1  -2  
10  45  54  472  406  315  1  -2  
10  45  54  480  406  315  1  -2  
10  45  54  490  406  315  1  -2  
10  45  54  499  406  315  1  -2  
10  45  54  507  406  315  1  -2  
10  45  54  517  406  315  1  -2  
10  45  54  526  406  315  1  -2  
10  45  54  536  406  315  1  -2  
10  45  54  544  406  315  1  -2  
10  45  54  554  406  315  1  -2  
10  45  54  561  406  315  1  -2  
10  45  54  570  406  315  1  -2  
10  45  54  578  406  315  1  -2  
10  45  54  587  406  315  1  -2  
10  45  54  595  407  315  1  -2  
10  45  54  604  407  315  1  -2  
10  45  54  612  409  315  1  -2  
10  45  54  620  413  315  1  -2  
10  45  54  628  414  315  1  -2  
10  45  54  637  419  315  1  -2  
10  45  54  644  428  315  1  -2  
10  45  54  654  433  315  1  -2  
10  45  54  662  440  315  1  -2  
10  45  54  671  451  315  1  -2  
10  45  54  679  460  315  1  -2  
10  45  54  687  470  315  1  -2  
10  45  55  696  478  315  1  -2  
10  45  55  704  485  315  1  -2  
10  45  55  712  490  315  1  -2  
10  45  55  721  495  315  2  -2  
10  45  55  729  499  315  2  -2  
10  45  55  737  504  315  2  -2  
10  45  55  747  507  315  2  -2  
10  45  55  755  509  315  2  -2  
10  45  55  763  511  315  2  -2  
10  45  55  771  511  315  2  -2  
10  45  55  779  512  315  2  -2  
10  45  55  788  512  315  2  -2  
10  45  55  795  512  315  2  -2  
10  45  55  804  512  315  2  -2  
10  45  55  812  512  315  2  -2  
10  45  55  820  512  315  2  -2  
10  45  55  829  512  315  2  -2  
10  45  55  838  512  315  2  -2  
10  45  55  846  512  315  2  -2  
10  45  55  854  512  315  2  -2  
10  45  55  864  512  315  2  -2  
10  45  55  871  512  315  2  -2  
10  45  55  879  512  315  2  -2  
10  45  55  888  512  315  2  -2  
10  45  55  896  512  315  2  -2  
10  45  55  904  512  315  2  -2  
10  45  55  915  512  315  2  -2  
10  45  55  921  512  315  2  -2  
10  45  55  930  512  315  2  -2  
10  45  55  938  512  315  2  -2  
10  45  55  947  512  315  2  -2  
10  45  55  954  512  315  2  -2  
10  45  55  965  512  315  2  -2  
10  45  55  973  513  315  2  -2  
10  45  55  980  513  315  2  -2  
10  45  55  989  513  315  2  -2  
10  45  55  999  513  315  2  -2  
10  45  55  1007  513  315  2  -2  
10  45  55  1016  513  315  2  -2  
10  45  55  1023  513  315  2  -2  
10  45  55  1032  513  315  2  -2  
10  45  55  1039  513  315  2  -2  
10  45  55  1050  510  316  2  -2  
10  45  55  1058  492  320  2  -2  
10  45  55  1067  481  320  2  -2  
10  45  55  1074  467  320  2  -2  
10  45  55  1083  454  320  2  -2  
10  45  55  1091  439  320  2  -2  
10  45  55  1102  423  320  2  -2  
10  45  55  1109  409  320  2  -2  
10  45  55  1120  394  320  3  -2  
10  45  55  1127  384  320  3  -2  
10  45  55  1137  376  320  3  -2  
10  45  55  1145  371  320  3  -2  
10  45  55  1151  369  320  3  -2  
10  45  55  1159  368  320  3  -2  
10  45  55  1168  368  320  3  -2  
10  45  55  1178  368  320  3  -2  
10  45  55  1185  368  320  3  -2  
10  45  55  1193  368  320  3  -2  
10  45  55  1203  368  320  3  -2  
10  45  55  1211  368  320  3  -2  
10  45  55  1219  368  320  3  -2  
10  45  55  1227  368  320  3  -2  
10  45  55  1237  368  320  3  -2  
10  45  55  1244  368  320  3  -2  
10  45  55  1253  368  320  3  -2  
10  45  55  1261  368  320  3  -2  
10  45  55  1268  368  320  3  -2  
10  45  55  1277  368  320  3  -2  
10  45  55  1286  368  320  3  -2  
10  45  55  1294  368  320  3  -2  
10  45  55  1303  368  320  3  -2  
10  45  55  1311  368  320  3  -2  
10  45  55  1319  369  320  3  -2  
10  45  55  1327  369  320  3  -2  
10  45  55  1337  373  320  3  -2  
10  45  55  1345  380  320  3  -2  
10  45  55  1355  386  319  3  -2  
10  45  55  1362  394  319  3  -2  
10  45  55  1370  403  319  3  -2  
10  45  55  1379  411  319  3  -2  
10  45  55  1387  419  319  3  -2  
10  45  55  1395  426  319  3  -2  
10  45  55  1404  436  319  3  -2  
10  45  55  1412  443  319  3  -2  
10  45  55  1421  448  319  3  -2  
10  45  55  1430  455  319  3  -2  
10  45  55  1438  459  319  3  -2  
10  45  55  1445  464  319  3  -2  
10  45  55  1454  465  319  3  -2  
10  45  55  1464  467  319  3  -2  
10  45  55  1472  470  319  3  -2  
10  45  55  1481  471  319  3  -2  
10  45  55  1488  474  319  3  -2  
10  45  55  1498  477  319  3  -2  
10  45  55  1505  482  319  3  -2  
10  45  55  1515  485  319  3  -2  
10  45  55  1522  486  319  3  -2  
10  45  55  1531  488  319  3  -2  
10  45  55  1537  489  319  3  -2  
10  45  55  1548  489  319  3  -2  
10  45  55  1555  491  319  3  -2  
10  45  55  1565  491  319  3  -2  
10  45  55  1573  493  319  3  -2  
10  45  55  1582  493  319  3  -2  
10  45  55  1588  494  319  3  -2  
10  45  55  1598  496  319  4  -2  
10  45  55  1604  498  319  4  -2  
10  45  55  1615  501  319  4  -2  
10  45  55  1622  502  319  4  -2  
10  45  55  1632  503  319  4  -2  
10  45  55  1638  506  319  4  -2  
10  45  55  1648  507  318  4  -2  
10  45  55  1654  509  318  4  -2  
10  45  55  1665  512  318  4  -2  
10  45  55  1672  513  318  4  -2  
10  45  55  1680  513  318  4  -2  
10  45  55  1688  513  318  4  -2  
10  45  56  1698  513  318  4  -2  
10  45  56  1705  513  318  4  -2  
10  45  56  1715  513  318  4  -2  
10  45  56  1722  513  318  4  -2  
10  45  56  1732  513  318  4  -2  
10  45  56  1740  513  318  4  -2  
10  45  56  1748  513  318  4  -2  
10  45  56  1757  513  318  4  -2  
10  45  56  1765  513  318  4  -2  
10  45  56  1772  513  318  4  -2  
10  45  56  1782  513  318  4  -2  
10  45  56  1787  513  318  4  -2  
10  45  56  1799  513  318  4  -2  
10  45  56  1807  513  318  4  -2  
10  45  56  1818  513  318  4  -2  
10  45  56  1825  513  318  4  -2  
10  45  56  1834  513  318  4  -2  
10  45  56  1843  513  318  4  -2  
10  45  56  1854  513  318  4  -2  
10  45  56  1860  513  318  4  -2  
10  45  56  1870  513  318  4  -2  
10  45  56  1877  513  318  4  -2  
10  45  56  1887  513  318  4  -2  
10  45  56  1894  513  318  4  -2  
10  45  56  1903  513  318  4  -2  
10  45  56  1911  513  318  4  -2  
10  45  56  1919  513  318  4  -2  
10  45  56  1927  513  318  4  -2  
10  45  56  1938  513  318  4  -2  
10  45  56  1948  513  318  4  -2  
10  45  56  1956  511  318  4  -2  
10  45  56  1966  511  318  4  -2  
10  45  56  1975  509  318  4  -2  
10  45  56  1985  507  318  4  -2  
10  45  56  1991  501  318  4  -2  
10  45  56  2001  501  318  4  -2  
10  45  56  2009  494  318  4  -2  
10  45  56  2017  491  318  4  -2  
10  45  56  2025  487  318  4  -2  
10  45  56  2034  487  318  4  -2  
10  45  56  2041  480  318  4  -2  
10  45  56  2050  476  318  4  -2  
10  45  56  2059  470  318  4  -2  
10  45  56  2069  466  318  4  -2  
10  45  56  2078  460  318  4  -2  
10  45  56  2088  453  318  4  -2  
10  45  56  2095  446  318  4  -2  
10  45  56  2104  439  318  4  -2  
10  45  56  2112  431  318  4  -2  
10  45  56  2121  426  318  4  -2  
10  45  56  2130  416  318  4  -2  
10  45  56  2138  414  318  4  -2  
10  45  56  2146  411  318  4  -2  
10  45  56  2154  411  318  4  -2  
10  45  56  2162  409  318  4  -2  
10  45  56  2171  407  318  4  -2  
10  45  56  2181  407  318  4  -2  
10  45  56  2187  406  318  4  -2  
10  45  56  2196  406  318  4  -2  
10  45  56  2204  405  318  4  -2  
10  45  56  2214  404  318  4  -2  
10  45  56  2220  402  318  4  -2  
10  45  56  2231  401  318  4  -2  
