16  24  47  0  373  320  1  -2  
16  24  47  7  373  320  1  -2  
16  24  47  16  373  320  1  -2  
16  24  47  24  373  320  1  -2  
16  24  47  33  373  320  1  -2  
16  24  47  40  373  320  1  -2  
16  24  47  49  373  320  1  -2  
16  24  47  57  373  320  1  -2  
16  24  47  67  373  320  1  -2  
16  24  47  74  373  320  1  -2  
16  24  47  84  375  320  1  -2  
16  24  47  90  376  320  1  -2  
16  24  48  100  381  320  1  -2  
16  24  48  107  387  320  1  -2  
16  24  48  116  393  320  1  -2  
16  24  48  124  405  322  1  -2  
16  24  48  133  417  322  1  -2  
16  24  48  140  430  323  1  -2  
16  24  48  149  444  328  1  -2  
16  24  48  157  457  328  1  -2  
16  24  48  166  471  329  1  -2  
16  24  48  174  484  330  1  -2  
16  24  48  183  496  333  1  -2  
16  24  48  192  505  333  2  -2  
16  24  48  199  515  333  2  -2  
16  24  48  207  515  333  2  -2  
16  24  48  217  518  333  2  -2  
16  24  48  223  519  333  2  -2  
16  24  48  233  519  333  2  -2  
16  24  48  240  519  333  2  -2  
16  24  48  249  520  333  2  -2  
16  24  48  257  520  333  2  -2  
16  24  48  266  520  333  2  -2  
16  24  48  274  521  333  2  -2  
16  24  48  283  521  333  2  -2  
16  24  48  291  521  333  2  -2  
16  24  48  299  522  333  2  -2  
16  24  48  307  522  333  2  -2  
16  24  48  316  522  333  2  -2  
16  24  48  325  522  333  2  -2  
16  24  48  333  522  333  2  -2  
16  24  48  341  522  333  2  -2  
16  24  48  349  522  333  2  -2  
16  24  48  357  522  333  2  -2  
16  24  48  366  522  333  2  -2  
16  24  48  374  522  333  2  -2  
16  24  48  383  522  333  2  -2  
16  24  48  391  522  333  2  -2  
16  24  48  399  522  333  2  -2  
16  24  48  407  522  333  2  -2  
16  24  48  416  522  333  2  -2  
16  24  48  425  522  333  2  -2  
16  24  48  433  522  333  2  -2  
16  24  48  441  522  333  2  -2  
16  24  48  450  522  333  2  -2  
16  24  48  458  522  333  2  -2  
16  24  48  466  522  333  2  -2  
16  24  48  474  522  333  2  -2  
16  24  48  483  522  333  2  -2  
16  24  48  491  522  333  2  -2  
16  24  48  499  522  333  2  -2  
16  24  48  507  522  333  2  -2  
16  24  48  517  522  333  2  -2  
16  24  48  524  518  333  2  -2  
16  24  48  533  513  333  2  -2  
16  24  48  541  508  333  2  -2  
16  24  48  549  501  334  2  -2  
16  24  48  558  495  335  2  -2  
16  24  48  566  487  335  2  -2  
16  24  48  574  480  335  2  -2  
16  24  48  583  475  335  2  -2  
16  24  48  591  471  335  2  -2  
16  24  48  601  469  335  2  -2  
16  24  48  608  462  335  2  -2  
16  24  48  617  459  335  2  -2  
16  24  48  625  457  335  2  -2  
16  24  48  633  455  335  2  -2  
16  24  48  642  453  335  2  -2  
16  24  48  649  451  335  2  -2  
16  24  48  657  448  335  2  -2  
16  24  48  667  447  335  2  -2  
16  24  48  675  444  335  2  -2  
16  24  48  683  442  335  2  -2  
16  24  48  691  440  335  2  -2  
16  24  48  700  438  335  2  -2  
16  24  48  707  435  335  2  -2  
16  24  48  717  434  335  2  -2  
16  24  48  725  430  335  2  -2  
16  24  48  733  426  335  2  -2  
16  24  48  740  425  335  2  -2  
16  24  48  749  421  335  2  -2  
16  24  48  757  417  335  2  -2  
16  24  48  766  416  335  2  -2  
16  24  48  774  413  335  2  -2  
16  24  48  783  409  335  2  -2  
16  24  48  790  407  335  2  -2  
16  24  48  799  403  335  2  -2  
16  24  48  807  400  335  2  -2  
16  24  48  817  396  335  2  -2  
16  24  48  825  390  334  3  -2  
16  24  48  833  388  333  3  -2  
16  24  48  841  385  333  3  -2  
16  24  48  849  385  333  3  -2  
16  24  48  857  382  333  3  -2  
16  24  48  866  382  332  3  -2  
16  24  48  875  382  332  3  -2  
16  24  48  883  382  332  3  -2  
16  24  48  890  382  332  3  -2  
16  24  48  899  382  332  3  -2  
16  24  48  908  382  332  3  -2  
16  24  48  917  382  332  3  -2  
16  24  48  925  382  332  3  -2  
16  24  48  932  382  332  3  -2  
16  24  48  942  382  332  3  -2  
16  24  48  949  382  332  3  -2  
16  24  48  958  382  332  3  -2  
16  24  48  966  382  332  3  -2  
16  24  48  975  382  332  3  -2  
16  24  48  984  382  332  3  -2  
16  24  48  991  382  332  3  -2  
16  24  48  1000  382  332  3  -2  
16  24  48  1007  382  332  3  -2  
16  24  48  1017  382  332  3  -2  
16  24  48  1025  382  332  3  -2  
16  24  48  1034  382  332  3  -2  
16  24  48  1042  382  332  3  -2  
16  24  48  1050  382  332  3  -2  
16  24  48  1058  382  332  3  -2  
16  24  48  1066  382  332  3  -2  
16  24  48  1075  381  331  3  -2  
16  24  48  1084  381  331  3  -2  
16  24  48  1092  381  330  3  -2  
16  24  49  1099  381  330  3  -2  
16  24  49  1109  382  329  3  -2  
16  24  49  1118  385  329  3  -2  
16  24  49  1126  387  329  3  -2  
16  24  49  1136  392  328  3  -2  
16  24  49  1144  397  328  3  -2  
16  24  49  1151  407  328  3  -2  
16  24  49  1160  419  325  3  -2  
16  24  49  1169  431  325  3  -2  
16  24  49  1177  459  325  3  -2  
16  24  49  1186  472  325  3  -2  
16  24  49  1194  487  325  3  -2  
16  24  49  1203  502  325  4  -2  
16  24  49  1211  514  325  4  -2  
16  24  49  1219  527  325  4  -2  
16  24  49  1227  534  325  4  -2  
16  24  49  1236  540  325  4  -2  
16  24  49  1244  546  325  4  -2  
16  24  49  1253  548  325  4  -2  
16  24  49  1262  549  325  4  -2  
16  24  49  1271  549  325  4  -2  
16  24  49  1279  549  325  4  -2  
16  24  49  1286  549  325  4  -2  
16  24  49  1296  549  325  4  -2  
16  24  49  1304  549  325  4  -2  
16  24  49  1311  549  325  4  -2  
16  24  49  1319  549  325  4  -2  
16  24  49  1327  549  325  4  -2  
16  24  49  1335  549  325  4  -2  
16  24  49  1344  549  325  4  -2  
16  24  49  1353  549  325  4  -2  
16  24  49  1361  549  325  4  -2  
16  24  49  1370  549  325  4  -2  
16  24  49  1380  549  325  4  -2  
16  24  49  1386  549  325  4  -2  
16  24  49  1394  549  325  4  -2  
16  24  49  1403  549  325  4  -2  
16  24  49  1412  549  325  4  -2  
16  24  49  1420  549  325  4  -2  
16  24  49  1429  549  325  4  -2  
16  24  49  1436  549  325  4  -2  
16  24  49  1446  546  325  4  -2  
16  24  49  1454  542  325  4  -2  
16  24  49  1462  535  325  4  -2  
16  24  49  1468  530  325  4  -2  
16  24  49  1479  523  325  4  -2  
16  24  49  1485  515  325  4  -2  
16  24  49  1495  507  325  4  -2  
16  24  49  1503  500  325  4  -2  
16  24  49  1511  491  325  4  -2  
16  24  49  1520  483  325  4  -2  
16  24  49  1529  472  325  4  -2  
16  24  49  1537  470  325  4  -2  
16  24  49  1546  466  325  4  -2  
16  24  49  1553  462  325  4  -2  
16  24  49  1561  460  325  4  -2  
16  24  49  1570  457  325  4  -2  
16  24  49  1579  454  325  4  -2  
16  24  49  1587  452  325  4  -2  
16  24  49  1597  449  325  4  -2  
16  24  49  1605  445  325  4  -2  
16  24  49  1614  443  325  4  -2  
16  24  49  1622  438  325  4  -2  
16  24  49  1632  434  325  4  -2  
16  24  49  1637  426  323  4  -2  
16  24  49  1649  426  323  4  -2  
16  24  49  1655  419  320  4  -2  
16  24  49  1666  419  320  4  -2  
16  24  49  1671  417  320  4  -2  
16  24  49  1682  417  320  4  -2  
16  24  49  1690  415  320  4  -2  
16  24  49  1698  413  320  4  -2  
16  24  49  1706  413  320  4  -2  
16  24  49  1716  411  320  4  -2  
16  24  49  1722  406  319  4  -2  
16  24  49  1732  401  319  4  -2  
16  24  49  1739  396  319  5  -2  
16  24  49  1748  389  318  5  -2  
16  24  49  1755  380  318  5  -2  
16  24  49  1765  371  316  5  -2  
16  24  49  1773  366  314  5  -2  
16  24  49  1782  360  313  5  -2  
16  24  49  1788  358  313  5  -2  
16  24  49  1798  358  313  5  -2  
16  24  49  1805  358  313  5  -2  
16  24  49  1816  358  313  5  -2  
16  24  49  1823  358  313  5  -2  
16  24  49  1832  358  313  5  -2  
16  24  49  1838  358  313  5  -2  
16  24  49  1848  358  313  5  -2  
16  24  49  1855  358  313  5  -2  
16  24  49  1865  358  313  5  -2  
16  24  49  1873  358  313  5  -2  
16  24  49  1881  358  313  5  -2  
16  24  49  1888  358  313  5  -2  
16  24  49  1899  358  313  5  -2  
16  24  49  1906  358  313  5  -2  
16  24  49  1916  358  313  5  -2  
16  24  49  1923  358  313  5  -2  
16  24  49  1931  358  313  5  -2  
16  24  49  1940  358  313  5  -2  
16  24  49  1948  358  313  5  -2  
16  24  49  1957  358  313  5  -2  
16  24  49  1965  358  313  5  -2  
16  24  49  1974  358  313  5  -2  
16  24  49  1981  358  313  5  -2  
16  24  49  1990  358  313  5  -2  
16  24  49  1998  358  313  5  -2  
