10  46  1  0  376  308  1  -2  
10  46  1  9  376  308  1  -2  
10  46  1  16  376  308  1  -2  
10  46  1  24  376  308  1  -2  
10  46  1  32  376  308  1  -2  
10  46  1  43  376  308  1  -2  
10  46  1  49  376  308  1  -2  
10  46  1  59  376  308  1  -2  
10  46  1  67  376  308  1  -2  
10  46  1  76  376  308  1  -2  
10  46  1  84  376  308  1  -2  
10  46  1  94  376  308  1  -2  
10  46  1  101  376  308  1  -2  
10  46  1  109  376  308  1  -2  
10  46  1  118  376  308  1  -2  
10  46  1  126  376  308  1  -2  
10  46  1  135  376  308  1  -2  
10  46  1  142  376  308  1  -2  
10  46  1  151  376  308  1  -2  
10  46  1  160  376  308  1  -2  
10  46  1  169  376  308  1  -2  
10  46  1  176  376  308  1  -2  
10  46  1  185  376  308  1  -2  
10  46  1  192  376  308  1  -2  
10  46  1  202  376  308  1  -2  
10  46  1  210  376  308  1  -2  
10  46  1  219  376  308  1  -2  
10  46  1  226  376  308  1  -2  
10  46  1  235  376  308  1  -2  
10  46  1  243  376  308  1  -2  
10  46  1  251  376  308  1  -2  
10  46  2  263  376  308  1  -2  
10  46  2  270  376  308  1  -2  
10  46  2  279  376  308  1  -2  
10  46  2  288  376  308  1  -2  
10  46  2  297  376  308  1  -2  
10  46  2  304  376  308  1  -2  
10  46  2  312  376  308  1  -2  
10  46  2  320  376  308  1  -2  
10  46  2  329  376  308  1  -2  
10  46  2  338  376  308  1  -2  
10  46  2  346  376  308  1  -2  
10  46  2  354  376  308  1  -2  
10  46  2  362  376  309  1  -2  
10  46  2  370  376  309  1  -2  
10  46  2  379  378  309  1  -2  
10  46  2  388  383  309  1  -2  
10  46  2  395  394  312  1  -2  
10  46  2  404  411  316  1  -2  
10  46  2  413  437  319  1  -2  
10  46  2  421  470  323  1  -2  
10  46  2  429  502  327  2  -2  
10  46  2  437  536  329  2  -2  
10  46  2  445  564  329  2  -2  
10  46  2  454  589  332  2  -2  
10  46  2  462  618  335  2  -2  
10  46  2  471  627  336  2  -2  
10  46  2  480  628  336  2  -2  
10  46  2  488  628  336  2  -2  
10  46  2  495  628  336  2  -2  
10  46  2  504  628  336  2  -2  
10  46  2  512  628  336  2  -2  
10  46  2  520  628  336  2  -2  
10  46  2  529  628  336  2  -2  
10  46  2  541  628  336  2  -2  
10  46  2  550  628  336  2  -2  
10  46  2  561  630  337  2  -2  
10  46  2  570  630  337  2  -2  
10  46  2  580  630  337  2  -2  
10  46  2  589  630  337  2  -2  
10  46  2  599  630  337  2  -2  
10  46  2  609  630  337  2  -2  
10  46  2  617  630  337  2  -2  
10  46  2  627  630  337  2  -2  
10  46  2  637  630  337  2  -2  
10  46  2  646  630  337  2  -2  
10  46  2  656  630  337  2  -2  
10  46  2  665  630  338  2  -2  
10  46  2  675  629  338  2  -2  
10  46  2  683  629  338  2  -2  
10  46  2  694  629  338  2  -2  
10  46  2  703  625  338  2  -2  
10  46  2  713  621  338  2  -2  
10  46  2  723  615  338  2  -2  
10  46  2  731  609  338  2  -2  
10  46  2  741  602  338  2  -2  
10  46  2  748  597  337  2  -2  
10  46  2  758  593  337  2  -2  
10  46  2  767  590  336  2  -2  
10  46  2  777  588  336  2  -2  
10  46  2  785  588  336  2  -2  
10  46  2  795  586  336  2  -2  
10  46  2  804  583  334  2  -2  
10  46  2  812  582  334  2  -2  
10  46  2  823  580  333  2  -2  
10  46  2  831  571  333  2  -2  
10  46  2  841  566  332  2  -2  
10  46  2  850  561  332  2  -2  
10  46  2  860  558  331  2  -2  
10  46  2  869  554  331  2  -2  
10  46  2  878  550  329  2  -2  
10  46  2  887  547  329  2  -2  
10  46  2  896  545  328  2  -2  
10  46  2  904  544  328  2  -2  
10  46  2  913  542  328  2  -2  
10  46  2  924  539  328  2  -2  
10  46  2  931  537  328  2  -2  
10  46  2  941  533  327  2  -2  
10  46  2  948  528  326  2  -2  
10  46  2  957  523  326  2  -2  
10  46  2  963  519  326  2  -2  
10  46  2  975  514  326  2  -2  
10  46  2  983  500  324  2  -2  
10  46  2  993  488  324  2  -2  
10  46  2  1001  478  322  2  -2  
10  46  2  1011  469  321  2  -2  
10  46  2  1021  459  320  2  -2  
10  46  2  1030  452  317  2  -2  
10  46  2  1040  444  317  2  -2  
10  46  2  1048  425  316  2  -2  
10  46  2  1058  416  315  2  -2  
10  46  2  1066  409  314  2  -2  
10  46  2  1075  402  314  2  -2  
10  46  2  1083  397  312  3  -2  
10  46  2  1093  393  312  3  -2  
10  46  2  1103  389  312  3  -2  
10  46  2  1110  385  312  3  -2  
10  46  2  1119  384  311  3  -2  
10  46  2  1128  383  311  3  -2  
10  46  2  1136  383  311  3  -2  
10  46  2  1144  383  311  3  -2  
10  46  2  1152  383  311  3  -2  
10  46  2  1160  383  311  3  -2  
10  46  2  1170  381  311  3  -2  
10  46  2  1178  381  311  3  -2  
10  46  2  1186  381  311  3  -2  
10  46  2  1194  381  311  3  -2  
10  46  2  1202  381  311  3  -2  
10  46  2  1210  381  310  3  -2  
10  46  2  1219  381  310  3  -2  
10  46  2  1229  380  310  3  -2  
10  46  2  1235  379  310  3  -2  
10  46  2  1244  378  310  3  -2  
10  46  2  1252  378  310  3  -2  
10  46  3  1261  378  310  3  -2  
10  46  3  1269  378  310  3  -2  
10  46  3  1278  378  310  3  -2  
10  46  3  1286  378  310  3  -2  
10  46  3  1295  378  310  3  -2  
10  46  3  1302  378  310  3  -2  
10  46  3  1311  378  310  3  -2  
10  46  3  1320  378  310  3  -2  
10  46  3  1328  378  310  3  -2  
10  46  3  1336  378  310  3  -2  
10  46  3  1346  378  310  3  -2  
10  46  3  1352  378  310  3  -2  
10  46  3  1361  378  310  3  -2  
10  46  3  1370  378  310  3  -2  
10  46  3  1378  378  310  3  -2  
10  46  3  1386  378  310  3  -2  
10  46  3  1395  378  310  3  -2  
10  46  3  1402  378  310  3  -2  
10  46  3  1411  378  310  3  -2  
10  46  3  1420  378  310  3  -2  
10  46  3  1429  383  310  3  -2  
10  46  3  1436  395  310  3  -2  
10  46  3  1444  408  310  3  -2  
10  46  3  1453  423  310  3  -2  
10  46  3  1461  441  310  3  -2  
10  46  3  1470  457  310  3  -2  
10  46  3  1479  476  310  3  -2  
10  46  3  1488  505  310  4  -2  
10  46  3  1496  519  310  4  -2  
10  46  3  1504  530  310  4  -2  
10  46  3  1513  537  310  4  -2  
10  46  3  1522  542  310  4  -2  
10  46  3  1529  546  310  4  -2  
10  46  3  1539  549  310  4  -2  
10  46  3  1545  550  310  4  -2  
10  46  3  1553  551  310  4  -2  
10  46  3  1562  553  310  4  -2  
10  46  3  1571  554  310  4  -2  
10  46  3  1578  555  310  4  -2  
10  46  3  1586  557  310  4  -2  
10  46  3  1596  557  310  4  -2  
10  46  3  1602  558  310  4  -2  
10  46  3  1610  558  310  4  -2  
10  46  3  1623  558  310  4  -2  
10  46  3  1629  558  310  4  -2  
10  46  3  1639  558  310  4  -2  
10  46  3  1647  558  310  4  -2  
10  46  3  1655  558  310  4  -2  
10  46  3  1662  558  310  4  -2  
10  46  3  1673  558  310  4  -2  
10  46  3  1681  558  310  4  -2  
10  46  3  1691  558  310  4  -2  
10  46  3  1697  558  310  4  -2  
10  46  3  1708  558  310  4  -2  
10  46  3  1714  558  310  4  -2  
10  46  3  1723  558  310  4  -2  
10  46  3  1731  558  310  4  -2  
10  46  3  1741  558  310  4  -2  
10  46  3  1749  558  310  4  -2  
10  46  3  1759  558  310  4  -2  
10  46  3  1764  558  310  4  -2  
10  46  3  1774  558  310  4  -2  
10  46  3  1783  558  310  4  -2  
10  46  3  1791  558  310  4  -2  
10  46  3  1799  558  310  4  -2  
10  46  3  1808  558  310  4  -2  
10  46  3  1815  558  310  4  -2  
10  46  3  1825  558  310  4  -2  
10  46  3  1832  557  310  4  -2  
10  46  3  1841  549  310  4  -2  
10  46  3  1849  542  312  4  -2  
10  46  3  1858  537  312  4  -2  
10  46  3  1866  528  312  4  -2  
10  46  3  1875  515  312  4  -2  
10  46  3  1883  502  312  4  -2  
10  46  3  1891  485  312  4  -2  
10  46  3  1900  470  312  4  -2  
10  46  3  1908  454  312  4  -2  
10  46  3  1916  437  312  4  -2  
10  46  3  1925  425  312  4  -2  
10  46  3  1933  414  312  4  -2  
10  46  3  1942  405  312  4  -2  
