10  47  40  0  381  308  1  -2  
10  47  40  9  381  308  1  -2  
10  47  40  16  381  308  1  -2  
10  47  40  25  381  308  1  -2  
10  47  40  33  381  308  1  -2  
10  47  40  42  381  308  1  -2  
10  47  40  50  381  308  1  -2  
10  47  40  59  381  308  1  -2  
10  47  41  65  381  308  1  -2  
10  47  41  75  381  308  1  -2  
10  47  41  83  381  308  1  -2  
10  47  41  92  381  308  1  -2  
10  47  41  100  381  308  1  -2  
10  47  41  109  381  308  1  -2  
10  47  41  116  381  308  1  -2  
10  47  41  125  381  308  1  -2  
10  47  41  133  381  308  1  -2  
10  47  41  142  381  308  1  -2  
10  47  41  150  381  308  1  -2  
10  47  41  159  381  308  1  -2  
10  47  41  167  381  308  1  -2  
10  47  41  175  381  308  1  -2  
10  47  41  183  381  308  1  -2  
10  47  41  192  381  308  1  -2  
10  47  41  199  381  308  1  -2  
10  47  41  209  381  308  1  -2  
10  47  41  216  381  308  1  -2  
10  47  41  225  381  308  1  -2  
10  47  41  233  381  308  1  -2  
10  47  41  242  381  308  1  -2  
10  47  41  250  381  308  1  -2  
10  47  41  259  381  308  1  -2  
10  47  41  266  381  308  1  -2  
10  47  41  275  381  308  1  -2  
10  47  41  283  381  308  1  -2  
10  47  41  292  381  308  1  -2  
10  47  41  300  381  308  1  -2  
10  47  41  309  381  308  1  -2  
10  47  41  316  381  308  1  -2  
10  47  41  325  381  308  1  -2  
10  47  41  333  381  308  1  -2  
10  47  41  342  381  308  1  -2  
10  47  41  350  381  308  1  -2  
10  47  41  359  381  308  1  -2  
10  47  41  366  381  308  1  -2  
10  47  41  376  381  308  1  -2  
10  47  41  383  381  308  1  -2  
10  47  41  393  381  308  1  -2  
10  47  41  400  381  308  1  -2  
10  47  41  409  381  308  1  -2  
10  47  41  417  381  308  1  -2  
10  47  41  425  381  308  1  -2  
10  47  41  433  381  308  1  -2  
10  47  41  442  381  308  1  -2  
10  47  41  450  381  308  1  -2  
10  47  41  459  384  308  1  -2  
10  47  41  466  387  308  1  -2  
10  47  41  475  389  308  1  -2  
10  47  41  483  393  310  1  -2  
10  47  41  493  398  310  1  -2  
10  47  41  501  402  310  1  -2  
10  47  41  509  405  310  1  -2  
10  47  41  517  409  311  1  -2  
10  47  41  525  412  311  1  -2  
10  47  41  534  414  311  1  -2  
10  47  41  542  418  312  1  -2  
10  47  41  550  420  312  1  -2  
10  47  41  559  423  313  1  -2  
10  47  41  566  427  313  1  -2  
10  47  41  575  433  314  1  -2  
10  47  41  584  442  316  1  -2  
10  47  41  592  466  319  1  -2  
10  47  41  601  479  322  1  -2  
10  47  41  609  491  323  1  -2  
10  47  41  618  501  324  2  -2  
10  47  41  625  504  324  2  -2  
10  47  41  634  507  324  2  -2  
10  47  41  642  507  324  2  -2  
10  47  41  651  507  324  2  -2  
10  47  41  658  508  324  2  -2  
10  47  41  666  508  324  2  -2  
10  47  41  676  510  324  2  -2  
10  47  41  684  510  324  2  -2  
10  47  41  691  511  324  2  -2  
10  47  41  700  513  324  2  -2  
10  47  41  709  515  325  2  -2  
10  47  41  717  518  325  2  -2  
10  47  41  726  521  325  2  -2  
10  47  41  733  524  327  2  -2  
10  47  41  742  527  327  2  -2  
10  47  41  751  529  327  2  -2  
10  47  41  758  529  328  2  -2  
10  47  41  767  531  328  2  -2  
10  47  41  776  531  328  2  -2  
10  47  41  784  531  328  2  -2  
10  47  41  792  531  328  2  -2  
10  47  41  800  531  328  2  -2  
10  47  41  809  531  328  2  -2  
10  47  41  817  531  328  2  -2  
10  47  41  825  531  328  2  -2  
10  47  41  834  531  328  2  -2  
10  47  41  842  531  328  2  -2  
10  47  41  850  531  328  2  -2  
10  47  41  859  531  328  2  -2  
10  47  41  867  531  328  2  -2  
10  47  41  875  531  328  2  -2  
10  47  41  884  531  328  2  -2  
10  47  41  893  531  328  2  -2  
10  47  41  901  531  328  2  -2  
10  47  41  908  531  328  2  -2  
10  47  41  917  531  328  2  -2  
10  47  41  926  531  328  2  -2  
10  47  41  934  531  328  2  -2  
10  47  41  942  531  328  2  -2  
10  47  41  950  531  328  2  -2  
10  47  41  959  531  328  2  -2  
10  47  41  967  531  328  2  -2  
10  47  41  976  531  328  2  -2  
10  47  41  984  531  328  2  -2  
10  47  41  992  531  328  2  -2  
10  47  41  1001  531  329  2  -2  
10  47  41  1009  531  329  2  -2  
10  47  41  1017  531  329  2  -2  
10  47  41  1026  529  329  2  -2  
10  47  41  1034  528  329  2  -2  
10  47  41  1042  526  329  2  -2  
10  47  41  1050  524  329  2  -2  
10  47  41  1059  520  329  2  -2  
10  47  42  1067  518  329  2  -2  
10  47  42  1076  514  329  2  -2  
10  47  42  1084  510  329  2  -2  
10  47  42  1092  505  329  2  -2  
10  47  42  1101  500  330  2  -2  
10  47  42  1109  497  331  2  -2  
10  47  42  1117  494  331  2  -2  
10  47  42  1125  491  331  2  -2  
10  47  42  1134  486  331  2  -2  
10  47  42  1142  479  331  2  -2  
10  47  42  1151  472  331  2  -2  
10  47  42  1159  465  331  2  -2  
10  47  42  1167  458  331  2  -2  
10  47  42  1176  451  330  2  -2  
10  47  42  1184  446  329  2  -2  
10  47  42  1193  438  327  2  -2  
10  47  42  1201  437  327  2  -2  
10  47  42  1210  434  327  2  -2  
10  47  42  1218  431  326  2  -2  
10  47  42  1225  429  326  2  -2  
10  47  42  1235  424  326  2  -2  
10  47  42  1242  420  325  2  -2  
10  47  42  1251  413  325  2  -2  
10  47  42  1260  408  325  2  -2  
10  47  42  1267  403  325  2  -2  
10  47  42  1276  397  325  3  -2  
10  47  42  1284  394  325  3  -2  
10  47  42  1292  389  325  3  -2  
10  47  42  1301  386  325  3  -2  
10  47  42  1308  382  325  3  -2  
10  47  42  1317  380  325  3  -2  
10  47  42  1326  380  325  3  -2  
10  47  42  1334  379  325  3  -2  
10  47  42  1343  379  325  3  -2  
10  47  42  1350  379  325  3  -2  
10  47  42  1360  378  324  3  -2  
10  47  42  1367  378  324  3  -2  
10  47  42  1376  378  324  3  -2  
10  47  42  1384  378  324  3  -2  
10  47  42  1392  378  324  3  -2  
10  47  42  1401  378  324  3  -2  
10  47  42  1409  378  324  3  -2  
10  47  42  1417  378  324  3  -2  
10  47  42  1427  378  324  3  -2  
10  47  42  1435  378  324  3  -2  
10  47  42  1443  378  324  3  -2  
10  47  42  1451  378  324  3  -2  
10  47  42  1460  378  324  3  -2  
10  47  42  1469  378  324  3  -2  
10  47  42  1477  378  324  3  -2  
10  47  42  1484  378  324  3  -2  
10  47  42  1492  378  324  3  -2  
10  47  42  1501  378  324  3  -2  
10  47  42  1511  378  324  3  -2  
10  47  42  1519  378  324  3  -2  
10  47  42  1526  378  324  3  -2  
10  47  42  1535  378  324  3  -2  
10  47  42  1544  378  324  3  -2  
10  47  42  1552  378  324  3  -2  
10  47  42  1561  378  324  3  -2  
10  47  42  1569  378  324  3  -2  
10  47  42  1576  378  324  3  -2  
10  47  42  1586  378  324  3  -2  
10  47  42  1593  378  324  3  -2  
10  47  42  1601  378  324  3  -2  
10  47  42  1610  378  324  3  -2  
10  47  42  1619  378  324  3  -2  
10  47  42  1627  378  324  3  -2  
10  47  42  1635  378  324  3  -2  
10  47  42  1644  378  324  3  -2  
10  47  42  1650  378  324  3  -2  
10  47  42  1660  378  324  3  -2  
10  47  42  1667  378  324  3  -2  
10  47  42  1677  378  324  3  -2  
10  47  42  1685  378  324  3  -2  
10  47  42  1693  378  324  3  -2  
10  47  42  1701  378  324  3  -2  
10  47  42  1710  378  324  3  -2  
10  47  42  1718  378  324  3  -2  
10  47  42  1726  378  324  3  -2  
10  47  42  1735  378  324  3  -2  
10  47  42  1743  378  324  3  -2  
10  47  42  1751  378  324  3  -2  
10  47  42  1760  378  324  3  -2  
10  47  42  1769  378  324  3  -2  
10  47  42  1776  378  324  3  -2  
10  47  42  1785  378  324  3  -2  
10  47  42  1793  378  324  3  -2  
10  47  42  1801  378  324  3  -2  
10  47  42  1810  378  324  3  -2  
10  47  42  1818  378  324  3  -2  
10  47  42  1826  378  324  3  -2  
10  47  42  1835  379  324  3  -2  
10  47  42  1844  379  324  3  -2  
10  47  42  1852  382  324  3  -2  
10  47  42  1860  387  324  3  -2  
10  47  42  1869  390  324  3  -2  
10  47  42  1878  397  322  3  -2  
10  47  42  1885  404  322  3  -2  
10  47  42  1894  414  322  3  -2  
10  47  42  1901  424  322  3  -2  
10  47  42  1910  436  322  3  -2  
10  47  42  1919  447  322  3  -2  
10  47  42  1927  456  322  3  -2  
10  47  42  1935  466  322  3  -2  
10  47  42  1943  487  322  3  -2  
10  47  42  1951  501  322  4  -2  
10  47  42  1960  512  322  4  -2  
10  47  42  1969  522  322  4  -2  
10  47  42  1976  532  322  4  -2  
10  47  42  1987  537  322  4  -2  
10  47  42  1993  546  322  4  -2  
10  47  42  2002  549  322  4  -2  
10  47  42  2010  551  322  4  -2  
10  47  42  2019  555  322  4  -2  
10  47  42  2027  557  322  4  -2  
10  47  42  2035  557  322  4  -2  
10  47  42  2043  559  322  4  -2  
10  47  42  2051  560  322  4  -2  
10  47  42  2060  561  322  4  -2  
10  47  43  2071  562  322  4  -2  
10  47  43  2078  563  322  4  -2  
10  47  43  2085  563  322  4  -2  
10  47  43  2093  563  322  4  -2  
10  47  43  2101  563  322  4  -2  
10  47  43  2110  563  322  4  -2  
10  47  43  2119  563  322  4  -2  
10  47  43  2126  563  322  4  -2  
10  47  43  2136  563  322  4  -2  
10  47  43  2144  564  323  4  -2  
10  47  43  2151  564  323  4  -2  
10  47  43  2160  564  323  4  -2  
10  47  43  2171  564  323  4  -2  
10  47  43  2177  564  323  4  -2  
10  47  43  2186  564  323  4  -2  
10  47  43  2194  560  325  4  -2  
10  47  43  2203  558  325  4  -2  
10  47  43  2210  553  326  4  -2  
10  47  43  2219  550  326  4  -2  
10  47  43  2228  544  327  4  -2  
10  47  43  2236  541  327  4  -2  
10  47  43  2244  538  327  4  -2  
10  47  43  2252  533  327  4  -2  
10  47  43  2261  529  327  4  -2  
10  47  43  2269  524  327  4  -2  
10  47  43  2278  519  327  4  -2  
10  47  43  2285  511  327  4  -2  
10  47  43  2293  504  327  4  -2  
10  47  43  2303  499  327  4  -2  
10  47  43  2311  494  327  4  -2  
10  47  43  2321  488  326  4  -2  
10  47  43  2329  477  325  4  -2  
10  47  43  2338  472  323  4  -2  
10  47  43  2345  470  323  4  -2  
10  47  43  2353  466  321  4  -2  
10  47  43  2361  462  320  4  -2  
10  47  43  2371  456  320  4  -2  
10  47  43  2379  450  318  4  -2  
10  47  43  2388  443  317  4  -2  
10  47  43  2395  435  317  4  -2  
10  47  43  2405  426  315  4  -2  
10  47  43  2413  420  314  4  -2  
10  47  43  2423  417  314  4  -2  
10  47  43  2432  415  314  4  -2  
10  47  43  2442  413  313  4  -2  
10  47  43  2452  413  313  4  -2  
10  47  43  2462  413  313  4  -2  
10  47  43  2472  412  313  4  -2  
10  47  43  2481  408  310  4  -2  
10  47  43  2493  407  310  4  -2  
10  47  43  2501  406  310  4  -2  
10  47  43  2510  405  310  4  -2  
10  47  43  2519  405  310  4  -2  
10  47  43  2527  405  310  4  -2  
10  47  43  2539  405  310  4  -2  
10  47  43  2548  405  310  4  -2  
10  47  43  2558  404  310  4  -2  
10  47  43  2566  404  310  4  -2  
10  47  43  2575  404  310  4  -2  
10  47  43  2584  402  309  4  -2  
10  47  43  2593  402  309  4  -2  
10  47  43  2602  402  309  4  -2  
10  47  43  2611  402  309  4  -2  
10  47  43  2621  402  309  4  -2  
10  47  43  2628  402  309  4  -2  
10  47  43  2639  402  309  4  -2  
10  47  43  2645  402  309  4  -2  
10  47  43  2655  402  309  4  -2  
10  47  43  2661  402  309  4  -2  
10  47  43  2671  402  309  4  -2  
10  47  43  2679  402  309  4  -2  
10  47  43  2688  402  309  4  -2  
10  47  43  2694  402  309  4  -2  
10  47  43  2705  402  309  4  -2  
10  47  43  2712  402  309  4  -2  
10  47  43  2721  402  309  4  -2  
10  47  43  2728  402  309  4  -2  
10  47  43  2738  402  309  4  -2  
10  47  43  2744  402  309  4  -2  
10  47  43  2755  402  309  4  -2  
10  47  43  2762  401  309  4  -2  
10  47  43  2772  401  309  4  -2  
10  47  43  2779  400  309  4  -2  
