16  24  20  0  348  323  1  -2  
16  24  20  5  348  323  1  -2  
16  24  20  16  348  323  1  -2  
16  24  20  24  348  323  1  -2  
16  24  20  33  348  323  1  -2  
16  24  21  39  348  323  1  -2  
16  24  21  50  348  323  1  -2  
16  24  21  55  348  323  1  -2  
16  24  21  65  348  323  1  -2  
16  24  21  74  348  323  1  -2  
16  24  21  83  348  323  1  -2  
16  24  21  90  348  323  1  -2  
16  24  21  101  348  323  1  -2  
16  24  21  106  354  322  1  -2  
16  24  21  117  354  322  1  -2  
16  24  21  123  361  322  1  -2  
16  24  21  134  361  322  1  -2  
16  24  21  140  369  322  1  -2  
16  24  21  150  370  321  1  -2  
16  24  21  157  372  321  1  -2  
16  24  21  167  374  321  1  -2  
16  24  21  174  375  319  1  -2  
16  24  21  184  376  319  1  -2  
16  24  21  192  378  319  1  -2  
16  24  21  202  380  319  1  -2  
16  24  21  211  382  318  1  -2  
16  24  21  219  383  318  1  -2  
16  24  21  228  386  318  1  -2  
16  24  21  237  394  317  1  -2  
16  24  21  245  401  317  1  -2  
16  24  21  254  406  317  1  -2  
16  24  21  262  411  317  1  -2  
16  24  21  270  416  317  1  -2  
16  24  21  278  418  317  1  -2  
16  24  21  286  421  317  1  -2  
16  24  21  294  424  317  1  -2  
16  24  21  304  425  317  1  -2  
16  24  21  311  426  317  1  -2  
16  24  21  319  429  317  1  -2  
16  24  21  328  431  317  1  -2  
16  24  21  337  434  317  1  -2  
16  24  21  345  439  317  1  -2  
16  24  21  355  443  317  1  -2  
16  24  21  368  447  317  1  -2  
16  24  21  376  449  317  1  -2  
16  24  21  387  452  317  1  -2  
16  24  21  396  452  317  1  -2  
16  24  21  406  457  317  1  -2  
16  24  21  415  460  317  1  -2  
16  24  21  423  464  317  1  -2  
16  24  21  433  465  317  1  -2  
16  24  21  440  468  317  1  -2  
16  24  21  452  470  317  1  -2  
16  24  21  459  472  317  1  -2  
16  24  21  469  475  317  1  -2  
16  24  21  478  478  317  1  -2  
16  24  21  487  482  317  1  -2  
16  24  21  495  482  317  1  -2  
16  24  21  505  483  317  1  -2  
16  24  21  515  485  317  1  -2  
16  24  21  523  485  317  1  -2  
16  24  21  534  487  315  1  -2  
16  24  21  541  487  315  1  -2  
16  24  21  551  487  315  1  -2  
16  24  21  558  488  314  1  -2  
16  24  21  568  488  314  1  -2  
16  24  21  575  488  314  1  -2  
16  24  21  583  488  314  1  -2  
16  24  21  593  489  314  1  -2  
16  24  21  600  492  313  1  -2  
16  24  21  608  492  313  1  -2  
16  24  21  618  492  313  1  -2  
16  24  21  625  493  312  1  -2  
16  24  21  635  493  312  1  -2  
16  24  21  643  493  312  1  -2  
16  24  21  651  494  311  1  -2  
16  24  21  659  494  311  1  -2  
16  24  21  668  494  311  1  -2  
16  24  21  677  494  311  1  -2  
16  24  21  686  494  309  1  -2  
16  24  21  694  499  305  2  -2  
16  24  21  701  499  305  2  -2  
16  24  21  710  499  304  2  -2  
16  24  21  717  500  303  2  -2  
16  24  21  726  501  303  2  -2  
16  24  21  734  502  302  2  -2  
16  24  21  743  502  302  2  -2  
16  24  21  752  502  301  2  -2  
16  24  21  759  502  301  2  -2  
16  24  21  767  502  301  2  -2  
16  24  21  776  502  301  2  -2  
16  24  21  784  502  301  2  -2  
16  24  21  793  502  301  2  -2  
16  24  21  802  502  301  2  -2  
16  24  21  809  502  301  2  -2  
16  24  21  818  502  301  2  -2  
16  24  21  826  502  301  2  -2  
16  24  21  835  502  301  2  -2  
16  24  21  843  502  301  2  -2  
16  24  21  851  502  301  2  -2  
16  24  21  859  502  301  2  -2  
16  24  21  868  502  301  2  -2  
16  24  21  877  502  301  2  -2  
16  24  21  884  502  301  2  -2  
16  24  21  894  502  301  2  -2  
16  24  21  903  502  301  2  -2  
16  24  21  911  502  301  2  -2  
16  24  21  918  502  301  2  -2  
16  24  21  926  503  301  2  -2  
16  24  21  934  503  301  2  -2  
16  24  21  944  503  301  2  -2  
16  24  21  953  503  301  2  -2  
16  24  21  961  503  301  2  -2  
16  24  21  969  503  301  2  -2  
16  24  21  977  503  301  2  -2  
16  24  21  985  503  301  2  -2  
16  24  21  993  503  301  2  -2  
16  24  21  1002  503  301  2  -2  
16  24  21  1010  503  301  2  -2  
16  24  21  1018  503  301  2  -2  
16  24  21  1026  503  301  2  -2  
16  24  21  1034  503  301  2  -2  
16  24  22  1046  503  301  2  -2  
16  24  22  1054  502  301  2  -2  
16  24  22  1064  499  302  2  -2  
16  24  22  1070  496  303  2  -2  
16  24  22  1079  492  304  2  -2  
16  24  22  1087  485  305  2  -2  
16  24  22  1094  480  307  2  -2  
16  24  22  1104  471  309  2  -2  
16  24  22  1114  466  309  2  -2  
16  24  22  1119  459  310  2  -2  
16  24  22  1129  456  310  2  -2  
16  24  22  1136  450  311  2  -2  
16  24  22  1147  445  311  2  -2  
16  24  22  1154  439  311  2  -2  
16  24  22  1163  434  311  2  -2  
16  24  22  1170  432  311  2  -2  
16  24  22  1180  429  311  2  -2  
16  24  22  1187  426  311  2  -2  
16  24  22  1197  425  311  2  -2  
16  24  22  1203  423  312  2  -2  
16  24  22  1214  423  312  2  -2  
16  24  22  1220  422  312  2  -2  
16  24  22  1229  420  313  2  -2  
16  24  22  1236  420  313  2  -2  
16  24  22  1246  420  313  2  -2  
16  24  22  1254  420  313  2  -2  
16  24  22  1263  419  313  2  -2  
16  24  22  1271  417  313  2  -2  
16  24  22  1279  413  313  2  -2  
16  24  22  1286  411  313  2  -2  
16  24  22  1294  406  313  2  -2  
16  24  22  1303  397  313  3  -2  
16  24  22  1313  390  313  3  -2  
16  24  22  1321  384  313  3  -2  
16  24  22  1329  379  313  3  -2  
16  24  22  1337  373  313  3  -2  
16  24  22  1346  370  313  3  -2  
16  24  22  1354  368  313  3  -2  
16  24  22  1364  366  313  3  -2  
16  24  22  1371  366  313  3  -2  
16  24  22  1379  366  313  3  -2  
16  24  22  1386  366  313  3  -2  
16  24  22  1397  366  313  3  -2  
16  24  22  1404  366  313  3  -2  
16  24  22  1415  366  313  3  -2  
16  24  22  1422  366  313  3  -2  
16  24  22  1431  366  313  3  -2  
16  24  22  1438  366  313  3  -2  
16  24  22  1448  366  313  3  -2  
16  24  22  1456  366  313  3  -2  
16  24  22  1466  366  313  3  -2  
16  24  22  1473  366  313  3  -2  
16  24  22  1482  366  313  3  -2  
16  24  22  1490  366  313  3  -2  
16  24  22  1498  366  313  3  -2  
16  24  22  1506  366  313  3  -2  
16  24  22  1516  366  313  3  -2  
16  24  22  1524  366  313  3  -2  
16  24  22  1532  366  313  3  -2  
16  24  22  1541  366  313  3  -2  
16  24  22  1549  368  313  3  -2  
16  24  22  1556  372  313  3  -2  
16  24  22  1566  379  312  3  -2  
16  24  22  1574  386  311  3  -2  
16  24  22  1583  393  310  3  -2  
16  24  22  1590  400  310  3  -2  
16  24  22  1599  405  308  3  -2  
16  24  22  1606  411  308  3  -2  
16  24  22  1616  417  308  3  -2  
16  24  22  1624  424  308  3  -2  
16  24  22  1632  431  308  3  -2  
16  24  22  1641  438  308  3  -2  
16  24  22  1649  443  308  3  -2  
16  24  22  1657  448  308  3  -2  
16  24  22  1665  453  308  3  -2  
16  24  22  1674  458  308  3  -2  
16  24  22  1682  462  308  3  -2  
16  24  22  1690  468  308  3  -2  
16  24  22  1700  475  308  3  -2  
16  24  22  1709  483  308  3  -2  
16  24  22  1717  485  308  3  -2  
16  24  22  1726  487  308  3  -2  
16  24  22  1734  491  308  3  -2  
16  24  22  1743  494  309  3  -2  
16  24  22  1752  495  309  4  -2  
16  24  22  1759  496  309  4  -2  
16  24  22  1767  496  309  4  -2  
16  24  22  1775  497  311  4  -2  
16  24  22  1784  498  312  4  -2  
16  24  22  1793  499  312  4  -2  
16  24  22  1802  500  312  4  -2  
16  24  22  1809  504  312  4  -2  
16  24  22  1818  506  312  4  -2  
16  24  22  1825  508  312  4  -2  
16  24  22  1835  509  312  4  -2  
16  24  22  1843  510  312  4  -2  
16  24  22  1853  510  312  4  -2  
16  24  22  1859  511  312  4  -2  
16  24  22  1868  511  312  4  -2  
16  24  22  1877  511  312  4  -2  
16  24  22  1884  511  312  4  -2  
16  24  22  1894  511  312  4  -2  
16  24  22  1901  511  312  4  -2  
16  24  22  1910  511  312  4  -2  
16  24  22  1918  511  312  4  -2  
16  24  22  1926  511  312  4  -2  
16  24  22  1934  511  312  4  -2  
16  24  22  1943  511  312  4  -2  
16  24  22  1953  511  312  4  -2  
16  24  22  1964  511  312  4  -2  
16  24  22  1972  511  312  4  -2  
16  24  22  1983  510  312  4  -2  
16  24  22  1992  510  312  4  -2  
16  24  22  2001  509  312  4  -2  
16  24  22  2011  509  312  4  -2  
16  24  22  2019  504  312  4  -2  
16  24  22  2028  499  311  4  -2  
16  24  23  2037  484  311  4  -2  
16  24  23  2046  475  311  4  -2  
16  24  23  2053  464  311  4  -2  
16  24  23  2061  457  311  4  -2  
16  24  23  2070  448  311  4  -2  
16  24  23  2079  440  313  4  -2  
16  24  23  2087  436  313  4  -2  
16  24  23  2096  431  314  4  -2  
16  24  23  2103  428  314  4  -2  
16  24  23  2111  424  314  4  -2  
16  24  23  2120  422  314  4  -2  
16  24  23  2129  420  314  4  -2  
16  24  23  2136  417  314  4  -2  
16  24  23  2144  416  314  4  -2  
16  24  23  2153  415  314  4  -2  
16  24  23  2161  413  314  4  -2  
16  24  23  2170  411  314  4  -2  
16  24  23  2178  409  314  4  -2  
16  24  23  2188  409  314  4  -2  
16  24  23  2196  406  314  4  -2  
16  24  23  2204  403  315  4  -2  
16  24  23  2215  401  315  4  -2  
16  24  23  2220  400  315  4  -2  
16  24  23  2230  397  315  5  -2  
16  24  23  2238  395  315  5  -2  
16  24  23  2247  392  315  5  -2  
16  24  23  2253  387  315  5  -2  
16  24  23  2264  381  315  5  -2  
16  24  23  2269  378  315  5  -2  
16  24  23  2279  375  315  5  -2  
16  24  23  2286  371  315  5  -2  
16  24  23  2296  370  315  5  -2  
16  24  23  2303  369  315  5  -2  
16  24  23  2313  369  315  5  -2  
16  24  23  2321  369  315  5  -2  
16  24  23  2330  369  315  5  -2  
16  24  23  2337  369  315  5  -2  
16  24  23  2347  369  315  5  -2  
16  24  23  2353  369  315  5  -2  
16  24  23  2363  369  315  5  -2  
16  24  23  2371  369  315  5  -2  
16  24  23  2380  369  315  5  -2  
16  24  23  2388  369  315  5  -2  
16  24  23  2397  369  315  5  -2  
16  24  23  2403  369  315  5  -2  
16  24  23  2413  369  315  5  -2  
16  24  23  2420  369  315  5  -2  
16  24  23  2431  369  315  5  -2  
16  24  23  2436  369  315  5  -2  
16  24  23  2447  369  315  5  -2  
16  24  23  2455  369  315  5  -2  
16  24  23  2463  369  315  5  -2  
16  24  23  2471  369  315  5  -2  
16  24  23  2480  369  315  5  -2  
