16  24  35  0  357  322  1  -2  
16  24  35  10  357  322  1  -2  
16  24  35  16  357  322  1  -2  
16  24  35  25  357  322  1  -2  
16  24  35  33  357  322  1  -2  
16  24  35  41  357  322  1  -2  
16  24  35  51  357  322  1  -2  
16  24  35  58  357  322  1  -2  
16  24  35  67  357  322  1  -2  
16  24  35  75  358  322  1  -2  
16  24  35  83  364  322  1  -2  
16  24  35  91  373  322  1  -2  
16  24  35  101  383  322  1  -2  
16  24  35  111  395  322  1  -2  
16  24  35  121  418  322  1  -2  
16  24  35  126  430  322  1  -2  
16  24  35  136  430  322  1  -2  
16  24  35  143  443  322  1  -2  
16  24  35  151  446  322  1  -2  
16  24  35  161  447  322  1  -2  
16  24  35  169  447  322  1  -2  
16  24  35  176  447  322  1  -2  
16  24  35  186  447  322  1  -2  
16  24  35  193  447  322  1  -2  
16  24  35  201  449  322  1  -2  
16  24  35  211  449  322  1  -2  
16  24  35  220  450  322  1  -2  
16  24  35  227  451  322  1  -2  
16  24  35  236  453  321  1  -2  
16  24  35  244  455  321  1  -2  
16  24  35  252  457  320  1  -2  
16  24  35  260  459  319  1  -2  
16  24  35  270  459  319  1  -2  
16  24  35  276  459  319  1  -2  
16  24  35  285  459  319  1  -2  
16  24  35  292  459  319  1  -2  
16  24  35  300  459  319  1  -2  
16  24  35  310  459  319  1  -2  
16  24  35  318  459  319  1  -2  
16  24  35  328  463  318  1  -2  
16  24  35  335  477  317  1  -2  
16  24  35  342  485  316  1  -2  
16  24  35  353  494  314  1  -2  
16  24  35  360  501  314  2  -2  
16  24  35  368  511  314  2  -2  
16  24  35  376  517  314  2  -2  
16  24  35  386  523  314  2  -2  
16  24  35  393  526  314  2  -2  
16  24  35  402  527  314  2  -2  
16  24  35  410  528  314  2  -2  
16  24  35  420  529  314  2  -2  
16  24  35  428  530  314  2  -2  
16  24  35  438  531  314  2  -2  
16  24  35  445  534  314  2  -2  
16  24  35  455  538  314  2  -2  
16  24  35  463  538  314  2  -2  
16  24  35  473  547  314  2  -2  
16  24  35  482  548  314  2  -2  
16  24  35  491  549  314  2  -2  
16  24  35  498  549  314  2  -2  
16  24  35  507  549  314  2  -2  
16  24  35  516  549  314  2  -2  
16  24  35  524  549  314  2  -2  
16  24  35  532  549  314  2  -2  
16  24  35  540  549  314  2  -2  
16  24  35  549  549  314  2  -2  
16  24  35  558  549  314  2  -2  
16  24  35  565  549  314  2  -2  
16  24  35  574  549  314  2  -2  
16  24  35  582  549  314  2  -2  
16  24  35  591  549  314  2  -2  
16  24  35  602  549  314  2  -2  
16  24  35  611  549  314  2  -2  
16  24  35  622  549  314  2  -2  
16  24  35  627  549  314  2  -2  
16  24  35  636  549  314  2  -2  
16  24  35  644  549  314  2  -2  
16  24  35  654  549  314  2  -2  
16  24  35  661  549  314  2  -2  
16  24  35  671  549  314  2  -2  
16  24  35  679  549  314  2  -2  
16  24  35  688  549  314  2  -2  
16  24  35  695  549  314  2  -2  
16  24  35  706  549  314  2  -2  
16  24  35  712  549  314  2  -2  
16  24  35  722  549  314  2  -2  
16  24  35  729  549  314  2  -2  
16  24  35  739  549  314  2  -2  
16  24  35  745  549  314  2  -2  
16  24  35  755  549  314  2  -2  
16  24  35  762  549  314  2  -2  
16  24  35  772  549  314  2  -2  
16  24  35  779  549  314  2  -2  
16  24  35  788  549  314  2  -2  
16  24  35  795  549  314  2  -2  
16  24  35  804  546  314  2  -2  
16  24  35  811  543  314  2  -2  
16  24  36  822  539  314  2  -2  
16  24  36  829  536  314  2  -2  
16  24  36  839  531  314  2  -2  
16  24  36  845  523  314  2  -2  
16  24  36  855  523  314  2  -2  
16  24  36  861  515  314  2  -2  
16  24  36  873  515  314  2  -2  
16  24  36  881  509  315  2  -2  
16  24  36  889  504  316  2  -2  
16  24  36  895  499  316  2  -2  
16  24  36  905  493  317  2  -2  
16  24  36  913  488  319  2  -2  
16  24  36  922  484  320  2  -2  
16  24  36  929  479  320  2  -2  
16  24  36  939  475  320  2  -2  
16  24  36  945  471  320  2  -2  
16  24  36  955  469  320  2  -2  
16  24  36  961  465  320  2  -2  
16  24  36  972  461  321  2  -2  
16  24  36  979  459  321  2  -2  
16  24  36  988  456  321  2  -2  
16  24  36  996  453  321  2  -2  
16  24  36  1005  450  321  2  -2  
16  24  36  1012  448  321  2  -2  
16  24  36  1022  446  322  2  -2  
16  24  36  1030  443  322  2  -2  
16  24  36  1038  439  324  2  -2  
16  24  36  1045  437  324  2  -2  
16  24  36  1055  437  324  2  -2  
16  24  36  1061  431  325  2  -2  
16  24  36  1072  431  325  2  -2  
16  24  36  1079  424  326  2  -2  
16  24  36  1089  419  326  2  -2  
16  24  36  1096  414  327  2  -2  
16  24  36  1105  411  327  2  -2  
16  24  36  1112  409  327  2  -2  
16  24  36  1122  407  327  2  -2  
16  24  36  1130  404  328  2  -2  
16  24  36  1140  403  329  2  -2  
16  24  36  1146  402  329  2  -2  
16  24  36  1155  400  330  2  -2  
16  24  36  1162  398  330  2  -2  
16  24  36  1172  398  330  2  -2  
16  24  36  1181  396  330  3  -2  
16  24  36  1188  392  330  3  -2  
16  24  36  1195  390  331  3  -2  
16  24  36  1205  389  331  3  -2  
16  24  36  1212  387  331  3  -2  
16  24  36  1222  385  331  3  -2  
16  24  36  1230  384  331  3  -2  
16  24  36  1239  384  331  3  -2  
16  24  36  1247  384  331  3  -2  
16  24  36  1254  384  331  3  -2  
16  24  36  1263  384  331  3  -2  
16  24  36  1272  384  331  3  -2  
16  24  36  1280  384  331  3  -2  
16  24  36  1289  384  331  3  -2  
16  24  36  1296  384  331  3  -2  
16  24  36  1304  382  331  3  -2  
16  24  36  1313  382  331  3  -2  
16  24  36  1323  382  331  3  -2  
16  24  36  1331  382  331  3  -2  
16  24  36  1340  381  331  3  -2  
16  24  36  1349  381  331  3  -2  
16  24  36  1357  381  331  3  -2  
16  24  36  1365  381  331  3  -2  
16  24  36  1373  381  331  3  -2  
16  24  36  1383  381  331  3  -2  
16  24  36  1390  381  331  3  -2  
16  24  36  1402  381  331  3  -2  
16  24  36  1409  381  331  3  -2  
16  24  36  1419  381  331  3  -2  
16  24  36  1426  384  331  3  -2  
16  24  36  1436  389  331  3  -2  
16  24  36  1442  398  331  3  -2  
16  24  36  1452  408  329  3  -2  
16  24  36  1460  418  328  3  -2  
16  24  36  1469  430  326  3  -2  
16  24  36  1475  440  325  3  -2  
16  24  36  1484  449  323  3  -2  
16  24  36  1491  459  321  3  -2  
16  24  36  1501  466  321  3  -2  
16  24  36  1509  473  320  3  -2  
16  24  36  1519  477  319  3  -2  
16  24  36  1527  485  317  3  -2  
16  24  36  1536  486  317  3  -2  
16  24  36  1542  490  317  3  -2  
16  24  36  1552  490  317  3  -2  
16  24  36  1560  494  316  3  -2  
16  24  36  1569  496  316  4  -2  
16  24  36  1576  501  315  4  -2  
16  24  36  1585  503  315  4  -2  
16  24  36  1593  505  315  4  -2  
16  24  36  1602  508  315  4  -2  
16  24  36  1609  510  314  4  -2  
16  24  36  1617  514  314  4  -2  
16  24  36  1625  517  314  4  -2  
16  24  36  1636  521  314  4  -2  
16  24  36  1642  524  314  4  -2  
16  24  36  1650  527  314  4  -2  
16  24  36  1660  531  314  4  -2  
16  24  36  1671  532  314  4  -2  
16  24  36  1678  534  313  4  -2  
16  24  36  1690  534  313  4  -2  
16  24  36  1698  534  313  4  -2  
16  24  36  1706  534  313  4  -2  
16  24  36  1716  534  313  4  -2  
16  24  36  1723  534  313  4  -2  
16  24  36  1731  534  313  4  -2  
16  24  36  1741  534  313  4  -2  
16  24  36  1749  534  313  4  -2  
16  24  36  1757  534  313  4  -2  
16  24  36  1765  533  313  4  -2  
16  24  36  1775  531  313  4  -2  
16  24  36  1783  531  313  4  -2  
16  24  36  1791  529  313  4  -2  
16  24  36  1799  529  313  4  -2  
16  24  36  1808  527  313  4  -2  
16  24  36  1816  524  313  4  -2  
16  24  37  1825  522  313  4  -2  
16  24  37  1834  517  313  4  -2  
16  24  37  1842  509  313  4  -2  
16  24  37  1850  502  313  4  -2  
16  24  37  1857  495  313  4  -2  
16  24  37  1866  488  313  4  -2  
16  24  37  1875  477  313  4  -2  
16  24  37  1884  467  313  4  -2  
16  24  37  1892  457  313  4  -2  
16  24  37  1900  443  313  4  -2  
16  24  37  1909  432  313  4  -2  
16  24  37  1917  420  313  4  -2  
16  24  37  1926  412  313  4  -2  
16  24  37  1935  400  313  4  -2  
16  24  37  1941  388  313  5  -2  
16  24  37  1950  388  313  5  -2  
16  24  37  1959  383  313  5  -2  
16  24  37  1966  375  313  5  -2  
16  24  37  1975  375  313  5  -2  
16  24  37  1983  369  313  5  -2  
16  24  37  1991  369  313  5  -2  
16  24  37  1999  362  313  5  -2  
16  24  37  2007  361  313  5  -2  
16  24  37  2017  360  313  5  -2  
16  24  37  2024  359  314  5  -2  
16  24  37  2033  359  314  5  -2  
16  24  37  2040  359  314  5  -2  
16  24  37  2051  359  314  5  -2  
16  24  37  2057  359  314  5  -2  
16  24  37  2065  359  314  5  -2  
16  24  37  2073  359  314  5  -2  
16  24  37  2083  359  314  5  -2  
16  24  37  2091  359  314  5  -2  
16  24  37  2099  359  314  5  -2  
16  24  37  2107  359  314  5  -2  
16  24  37  2115  359  314  5  -2  
16  24  37  2123  359  314  5  -2  
16  24  37  2133  359  314  5  -2  
16  24  37  2141  359  314  5  -2  
16  24  37  2151  359  314  5  -2  
16  24  37  2159  359  314  5  -2  
16  24  37  2168  359  314  5  -2  
16  24  37  2175  359  314  5  -2  
16  24  37  2184  359  314  5  -2  
16  24  37  2191  359  314  5  -2  
16  24  37  2200  359  314  5  -2  
16  24  37  2208  359  314  5  -2  
16  24  37  2217  359  314  5  -2  
16  24  37  2225  359  314  5  -2  
