10  14  21  0  391  311  1  -2  
10  14  21  9  391  311  1  -2  
10  14  21  17  391  311  1  -2  
10  14  21  25  391  311  1  -2  
10  14  21  33  391  311  1  -2  
10  14  21  42  391  311  1  -2  
10  14  21  51  391  311  1  -2  
10  14  21  59  391  311  1  -2  
10  14  21  67  391  311  1  -2  
10  14  21  75  391  311  1  -2  
10  14  21  84  391  311  1  -2  
10  14  21  93  391  311  1  -2  
10  14  21  101  391  311  1  -2  
10  14  21  108  391  311  1  -2  
10  14  21  117  391  311  1  -2  
10  14  21  125  391  311  1  -2  
10  14  21  135  391  311  1  -2  
10  14  21  142  391  311  1  -2  
10  14  21  150  391  311  1  -2  
10  14  21  159  391  311  1  -2  
10  14  21  167  391  311  1  -2  
10  14  21  175  391  311  1  -2  
10  14  21  184  391  311  1  -2  
10  14  21  191  391  311  1  -2  
10  14  21  201  391  311  1  -2  
10  14  21  209  391  311  1  -2  
10  14  21  217  391  311  1  -2  
10  14  21  225  391  311  1  -2  
10  14  21  235  391  311  1  -2  
10  14  21  243  391  311  1  -2  
10  14  21  251  391  311  1  -2  
10  14  21  259  391  311  1  -2  
10  14  21  267  391  311  1  -2  
10  14  21  275  391  311  1  -2  
10  14  21  285  391  311  1  -2  
10  14  21  292  391  311  1  -2  
10  14  21  300  391  311  1  -2  
10  14  21  309  391  311  1  -2  
10  14  21  317  391  311  1  -2  
10  14  21  325  391  311  1  -2  
10  14  21  334  391  311  1  -2  
10  14  21  343  392  309  1  -2  
10  14  21  351  398  307  1  -2  
10  14  21  359  403  303  1  -2  
10  14  21  368  416  299  1  -2  
10  14  21  375  431  297  1  -2  
10  14  21  385  449  297  1  -2  
10  14  21  393  472  297  1  -2  
10  14  21  400  492  297  1  -2  
10  14  21  410  513  297  2  -2  
10  14  21  418  526  297  2  -2  
10  14  21  426  538  297  2  -2  
10  14  21  435  546  297  2  -2  
10  14  21  443  550  297  2  -2  
10  14  21  451  554  297  2  -2  
10  14  21  462  554  297  2  -2  
10  14  21  470  555  297  2  -2  
10  14  21  480  556  297  2  -2  
10  14  21  487  557  297  2  -2  
10  14  21  497  557  297  2  -2  
10  14  21  503  557  297  2  -2  
10  14  21  513  557  297  2  -2  
10  14  21  519  557  297  2  -2  
10  14  21  530  557  297  2  -2  
10  14  21  537  558  297  2  -2  
10  14  21  547  558  297  2  -2  
10  14  21  553  558  297  2  -2  
10  14  21  563  558  297  2  -2  
10  14  21  570  558  297  2  -2  
10  14  21  581  558  297  2  -2  
10  14  21  587  558  297  2  -2  
10  14  21  597  558  297  2  -2  
10  14  21  605  558  297  2  -2  
10  14  21  614  558  297  2  -2  
10  14  21  622  558  297  2  -2  
10  14  21  631  558  297  2  -2  
10  14  21  637  558  297  2  -2  
10  14  21  647  558  297  2  -2  
10  14  21  655  558  297  2  -2  
10  14  21  664  558  297  2  -2  
10  14  21  670  558  297  2  -2  
10  14  21  681  558  297  2  -2  
10  14  21  688  558  297  2  -2  
10  14  21  699  558  297  2  -2  
10  14  21  705  558  297  2  -2  
10  14  21  715  558  297  2  -2  
10  14  21  723  558  297  2  -2  
10  14  21  731  558  297  2  -2  
10  14  21  738  558  297  2  -2  
10  14  21  749  558  297  2  -2  
10  14  21  755  558  297  2  -2  
10  14  21  765  558  297  2  -2  
10  14  21  773  558  297  2  -2  
10  14  21  781  558  297  2  -2  
10  14  21  788  557  297  2  -2  
10  14  21  799  555  297  2  -2  
10  14  21  805  551  297  2  -2  
10  14  21  815  545  298  2  -2  
10  14  21  822  538  298  2  -2  
10  14  21  831  528  298  2  -2  
10  14  21  838  514  298  2  -2  
10  14  21  848  500  298  2  -2  
10  14  21  855  466  296  2  -2  
10  14  21  865  466  296  2  -2  
10  14  21  871  436  296  2  -2  
10  14  21  881  423  296  2  -2  
10  14  21  889  413  296  2  -2  
10  14  21  898  408  296  2  -2  
10  14  21  907  406  296  2  -2  
10  14  21  915  405  296  2  -2  
10  14  21  923  405  296  2  -2  
10  14  21  931  405  296  2  -2  
10  14  21  938  405  296  2  -2  
10  14  21  948  405  296  2  -2  
10  14  21  955  405  296  2  -2  
10  14  21  965  405  296  2  -2  
10  14  21  972  405  296  2  -2  
10  14  22  980  405  296  2  -2  
10  14  22  987  405  296  2  -2  
10  14  22  997  405  296  2  -2  
10  14  22  1004  405  296  2  -2  
10  14  22  1014  405  296  2  -2  
10  14  22  1022  405  296  2  -2  
10  14  22  1030  405  296  2  -2  
10  14  22  1037  405  296  2  -2  
10  14  22  1047  405  296  2  -2  
10  14  22  1054  405  296  2  -2  
10  14  22  1064  405  296  2  -2  
10  14  22  1070  405  296  2  -2  
10  14  22  1080  405  296  2  -2  
10  14  22  1087  405  296  2  -2  
10  14  22  1097  405  296  2  -2  
10  14  22  1104  405  296  2  -2  
10  14  22  1114  405  296  2  -2  
10  14  22  1122  404  296  2  -2  
10  14  22  1130  404  296  2  -2  
10  14  22  1137  404  296  2  -2  
10  14  22  1147  403  296  2  -2  
10  14  22  1154  402  296  2  -2  
10  14  22  1164  402  296  2  -2  
10  14  22  1170  400  296  2  -2  
10  14  22  1180  397  296  2  -2  
10  14  22  1187  395  297  3  -2  
10  14  22  1198  394  297  3  -2  
10  14  22  1204  389  300  3  -2  
10  14  22  1214  388  300  3  -2  
10  14  22  1219  385  301  3  -2  
10  14  22  1230  382  301  3  -2  
10  14  22  1237  382  301  3  -2  
10  14  22  1247  378  301  3  -2  
10  14  22  1253  376  301  3  -2  
10  14  22  1264  376  301  3  -2  
10  14  22  1269  374  301  3  -2  
10  14  22  1280  374  301  3  -2  
10  14  22  1287  373  301  3  -2  
10  14  22  1297  371  301  3  -2  
10  14  22  1304  370  301  3  -2  
10  14  22  1314  370  301  3  -2  
10  14  22  1320  370  301  3  -2  
10  14  22  1330  370  301  3  -2  
10  14  22  1339  370  301  3  -2  
10  14  22  1347  370  301  3  -2  
10  14  22  1355  370  301  3  -2  
10  14  22  1364  370  301  3  -2  
10  14  22  1372  370  301  3  -2  
10  14  22  1380  370  301  3  -2  
10  14  22  1388  370  301  3  -2  
10  14  22  1397  370  301  3  -2  
10  14  22  1406  370  301  3  -2  
10  14  22  1414  370  301  3  -2  
10  14  22  1423  370  301  3  -2  
10  14  22  1430  370  301  3  -2  
10  14  22  1438  370  301  3  -2  
10  14  22  1448  370  301  3  -2  
10  14  22  1456  370  301  3  -2  
10  14  22  1464  370  301  3  -2  
10  14  22  1472  370  301  3  -2  
10  14  22  1480  370  301  3  -2  
10  14  22  1488  370  301  3  -2  
10  14  22  1497  370  301  3  -2  
10  14  22  1505  370  301  3  -2  
10  14  22  1514  370  301  3  -2  
10  14  22  1521  370  301  3  -2  
10  14  22  1530  370  301  3  -2  
10  14  22  1538  370  301  3  -2  
10  14  22  1547  370  301  3  -2  
10  14  22  1555  370  301  3  -2  
10  14  22  1564  370  301  3  -2  
10  14  22  1571  370  301  3  -2  
10  14  22  1580  370  301  3  -2  
10  14  22  1588  370  301  3  -2  
10  14  22  1597  370  301  3  -2  
10  14  22  1605  370  301  3  -2  
10  14  22  1614  370  301  3  -2  
10  14  22  1621  370  301  3  -2  
10  14  22  1630  370  301  3  -2  
10  14  22  1638  374  301  3  -2  
10  14  22  1648  380  301  3  -2  
10  14  22  1656  395  301  3  -2  
10  14  22  1664  405  301  3  -2  
10  14  22  1672  415  301  3  -2  
10  14  22  1680  427  301  3  -2  
10  14  22  1688  437  301  3  -2  
10  14  22  1697  445  301  3  -2  
10  14  22  1706  452  301  3  -2  
10  14  22  1714  459  301  3  -2  
10  14  22  1722  466  302  3  -2  
10  14  22  1730  478  306  3  -2  
10  14  22  1738  490  309  3  -2  
10  14  22  1747  501  313  4  -2  
10  14  22  1755  513  315  4  -2  
10  14  22  1764  521  318  4  -2  
10  14  22  1771  527  319  4  -2  
10  14  22  1780  530  320  4  -2  
10  14  22  1788  530  320  4  -2  
10  14  22  1797  530  320  4  -2  
10  14  22  1805  530  320  4  -2  
10  14  22  1814  530  320  4  -2  
10  14  22  1821  530  320  4  -2  
10  14  22  1830  530  320  4  -2  
10  14  22  1840  530  320  4  -2  
10  14  22  1847  530  320  4  -2  
10  14  22  1855  530  320  4  -2  
10  14  22  1864  530  320  4  -2  
10  14  22  1871  530  320  4  -2  
10  14  22  1880  530  320  4  -2  
10  14  22  1888  530  320  4  -2  
10  14  22  1897  530  320  4  -2  
10  14  22  1906  530  320  4  -2  
10  14  22  1914  531  320  4  -2  
10  14  22  1923  531  320  4  -2  
10  14  22  1930  531  320  4  -2  
10  14  22  1938  531  320  4  -2  
10  14  22  1948  531  320  4  -2  
10  14  22  1955  531  320  4  -2  
10  14  22  1964  531  320  4  -2  
10  14  22  1972  531  320  4  -2  
10  14  23  1981  531  320  4  -2  
10  14  23  1988  531  320  4  -2  
10  14  23  1998  531  320  4  -2  
10  14  23  2006  531  320  4  -2  
10  14  23  2014  531  320  4  -2  
10  14  23  2023  532  320  4  -2  
10  14  23  2030  532  320  4  -2  
10  14  23  2039  532  320  4  -2  
10  14  23  2047  532  320  4  -2  
10  14  23  2055  532  320  4  -2  
10  14  23  2065  532  320  4  -2  
10  14  23  2073  532  320  4  -2  
10  14  23  2080  532  320  4  -2  
10  14  23  2089  532  320  4  -2  
10  14  23  2097  532  320  4  -2  
10  14  23  2105  532  320  4  -2  
10  14  23  2115  532  320  4  -2  
10  14  23  2123  532  320  4  -2  
10  14  23  2130  532  320  4  -2  
10  14  23  2138  532  320  4  -2  
10  14  23  2147  532  320  4  -2  
10  14  23  2155  532  320  4  -2  
10  14  23  2165  532  320  4  -2  
10  14  23  2173  532  320  4  -2  
10  14  23  2181  532  320  4  -2  
10  14  23  2188  532  320  4  -2  
10  14  23  2197  531  320  4  -2  
10  14  23  2205  521  320  4  -2  
10  14  23  2216  509  318  4  -2  
10  14  23  2224  473  315  4  -2  
10  14  23  2231  458  315  4  -2  
10  14  23  2241  458  315  4  -2  
10  14  23  2248  425  315  4  -2  
10  14  23  2257  409  315  4  -2  
