10  47  2  0  375  305  1  -2  
10  47  2  8  375  305  1  -2  
10  47  2  15  375  305  1  -2  
10  47  2  23  375  305  1  -2  
10  47  2  32  375  305  1  -2  
10  47  2  40  375  305  1  -2  
10  47  2  48  375  305  1  -2  
10  47  2  56  375  305  1  -2  
10  47  2  65  375  305  1  -2  
10  47  2  74  375  305  1  -2  
10  47  2  81  375  305  1  -2  
10  47  2  90  375  305  1  -2  
10  47  2  99  375  305  1  -2  
10  47  2  107  375  305  1  -2  
10  47  2  115  375  305  1  -2  
10  47  2  126  375  305  1  -2  
10  47  2  135  375  305  1  -2  
10  47  2  143  375  305  1  -2  
10  47  2  154  375  305  1  -2  
10  47  2  159  375  305  1  -2  
10  47  2  168  375  305  1  -2  
10  47  2  176  375  305  1  -2  
10  47  3  186  375  305  1  -2  
10  47  3  193  375  305  1  -2  
10  47  3  204  375  305  1  -2  
10  47  3  211  375  305  1  -2  
10  47  3  221  375  305  1  -2  
10  47  3  226  375  305  1  -2  
10  47  3  237  375  305  1  -2  
10  47  3  244  376  306  1  -2  
10  47  3  254  382  307  1  -2  
10  47  3  259  393  309  1  -2  
10  47  3  272  406  310  1  -2  
10  47  3  280  418  311  1  -2  
10  47  3  289  433  311  1  -2  
10  47  3  297  446  314  1  -2  
10  47  3  306  458  314  1  -2  
10  47  3  314  480  317  1  -2  
10  47  3  323  490  317  1  -2  
10  47  3  332  499  318  2  -2  
10  47  3  340  509  318  2  -2  
10  47  3  347  515  318  2  -2  
10  47  3  356  522  318  2  -2  
10  47  3  363  526  318  2  -2  
10  47  3  372  530  318  2  -2  
10  47  3  380  530  318  2  -2  
10  47  3  389  531  318  2  -2  
10  47  3  397  533  318  2  -2  
10  47  3  406  533  318  2  -2  
10  47  3  413  533  318  2  -2  
10  47  3  423  533  318  2  -2  
10  47  3  431  533  318  2  -2  
10  47  3  440  533  318  2  -2  
10  47  3  447  533  318  2  -2  
10  47  3  456  533  318  2  -2  
10  47  3  463  533  318  2  -2  
10  47  3  472  533  318  2  -2  
10  47  3  481  533  318  2  -2  
10  47  3  489  533  318  2  -2  
10  47  3  497  533  318  2  -2  
10  47  3  506  533  318  2  -2  
10  47  3  513  533  318  2  -2  
10  47  3  523  533  318  2  -2  
10  47  3  531  533  318  2  -2  
10  47  3  539  533  318  2  -2  
10  47  3  548  533  318  2  -2  
10  47  3  556  533  318  2  -2  
10  47  3  563  533  318  2  -2  
10  47  3  573  533  318  2  -2  
10  47  3  582  533  318  2  -2  
10  47  3  591  530  318  2  -2  
10  47  3  598  522  320  2  -2  
10  47  3  607  511  321  2  -2  
10  47  3  615  496  321  2  -2  
10  47  3  623  476  321  2  -2  
10  47  3  632  461  321  2  -2  
10  47  3  641  444  321  2  -2  
10  47  3  648  428  321  2  -2  
10  47  3  658  418  321  2  -2  
10  47  3  665  397  321  3  -2  
10  47  3  673  397  321  3  -2  
10  47  3  682  389  321  3  -2  
10  47  3  691  384  321  3  -2  
10  47  3  698  383  321  3  -2  
10  47  3  706  383  321  3  -2  
10  47  3  714  383  321  3  -2  
10  47  3  723  383  321  3  -2  
10  47  3  733  383  321  3  -2  
10  47  3  741  383  321  3  -2  
10  47  3  748  383  321  3  -2  
10  47  3  757  383  321  3  -2  
10  47  3  765  383  321  3  -2  
10  47  3  772  383  321  3  -2  
10  47  3  783  383  321  3  -2  
10  47  3  791  383  321  3  -2  
10  47  3  798  383  321  3  -2  
10  47  3  806  383  321  3  -2  
10  47  3  814  383  321  3  -2  
10  47  3  823  383  321  3  -2  
10  47  3  832  383  321  3  -2  
10  47  3  839  383  321  3  -2  
10  47  3  848  383  321  3  -2  
10  47  3  856  383  321  3  -2  
10  47  3  865  383  321  3  -2  
10  47  3  874  383  321  3  -2  
10  47  3  882  383  321  3  -2  
10  47  3  889  383  321  3  -2  
10  47  3  898  383  321  3  -2  
10  47  3  906  383  321  3  -2  
10  47  3  914  383  321  3  -2  
10  47  3  923  383  321  3  -2  
10  47  3  934  383  321  3  -2  
10  47  3  941  383  321  3  -2  
10  47  3  948  383  321  3  -2  
10  47  3  957  383  321  3  -2  
10  47  3  965  383  321  3  -2  
10  47  3  973  383  321  3  -2  
10  47  3  982  383  321  3  -2  
10  47  3  991  383  321  3  -2  
10  47  3  998  383  321  3  -2  
10  47  3  1007  383  321  3  -2  
10  47  3  1014  383  321  3  -2  
10  47  3  1023  383  321  3  -2  
10  47  3  1032  383  321  3  -2  
10  47  3  1039  383  321  3  -2  
10  47  3  1048  383  321  3  -2  
10  47  3  1056  383  321  3  -2  
10  47  3  1064  383  321  3  -2  
10  47  3  1073  383  321  3  -2  
10  47  3  1082  383  321  3  -2  
10  47  3  1089  383  321  3  -2  
10  47  3  1099  383  321  3  -2  
10  47  3  1107  383  321  3  -2  
10  47  3  1114  383  321  3  -2  
10  47  3  1123  383  321  3  -2  
10  47  3  1134  383  321  3  -2  
10  47  3  1141  383  321  3  -2  
10  47  3  1148  383  321  3  -2  
10  47  3  1156  383  321  3  -2  
10  47  3  1164  383  321  3  -2  
10  47  3  1173  383  321  3  -2  
10  47  4  1184  383  321  3  -2  
10  47  4  1192  383  321  3  -2  
10  47  4  1201  383  321  3  -2  
10  47  4  1207  383  321  3  -2  
10  47  4  1216  383  321  3  -2  
10  47  4  1223  383  321  3  -2  
10  47  4  1234  383  321  3  -2  
10  47  4  1242  392  322  3  -2  
10  47  4  1251  401  324  3  -2  
10  47  4  1256  401  324  3  -2  
10  47  4  1266  411  324  3  -2  
10  47  4  1273  421  324  3  -2  
10  47  4  1284  433  324  3  -2  
10  47  4  1292  455  326  3  -2  
10  47  4  1301  465  326  3  -2  
10  47  4  1307  473  326  3  -2  
10  47  4  1316  480  326  3  -2  
10  47  4  1323  488  326  3  -2  
10  47  4  1332  494  326  3  -2  
10  47  4  1341  499  326  4  -2  
10  47  4  1351  501  326  4  -2  
10  47  4  1357  505  326  4  -2  
10  47  4  1366  508  326  4  -2  
10  47  4  1374  509  327  4  -2  
10  47  4  1384  512  327  4  -2  
10  47  4  1389  513  328  4  -2  
10  47  4  1398  514  328  4  -2  
10  47  4  1406  514  328  4  -2  
10  47  4  1416  514  328  4  -2  
10  47  4  1424  514  328  4  -2  
10  47  4  1434  514  328  4  -2  
10  47  4  1441  516  328  4  -2  
10  47  4  1450  516  328  4  -2  
10  47  4  1456  516  328  4  -2  
10  47  4  1465  516  328  4  -2  
10  47  4  1472  516  328  4  -2  
10  47  4  1481  516  328  4  -2  
10  47  4  1491  517  328  4  -2  
10  47  4  1500  517  328  4  -2  
10  47  4  1506  518  328  4  -2  
10  47  4  1516  518  328  4  -2  
10  47  4  1522  519  328  4  -2  
10  47  4  1532  519  328  4  -2  
10  47  4  1540  519  328  4  -2  
10  47  4  1550  520  328  4  -2  
10  47  4  1557  520  328  4  -2  
10  47  4  1567  520  328  4  -2  
10  47  4  1573  520  328  4  -2  
10  47  4  1583  520  328  4  -2  
10  47  4  1591  520  328  4  -2  
10  47  4  1600  520  328  4  -2  
10  47  4  1606  520  328  4  -2  
10  47  4  1617  520  328  4  -2  
10  47  4  1623  520  328  4  -2  
10  47  4  1634  520  328  4  -2  
10  47  4  1642  520  328  4  -2  
10  47  4  1650  520  328  4  -2  
10  47  4  1657  520  328  4  -2  
10  47  4  1667  520  328  4  -2  
10  47  4  1674  520  328  4  -2  
10  47  4  1684  520  328  4  -2  
10  47  4  1691  520  328  4  -2  
10  47  4  1701  520  328  4  -2  
10  47  4  1708  520  328  4  -2  
10  47  4  1717  520  328  4  -2  
10  47  4  1724  515  328  4  -2  
10  47  4  1734  505  328  4  -2  
10  47  4  1742  496  328  4  -2  
10  47  4  1751  485  328  4  -2  
10  47  4  1757  473  328  4  -2  
10  47  4  1767  463  328  4  -2  
10  47  4  1773  455  328  4  -2  
10  47  4  1784  448  328  4  -2  
10  47  4  1791  443  328  4  -2  
10  47  4  1800  438  328  4  -2  
10  47  4  1807  432  328  4  -2  
10  47  4  1817  427  328  4  -2  
10  47  4  1826  421  328  4  -2  
10  47  4  1836  404  328  4  -2  
