10  13  46  0  374  319  1  -2  
10  13  46  6  374  319  1  -2  
10  13  47  15  374  319  1  -2  
10  13  47  23  374  319  1  -2  
10  13  47  33  374  319  1  -2  
10  13  47  39  374  319  1  -2  
10  13  47  50  374  319  1  -2  
10  13  47  57  374  319  1  -2  
10  13  47  66  374  319  1  -2  
10  13  47  73  374  319  1  -2  
10  13  47  83  374  319  1  -2  
10  13  47  89  374  319  1  -2  
10  13  47  100  374  319  1  -2  
10  13  47  106  374  319  1  -2  
10  13  47  115  374  319  1  -2  
10  13  47  123  374  319  1  -2  
10  13  47  133  374  319  1  -2  
10  13  47  138  374  319  1  -2  
10  13  47  150  374  319  1  -2  
10  13  47  156  374  319  1  -2  
10  13  47  166  374  319  1  -2  
10  13  47  173  374  319  1  -2  
10  13  47  183  374  319  1  -2  
10  13  47  189  374  318  1  -2  
10  13  47  200  376  318  1  -2  
10  13  47  209  376  318  1  -2  
10  13  47  218  381  317  1  -2  
10  13  47  227  384  315  1  -2  
10  13  47  236  385  314  1  -2  
10  13  47  243  390  314  1  -2  
10  13  47  252  394  313  1  -2  
10  13  47  260  401  312  1  -2  
10  13  47  268  408  312  1  -2  
10  13  47  277  417  309  1  -2  
10  13  47  286  422  308  1  -2  
10  13  47  294  429  308  1  -2  
10  13  47  301  433  307  1  -2  
10  13  47  310  438  307  1  -2  
10  13  47  319  442  307  1  -2  
10  13  47  327  447  306  1  -2  
10  13  47  335  452  306  1  -2  
10  13  47  343  457  306  1  -2  
10  13  47  352  460  306  1  -2  
10  13  47  359  463  306  1  -2  
10  13  47  368  466  306  1  -2  
10  13  47  377  468  305  1  -2  
10  13  47  384  469  305  1  -2  
10  13  47  393  469  305  1  -2  
10  13  47  402  471  305  1  -2  
10  13  47  409  475  304  1  -2  
10  13  47  417  476  304  1  -2  
10  13  47  426  481  304  1  -2  
10  13  47  434  487  304  1  -2  
10  13  47  443  492  304  1  -2  
10  13  47  452  498  304  2  -2  
10  13  47  460  504  304  2  -2  
10  13  47  468  508  305  2  -2  
10  13  47  475  511  306  2  -2  
10  13  47  484  512  306  2  -2  
10  13  47  492  513  306  2  -2  
10  13  47  500  514  306  2  -2  
10  13  47  509  514  306  2  -2  
10  13  47  517  515  306  2  -2  
10  13  47  525  516  306  2  -2  
10  13  47  534  516  306  2  -2  
10  13  47  543  519  306  2  -2  
10  13  47  551  523  306  2  -2  
10  13  47  559  526  306  2  -2  
10  13  47  568  530  306  2  -2  
10  13  47  577  539  306  2  -2  
10  13  47  584  540  306  2  -2  
10  13  47  593  544  305  2  -2  
10  13  47  601  547  302  2  -2  
10  13  47  609  547  302  2  -2  
10  13  47  618  547  302  2  -2  
10  13  47  627  547  302  2  -2  
10  13  47  634  547  302  2  -2  
10  13  47  643  547  302  2  -2  
10  13  47  651  547  302  2  -2  
10  13  47  660  547  302  2  -2  
10  13  47  668  547  302  2  -2  
10  13  47  676  547  302  2  -2  
10  13  47  685  547  302  2  -2  
10  13  47  693  547  302  2  -2  
10  13  47  700  547  302  2  -2  
10  13  47  709  547  302  2  -2  
10  13  47  718  547  302  2  -2  
10  13  47  727  547  302  2  -2  
10  13  47  734  547  302  2  -2  
10  13  47  743  547  302  2  -2  
10  13  47  752  547  302  2  -2  
10  13  47  759  547  302  2  -2  
10  13  47  767  547  302  2  -2  
10  13  47  777  547  302  2  -2  
10  13  47  786  547  302  2  -2  
10  13  47  793  547  302  2  -2  
10  13  47  801  546  302  2  -2  
10  13  47  810  544  302  2  -2  
10  13  47  818  543  302  2  -2  
10  13  47  827  543  302  2  -2  
10  13  47  834  541  302  2  -2  
10  13  47  843  540  302  2  -2  
10  13  47  851  537  302  2  -2  
10  13  47  859  534  304  2  -2  
10  13  47  867  531  304  2  -2  
10  13  47  877  526  305  2  -2  
10  13  47  885  525  305  2  -2  
10  13  47  893  521  305  2  -2  
10  13  47  902  517  306  2  -2  
10  13  47  910  513  306  2  -2  
10  13  47  918  508  306  2  -2  
10  13  47  927  503  307  2  -2  
10  13  47  935  498  307  2  -2  
10  13  47  943  491  307  2  -2  
10  13  47  951  482  309  2  -2  
10  13  47  960  477  310  2  -2  
10  13  47  969  465  310  2  -2  
10  13  47  977  450  310  2  -2  
10  13  47  985  442  310  2  -2  
10  13  47  993  438  310  2  -2  
10  13  47  1001  433  310  2  -2  
10  13  47  1009  431  310  2  -2  
10  13  48  1018  429  310  2  -2  
10  13  48  1027  427  310  2  -2  
10  13  48  1036  425  310  2  -2  
10  13  48  1043  425  310  2  -2  
10  13  48  1052  423  311  2  -2  
10  13  48  1059  423  311  2  -2  
10  13  48  1068  420  311  2  -2  
10  13  48  1077  419  312  2  -2  
10  13  48  1084  417  312  2  -2  
10  13  48  1093  414  314  2  -2  
10  13  48  1102  412  314  2  -2  
10  13  48  1110  408  315  2  -2  
10  13  48  1118  405  315  2  -2  
10  13  48  1128  402  315  2  -2  
10  13  48  1136  398  316  3  -2  
10  13  48  1144  398  316  3  -2  
10  13  48  1152  394  317  3  -2  
10  13  48  1159  390  317  3  -2  
10  13  48  1168  390  317  3  -2  
10  13  48  1177  384  319  3  -2  
10  13  48  1184  384  319  3  -2  
10  13  48  1194  381  319  3  -2  
10  13  48  1203  379  320  3  -2  
10  13  48  1211  376  320  3  -2  
10  13  48  1218  371  320  3  -2  
10  13  48  1227  367  322  3  -2  
10  13  48  1236  363  323  3  -2  
10  13  48  1243  359  325  3  -2  
10  13  48  1252  356  325  3  -2  
10  13  48  1260  355  325  3  -2  
10  13  48  1268  355  325  3  -2  
10  13  48  1279  355  325  3  -2  
10  13  48  1287  355  325  3  -2  
10  13  48  1293  355  325  3  -2  
10  13  48  1301  355  325  3  -2  
10  13  48  1310  355  325  3  -2  
10  13  48  1318  355  325  3  -2  
10  13  48  1327  355  325  3  -2  
10  13  48  1336  355  325  3  -2  
10  13  48  1346  355  325  3  -2  
10  13  48  1352  355  325  3  -2  
10  13  48  1360  355  325  3  -2  
10  13  48  1368  355  325  3  -2  
10  13  48  1378  355  325  3  -2  
10  13  48  1385  355  325  3  -2  
10  13  48  1395  355  325  3  -2  
10  13  48  1402  355  325  3  -2  
10  13  48  1412  355  325  3  -2  
10  13  48  1419  355  325  3  -2  
10  13  48  1427  355  325  3  -2  
10  13  48  1436  355  325  3  -2  
10  13  48  1445  355  325  3  -2  
10  13  48  1452  355  325  3  -2  
10  13  48  1460  355  325  3  -2  
10  13  48  1468  355  325  3  -2  
10  13  48  1479  355  324  3  -2  
10  13  48  1484  355  324  3  -2  
10  13  48  1495  355  324  3  -2  
10  13  48  1502  356  323  3  -2  
10  13  48  1510  358  322  3  -2  
10  13  48  1519  361  322  3  -2  
10  13  48  1529  365  322  3  -2  
10  13  48  1537  374  320  3  -2  
10  13  48  1543  379  319  3  -2  
10  13  48  1552  379  319  3  -2  
10  13  48  1563  396  318  3  -2  
10  13  48  1570  406  318  3  -2  
10  13  48  1579  420  318  3  -2  
10  13  48  1587  431  318  3  -2  
10  13  48  1594  443  318  3  -2  
10  13  48  1603  450  318  3  -2  
10  13  48  1612  455  318  3  -2  
10  13  48  1619  458  318  3  -2  
10  13  48  1629  459  318  3  -2  
10  13  48  1636  462  318  3  -2  
10  13  48  1646  463  317  3  -2  
10  13  48  1653  463  317  3  -2  
10  13  48  1662  466  317  3  -2  
10  13  48  1669  467  317  3  -2  
10  13  48  1679  470  317  3  -2  
10  13  48  1686  473  317  3  -2  
10  13  48  1696  476  317  3  -2  
10  13  48  1703  477  317  3  -2  
10  13  48  1713  480  317  3  -2  
10  13  48  1719  481  317  3  -2  
10  13  48  1729  481  317  3  -2  
10  13  48  1734  483  317  3  -2  
10  13  48  1746  483  317  3  -2  
10  13  48  1754  485  317  3  -2  
10  13  48  1763  486  317  3  -2  
10  13  48  1769  488  316  3  -2  
10  13  48  1780  488  316  3  -2  
10  13  48  1786  489  316  3  -2  
10  13  48  1798  489  316  3  -2  
10  13  48  1804  490  316  3  -2  
10  13  48  1816  492  315  3  -2  
10  13  48  1821  492  315  3  -2  
10  13  48  1831  495  314  4  -2  
10  13  48  1838  495  313  4  -2  
10  13  48  1849  496  313  4  -2  
10  13  48  1855  498  313  4  -2  
10  13  48  1865  498  313  4  -2  
10  13  48  1872  501  312  4  -2  
10  13  48  1881  501  312  4  -2  
10  13  48  1888  501  312  4  -2  
10  13  48  1898  501  312  4  -2  
10  13  48  1905  502  312  4  -2  
10  13  48  1914  503  312  4  -2  
10  13  48  1921  504  311  4  -2  
10  13  48  1931  504  311  4  -2  
10  13  48  1938  506  311  4  -2  
10  13  48  1947  506  311  4  -2  
10  13  48  1955  506  311  4  -2  
10  13  48  1964  506  311  4  -2  
10  13  48  1970  506  311  4  -2  
10  13  48  1980  506  311  4  -2  
10  13  48  1988  506  311  4  -2  
10  13  48  1998  506  311  4  -2  
10  13  48  2005  506  311  4  -2  
10  13  49  2014  506  311  4  -2  
10  13  49  2021  506  311  4  -2  
10  13  49  2031  506  311  4  -2  
10  13  49  2038  506  311  4  -2  
10  13  49  2049  506  311  4  -2  
10  13  49  2057  506  311  4  -2  
10  13  49  2066  506  311  4  -2  
10  13  49  2075  506  311  4  -2  
10  13  49  2082  506  311  4  -2  
10  13  49  2090  506  311  4  -2  
10  13  49  2098  506  311  4  -2  
10  13  49  2108  506  311  4  -2  
10  13  49  2117  506  311  4  -2  
10  13  49  2125  506  311  4  -2  
10  13  49  2133  506  311  4  -2  
10  13  49  2141  506  311  4  -2  
10  13  49  2149  506  311  4  -2  
10  13  49  2158  503  311  4  -2  
10  13  49  2167  500  312  4  -2  
10  13  49  2175  495  313  4  -2  
10  13  49  2183  486  313  4  -2  
10  13  49  2191  479  314  4  -2  
10  13  49  2200  471  316  4  -2  
10  13  49  2208  462  316  4  -2  
10  13  49  2217  447  318  4  -2  
10  13  49  2225  442  318  4  -2  
10  13  49  2234  436  319  4  -2  
10  13  49  2242  434  319  4  -2  
10  13  49  2251  431  319  4  -2  
10  13  49  2259  427  319  4  -2  
10  13  49  2267  426  319  4  -2  
10  13  49  2275  423  319  4  -2  
10  13  49  2283  418  319  4  -2  
10  13  49  2292  411  319  4  -2  
10  13  49  2299  404  319  4  -2  
