16  25  51  0  371  318  1  -2  
16  25  51  7  371  318  1  -2  
16  25  51  17  371  318  1  -2  
16  25  51  24  371  318  1  -2  
16  25  51  35  371  318  1  -2  
16  25  51  41  371  318  1  -2  
16  25  51  51  371  318  1  -2  
16  25  51  57  371  318  1  -2  
16  25  51  67  371  318  1  -2  
16  25  51  74  371  318  1  -2  
16  25  51  83  371  318  1  -2  
16  25  51  91  371  318  1  -2  
16  25  51  98  371  318  1  -2  
16  25  51  107  375  318  1  -2  
16  25  51  117  382  318  1  -2  
16  25  51  124  402  318  1  -2  
16  25  51  135  414  318  1  -2  
16  25  51  143  426  321  1  -2  
16  25  51  152  436  321  1  -2  
16  25  51  160  444  322  1  -2  
16  25  51  170  450  323  1  -2  
16  25  51  178  452  324  1  -2  
16  25  51  186  454  324  1  -2  
16  25  51  194  454  324  1  -2  
16  25  51  203  454  324  1  -2  
16  25  51  212  454  324  1  -2  
16  25  51  219  454  324  1  -2  
16  25  51  227  454  324  1  -2  
16  25  51  235  454  324  1  -2  
16  25  51  244  454  324  1  -2  
16  25  51  253  455  324  1  -2  
16  25  51  261  457  324  1  -2  
16  25  51  270  459  324  1  -2  
16  25  51  277  464  324  1  -2  
16  25  51  285  467  324  1  -2  
16  25  51  295  468  324  1  -2  
16  25  51  302  471  324  1  -2  
16  25  51  312  471  324  1  -2  
16  25  51  319  473  324  1  -2  
16  25  51  327  474  324  1  -2  
16  25  51  335  477  324  1  -2  
16  25  51  344  481  324  1  -2  
16  25  51  353  485  324  1  -2  
16  25  51  363  488  324  1  -2  
16  25  51  370  495  324  1  -2  
16  25  51  378  498  324  2  -2  
16  25  51  387  503  324  2  -2  
16  25  51  395  506  324  2  -2  
16  25  51  404  509  324  2  -2  
16  25  51  412  513  324  2  -2  
16  25  51  421  515  324  2  -2  
16  25  51  428  518  324  2  -2  
16  25  51  437  519  324  2  -2  
16  25  51  445  521  324  2  -2  
16  25  51  454  521  323  2  -2  
16  25  51  462  522  323  2  -2  
16  25  51  471  522  323  2  -2  
16  25  51  478  522  323  2  -2  
16  25  51  487  523  322  2  -2  
16  25  51  495  523  322  2  -2  
16  25  51  503  523  322  2  -2  
16  25  51  512  523  322  2  -2  
16  25  51  521  523  322  2  -2  
16  25  51  528  523  322  2  -2  
16  25  51  536  523  322  2  -2  
16  25  51  544  523  322  2  -2  
16  25  51  552  523  322  2  -2  
16  25  51  561  523  322  2  -2  
16  25  51  569  523  322  2  -2  
16  25  51  577  523  322  2  -2  
16  25  51  586  523  322  2  -2  
16  25  51  594  523  322  2  -2  
16  25  51  602  523  322  2  -2  
16  25  51  611  523  322  2  -2  
16  25  51  619  523  322  2  -2  
16  25  51  627  523  322  2  -2  
16  25  51  636  523  322  2  -2  
16  25  51  645  523  322  2  -2  
16  25  51  653  523  322  2  -2  
16  25  51  661  523  322  2  -2  
16  25  51  670  523  322  2  -2  
16  25  51  677  523  322  2  -2  
16  25  51  686  523  322  2  -2  
16  25  51  693  523  322  2  -2  
16  25  51  702  523  322  2  -2  
16  25  51  711  523  322  2  -2  
16  25  51  720  523  322  2  -2  
16  25  51  728  523  322  2  -2  
16  25  51  737  523  322  2  -2  
16  25  51  745  523  322  2  -2  
16  25  51  753  523  322  2  -2  
16  25  51  762  522  322  2  -2  
16  25  51  771  522  322  2  -2  
16  25  51  779  521  322  2  -2  
16  25  51  787  521  322  2  -2  
16  25  51  795  518  322  2  -2  
16  25  51  803  517  322  2  -2  
16  25  51  812  516  322  2  -2  
16  25  51  821  514  322  2  -2  
16  25  51  829  513  322  2  -2  
16  25  51  836  511  322  2  -2  
16  25  51  846  509  322  2  -2  
16  25  51  853  505  322  2  -2  
16  25  51  862  503  322  2  -2  
16  25  51  871  501  322  2  -2  
16  25  51  879  497  323  2  -2  
16  25  51  886  496  323  2  -2  
16  25  51  895  492  323  2  -2  
16  25  51  903  489  323  2  -2  
16  25  51  911  488  323  2  -2  
16  25  51  920  484  323  2  -2  
16  25  51  929  481  323  2  -2  
16  25  51  937  478  323  2  -2  
16  25  51  945  474  323  2  -2  
16  25  51  954  469  324  2  -2  
16  25  51  961  464  324  2  -2  
16  25  52  970  457  324  2  -2  
16  25  52  979  447  324  2  -2  
16  25  52  987  438  324  2  -2  
16  25  52  995  420  324  2  -2  
16  25  52  1004  411  324  2  -2  
16  25  52  1011  405  324  2  -2  
16  25  52  1020  400  324  2  -2  
16  25  52  1029  398  324  3  -2  
16  25  52  1036  395  324  3  -2  
16  25  52  1046  395  324  3  -2  
16  25  52  1054  394  324  3  -2  
16  25  52  1062  392  324  3  -2  
16  25  52  1071  391  324  3  -2  
16  25  52  1080  390  324  3  -2  
16  25  52  1086  387  324  3  -2  
16  25  52  1096  384  324  3  -2  
16  25  52  1104  381  324  3  -2  
16  25  52  1112  378  324  3  -2  
16  25  52  1121  374  324  3  -2  
16  25  52  1128  369  324  3  -2  
16  25  52  1137  367  324  3  -2  
16  25  52  1145  366  324  3  -2  
16  25  52  1153  365  324  3  -2  
16  25  52  1161  365  324  3  -2  
16  25  52  1172  365  324  3  -2  
16  25  52  1180  365  324  3  -2  
16  25  52  1187  365  324  3  -2  
16  25  52  1194  365  324  3  -2  
16  25  52  1203  365  324  3  -2  
16  25  52  1212  365  324  3  -2  
16  25  52  1221  365  324  3  -2  
16  25  52  1230  365  324  3  -2  
16  25  52  1237  365  324  3  -2  
16  25  52  1246  365  324  3  -2  
16  25  52  1254  365  324  3  -2  
16  25  52  1262  365  324  3  -2  
16  25  52  1271  365  324  3  -2  
16  25  52  1280  365  324  3  -2  
16  25  52  1287  365  324  3  -2  
16  25  52  1295  365  324  3  -2  
16  25  52  1304  365  324  3  -2  
16  25  52  1312  365  324  3  -2  
16  25  52  1322  365  324  3  -2  
16  25  52  1330  365  324  3  -2  
16  25  52  1336  365  324  3  -2  
16  25  52  1347  365  324  3  -2  
16  25  52  1355  365  324  3  -2  
16  25  52  1363  365  324  3  -2  
16  25  52  1371  365  324  3  -2  
16  25  52  1380  370  324  3  -2  
16  25  52  1388  379  322  3  -2  
16  25  52  1397  388  322  3  -2  
16  25  52  1404  401  321  3  -2  
16  25  52  1415  413  320  3  -2  
16  25  52  1422  426  320  3  -2  
16  25  52  1430  443  320  3  -2  
16  25  52  1438  459  320  3  -2  
16  25  52  1446  474  320  3  -2  
16  25  52  1454  489  320  3  -2  
16  25  52  1463  501  320  4  -2  
16  25  52  1472  508  320  4  -2  
16  25  52  1480  514  320  4  -2  
16  25  52  1487  517  320  4  -2  
16  25  52  1497  518  320  4  -2  
16  25  52  1505  518  320  4  -2  
16  25  52  1514  518  320  4  -2  
16  25  52  1521  520  320  4  -2  
16  25  52  1532  521  320  4  -2  
16  25  52  1537  522  319  4  -2  
16  25  52  1546  522  319  4  -2  
16  25  52  1554  524  319  4  -2  
16  25  52  1565  524  319  4  -2  
16  25  52  1572  524  319  4  -2  
16  25  52  1580  524  319  4  -2  
16  25  52  1587  524  319  4  -2  
16  25  52  1597  524  319  4  -2  
16  25  52  1605  524  319  4  -2  
16  25  52  1612  524  319  4  -2  
16  25  52  1622  524  319  4  -2  
16  25  52  1631  524  319  4  -2  
16  25  52  1639  524  319  4  -2  
16  25  52  1647  524  319  4  -2  
16  25  52  1654  524  319  4  -2  
16  25  52  1662  524  319  4  -2  
16  25  52  1672  524  319  4  -2  
16  25  52  1680  524  319  4  -2  
16  25  52  1687  524  319  4  -2  
16  25  52  1697  524  319  4  -2  
16  25  52  1705  524  319  4  -2  
16  25  52  1715  524  319  4  -2  
16  25  52  1722  524  319  4  -2  
16  25  52  1732  524  319  4  -2  
16  25  52  1739  524  319  4  -2  
16  25  52  1747  524  319  4  -2  
16  25  52  1755  524  319  4  -2  
16  25  52  1765  524  319  4  -2  
16  25  52  1772  524  319  4  -2  
16  25  52  1780  524  319  4  -2  
16  25  52  1787  524  319  4  -2  
16  25  52  1798  524  319  4  -2  
16  25  52  1806  524  319  4  -2  
16  25  52  1815  521  319  4  -2  
16  25  52  1822  516  319  4  -2  
16  25  52  1831  508  319  4  -2  
16  25  52  1839  496  319  4  -2  
16  25  52  1847  485  319  4  -2  
16  25  52  1854  471  319  4  -2  
16  25  52  1865  458  319  4  -2  
16  25  52  1873  446  319  4  -2  
16  25  52  1882  436  319  4  -2  
16  25  52  1890  426  316  4  -2  
16  25  52  1896  419  316  4  -2  
16  25  52  1905  414  315  4  -2  
16  25  52  1915  410  315  4  -2  
16  25  52  1922  409  315  4  -2  
16  25  52  1930  409  315  4  -2  
16  25  52  1939  406  315  4  -2  
16  25  52  1947  406  315  4  -2  
16  25  52  1956  405  315  4  -2  
16  25  53  1965  401  315  4  -2  
16  25  53  1972  401  315  4  -2  
16  25  53  1982  397  315  5  -2  
16  25  53  1990  395  315  5  -2  
16  25  53  1999  391  315  5  -2  
16  25  53  2006  387  315  5  -2  
16  25  53  2015  385  315  5  -2  
16  25  53  2021  383  315  5  -2  
16  25  53  2029  380  315  5  -2  
16  25  53  2037  380  315  5  -2  
16  25  53  2046  378  315  5  -2  
16  25  53  2053  378  315  5  -2  
16  25  53  2064  378  315  5  -2  
16  25  53  2071  378  315  5  -2  
16  25  53  2080  378  315  5  -2  
16  25  53  2087  378  315  5  -2  
16  25  53  2097  378  315  5  -2  
16  25  53  2103  378  315  5  -2  
16  25  53  2114  378  315  5  -2  
16  25  53  2123  378  315  5  -2  
16  25  53  2131  377  315  5  -2  
16  25  53  2139  377  316  5  -2  
16  25  53  2149  376  316  5  -2  
16  25  53  2154  374  316  5  -2  
16  25  53  2165  374  316  5  -2  
16  25  53  2172  368  317  5  -2  
16  25  53  2183  368  317  5  -2  
16  25  53  2189  367  317  5  -2  
16  25  53  2200  367  317  5  -2  
16  25  53  2205  367  317  5  -2  
16  25  53  2215  367  317  5  -2  
16  25  53  2222  367  317  5  -2  
16  25  53  2233  367  317  5  -2  
16  25  53  2239  367  317  5  -2  
16  25  53  2248  367  317  5  -2  
16  25  53  2255  367  317  5  -2  
16  25  53  2266  367  317  5  -2  
16  25  53  2272  367  317  5  -2  
16  25  53  2283  367  317  5  -2  
16  25  53  2291  367  317  5  -2  
16  25  53  2299  367  317  5  -2  
16  25  53  2305  367  317  5  -2  
16  25  53  2317  367  317  5  -2  
