16  25  38  0  357  311  1  -2  
16  25  38  7  357  311  1  -2  
16  25  38  17  357  311  1  -2  
16  25  38  26  357  311  1  -2  
16  25  38  35  357  311  1  -2  
16  25  38  42  357  311  1  -2  
16  25  38  51  357  311  1  -2  
16  25  38  59  357  311  1  -2  
16  25  38  67  357  311  1  -2  
16  25  38  76  357  311  1  -2  
16  25  38  83  357  311  1  -2  
16  25  38  92  357  311  1  -2  
16  25  38  100  357  311  1  -2  
16  25  38  109  357  311  1  -2  
16  25  38  117  357  311  1  -2  
16  25  38  126  357  311  1  -2  
16  25  38  134  357  311  1  -2  
16  25  38  142  357  311  1  -2  
16  25  38  150  357  311  1  -2  
16  25  38  159  357  311  1  -2  
16  25  38  167  357  311  1  -2  
16  25  38  175  357  311  1  -2  
16  25  38  184  357  311  1  -2  
16  25  38  192  357  311  1  -2  
16  25  38  200  357  311  1  -2  
16  25  38  208  357  311  1  -2  
16  25  38  217  357  311  1  -2  
16  25  38  226  357  311  1  -2  
16  25  38  234  357  311  1  -2  
16  25  38  242  357  311  1  -2  
16  25  38  252  357  311  1  -2  
16  25  38  258  357  311  1  -2  
16  25  38  268  357  311  1  -2  
16  25  38  276  357  311  1  -2  
16  25  38  285  357  310  1  -2  
16  25  39  292  357  310  1  -2  
16  25  39  301  359  310  1  -2  
16  25  39  309  362  310  1  -2  
16  25  39  317  366  310  1  -2  
16  25  39  326  371  310  1  -2  
16  25  39  335  376  310  1  -2  
16  25  39  342  383  310  1  -2  
16  25  39  352  393  310  1  -2  
16  25  39  359  400  311  1  -2  
16  25  39  367  407  311  1  -2  
16  25  39  376  417  311  1  -2  
16  25  39  385  432  312  1  -2  
16  25  39  392  443  313  1  -2  
16  25  39  402  451  313  1  -2  
16  25  39  409  463  316  1  -2  
16  25  39  419  475  318  1  -2  
16  25  39  426  488  320  1  -2  
16  25  39  435  502  322  2  -2  
16  25  39  443  515  324  2  -2  
16  25  39  451  527  324  2  -2  
16  25  39  459  536  325  2  -2  
16  25  39  467  543  326  2  -2  
16  25  39  477  546  326  2  -2  
16  25  39  486  548  328  2  -2  
16  25  39  492  548  328  2  -2  
16  25  39  503  548  328  2  -2  
16  25  39  510  548  328  2  -2  
16  25  39  519  548  328  2  -2  
16  25  39  525  548  328  2  -2  
16  25  39  534  548  328  2  -2  
16  25  39  542  548  328  2  -2  
16  25  39  553  548  328  2  -2  
16  25  39  559  548  328  2  -2  
16  25  39  568  548  328  2  -2  
16  25  39  575  548  328  2  -2  
16  25  39  586  548  328  2  -2  
16  25  39  594  548  328  2  -2  
16  25  39  603  548  328  2  -2  
16  25  39  609  548  328  2  -2  
16  25  39  616  548  328  2  -2  
16  25  39  625  548  328  2  -2  
16  25  39  634  548  328  2  -2  
16  25  39  642  548  328  2  -2  
16  25  39  653  548  328  2  -2  
16  25  39  659  548  328  2  -2  
16  25  39  668  548  328  2  -2  
16  25  39  675  548  328  2  -2  
16  25  39  685  548  328  2  -2  
16  25  39  692  548  328  2  -2  
16  25  39  703  548  328  2  -2  
16  25  39  709  548  328  2  -2  
16  25  39  718  548  328  2  -2  
16  25  39  726  548  328  2  -2  
16  25  39  736  548  328  2  -2  
16  25  39  743  548  328  2  -2  
16  25  39  751  548  328  2  -2  
16  25  39  758  548  328  2  -2  
16  25  39  768  548  328  2  -2  
16  25  39  775  548  328  2  -2  
16  25  39  784  548  328  2  -2  
16  25  39  794  548  328  2  -2  
16  25  39  800  548  328  2  -2  
16  25  39  808  548  328  2  -2  
16  25  39  818  548  328  2  -2  
16  25  39  826  548  328  2  -2  
16  25  39  836  548  328  2  -2  
16  25  39  844  548  328  2  -2  
16  25  39  853  548  328  2  -2  
16  25  39  860  548  328  2  -2  
16  25  39  870  548  328  2  -2  
16  25  39  875  548  328  2  -2  
16  25  39  886  548  328  2  -2  
16  25  39  892  548  328  2  -2  
16  25  39  901  548  328  2  -2  
16  25  39  908  546  328  2  -2  
16  25  39  920  545  329  2  -2  
16  25  39  926  537  329  2  -2  
16  25  39  936  537  329  2  -2  
16  25  39  944  531  329  2  -2  
16  25  39  953  528  329  2  -2  
16  25  39  960  524  329  2  -2  
16  25  39  969  523  329  2  -2  
16  25  39  977  518  329  2  -2  
16  25  39  987  514  329  2  -2  
16  25  39  994  512  329  2  -2  
16  25  39  1003  507  329  2  -2  
16  25  39  1009  504  329  2  -2  
16  25  39  1020  499  329  2  -2  
16  25  39  1026  493  329  2  -2  
16  25  39  1036  488  329  2  -2  
16  25  39  1043  483  329  2  -2  
16  25  39  1052  478  329  2  -2  
16  25  39  1059  473  329  2  -2  
16  25  39  1068  469  329  2  -2  
16  25  39  1076  464  329  2  -2  
16  25  39  1086  461  329  2  -2  
16  25  39  1094  458  329  2  -2  
16  25  39  1105  455  329  2  -2  
16  25  39  1110  449  329  2  -2  
16  25  39  1121  449  329  2  -2  
16  25  39  1127  441  329  2  -2  
16  25  39  1138  437  329  2  -2  
16  25  39  1145  433  329  2  -2  
16  25  39  1155  430  329  2  -2  
16  25  39  1162  425  329  2  -2  
16  25  39  1171  420  329  2  -2  
16  25  39  1178  414  329  2  -2  
16  25  39  1188  409  329  2  -2  
16  25  39  1195  404  329  2  -2  
16  25  39  1205  399  329  2  -2  
16  25  39  1211  394  329  3  -2  
16  25  39  1221  390  329  3  -2  
16  25  39  1228  386  329  3  -2  
16  25  39  1237  385  329  3  -2  
16  25  39  1245  381  329  3  -2  
16  25  39  1255  377  329  3  -2  
16  25  39  1261  372  329  3  -2  
16  25  39  1271  368  329  3  -2  
16  25  39  1278  366  329  3  -2  
16  25  40  1288  362  328  3  -2  
16  25  40  1295  358  328  3  -2  
16  25  40  1305  358  328  3  -2  
16  25  40  1311  358  328  3  -2  
16  25  40  1321  358  328  3  -2  
16  25  40  1328  358  328  3  -2  
16  25  40  1338  358  328  3  -2  
16  25  40  1345  358  328  3  -2  
16  25  40  1354  358  328  3  -2  
16  25  40  1361  358  328  3  -2  
16  25  40  1371  358  328  3  -2  
16  25  40  1378  358  328  3  -2  
16  25  40  1387  358  328  3  -2  
16  25  40  1396  358  328  3  -2  
16  25  40  1404  358  328  3  -2  
16  25  40  1411  358  328  3  -2  
16  25  40  1421  358  328  3  -2  
16  25  40  1429  358  328  3  -2  
16  25  40  1438  358  328  3  -2  
16  25  40  1445  359  328  3  -2  
16  25  40  1455  362  328  3  -2  
16  25  40  1462  363  328  3  -2  
16  25  40  1471  368  328  3  -2  
16  25  40  1479  374  327  3  -2  
16  25  40  1488  384  327  3  -2  
16  25  40  1495  404  325  3  -2  
16  25  40  1505  416  325  3  -2  
16  25  40  1512  427  325  3  -2  
16  25  40  1521  437  325  3  -2  
16  25  40  1528  447  325  3  -2  
16  25  40  1538  454  325  3  -2  
16  25  40  1546  464  325  3  -2  
16  25  40  1555  469  325  3  -2  
16  25  40  1562  474  325  3  -2  
16  25  40  1571  477  325  3  -2  
16  25  40  1578  482  325  3  -2  
16  25  40  1588  489  325  3  -2  
16  25  40  1595  497  325  4  -2  
16  25  40  1605  504  325  4  -2  
16  25  40  1611  516  325  4  -2  
16  25  40  1621  524  325  4  -2  
16  25  40  1628  534  325  4  -2  
16  25  40  1637  539  325  4  -2  
16  25  40  1645  543  325  4  -2  
16  25  40  1654  548  325  4  -2  
16  25  40  1661  550  325  4  -2  
16  25  40  1671  552  325  4  -2  
16  25  40  1677  553  325  4  -2  
16  25  40  1688  553  325  4  -2  
16  25  40  1695  553  325  4  -2  
16  25  40  1705  553  325  4  -2  
16  25  40  1711  553  325  4  -2  
16  25  40  1720  553  325  4  -2  
16  25  40  1727  553  325  4  -2  
16  25  40  1737  553  325  4  -2  
16  25  40  1746  553  325  4  -2  
16  25  40  1754  553  325  4  -2  
16  25  40  1761  553  325  4  -2  
16  25  40  1770  553  325  4  -2  
16  25  40  1778  553  325  4  -2  
16  25  40  1789  553  325  4  -2  
16  25  40  1796  553  325  4  -2  
16  25  40  1804  553  325  4  -2  
16  25  40  1813  553  325  4  -2  
16  25  40  1820  553  325  4  -2  
16  25  40  1830  553  325  4  -2  
16  25  40  1838  552  327  4  -2  
16  25  40  1846  549  327  4  -2  
16  25  40  1855  545  327  4  -2  
16  25  40  1863  542  327  4  -2  
16  25  40  1871  535  327  4  -2  
16  25  40  1880  530  327  4  -2  
16  25  40  1888  516  327  4  -2  
16  25  40  1897  508  327  4  -2  
16  25  40  1905  501  327  4  -2  
16  25  40  1913  494  327  4  -2  
16  25  40  1921  488  327  4  -2  
16  25  40  1930  476  325  4  -2  
16  25  40  1938  461  324  4  -2  
16  25  40  1946  449  321  4  -2  
16  25  40  1955  434  320  4  -2  
16  25  40  1963  420  319  4  -2  
16  25  40  1971  407  317  4  -2  
16  25  40  1980  397  315  5  -2  
16  25  40  1989  391  314  5  -2  
16  25  40  1997  386  314  5  -2  
16  25  40  2006  384  313  5  -2  
16  25  40  2014  384  313  5  -2  
16  25  40  2022  383  313  5  -2  
16  25  40  2030  382  313  5  -2  
16  25  40  2039  382  313  5  -2  
16  25  40  2046  380  313  5  -2  
16  25  40  2056  379  313  5  -2  
16  25  40  2064  377  313  5  -2  
16  25  40  2071  374  312  5  -2  
16  25  40  2080  374  312  5  -2  
16  25  40  2089  371  310  5  -2  
16  25  40  2098  369  310  5  -2  
16  25  40  2105  368  310  5  -2  
16  25  40  2114  368  310  5  -2  
16  25  40  2123  368  310  5  -2  
16  25  40  2130  368  310  5  -2  
16  25  40  2138  368  310  5  -2  
16  25  40  2147  368  310  5  -2  
16  25  40  2156  368  310  5  -2  
16  25  40  2164  368  310  5  -2  
16  25  40  2171  368  310  5  -2  
16  25  40  2181  368  310  5  -2  
16  25  40  2189  368  310  5  -2  
16  25  40  2198  368  310  5  -2  
16  25  40  2209  368  310  5  -2  
16  25  40  2219  368  310  5  -2  
16  25  40  2226  368  310  5  -2  
16  25  40  2236  368  310  5  -2  
16  25  40  2243  368  310  5  -2  
16  25  40  2252  368  310  5  -2  
16  25  40  2260  368  310  5  -2  
16  25  40  2268  368  310  5  -2  
16  25  40  2275  368  310  5  -2  
16  25  40  2284  368  310  5  -2  
16  25  41  2292  368  310  5  -2  
