16  25  44  0  368  310  1  -2  
16  25  45  7  368  310  1  -2  
16  25  45  16  368  310  1  -2  
16  25  45  24  368  310  1  -2  
16  25  45  33  368  310  1  -2  
16  25  45  41  368  310  1  -2  
16  25  45  49  368  310  1  -2  
16  25  45  58  368  310  1  -2  
16  25  45  67  368  310  1  -2  
16  25  45  75  368  310  1  -2  
16  25  45  83  368  310  1  -2  
16  25  45  92  368  310  1  -2  
16  25  45  99  368  310  1  -2  
16  25  45  107  368  310  1  -2  
16  25  45  116  368  310  1  -2  
16  25  45  125  368  310  1  -2  
16  25  45  133  368  310  1  -2  
16  25  45  142  368  310  1  -2  
16  25  45  150  368  310  1  -2  
16  25  45  158  369  310  1  -2  
16  25  45  166  370  310  1  -2  
16  25  45  175  370  310  1  -2  
16  25  45  183  372  310  1  -2  
16  25  45  192  374  309  1  -2  
16  25  45  200  377  309  1  -2  
16  25  45  208  379  309  1  -2  
16  25  45  216  383  308  1  -2  
16  25  45  225  385  308  1  -2  
16  25  45  233  387  308  1  -2  
16  25  45  241  390  307  1  -2  
16  25  45  249  392  307  1  -2  
16  25  45  258  395  307  1  -2  
16  25  45  266  397  307  1  -2  
16  25  45  275  399  306  1  -2  
16  25  45  283  401  305  1  -2  
16  25  45  292  403  305  1  -2  
16  25  45  299  403  305  1  -2  
16  25  45  308  405  305  1  -2  
16  25  45  315  409  305  1  -2  
16  25  45  325  411  304  1  -2  
16  25  45  333  419  303  1  -2  
16  25  45  343  422  303  1  -2  
16  25  45  351  427  303  1  -2  
16  25  45  358  434  303  1  -2  
16  25  45  367  438  303  1  -2  
16  25  45  375  444  303  1  -2  
16  25  45  383  448  303  1  -2  
16  25  45  391  453  303  1  -2  
16  25  45  400  454  303  1  -2  
16  25  45  408  458  303  1  -2  
16  25  45  416  461  303  1  -2  
16  25  45  425  462  303  1  -2  
16  25  45  433  465  301  1  -2  
16  25  45  442  466  301  1  -2  
16  25  45  451  467  301  1  -2  
16  25  45  458  467  301  1  -2  
16  25  45  466  467  300  1  -2  
16  25  45  475  469  300  1  -2  
16  25  45  482  470  300  1  -2  
16  25  45  492  474  300  1  -2  
16  25  45  498  480  300  1  -2  
16  25  45  508  480  300  1  -2  
16  25  45  516  489  300  1  -2  
16  25  45  525  493  300  1  -2  
16  25  45  534  501  300  2  -2  
16  25  45  542  509  300  2  -2  
16  25  45  549  519  300  2  -2  
16  25  45  558  529  300  2  -2  
16  25  45  565  536  303  2  -2  
16  25  45  574  542  304  2  -2  
16  25  45  583  548  306  2  -2  
16  25  45  592  550  307  2  -2  
16  25  45  601  551  308  2  -2  
16  25  45  608  551  308  2  -2  
16  25  45  616  551  308  2  -2  
16  25  45  626  551  308  2  -2  
16  25  45  633  551  308  2  -2  
16  25  45  642  551  308  2  -2  
16  25  45  649  551  308  2  -2  
16  25  45  657  551  308  2  -2  
16  25  45  667  551  308  2  -2  
16  25  45  674  551  308  2  -2  
16  25  45  683  551  308  2  -2  
16  25  45  692  551  308  2  -2  
16  25  45  701  551  308  2  -2  
16  25  45  708  552  309  2  -2  
16  25  45  717  552  309  2  -2  
16  25  45  725  551  310  2  -2  
16  25  45  733  549  311  2  -2  
16  25  45  742  547  311  2  -2  
16  25  45  750  543  312  2  -2  
16  25  45  758  542  312  2  -2  
16  25  45  766  537  313  2  -2  
16  25  45  775  534  313  2  -2  
16  25  45  783  528  313  2  -2  
16  25  45  793  518  313  2  -2  
16  25  45  802  509  313  2  -2  
16  25  45  809  498  313  2  -2  
16  25  45  817  486  313  2  -2  
16  25  45  826  476  313  2  -2  
16  25  45  835  464  313  2  -2  
16  25  45  842  457  313  2  -2  
16  25  45  852  449  313  2  -2  
16  25  45  859  442  313  2  -2  
16  25  45  868  434  313  2  -2  
16  25  45  877  415  313  2  -2  
16  25  45  886  407  313  2  -2  
16  25  45  893  402  313  2  -2  
16  25  45  902  399  313  3  -2  
16  25  45  911  397  313  3  -2  
16  25  45  919  396  313  3  -2  
16  25  45  927  395  313  3  -2  
16  25  45  935  394  313  3  -2  
16  25  45  943  392  313  3  -2  
16  25  45  951  391  313  3  -2  
16  25  45  959  389  313  3  -2  
16  25  45  968  387  313  3  -2  
16  25  45  976  384  313  3  -2  
16  25  45  985  380  313  3  -2  
16  25  45  992  378  313  3  -2  
16  25  45  1002  375  315  3  -2  
16  25  46  1009  374  315  3  -2  
16  25  46  1017  371  315  3  -2  
16  25  46  1026  371  315  3  -2  
16  25  46  1034  371  315  3  -2  
16  25  46  1042  371  315  3  -2  
16  25  46  1052  371  315  3  -2  
16  25  46  1062  371  315  3  -2  
16  25  46  1068  371  315  3  -2  
16  25  46  1076  371  315  3  -2  
16  25  46  1084  371  315  3  -2  
16  25  46  1092  371  315  3  -2  
16  25  46  1102  371  315  3  -2  
16  25  46  1110  371  315  3  -2  
16  25  46  1118  371  315  3  -2  
16  25  46  1126  371  315  3  -2  
16  25  46  1136  371  315  3  -2  
16  25  46  1143  371  315  3  -2  
16  25  46  1153  371  315  3  -2  
16  25  46  1160  371  315  3  -2  
16  25  46  1168  371  315  3  -2  
16  25  46  1178  371  315  3  -2  
16  25  46  1185  371  315  3  -2  
16  25  46  1193  371  315  3  -2  
16  25  46  1202  371  315  3  -2  
16  25  46  1212  371  315  3  -2  
16  25  46  1218  371  315  3  -2  
16  25  46  1228  371  315  3  -2  
16  25  46  1235  371  315  3  -2  
16  25  46  1243  371  315  3  -2  
16  25  46  1252  371  315  3  -2  
16  25  46  1260  371  315  3  -2  
16  25  46  1268  371  315  3  -2  
16  25  46  1279  371  315  3  -2  
16  25  46  1286  371  315  3  -2  
16  25  46  1295  371  315  3  -2  
16  25  46  1303  371  315  3  -2  
16  25  46  1311  371  315  3  -2  
16  25  46  1318  371  315  3  -2  
16  25  46  1326  371  315  3  -2  
16  25  46  1336  371  315  3  -2  
16  25  46  1346  371  315  3  -2  
16  25  46  1352  371  315  3  -2  
16  25  46  1362  371  315  3  -2  
16  25  46  1370  371  315  3  -2  
16  25  46  1379  371  315  3  -2  
16  25  46  1386  371  315  3  -2  
16  25  46  1396  371  315  3  -2  
16  25  46  1403  371  315  3  -2  
16  25  46  1411  371  315  3  -2  
16  25  46  1419  371  315  3  -2  
16  25  46  1428  371  315  3  -2  
16  25  46  1435  371  315  3  -2  
16  25  46  1443  371  315  3  -2  
16  25  46  1452  371  315  3  -2  
16  25  46  1462  371  315  3  -2  
16  25  46  1469  371  315  3  -2  
16  25  46  1479  371  315  3  -2  
16  25  46  1486  372  315  3  -2  
16  25  46  1496  374  315  3  -2  
16  25  46  1503  378  315  3  -2  
16  25  46  1514  380  315  3  -2  
16  25  46  1520  388  315  3  -2  
16  25  46  1530  395  315  3  -2  
16  25  46  1537  405  315  3  -2  
16  25  46  1547  415  315  3  -2  
16  25  46  1555  427  315  3  -2  
16  25  46  1565  438  315  3  -2  
16  25  46  1572  458  315  3  -2  
16  25  46  1579  465  315  3  -2  
16  25  46  1586  465  315  3  -2  
16  25  46  1597  475  316  3  -2  
16  25  46  1604  491  317  3  -2  
16  25  46  1614  499  317  4  -2  
16  25  46  1621  504  317  4  -2  
16  25  46  1631  507  318  4  -2  
16  25  46  1639  512  318  4  -2  
16  25  46  1648  515  318  4  -2  
16  25  46  1654  518  318  4  -2  
16  25  46  1665  519  318  4  -2  
16  25  46  1672  520  318  4  -2  
16  25  46  1682  521  318  4  -2  
16  25  46  1688  521  318  4  -2  
16  25  46  1697  521  318  4  -2  
16  25  46  1704  521  318  4  -2  
16  25  46  1714  522  318  4  -2  
16  25  46  1722  522  318  4  -2  
16  25  46  1731  522  318  4  -2  
16  25  46  1738  522  318  4  -2  
16  25  46  1748  522  318  4  -2  
16  25  46  1754  522  318  4  -2  
16  25  46  1765  522  318  4  -2  
16  25  46  1772  522  318  4  -2  
16  25  46  1781  522  318  4  -2  
16  25  46  1788  522  318  4  -2  
16  25  46  1798  522  318  4  -2  
16  25  46  1804  522  318  4  -2  
16  25  46  1814  522  318  4  -2  
16  25  46  1822  522  318  4  -2  
16  25  46  1832  522  318  4  -2  
16  25  46  1840  522  318  4  -2  
16  25  46  1849  519  320  4  -2  
16  25  46  1857  512  320  4  -2  
16  25  46  1867  502  320  4  -2  
16  25  46  1875  494  320  4  -2  
16  25  46  1886  480  320  4  -2  
16  25  46  1896  449  319  4  -2  
16  25  46  1902  432  318  4  -2  
16  25  46  1913  415  314  4  -2  
16  25  46  1920  399  312  5  -2  
16  25  46  1929  384  312  5  -2  
16  25  46  1936  370  311  5  -2  
16  25  46  1946  359  311  5  -2  
16  25  46  1953  353  311  5  -2  
16  25  46  1962  348  311  5  -2  
16  25  46  1970  344  311  5  -2  
16  25  46  1979  344  311  5  -2  
16  25  46  1985  343  311  5  -2  
16  25  46  1994  343  311  5  -2  
16  25  46  2002  343  311  5  -2  
16  25  47  2013  343  311  5  -2  
16  25  47  2020  343  311  5  -2  
16  25  47  2029  343  311  5  -2  
16  25  47  2035  343  311  5  -2  
16  25  47  2044  343  311  5  -2  
16  25  47  2052  343  311  5  -2  
16  25  47  2062  343  311  5  -2  
16  25  47  2069  343  311  5  -2  
16  25  47  2078  343  311  5  -2  
16  25  47  2086  343  311  5  -2  
16  25  47  2094  343  311  5  -2  
16  25  47  2102  343  311  5  -2  
16  25  47  2112  343  311  5  -2  
16  25  47  2119  343  311  5  -2  
16  25  47  2129  343  311  5  -2  
16  25  47  2137  343  311  5  -2  
16  25  47  2146  343  311  5  -2  
16  25  47  2153  343  311  5  -2  
16  25  47  2162  343  311  5  -2  
16  25  47  2170  343  311  5  -2  
16  25  47  2179  343  311  5  -2  
16  25  47  2186  343  311  5  -2  
16  25  47  2196  343  311  5  -2  
16  25  47  2203  343  311  5  -2  
16  25  47  2212  343  311  5  -2  
16  25  47  2219  343  311  5  -2  
16  25  47  2227  343  311  5  -2  
16  25  47  2235  343  311  5  -2  
16  25  47  2245  343  311  5  -2  
