16  22  33  0  366  328  1  -2  
16  22  33  9  366  328  1  -2  
16  22  33  17  366  328  1  -2  
16  22  33  26  366  328  1  -2  
16  22  33  34  366  328  1  -2  
16  22  33  43  366  328  1  -2  
16  22  33  51  366  328  1  -2  
16  22  33  59  366  328  1  -2  
16  22  33  67  366  328  1  -2  
16  22  33  76  366  328  1  -2  
16  22  33  84  366  328  1  -2  
16  22  33  93  366  328  1  -2  
16  22  33  101  366  328  1  -2  
16  22  33  110  366  328  1  -2  
16  22  33  117  366  328  1  -2  
16  22  33  126  366  328  1  -2  
16  22  33  134  366  328  1  -2  
16  22  33  143  366  328  1  -2  
16  22  33  151  366  328  1  -2  
16  22  33  158  366  328  1  -2  
16  22  33  168  366  328  1  -2  
16  22  33  176  366  328  1  -2  
16  22  33  184  366  328  1  -2  
16  22  33  192  366  328  1  -2  
16  22  33  201  366  328  1  -2  
16  22  33  210  366  328  1  -2  
16  22  33  217  366  328  1  -2  
16  22  33  227  366  328  1  -2  
16  22  33  234  366  328  1  -2  
16  22  33  242  366  328  1  -2  
16  22  33  251  366  328  1  -2  
16  22  33  259  366  328  1  -2  
16  22  33  267  366  328  1  -2  
16  22  33  276  366  328  1  -2  
16  22  33  286  366  328  1  -2  
16  22  33  293  366  328  1  -2  
16  22  33  301  366  328  1  -2  
16  22  33  310  366  328  1  -2  
16  22  33  318  366  328  1  -2  
16  22  33  327  366  328  1  -2  
16  22  33  334  366  328  1  -2  
16  22  33  342  366  328  1  -2  
16  22  33  351  366  328  1  -2  
16  22  33  359  366  328  1  -2  
16  22  33  368  366  328  1  -2  
16  22  33  376  366  328  1  -2  
16  22  33  384  366  328  1  -2  
16  22  33  393  366  328  1  -2  
16  22  33  401  366  328  1  -2  
16  22  33  409  366  328  1  -2  
16  22  33  417  366  328  1  -2  
16  22  33  427  368  328  1  -2  
16  22  33  434  377  328  1  -2  
16  22  33  442  388  328  1  -2  
16  22  33  451  402  328  1  -2  
16  22  33  460  417  328  1  -2  
16  22  33  467  432  332  1  -2  
16  22  33  476  445  333  1  -2  
16  22  33  486  457  334  1  -2  
16  22  33  493  474  334  1  -2  
16  22  33  501  474  334  1  -2  
16  22  33  510  477  334  1  -2  
16  22  33  518  480  334  1  -2  
16  22  33  527  480  334  1  -2  
16  22  33  535  480  334  1  -2  
16  22  33  544  480  334  1  -2  
16  22  33  550  480  334  1  -2  
16  22  33  559  480  334  1  -2  
16  22  33  569  481  334  1  -2  
16  22  33  576  481  334  1  -2  
16  22  33  586  482  334  1  -2  
16  22  33  593  483  334  1  -2  
16  22  33  602  484  334  1  -2  
16  22  33  611  484  334  1  -2  
16  22  33  617  484  334  1  -2  
16  22  33  626  484  334  1  -2  
16  22  33  636  484  334  1  -2  
16  22  33  643  484  334  1  -2  
16  22  33  651  484  334  1  -2  
16  22  33  659  486  334  1  -2  
16  22  33  667  487  334  1  -2  
16  22  33  677  487  334  1  -2  
16  22  33  685  487  334  1  -2  
16  22  33  693  487  334  1  -2  
16  22  33  702  487  334  1  -2  
16  22  33  710  487  334  1  -2  
16  22  33  718  487  334  1  -2  
16  22  33  727  487  334  1  -2  
16  22  33  734  487  334  1  -2  
16  22  33  743  487  334  1  -2  
16  22  33  751  487  334  1  -2  
16  22  33  760  487  334  1  -2  
16  22  33  768  487  334  1  -2  
16  22  33  777  487  334  1  -2  
16  22  33  784  487  334  1  -2  
16  22  33  794  487  334  1  -2  
16  22  33  801  487  334  1  -2  
16  22  33  810  487  334  1  -2  
16  22  33  819  487  334  1  -2  
16  22  33  827  487  334  1  -2  
16  22  33  836  487  334  1  -2  
16  22  33  843  487  333  1  -2  
16  22  33  851  487  333  1  -2  
16  22  33  861  487  333  1  -2  
16  22  33  868  488  332  1  -2  
16  22  33  877  488  332  1  -2  
16  22  33  886  488  332  1  -2  
16  22  33  893  492  331  1  -2  
16  22  33  901  492  331  1  -2  
16  22  33  910  495  329  1  -2  
16  22  33  918  500  327  2  -2  
16  22  33  927  500  327  2  -2  
16  22  33  934  501  326  2  -2  
16  22  33  943  503  325  2  -2  
16  22  33  952  503  325  2  -2  
16  22  33  960  503  325  2  -2  
16  22  33  968  503  325  2  -2  
16  22  33  976  503  325  2  -2  
16  22  34  986  503  325  2  -2  
16  22  34  993  503  325  2  -2  
16  22  34  1002  503  325  2  -2  
16  22  34  1010  503  325  2  -2  
16  22  34  1018  503  325  2  -2  
16  22  34  1027  503  325  2  -2  
16  22  34  1036  503  325  2  -2  
16  22  34  1043  503  325  2  -2  
16  22  34  1052  503  325  2  -2  
16  22  34  1060  503  325  2  -2  
16  22  34  1068  503  325  2  -2  
16  22  34  1077  503  325  2  -2  
16  22  34  1086  503  325  2  -2  
16  22  34  1093  503  325  2  -2  
16  22  34  1102  503  325  2  -2  
16  22  34  1110  503  325  2  -2  
16  22  34  1118  503  325  2  -2  
16  22  34  1127  503  325  2  -2  
16  22  34  1134  503  325  2  -2  
16  22  34  1143  503  325  2  -2  
16  22  34  1151  503  325  2  -2  
16  22  34  1160  503  325  2  -2  
16  22  34  1168  503  325  2  -2  
16  22  34  1177  503  325  2  -2  
16  22  34  1184  503  325  2  -2  
16  22  34  1194  503  325  2  -2  
16  22  34  1202  503  325  2  -2  
16  22  34  1210  503  325  2  -2  
16  22  34  1219  503  325  2  -2  
16  22  34  1227  503  325  2  -2  
16  22  34  1236  503  325  2  -2  
16  22  34  1243  503  325  2  -2  
16  22  34  1252  503  325  2  -2  
16  22  34  1261  503  325  2  -2  
16  22  34  1268  503  325  2  -2  
16  22  34  1277  503  325  2  -2  
16  22  34  1284  503  325  2  -2  
16  22  34  1293  503  325  2  -2  
16  22  34  1302  503  325  2  -2  
16  22  34  1310  503  325  2  -2  
16  22  34  1318  503  325  2  -2  
16  22  34  1327  503  325  2  -2  
16  22  34  1336  503  325  2  -2  
16  22  34  1343  500  325  2  -2  
16  22  34  1352  495  325  2  -2  
16  22  34  1360  489  325  2  -2  
16  22  34  1369  482  325  2  -2  
16  22  34  1377  473  325  2  -2  
16  22  34  1386  467  325  2  -2  
16  22  34  1394  460  325  2  -2  
16  22  34  1402  456  325  2  -2  
16  22  34  1410  451  325  2  -2  
16  22  34  1419  450  325  2  -2  
16  22  34  1427  447  325  2  -2  
16  22  34  1434  445  325  2  -2  
16  22  34  1442  443  325  2  -2  
16  22  34  1450  441  325  2  -2  
16  22  34  1459  436  325  2  -2  
16  22  34  1468  431  325  2  -2  
16  22  34  1476  421  325  2  -2  
16  22  34  1485  412  325  2  -2  
16  22  34  1492  383  325  3  -2  
16  22  34  1501  383  325  3  -2  
16  22  34  1509  358  325  3  -2  
16  22  34  1519  351  324  3  -2  
16  22  34  1526  350  324  3  -2  
16  22  34  1536  350  324  3  -2  
16  22  34  1544  350  324  3  -2  
16  22  34  1552  350  324  3  -2  
16  22  34  1559  350  324  3  -2  
16  22  34  1567  350  324  3  -2  
16  22  34  1577  350  324  3  -2  
16  22  34  1585  350  324  3  -2  
16  22  34  1592  350  324  3  -2  
16  22  34  1601  350  324  3  -2  
16  22  34  1610  350  324  3  -2  
16  22  34  1617  350  324  3  -2  
16  22  34  1626  350  324  3  -2  
16  22  34  1634  350  324  3  -2  
16  22  34  1644  350  324  3  -2  
16  22  34  1650  350  324  3  -2  
16  22  34  1659  350  324  3  -2  
16  22  34  1668  350  324  3  -2  
16  22  34  1676  350  324  3  -2  
16  22  34  1685  350  324  3  -2  
16  22  34  1693  350  324  3  -2  
16  22  34  1702  350  324  3  -2  
16  22  34  1708  350  324  3  -2  
16  22  34  1719  350  324  3  -2  
16  22  34  1726  353  323  3  -2  
16  22  34  1735  353  323  3  -2  
16  22  34  1743  354  323  3  -2  
16  22  34  1751  354  323  3  -2  
16  22  34  1759  357  322  3  -2  
16  22  34  1767  357  322  3  -2  
16  22  34  1776  357  322  3  -2  
16  22  34  1785  357  322  3  -2  
16  22  34  1792  357  322  3  -2  
16  22  34  1802  357  322  3  -2  
16  22  34  1809  357  322  3  -2  
16  22  34  1818  357  322  3  -2  
16  22  34  1827  357  322  3  -2  
16  22  34  1835  357  322  3  -2  
16  22  34  1842  357  322  3  -2  
16  22  34  1851  357  322  3  -2  
16  22  34  1860  357  322  3  -2  
16  22  34  1868  357  322  3  -2  
16  22  34  1877  357  322  3  -2  
16  22  34  1885  357  322  3  -2  
16  22  34  1893  357  322  3  -2  
16  22  34  1901  357  322  3  -2  
16  22  34  1910  357  322  3  -2  
16  22  34  1918  357  322  3  -2  
16  22  34  1927  357  322  3  -2  
16  22  34  1934  357  322  3  -2  
16  22  34  1943  357  322  3  -2  
16  22  34  1951  357  322  3  -2  
16  22  34  1959  357  322  3  -2  
16  22  34  1967  357  322  3  -2  
16  22  34  1977  357  322  3  -2  
16  22  35  1986  357  322  3  -2  
16  22  35  1993  357  322  3  -2  
16  22  35  2001  357  322  3  -2  
16  22  35  2009  357  322  3  -2  
16  22  35  2018  357  322  3  -2  
16  22  35  2027  357  322  3  -2  
16  22  35  2035  357  322  3  -2  
16  22  35  2042  357  322  3  -2  
16  22  35  2053  357  322  3  -2  
16  22  35  2060  357  322  3  -2  
16  22  35  2068  357  322  3  -2  
16  22  35  2077  357  322  3  -2  
16  22  35  2085  357  322  3  -2  
16  22  35  2093  357  322  3  -2  
16  22  35  2101  357  322  3  -2  
16  22  35  2109  357  322  3  -2  
16  22  35  2118  357  322  3  -2  
16  22  35  2127  357  322  3  -2  
16  22  35  2136  357  322  3  -2  
16  22  35  2143  357  322  3  -2  
16  22  35  2151  357  322  3  -2  
16  22  35  2161  357  322  3  -2  
16  22  35  2168  357  322  3  -2  
16  22  35  2177  357  322  3  -2  
16  22  35  2186  357  322  3  -2  
16  22  35  2193  357  322  3  -2  
16  22  35  2201  357  322  3  -2  
16  22  35  2210  357  322  3  -2  
16  22  35  2218  358  322  3  -2  
16  22  35  2227  360  322  3  -2  
16  22  35  2236  361  322  3  -2  
16  22  35  2243  362  322  3  -2  
16  22  35  2251  365  321  3  -2  
16  22  35  2261  368  320  3  -2  
16  22  35  2268  371  320  3  -2  
16  22  35  2277  376  319  3  -2  
16  22  35  2284  381  318  3  -2  
16  22  35  2294  386  318  3  -2  
16  22  35  2302  403  317  3  -2  
16  22  35  2312  414  316  3  -2  
16  22  35  2319  421  315  3  -2  
16  22  35  2328  429  315  3  -2  
16  22  35  2338  434  315  3  -2  
16  22  35  2343  442  315  3  -2  
16  22  35  2352  449  315  3  -2  
16  22  35  2361  454  315  3  -2  
16  22  35  2370  458  315  3  -2  
16  22  35  2377  461  315  3  -2  
16  22  35  2389  464  314  3  -2  
16  22  35  2395  464  314  3  -2  
16  22  35  2402  464  314  3  -2  
16  22  35  2410  464  314  3  -2  
16  22  35  2420  465  314  3  -2  
16  22  35  2429  465  314  3  -2  
16  22  35  2436  467  313  3  -2  
16  22  35  2445  467  313  3  -2  
16  22  35  2452  468  313  3  -2  
16  22  35  2462  471  313  3  -2  
16  22  35  2471  475  313  3  -2  
16  22  35  2478  476  313  3  -2  
16  22  35  2488  479  313  3  -2  
16  22  35  2494  482  312  3  -2  
16  22  35  2503  482  312  3  -2  
16  22  35  2511  482  312  3  -2  
16  22  35  2520  483  312  3  -2  
16  22  35  2527  483  312  3  -2  
16  22  35  2536  485  311  3  -2  
16  22  35  2544  486  310  3  -2  
16  22  35  2556  488  310  3  -2  
16  22  35  2562  490  310  3  -2  
16  22  35  2571  495  310  4  -2  
16  22  35  2579  499  310  4  -2  
16  22  35  2589  501  310  4  -2  
16  22  35  2596  503  310  4  -2  
16  22  35  2603  504  310  4  -2  
16  22  35  2611  504  310  4  -2  
16  22  35  2620  505  310  4  -2  
16  22  35  2628  505  310  4  -2  
16  22  35  2636  505  310  4  -2  
16  22  35  2645  505  310  4  -2  
16  22  35  2652  505  310  4  -2  
16  22  35  2661  505  310  4  -2  
16  22  35  2671  505  310  4  -2  
16  22  35  2677  505  310  4  -2  
16  22  35  2688  505  310  4  -2  
16  22  35  2694  505  310  4  -2  
16  22  35  2705  505  310  4  -2  
16  22  35  2711  505  310  4  -2  
16  22  35  2720  505  310  4  -2  
16  22  35  2727  505  310  4  -2  
16  22  35  2738  505  310  4  -2  
16  22  35  2745  505  310  4  -2  
16  22  35  2752  505  310  4  -2  
16  22  35  2762  505  310  4  -2  
16  22  35  2770  503  310  4  -2  
16  22  35  2778  502  310  4  -2  
16  22  35  2788  498  311  4  -2  
16  22  35  2795  491  311  4  -2  
16  22  35  2804  483  311  4  -2  
16  22  35  2810  476  311  4  -2  
16  22  35  2821  472  311  4  -2  
16  22  35  2829  467  312  4  -2  
16  22  35  2839  462  312  4  -2  
16  22  35  2845  455  314  4  -2  
16  22  35  2855  455  314  4  -2  
16  22  35  2862  445  315  4  -2  
16  22  35  2871  445  315  4  -2  
16  22  35  2878  430  316  4  -2  
16  22  35  2889  421  316  4  -2  
16  22  35  2895  414  316  4  -2  
16  22  35  2904  406  316  4  -2  
16  22  35  2912  401  316  4  -2  
