14  18  47  0  371  320  1  -2  
14  18  47  9  371  320  1  -2  
14  18  47  17  371  320  1  -2  
14  18  47  25  371  320  1  -2  
14  18  47  34  371  320  1  -2  
14  18  47  43  371  320  1  -2  
14  18  47  50  371  320  1  -2  
14  18  47  59  371  320  1  -2  
14  18  47  68  371  320  1  -2  
14  18  47  75  371  320  1  -2  
14  18  47  84  371  320  1  -2  
14  18  47  93  371  320  1  -2  
14  18  47  100  371  320  1  -2  
14  18  47  109  371  320  1  -2  
14  18  47  117  371  320  1  -2  
14  18  47  125  371  320  1  -2  
14  18  47  133  371  320  1  -2  
14  18  47  143  371  320  1  -2  
14  18  47  150  371  320  1  -2  
14  18  47  158  371  320  1  -2  
14  18  47  167  371  320  1  -2  
14  18  47  175  371  320  1  -2  
14  18  47  184  371  320  1  -2  
14  18  47  193  371  320  1  -2  
14  18  47  200  371  320  1  -2  
14  18  47  208  371  320  1  -2  
14  18  47  217  371  320  1  -2  
14  18  47  225  371  320  1  -2  
14  18  47  234  371  320  1  -2  
14  18  47  243  371  320  1  -2  
14  18  47  252  371  320  1  -2  
14  18  47  259  371  320  1  -2  
14  18  47  267  371  320  1  -2  
14  18  47  275  371  320  1  -2  
14  18  47  284  371  320  1  -2  
14  18  47  294  371  320  1  -2  
14  18  47  300  371  320  1  -2  
14  18  47  308  371  320  1  -2  
14  18  47  317  371  320  1  -2  
14  18  47  325  371  320  1  -2  
14  18  47  334  371  320  1  -2  
14  18  47  343  371  320  1  -2  
14  18  47  350  371  320  1  -2  
14  18  47  359  371  320  1  -2  
14  18  47  367  371  320  1  -2  
14  18  47  375  371  320  1  -2  
14  18  47  384  371  320  1  -2  
14  18  47  393  371  320  1  -2  
14  18  47  400  371  320  1  -2  
14  18  47  408  371  320  1  -2  
14  18  47  417  371  320  1  -2  
14  18  47  425  371  320  1  -2  
14  18  47  434  371  320  1  -2  
14  18  47  445  371  320  1  -2  
14  18  47  450  371  320  1  -2  
14  18  47  459  371  320  1  -2  
14  18  47  467  371  320  1  -2  
14  18  47  477  376  320  1  -2  
14  18  47  484  381  320  1  -2  
14  18  47  494  388  320  1  -2  
14  18  47  501  393  320  1  -2  
14  18  47  509  398  320  1  -2  
14  18  47  517  403  320  1  -2  
14  18  47  525  409  320  1  -2  
14  18  47  534  414  320  1  -2  
14  18  47  545  435  320  1  -2  
14  18  47  552  450  320  1  -2  
14  18  47  560  464  320  1  -2  
14  18  47  568  479  320  1  -2  
14  18  47  577  490  320  1  -2  
14  18  47  584  499  320  2  -2  
14  18  47  594  502  320  2  -2  
14  18  47  601  503  320  2  -2  
14  18  47  610  503  320  2  -2  
14  18  47  617  503  320  2  -2  
14  18  47  625  503  320  2  -2  
14  18  47  634  503  320  2  -2  
14  18  47  643  503  320  2  -2  
14  18  47  650  503  320  2  -2  
14  18  47  659  503  320  2  -2  
14  18  47  667  505  320  2  -2  
14  18  47  675  507  320  2  -2  
14  18  47  684  512  320  2  -2  
14  18  47  694  516  320  2  -2  
14  18  47  701  520  320  2  -2  
14  18  47  710  521  320  2  -2  
14  18  47  717  523  320  2  -2  
14  18  47  725  523  320  2  -2  
14  18  47  734  523  320  2  -2  
14  18  47  745  523  320  2  -2  
14  18  47  751  523  320  2  -2  
14  18  47  759  523  320  2  -2  
14  18  47  767  523  320  2  -2  
14  18  47  775  523  320  2  -2  
14  18  47  784  523  320  2  -2  
14  18  47  793  523  320  2  -2  
14  18  47  801  523  320  2  -2  
14  18  47  810  523  320  2  -2  
14  18  47  818  523  320  2  -2  
14  18  47  827  523  320  2  -2  
14  18  47  834  523  320  2  -2  
14  18  47  845  523  320  2  -2  
14  18  47  850  523  320  2  -2  
14  18  47  859  523  320  2  -2  
14  18  47  867  523  320  2  -2  
14  18  47  875  523  320  2  -2  
14  18  47  884  523  320  2  -2  
14  18  47  893  523  320  2  -2  
14  18  47  900  523  320  2  -2  
14  18  47  909  523  320  2  -2  
14  18  47  917  519  320  2  -2  
14  18  47  925  509  319  2  -2  
14  18  47  934  497  318  2  -2  
14  18  47  945  482  317  2  -2  
14  18  47  952  461  317  2  -2  
14  18  48  961  451  317  2  -2  
14  18  48  968  442  317  2  -2  
14  18  48  978  435  317  2  -2  
14  18  48  984  427  317  2  -2  
14  18  48  995  422  317  2  -2  
14  18  48  1002  417  317  2  -2  
14  18  48  1010  413  317  2  -2  
14  18  48  1018  409  317  2  -2  
14  18  48  1027  405  317  2  -2  
14  18  48  1034  402  317  2  -2  
14  18  48  1046  398  317  3  -2  
14  18  48  1051  395  316  3  -2  
14  18  48  1060  393  316  3  -2  
14  18  48  1068  392  316  3  -2  
14  18  48  1077  388  314  3  -2  
14  18  48  1084  387  314  3  -2  
14  18  48  1095  384  314  3  -2  
14  18  48  1101  380  314  3  -2  
14  18  48  1110  380  314  3  -2  
14  18  48  1118  379  314  3  -2  
14  18  48  1128  378  314  3  -2  
14  18  48  1134  377  314  3  -2  
14  18  48  1143  377  314  3  -2  
14  18  48  1151  377  314  3  -2  
14  18  48  1160  377  314  3  -2  
14  18  48  1167  377  314  3  -2  
14  18  48  1177  377  314  3  -2  
14  18  48  1184  377  314  3  -2  
14  18  48  1195  377  314  3  -2  
14  18  48  1201  377  314  3  -2  
14  18  48  1210  377  314  3  -2  
14  18  48  1217  377  314  3  -2  
14  18  48  1227  377  314  3  -2  
14  18  48  1234  377  314  3  -2  
14  18  48  1246  377  314  3  -2  
14  18  48  1251  377  314  3  -2  
14  18  48  1260  377  314  3  -2  
14  18  48  1268  377  314  3  -2  
14  18  48  1277  377  314  3  -2  
14  18  48  1285  377  314  3  -2  
14  18  48  1295  377  314  3  -2  
14  18  48  1303  377  314  3  -2  
14  18  48  1310  377  314  3  -2  
14  18  48  1317  377  314  3  -2  
14  18  48  1328  377  314  3  -2  
14  18  48  1334  377  314  3  -2  
14  18  48  1344  377  314  3  -2  
14  18  48  1351  376  314  3  -2  
14  18  48  1360  376  314  3  -2  
14  18  48  1367  376  314  3  -2  
14  18  48  1378  376  314  3  -2  
14  18  48  1384  376  314  3  -2  
14  18  48  1395  376  314  3  -2  
14  18  48  1401  376  314  3  -2  
14  18  48  1412  376  314  3  -2  
14  18  48  1418  376  314  3  -2  
14  18  48  1428  376  314  3  -2  
14  18  48  1434  376  314  3  -2  
14  18  48  1445  376  314  3  -2  
14  18  48  1451  376  314  3  -2  
14  18  48  1463  376  314  3  -2  
14  18  48  1468  376  314  3  -2  
14  18  48  1477  376  314  3  -2  
14  18  48  1485  376  314  3  -2  
14  18  48  1495  376  314  3  -2  
14  18  48  1502  376  314  3  -2  
14  18  48  1511  376  314  3  -2  
14  18  48  1518  376  314  3  -2  
14  18  48  1527  376  314  3  -2  
14  18  48  1536  376  314  3  -2  
14  18  48  1546  376  314  3  -2  
14  18  48  1551  376  314  3  -2  
14  18  48  1562  376  314  3  -2  
14  18  48  1569  376  314  3  -2  
14  18  48  1579  376  314  3  -2  
14  18  48  1585  376  314  3  -2  
14  18  48  1595  376  314  3  -2  
14  18  48  1601  376  314  3  -2  
14  18  48  1611  376  314  3  -2  
14  18  48  1617  376  314  3  -2  
14  18  48  1628  376  314  3  -2  
14  18  48  1633  376  314  3  -2  
14  18  48  1645  376  314  3  -2  
14  18  48  1650  376  314  3  -2  
14  18  48  1662  376  314  3  -2  
14  18  48  1667  376  314  3  -2  
14  18  48  1678  376  314  3  -2  
14  18  48  1684  376  314  3  -2  
14  18  48  1694  376  314  3  -2  
14  18  48  1701  376  314  3  -2  
14  18  48  1712  376  314  3  -2  
14  18  48  1717  381  314  3  -2  
14  18  48  1727  381  314  3  -2  
14  18  48  1734  388  314  3  -2  
14  18  48  1745  388  314  3  -2  
14  18  48  1752  400  314  3  -2  
14  18  48  1759  408  314  3  -2  
14  18  48  1768  415  314  3  -2  
14  18  48  1777  422  314  3  -2  
14  18  48  1784  429  314  3  -2  
14  18  48  1795  435  314  3  -2  
14  18  48  1800  444  314  3  -2  
14  18  48  1811  452  314  3  -2  
14  18  48  1817  464  314  3  -2  
14  18  48  1828  472  314  3  -2  
14  18  48  1834  482  314  3  -2  
14  18  48  1845  489  314  3  -2  
14  18  48  1850  494  314  3  -2  
14  18  48  1861  497  314  4  -2  
14  18  48  1867  498  314  4  -2  
14  18  48  1878  498  314  4  -2  
14  18  48  1883  498  314  4  -2  
14  18  48  1894  498  314  4  -2  
14  18  48  1902  498  314  4  -2  
14  18  48  1911  498  314  4  -2  
14  18  48  1917  499  314  4  -2  
14  18  48  1928  499  314  4  -2  
14  18  48  1935  501  314  4  -2  
14  18  48  1945  501  314  4  -2  
14  18  48  1950  502  314  4  -2  
14  18  49  1962  503  314  4  -2  
14  18  49  1968  504  314  4  -2  
14  18  49  1978  505  314  4  -2  
14  18  49  1985  506  314  4  -2  
14  18  49  1995  506  314  4  -2  
14  18  49  2000  506  314  4  -2  
14  18  49  2011  506  314  4  -2  
14  18  49  2017  506  314  4  -2  
14  18  49  2027  506  314  4  -2  
14  18  49  2034  506  314  4  -2  
14  18  49  2045  506  314  4  -2  
14  18  49  2050  506  314  4  -2  
14  18  49  2061  505  314  4  -2  
14  18  49  2068  499  314  4  -2  
14  18  49  2078  487  311  4  -2  
14  18  49  2085  474  311  4  -2  
14  18  49  2095  452  307  4  -2  
14  18  49  2101  417  305  4  -2  
14  18  49  2112  417  305  4  -2  
14  18  49  2119  383  305  5  -2  
14  18  49  2128  369  305  5  -2  
14  18  49  2135  357  304  5  -2  
14  18  49  2145  351  304  5  -2  
14  18  49  2151  349  304  5  -2  
14  18  49  2161  347  304  5  -2  
14  18  49  2167  347  304  5  -2  
14  18  49  2178  347  304  5  -2  
14  18  49  2184  347  304  5  -2  
14  18  49  2195  347  304  5  -2  
14  18  49  2200  347  304  5  -2  
14  18  49  2211  347  304  5  -2  
14  18  49  2217  347  304  5  -2  
14  18  49  2228  347  304  5  -2  
14  18  49  2235  347  304  5  -2  
14  18  49  2245  347  304  5  -2  
14  18  49  2250  347  304  5  -2  
14  18  49  2262  347  304  5  -2  
14  18  49  2267  347  304  5  -2  
14  18  49  2278  347  304  5  -2  
14  18  49  2285  347  304  5  -2  
14  18  49  2295  347  304  5  -2  
14  18  49  2301  347  304  5  -2  
14  18  49  2311  347  304  5  -2  
14  18  49  2318  347  304  5  -2  
14  18  49  2328  347  304  5  -2  
14  18  49  2335  347  304  5  -2  
14  18  49  2345  347  304  5  -2  
14  18  49  2351  347  304  5  -2  
14  18  49  2361  347  304  5  -2  
14  18  49  2367  347  304  5  -2  
14  18  49  2378  347  304  5  -2  
14  18  49  2385  347  304  5  -2  
14  18  49  2395  347  304  5  -2  
14  18  49  2402  347  304  5  -2  
14  18  49  2411  347  304  5  -2  
14  18  49  2419  347  304  5  -2  
14  18  49  2428  347  304  5  -2  
14  18  49  2435  347  304  5  -2  
14  18  49  2445  347  304  5  -2  
14  18  49  2451  347  304  5  -2  
14  18  49  2461  347  304  5  -2  
14  18  49  2468  347  304  5  -2  
14  18  49  2478  347  304  5  -2  
14  18  49  2485  347  304  5  -2  
14  18  49  2495  347  304  5  -2  
14  18  49  2502  347  304  5  -2  
14  18  49  2511  347  304  5  -2  
14  18  49  2518  347  304  5  -2  
14  18  49  2528  347  304  5  -2  
14  18  49  2535  347  304  5  -2  
14  18  49  2545  347  304  5  -2  
14  18  49  2552  347  304  5  -2  
