10  4  36  0  359  314  1  -2  
10  4  36  9  359  314  1  -2  
10  4  36  16  359  314  1  -2  
10  4  36  26  359  314  1  -2  
10  4  36  33  359  314  1  -2  
10  4  36  42  359  314  1  -2  
10  4  36  50  359  314  1  -2  
10  4  36  59  359  314  1  -2  
10  4  36  66  359  314  1  -2  
10  4  36  76  359  314  1  -2  
10  4  36  85  359  314  1  -2  
10  4  36  91  359  314  1  -2  
10  4  36  100  359  314  1  -2  
10  4  36  108  359  314  1  -2  
10  4  36  116  359  314  1  -2  
10  4  36  126  359  314  1  -2  
10  4  36  135  359  314  1  -2  
10  4  36  140  359  314  1  -2  
10  4  36  150  359  314  1  -2  
10  4  36  158  359  314  1  -2  
10  4  36  166  359  314  1  -2  
10  4  36  176  359  314  1  -2  
10  4  36  185  359  314  1  -2  
10  4  36  191  359  314  1  -2  
10  4  36  200  359  314  1  -2  
10  4  36  208  359  314  1  -2  
10  4  36  216  359  314  1  -2  
10  4  36  226  359  314  1  -2  
10  4  36  234  359  314  1  -2  
10  4  36  242  359  314  1  -2  
10  4  36  250  359  314  1  -2  
10  4  36  258  359  314  1  -2  
10  4  36  266  359  314  1  -2  
10  4  36  276  359  314  1  -2  
10  4  36  284  359  314  1  -2  
10  4  36  292  359  314  1  -2  
10  4  36  300  359  314  1  -2  
10  4  36  308  359  314  1  -2  
10  4  36  316  359  314  1  -2  
10  4  36  326  359  314  1  -2  
10  4  36  333  359  314  1  -2  
10  4  36  342  359  314  1  -2  
10  4  36  350  358  313  1  -2  
10  4  36  358  358  313  1  -2  
10  4  36  366  358  312  1  -2  
10  4  36  376  358  311  1  -2  
10  4  36  384  359  311  1  -2  
10  4  36  391  360  311  1  -2  
10  4  36  401  361  311  1  -2  
10  4  36  409  362  311  1  -2  
10  4  36  417  363  311  1  -2  
10  4  36  426  363  311  1  -2  
10  4  36  434  364  311  1  -2  
10  4  36  442  364  311  1  -2  
10  4  36  450  365  311  1  -2  
10  4  36  458  366  310  1  -2  
10  4  36  466  366  310  1  -2  
10  4  36  476  366  310  1  -2  
10  4  36  483  366  310  1  -2  
10  4  36  492  368  309  1  -2  
10  4  36  500  368  309  1  -2  
10  4  36  508  369  309  1  -2  
10  4  36  518  371  308  1  -2  
10  4  36  526  373  308  1  -2  
10  4  36  535  375  308  1  -2  
10  4  36  542  378  308  1  -2  
10  4  36  550  382  308  1  -2  
10  4  36  558  385  308  1  -2  
10  4  36  566  386  308  1  -2  
10  4  36  576  389  308  1  -2  
10  4  36  583  389  308  1  -2  
10  4  36  592  390  308  1  -2  
10  4  36  600  393  308  1  -2  
10  4  36  608  394  308  1  -2  
10  4  36  616  398  308  1  -2  
10  4  36  627  403  308  1  -2  
10  4  37  635  415  308  1  -2  
10  4  37  643  422  308  1  -2  
10  4  37  651  427  308  1  -2  
10  4  37  658  432  308  1  -2  
10  4  37  667  439  311  1  -2  
10  4  37  676  443  312  1  -2  
10  4  37  684  447  313  1  -2  
10  4  37  692  452  314  1  -2  
10  4  37  701  458  316  1  -2  
10  4  37  709  464  317  1  -2  
10  4  37  717  466  317  1  -2  
10  4  37  726  470  318  1  -2  
10  4  37  734  473  318  1  -2  
10  4  37  742  478  318  1  -2  
10  4  37  751  482  319  1  -2  
10  4  37  758  485  319  1  -2  
10  4  37  767  488  321  1  -2  
10  4  37  776  493  321  1  -2  
10  4  37  786  497  322  2  -2  
10  4  37  792  504  323  2  -2  
10  4  37  800  511  323  2  -2  
10  4  37  808  521  325  2  -2  
10  4  37  817  528  327  2  -2  
10  4  37  826  538  327  2  -2  
10  4  37  835  549  328  2  -2  
10  4  37  842  553  329  2  -2  
10  4  37  850  556  330  2  -2  
10  4  37  859  558  330  2  -2  
10  4  37  867  559  330  2  -2  
10  4  37  876  561  330  2  -2  
10  4  37  884  562  330  2  -2  
10  4  37  892  563  330  2  -2  
10  4  37  901  563  330  2  -2  
10  4  37  909  563  330  2  -2  
10  4  37  917  565  330  2  -2  
10  4  37  925  566  330  2  -2  
10  4  37  935  566  330  2  -2  
10  4  37  942  568  330  2  -2  
10  4  37  951  568  330  2  -2  
10  4  37  959  569  330  2  -2  
10  4  37  967  569  330  2  -2  
10  4  37  976  569  330  2  -2  
10  4  37  984  569  330  2  -2  
10  4  37  993  569  330  2  -2  
10  4  37  1001  569  330  2  -2  
10  4  37  1008  569  330  2  -2  
10  4  37  1019  569  330  2  -2  
10  4  37  1026  569  330  2  -2  
10  4  37  1035  569  330  2  -2  
10  4  37  1043  569  330  2  -2  
10  4  37  1050  569  330  2  -2  
10  4  37  1060  569  330  2  -2  
10  4  37  1067  569  330  2  -2  
10  4  37  1076  569  330  2  -2  
10  4  37  1084  569  330  2  -2  
10  4  37  1093  570  330  2  -2  
10  4  37  1101  570  330  2  -2  
10  4  37  1110  570  330  2  -2  
10  4  37  1118  570  330  2  -2  
10  4  37  1127  570  330  2  -2  
10  4  37  1135  570  330  2  -2  
10  4  37  1142  570  330  2  -2  
10  4  37  1151  570  330  2  -2  
10  4  37  1159  570  330  2  -2  
10  4  37  1167  570  330  2  -2  
10  4  37  1177  570  330  2  -2  
10  4  37  1183  570  330  2  -2  
10  4  37  1192  570  330  2  -2  
10  4  37  1200  570  330  2  -2  
10  4  37  1208  570  330  2  -2  
10  4  37  1216  570  330  2  -2  
10  4  37  1225  570  330  2  -2  
10  4  37  1234  570  330  2  -2  
10  4  37  1241  570  329  2  -2  
10  4  37  1250  570  329  2  -2  
10  4  37  1258  570  329  2  -2  
10  4  37  1266  570  329  2  -2  
10  4  37  1276  570  329  2  -2  
10  4  37  1283  570  329  2  -2  
10  4  37  1292  569  329  2  -2  
10  4  37  1300  567  329  2  -2  
10  4  37  1308  566  328  2  -2  
10  4  37  1316  563  327  2  -2  
10  4  37  1325  563  327  2  -2  
10  4  37  1333  561  327  2  -2  
10  4  37  1342  561  327  2  -2  
10  4  37  1350  557  326  2  -2  
10  4  37  1358  557  325  2  -2  
10  4  37  1368  556  324  2  -2  
10  4  37  1376  554  324  2  -2  
10  4  37  1383  554  323  2  -2  
10  4  37  1392  551  323  2  -2  
10  4  37  1399  550  323  2  -2  
10  4  37  1409  549  323  2  -2  
10  4  37  1416  543  323  2  -2  
10  4  37  1426  543  323  2  -2  
10  4  37  1433  538  321  2  -2  
10  4  37  1441  535  321  2  -2  
10  4  37  1451  530  320  2  -2  
10  4  37  1459  528  320  2  -2  
10  4  37  1467  526  320  2  -2  
10  4  37  1476  522  319  2  -2  
10  4  37  1483  518  319  2  -2  
10  4  37  1491  517  318  2  -2  
10  4  37  1500  512  318  2  -2  
10  4  37  1508  508  316  2  -2  
10  4  37  1518  504  316  2  -2  
10  4  37  1526  501  315  2  -2  
10  4  37  1533  498  315  2  -2  
10  4  37  1543  495  315  2  -2  
10  4  37  1550  493  315  2  -2  
10  4  37  1559  490  315  2  -2  
10  4  37  1568  489  315  2  -2  
10  4  37  1576  486  315  2  -2  
10  4  37  1583  485  315  2  -2  
10  4  37  1591  481  314  2  -2  
10  4  37  1600  478  314  2  -2  
10  4  37  1609  477  314  2  -2  
10  4  37  1618  473  314  2  -2  
10  4  37  1626  470  314  2  -2  
10  4  37  1633  468  314  2  -2  
10  4  38  1641  464  314  2  -2  
10  4  38  1652  463  314  2  -2  
10  4  38  1659  460  313  2  -2  
10  4  38  1668  456  313  2  -2  
10  4  38  1676  455  313  2  -2  
10  4  38  1686  453  311  2  -2  
10  4  38  1692  451  311  2  -2  
10  4  38  1700  451  311  2  -2  
10  4  38  1708  450  311  2  -2  
10  4  38  1718  449  311  2  -2  
10  4  38  1726  447  311  2  -2  
10  4  38  1734  445  311  2  -2  
10  4  38  1742  444  311  2  -2  
10  4  38  1750  441  311  2  -2  
10  4  38  1759  439  311  2  -2  
10  4  38  1769  438  312  2  -2  
10  4  38  1776  436  312  2  -2  
10  4  38  1783  436  312  2  -2  
10  4  38  1793  435  312  2  -2  
10  4  38  1801  435  312  2  -2  
10  4  38  1810  432  313  2  -2  
10  4  38  1819  430  314  2  -2  
10  4  38  1826  428  315  2  -2  
10  4  38  1834  426  315  2  -2  
10  4  38  1843  423  315  2  -2  
10  4  38  1851  419  315  2  -2  
10  4  38  1860  414  315  2  -2  
10  4  38  1868  411  315  2  -2  
10  4  38  1876  405  315  2  -2  
10  4  38  1883  401  315  2  -2  
10  4  38  1892  399  315  3  -2  
10  4  38  1900  397  315  3  -2  
10  4  38  1908  394  315  3  -2  
10  4  38  1918  394  315  3  -2  
10  4  38  1926  393  315  3  -2  
10  4  38  1934  392  315  3  -2  
10  4  38  1942  391  315  3  -2  
10  4  38  1951  390  315  3  -2  
10  4  38  1958  390  315  3  -2  
10  4  38  1966  390  315  3  -2  
10  4  38  1976  390  315  3  -2  
10  4  38  1986  389  316  3  -2  
10  4  38  1993  388  316  3  -2  
10  4  38  2000  387  317  3  -2  
10  4  38  2008  386  318  3  -2  
10  4  38  2017  386  318  3  -2  
10  4  38  2027  386  318  3  -2  
10  4  38  2036  384  318  3  -2  
10  4  38  2042  384  318  3  -2  
10  4  38  2050  384  318  3  -2  
10  4  38  2058  384  318  3  -2  
10  4  38  2068  384  318  3  -2  
10  4  38  2076  384  318  3  -2  
10  4  38  2083  384  318  3  -2  
10  4  38  2092  384  318  3  -2  
10  4  38  2101  384  318  3  -2  
10  4  38  2108  383  318  3  -2  
10  4  38  2118  383  318  3  -2  
10  4  38  2126  382  318  3  -2  
10  4  38  2134  380  318  3  -2  
10  4  38  2142  380  318  3  -2  
10  4  38  2151  380  318  3  -2  
10  4  38  2158  380  318  3  -2  
10  4  38  2169  380  318  3  -2  
10  4  38  2176  378  319  3  -2  
10  4  38  2184  378  319  3  -2  
10  4  38  2192  378  319  3  -2  
10  4  38  2201  378  319  3  -2  
10  4  38  2208  378  319  3  -2  
10  4  38  2219  377  319  3  -2  
10  4  38  2226  377  319  3  -2  
10  4  38  2236  377  319  3  -2  
10  4  38  2242  377  319  3  -2  
10  4  38  2251  377  319  3  -2  
10  4  38  2259  377  319  3  -2  
10  4  38  2268  377  319  3  -2  
10  4  38  2276  377  319  3  -2  
10  4  38  2286  377  319  3  -2  
10  4  38  2293  377  319  3  -2  
10  4  38  2301  377  319  3  -2  
10  4  38  2309  377  318  3  -2  
10  4  38  2317  377  316  3  -2  
10  4  38  2326  380  315  3  -2  
10  4  38  2334  381  315  3  -2  
10  4  38  2342  384  313  3  -2  
10  4  38  2351  389  313  3  -2  
10  4  38  2358  394  313  3  -2  
10  4  38  2369  400  311  3  -2  
10  4  38  2376  407  309  3  -2  
10  4  38  2384  412  309  3  -2  
10  4  38  2392  419  309  3  -2  
10  4  38  2401  424  309  3  -2  
10  4  38  2409  428  309  3  -2  
10  4  38  2419  433  309  3  -2  
10  4  38  2426  441  309  3  -2  
10  4  38  2437  446  310  3  -2  
10  4  38  2443  453  311  3  -2  
10  4  38  2452  460  311  3  -2  
10  4  38  2459  470  313  3  -2  
10  4  38  2468  477  313  3  -2  
10  4  38  2476  486  315  3  -2  
10  4  38  2486  494  316  3  -2  
10  4  38  2493  501  317  4  -2  
10  4  38  2501  511  317  4  -2  
10  4  38  2509  516  317  4  -2  
10  4  38  2520  523  317  4  -2  
10  4  38  2527  525  317  4  -2  
10  4  38  2536  529  317  4  -2  
10  4  38  2542  530  316  4  -2  
10  4  38  2551  531  316  4  -2  
10  4  38  2559  532  315  4  -2  
10  4  38  2568  532  315  4  -2  
10  4  38  2576  535  315  4  -2  
10  4  38  2584  536  315  4  -2  
10  4  38  2592  538  313  4  -2  
10  4  38  2603  540  313  4  -2  
10  4  38  2609  540  313  4  -2  
10  4  38  2619  540  313  4  -2  
10  4  38  2627  541  313  4  -2  
10  4  39  2636  541  313  4  -2  
10  4  39  2642  541  313  4  -2  
10  4  39  2655  541  313  4  -2  
10  4  39  2671  541  313  4  -2  
10  4  39  2680  541  313  4  -2  
10  4  39  2689  541  313  4  -2  
10  4  39  2698  541  313  4  -2  
10  4  39  2707  541  313  4  -2  
10  4  39  2715  541  313  4  -2  
10  4  39  2724  541  313  4  -2  
10  4  39  2733  541  313  4  -2  
10  4  39  2740  541  313  4  -2  
10  4  39  2748  541  313  4  -2  
10  4  39  2757  541  313  4  -2  
10  4  39  2766  541  313  4  -2  
10  4  39  2775  541  313  4  -2  
10  4  39  2789  541  313  4  -2  
10  4  39  2798  541  313  4  -2  
10  4  39  2805  541  313  4  -2  
10  4  39  2814  541  313  4  -2  
10  4  39  2822  541  313  4  -2  
10  4  39  2831  541  313  4  -2  
10  4  39  2839  541  313  4  -2  
10  4  39  2848  541  313  4  -2  
10  4  39  2856  541  313  4  -2  
10  4  39  2863  541  313  4  -2  
10  4  39  2871  541  313  4  -2  
10  4  39  2881  541  313  4  -2  
10  4  39  2888  541  313  4  -2  
10  4  39  2897  541  313  4  -2  
10  4  39  2906  541  313  4  -2  
10  4  39  2914  541  313  4  -2  
10  4  39  2921  541  313  4  -2  
10  4  39  2930  541  313  4  -2  
10  4  39  2938  541  313  4  -2  
10  4  39  2947  541  313  4  -2  
10  4  39  2955  540  313  4  -2  
10  4  39  2963  539  313  4  -2  
10  4  39  2971  535  313  4  -2  
10  4  39  2979  531  313  4  -2  
10  4  39  2988  525  313  4  -2  
10  4  39  2997  515  313  4  -2  
10  4  39  3005  506  313  4  -2  
10  4  39  3013  495  313  4  -2  
10  4  39  3022  480  313  4  -2  
10  4  39  3030  463  313  4  -2  
10  4  39  3037  448  313  4  -2  
10  4  39  3047  434  313  4  -2  
10  4  39  3055  423  313  4  -2  
10  4  39  3064  418  314  4  -2  
10  4  39  3072  412  315  4  -2  
10  4  39  3080  411  315  4  -2  
10  4  39  3088  410  315  4  -2  
10  4  39  3097  409  316  4  -2  
10  4  39  3105  409  316  4  -2  
10  4  39  3113  409  317  4  -2  
10  4  39  3121  409  317  4  -2  
10  4  39  3130  409  317  4  -2  
10  4  39  3138  408  317  4  -2  
10  4  39  3147  408  317  4  -2  
10  4  39  3155  407  317  4  -2  
10  4  39  3163  407  317  4  -2  
10  4  39  3171  407  317  4  -2  
10  4  39  3180  407  317  4  -2  
10  4  39  3187  407  317  4  -2  
10  4  39  3197  407  317  4  -2  
10  4  39  3205  407  317  4  -2  
10  4  39  3213  407  317  4  -2  
10  4  39  3222  407  317  4  -2  
10  4  39  3230  407  317  4  -2  
10  4  39  3237  407  317  4  -2  
10  4  39  3247  407  317  4  -2  
10  4  39  3255  407  317  4  -2  
10  4  39  3263  407  317  4  -2  
10  4  39  3270  407  317  4  -2  
10  4  39  3280  407  317  4  -2  
10  4  39  3289  407  317  4  -2  
10  4  39  3297  407  317  4  -2  
10  4  39  3305  407  317  4  -2  
10  4  39  3313  407  317  4  -2  
10  4  39  3322  407  317  4  -2  
10  4  39  3330  407  317  4  -2  
10  4  39  3339  407  317  4  -2  
10  4  39  3347  407  317  4  -2  
10  4  39  3355  407  317  4  -2  
10  4  39  3363  407  317  4  -2  
10  4  39  3371  407  317  4  -2  
10  4  39  3380  407  317  4  -2  
10  4  39  3389  407  317  4  -2  
10  4  39  3397  407  317  4  -2  
10  4  39  3405  407  317  4  -2  
10  4  39  3412  407  317  4  -2  
10  4  39  3422  407  317  4  -2  
10  4  39  3430  407  317  4  -2  
10  4  39  3439  407  317  4  -2  
10  4  39  3447  407  317  4  -2  
10  4  39  3455  407  317  4  -2  
10  4  39  3463  407  317  4  -2  
10  4  39  3472  407  317  4  -2  
10  4  39  3480  407  317  4  -2  
10  4  39  3489  407  317  4  -2  
10  4  39  3497  407  317  4  -2  
10  4  39  3505  407  317  4  -2  
10  4  39  3513  407  317  4  -2  
10  4  39  3522  407  317  4  -2  
10  4  39  3530  407  317  4  -2  
10  4  39  3539  407  317  4  -2  
10  4  39  3547  407  317  4  -2  
