14  18  33  0  367  323  1  -2  
14  18  33  7  367  323  1  -2  
14  18  33  16  367  323  1  -2  
14  18  33  24  367  323  1  -2  
14  18  33  33  367  323  1  -2  
14  18  33  40  367  323  1  -2  
14  18  33  50  367  323  1  -2  
14  18  33  57  367  323  1  -2  
14  18  34  66  367  323  1  -2  
14  18  34  74  367  323  1  -2  
14  18  34  83  367  323  1  -2  
14  18  34  91  367  323  1  -2  
14  18  34  100  367  323  1  -2  
14  18  34  107  367  323  1  -2  
14  18  34  116  367  323  1  -2  
14  18  34  124  367  323  1  -2  
14  18  34  133  367  323  1  -2  
14  18  34  141  367  323  1  -2  
14  18  34  150  367  323  1  -2  
14  18  34  157  367  323  1  -2  
14  18  34  166  367  323  1  -2  
14  18  34  174  367  323  1  -2  
14  18  34  182  367  323  1  -2  
14  18  34  191  367  323  1  -2  
14  18  34  200  367  323  1  -2  
14  18  34  207  367  323  1  -2  
14  18  34  216  367  323  1  -2  
14  18  34  224  367  323  1  -2  
14  18  34  233  367  323  1  -2  
14  18  34  241  367  323  1  -2  
14  18  34  250  367  323  1  -2  
14  18  34  257  367  323  1  -2  
14  18  34  266  367  323  1  -2  
14  18  34  274  367  323  1  -2  
14  18  34  283  367  323  1  -2  
14  18  34  291  367  323  1  -2  
14  18  34  300  367  323  1  -2  
14  18  34  307  367  323  1  -2  
14  18  34  316  367  323  1  -2  
14  18  34  324  367  323  1  -2  
14  18  34  333  367  323  1  -2  
14  18  34  341  367  323  1  -2  
14  18  34  350  367  323  1  -2  
14  18  34  357  367  323  1  -2  
14  18  34  366  367  323  1  -2  
14  18  34  374  367  323  1  -2  
14  18  34  382  367  323  1  -2  
14  18  34  391  367  323  1  -2  
14  18  34  400  367  323  1  -2  
14  18  34  407  367  323  1  -2  
14  18  34  416  367  323  1  -2  
14  18  34  425  367  323  1  -2  
14  18  34  432  367  323  1  -2  
14  18  34  441  367  323  1  -2  
14  18  34  450  367  323  1  -2  
14  18  34  457  367  323  1  -2  
14  18  34  466  367  323  1  -2  
14  18  34  474  367  323  1  -2  
14  18  34  482  367  323  1  -2  
14  18  34  491  367  323  1  -2  
14  18  34  500  367  323  1  -2  
14  18  34  507  367  323  1  -2  
14  18  34  516  367  323  1  -2  
14  18  34  524  367  323  1  -2  
14  18  34  534  367  323  1  -2  
14  18  34  541  367  323  1  -2  
14  18  34  550  367  323  1  -2  
14  18  34  557  368  322  1  -2  
14  18  34  567  372  322  1  -2  
14  18  34  574  375  322  1  -2  
14  18  34  582  377  321  1  -2  
14  18  34  591  381  321  1  -2  
14  18  34  600  382  321  1  -2  
14  18  34  609  384  320  1  -2  
14  18  34  616  385  320  1  -2  
14  18  34  624  386  320  1  -2  
14  18  34  632  388  320  1  -2  
14  18  34  642  390  320  1  -2  
14  18  34  650  397  320  1  -2  
14  18  34  659  403  320  1  -2  
14  18  34  667  411  320  1  -2  
14  18  34  675  421  320  1  -2  
14  18  34  683  429  320  1  -2  
14  18  34  692  439  320  1  -2  
14  18  34  700  445  320  1  -2  
14  18  34  707  450  320  1  -2  
14  18  34  716  451  320  1  -2  
14  18  34  724  453  319  1  -2  
14  18  34  732  453  319  1  -2  
14  18  34  741  453  319  1  -2  
14  18  34  750  453  319  1  -2  
14  18  34  758  453  319  1  -2  
14  18  34  766  454  319  1  -2  
14  18  34  774  454  319  1  -2  
14  18  34  782  454  319  1  -2  
14  18  34  790  455  319  1  -2  
14  18  34  799  458  319  1  -2  
14  18  34  806  462  319  1  -2  
14  18  34  815  467  319  1  -2  
14  18  34  823  472  319  1  -2  
14  18  34  832  476  319  1  -2  
14  18  34  840  478  319  1  -2  
14  18  34  849  478  319  1  -2  
14  18  34  858  478  319  1  -2  
14  18  34  865  478  319  1  -2  
14  18  34  873  478  319  1  -2  
14  18  34  882  478  319  1  -2  
14  18  34  889  478  319  1  -2  
14  18  34  899  478  319  1  -2  
14  18  34  907  480  319  1  -2  
14  18  34  915  481  319  1  -2  
14  18  34  923  481  319  1  -2  
14  18  34  931  482  319  1  -2  
14  18  34  940  482  319  1  -2  
14  18  34  949  482  319  1  -2  
14  18  34  958  482  319  1  -2  
14  18  34  965  482  319  1  -2  
14  18  34  973  482  319  1  -2  
14  18  34  982  484  319  1  -2  
14  18  34  990  485  319  1  -2  
14  18  34  999  489  319  1  -2  
14  18  34  1008  493  319  1  -2  
14  18  34  1015  495  319  2  -2  
14  18  34  1023  498  319  2  -2  
14  18  34  1031  498  319  2  -2  
14  18  34  1040  498  319  2  -2  
14  18  34  1050  498  319  2  -2  
14  18  34  1057  498  319  2  -2  
14  18  35  1066  498  319  2  -2  
14  18  35  1073  498  319  2  -2  
14  18  35  1082  498  319  2  -2  
14  18  35  1090  498  319  2  -2  
14  18  35  1099  498  319  2  -2  
14  18  35  1108  498  319  2  -2  
14  18  35  1115  498  319  2  -2  
14  18  35  1124  498  319  2  -2  
14  18  35  1132  498  319  2  -2  
14  18  35  1140  498  319  2  -2  
14  18  35  1149  498  319  2  -2  
14  18  35  1157  498  319  2  -2  
14  18  35  1166  498  319  2  -2  
14  18  35  1173  498  319  2  -2  
14  18  35  1182  498  319  2  -2  
14  18  35  1190  498  319  2  -2  
14  18  35  1199  498  319  2  -2  
14  18  35  1207  498  319  2  -2  
14  18  35  1216  498  319  2  -2  
14  18  35  1223  498  319  2  -2  
14  18  35  1232  498  319  2  -2  
14  18  35  1240  483  319  2  -2  
14  18  35  1250  483  319  2  -2  
14  18  35  1258  463  319  2  -2  
14  18  35  1265  451  319  2  -2  
14  18  35  1274  443  319  2  -2  
14  18  35  1282  434  319  2  -2  
14  18  35  1291  431  319  2  -2  
14  18  35  1299  428  319  2  -2  
14  18  35  1308  428  319  2  -2  
14  18  35  1316  425  319  2  -2  
14  18  35  1324  423  319  2  -2  
14  18  35  1332  420  318  2  -2  
14  18  35  1340  414  318  2  -2  
14  18  35  1349  409  317  2  -2  
14  18  35  1358  401  317  2  -2  
14  18  35  1366  395  317  3  -2  
14  18  35  1373  390  317  3  -2  
14  18  35  1382  388  317  3  -2  
14  18  35  1391  387  317  3  -2  
14  18  35  1399  387  317  3  -2  
14  18  35  1407  387  317  3  -2  
14  18  35  1416  387  317  3  -2  
14  18  35  1424  387  317  3  -2  
14  18  35  1431  387  317  3  -2  
14  18  35  1441  387  317  3  -2  
14  18  35  1449  387  317  3  -2  
14  18  35  1458  387  317  3  -2  
14  18  35  1466  386  317  3  -2  
14  18  35  1474  385  317  3  -2  
14  18  35  1482  384  317  3  -2  
14  18  35  1491  384  317  3  -2  
14  18  35  1499  384  317  3  -2  
14  18  35  1507  384  317  3  -2  
14  18  35  1516  384  317  3  -2  
14  18  35  1524  384  317  3  -2  
14  18  35  1532  384  317  3  -2  
14  18  35  1540  384  317  3  -2  
14  18  35  1550  384  317  3  -2  
14  18  35  1557  384  317  3  -2  
14  18  35  1566  384  317  3  -2  
14  18  35  1574  384  317  3  -2  
14  18  35  1583  384  317  3  -2  
14  18  35  1592  384  317  3  -2  
14  18  35  1599  384  317  3  -2  
14  18  35  1609  384  317  3  -2  
14  18  35  1615  384  317  3  -2  
14  18  35  1624  384  317  3  -2  
14  18  35  1633  384  317  3  -2  
14  18  35  1641  384  317  3  -2  
14  18  35  1650  384  317  3  -2  
14  18  35  1657  384  317  3  -2  
14  18  35  1666  384  317  3  -2  
14  18  35  1674  382  317  3  -2  
14  18  35  1683  373  317  3  -2  
14  18  35  1691  362  317  3  -2  
14  18  35  1700  349  317  3  -2  
14  18  35  1708  337  317  3  -2  
14  18  35  1716  327  317  3  -2  
14  18  35  1724  322  317  3  -2  
14  18  35  1733  318  317  3  -2  
14  18  35  1741  318  317  3  -2  
14  18  35  1750  318  317  3  -2  
14  18  35  1757  318  317  3  -2  
14  18  35  1766  318  317  3  -2  
14  18  35  1774  318  317  3  -2  
14  18  35  1782  318  317  3  -2  
14  18  35  1790  318  317  3  -2  
14  18  35  1800  318  317  3  -2  
14  18  35  1807  318  317  3  -2  
14  18  35  1816  318  317  3  -2  
14  18  35  1824  318  317  3  -2  
14  18  35  1833  318  317  3  -2  
14  18  35  1841  318  317  3  -2  
14  18  35  1850  318  317  3  -2  
14  18  35  1857  318  317  3  -2  
14  18  35  1866  318  317  3  -2  
14  18  35  1874  318  317  3  -2  
14  18  35  1882  318  317  3  -2  
14  18  35  1890  318  317  3  -2  
14  18  35  1900  318  317  3  -2  
14  18  35  1908  318  317  3  -2  
14  18  35  1916  318  317  3  -2  
14  18  35  1924  318  317  3  -2  
14  18  35  1932  318  317  3  -2  
14  18  35  1942  318  317  3  -2  
14  18  35  1950  318  317  3  -2  
14  18  35  1957  318  317  3  -2  
14  18  35  1966  318  317  3  -2  
14  18  35  1974  318  317  3  -2  
14  18  35  1983  318  317  3  -2  
14  18  35  1991  318  317  3  -2  
14  18  35  2000  318  317  3  -2  
14  18  35  2009  319  317  3  -2  
14  18  35  2016  323  317  3  -2  
14  18  35  2024  323  317  3  -2  
14  18  35  2034  325  317  3  -2  
14  18  35  2042  331  317  3  -2  
14  18  35  2050  335  317  3  -2  
14  18  35  2057  340  317  3  -2  
14  18  36  2066  342  317  3  -2  
14  18  36  2075  346  317  3  -2  
14  18  36  2083  351  317  3  -2  
14  18  36  2091  358  318  3  -2  
14  18  36  2101  367  319  3  -2  
14  18  36  2109  375  319  3  -2  
14  18  36  2115  387  319  3  -2  
14  18  36  2126  400  320  3  -2  
14  18  36  2133  412  320  3  -2  
14  18  36  2141  420  320  3  -2  
14  18  36  2150  429  320  3  -2  
14  18  36  2159  434  320  3  -2  
14  18  36  2166  436  320  3  -2  
14  18  36  2174  440  320  3  -2  
14  18  36  2183  443  320  3  -2  
14  18  36  2191  444  320  3  -2  
14  18  36  2201  447  320  3  -2  
14  18  36  2209  452  320  3  -2  
14  18  36  2216  459  320  3  -2  
14  18  36  2225  471  320  3  -2  
14  18  36  2234  481  322  3  -2  
14  18  36  2241  500  325  4  -2  
14  18  36  2250  500  325  4  -2  
14  18  36  2258  506  325  4  -2  
14  18  36  2267  507  326  4  -2  
14  18  36  2274  507  326  4  -2  
14  18  36  2284  507  326  4  -2  
14  18  36  2291  507  326  4  -2  
14  18  36  2300  507  326  4  -2  
14  18  36  2307  507  326  4  -2  
14  18  36  2316  507  326  4  -2  
14  18  36  2324  507  326  4  -2  
14  18  36  2333  507  326  4  -2  
14  18  36  2342  507  326  4  -2  
14  18  36  2350  507  326  4  -2  
14  18  36  2359  507  326  4  -2  
14  18  36  2366  507  326  4  -2  
14  18  36  2374  507  326  4  -2  
14  18  36  2383  507  326  4  -2  
14  18  36  2392  507  326  4  -2  
14  18  36  2400  507  326  4  -2  
14  18  36  2409  507  326  4  -2  
14  18  36  2416  507  326  4  -2  
14  18  36  2424  507  326  4  -2  
14  18  36  2434  501  326  4  -2  
14  18  36  2442  468  326  4  -2  
14  18  36  2450  445  324  4  -2  
14  18  36  2458  417  322  4  -2  
14  18  36  2469  383  322  5  -2  
14  18  36  2475  355  322  5  -2  
14  18  36  2484  330  321  5  -2  
14  18  36  2491  315  318  5  -2  
14  18  36  2501  303  317  5  -2  
14  18  36  2509  298  317  5  -2  
14  18  36  2516  296  317  5  -2  
14  18  36  2523  296  317  5  -2  
14  18  36  2533  296  317  5  -2  
14  18  36  2541  296  317  5  -2  
14  18  36  2550  296  317  5  -2  
14  18  36  2558  296  317  5  -2  
14  18  36  2566  296  317  5  -2  
14  18  36  2575  296  317  5  -2  
14  18  36  2583  295  317  5  -2  
14  18  36  2592  295  317  5  -2  
14  18  36  2601  295  317  5  -2  
14  18  36  2611  295  317  5  -2  
14  18  36  2624  295  317  5  -2  
14  18  36  2634  295  317  5  -2  
14  18  36  2644  295  317  5  -2  
14  18  36  2650  295  317  5  -2  
14  18  36  2659  295  317  5  -2  
14  18  36  2668  295  317  5  -2  
14  18  36  2676  295  317  5  -2  
14  18  36  2685  295  317  5  -2  
14  18  36  2693  295  317  5  -2  
14  18  36  2701  295  317  5  -2  
14  18  36  2709  295  317  5  -2  
14  18  36  2718  295  317  5  -2  
14  18  36  2726  295  317  5  -2  
14  18  36  2735  295  317  5  -2  
14  18  36  2743  295  317  5  -2  
14  18  36  2751  295  317  5  -2  
14  18  36  2759  295  317  5  -2  
14  18  36  2768  295  317  5  -2  
14  18  36  2776  295  317  5  -2  
14  18  36  2785  295  317  5  -2  
14  18  36  2792  295  317  5  -2  
14  18  36  2802  295  317  5  -2  
14  18  36  2809  295  317  5  -2  
14  18  36  2818  295  317  5  -2  
14  18  36  2826  295  317  5  -2  
14  18  36  2835  295  317  5  -2  
14  18  36  2843  295  317  5  -2  
14  18  36  2850  295  317  5  -2  
14  18  36  2860  295  317  5  -2  
14  18  36  2868  295  317  5  -2  
14  18  36  2876  295  317  5  -2  
14  18  36  2885  295  317  5  -2  
14  18  36  2893  295  317  5  -2  
14  18  36  2901  295  317  5  -2  
14  18  36  2910  295  317  5  -2  
14  18  36  2918  295  317  5  -2  
14  18  36  2926  295  317  5  -2  
14  18  36  2934  295  317  5  -2  
14  18  36  2943  295  317  5  -2  
14  18  36  2951  295  317  5  -2  
14  18  36  2960  295  317  5  -2  
14  18  36  2968  295  317  5  -2  
14  18  36  2976  295  317  5  -2  
14  18  36  2984  295  317  5  -2  
14  18  36  2993  295  317  5  -2  
14  18  36  3001  295  317  5  -2  
14  18  36  3010  295  317  5  -2  
14  18  36  3018  295  317  5  -2  
