16  22  26  0  367  319  1  -2  
16  22  26  9  367  319  1  -2  
16  22  26  16  367  319  1  -2  
16  22  26  25  367  319  1  -2  
16  22  26  33  367  319  1  -2  
16  22  26  42  367  319  1  -2  
16  22  26  50  367  319  1  -2  
16  22  26  59  367  319  1  -2  
16  22  26  66  367  319  1  -2  
16  22  26  76  367  319  1  -2  
16  22  26  83  367  319  1  -2  
16  22  26  92  367  319  1  -2  
16  22  26  100  367  319  1  -2  
16  22  26  109  367  319  1  -2  
16  22  26  117  367  319  1  -2  
16  22  26  126  367  319  1  -2  
16  22  26  134  367  319  1  -2  
16  22  26  142  367  319  1  -2  
16  22  26  150  367  319  1  -2  
16  22  26  159  367  319  1  -2  
16  22  26  166  367  319  1  -2  
16  22  26  175  367  319  1  -2  
16  22  26  184  367  319  1  -2  
16  22  26  192  367  319  1  -2  
16  22  26  200  367  319  1  -2  
16  22  26  209  367  319  1  -2  
16  22  26  217  367  319  1  -2  
16  22  26  225  367  319  1  -2  
16  22  26  234  367  319  1  -2  
16  22  26  242  367  319  1  -2  
16  22  26  250  367  319  1  -2  
16  22  26  259  367  319  1  -2  
16  22  26  266  367  319  1  -2  
16  22  26  275  367  319  1  -2  
16  22  26  284  367  319  1  -2  
16  22  26  292  367  319  1  -2  
16  22  26  300  367  319  1  -2  
16  22  26  309  368  319  1  -2  
16  22  26  317  373  319  1  -2  
16  22  26  326  380  319  1  -2  
16  22  26  335  391  319  1  -2  
16  22  26  343  425  321  1  -2  
16  22  26  350  457  324  1  -2  
16  22  26  359  457  324  1  -2  
16  22  26  366  511  330  2  -2  
16  22  26  376  511  330  2  -2  
16  22  26  385  559  336  2  -2  
16  22  26  393  570  336  2  -2  
16  22  26  400  576  336  2  -2  
16  22  26  409  578  336  2  -2  
16  22  26  417  579  336  2  -2  
16  22  26  425  579  336  2  -2  
16  22  26  434  579  336  2  -2  
16  22  26  442  579  336  2  -2  
16  22  26  451  579  336  2  -2  
16  22  26  459  579  336  2  -2  
16  22  26  467  579  336  2  -2  
16  22  26  476  579  336  2  -2  
16  22  26  484  579  336  2  -2  
16  22  26  493  579  336  2  -2  
16  22  26  500  579  336  2  -2  
16  22  26  509  579  336  2  -2  
16  22  26  517  579  336  2  -2  
16  22  26  525  579  336  2  -2  
16  22  26  535  579  336  2  -2  
16  22  26  543  579  336  2  -2  
16  22  26  551  579  336  2  -2  
16  22  26  559  579  336  2  -2  
16  22  26  567  579  336  2  -2  
16  22  26  576  579  336  2  -2  
16  22  26  584  579  336  2  -2  
16  22  26  593  579  336  2  -2  
16  22  26  600  579  336  2  -2  
16  22  26  609  579  336  2  -2  
16  22  26  617  579  336  2  -2  
16  22  26  625  579  336  2  -2  
16  22  26  634  579  336  2  -2  
16  22  26  643  579  336  2  -2  
16  22  26  650  579  336  2  -2  
16  22  26  659  579  336  2  -2  
16  22  26  667  579  336  2  -2  
16  22  26  676  579  336  2  -2  
16  22  26  684  579  336  2  -2  
16  22  26  692  579  336  2  -2  
16  22  26  702  579  336  2  -2  
16  22  26  709  579  336  2  -2  
16  22  26  718  579  336  2  -2  
16  22  26  725  579  336  2  -2  
16  22  26  734  579  336  2  -2  
16  22  26  744  579  336  2  -2  
16  22  26  751  579  336  2  -2  
16  22  27  760  577  336  2  -2  
16  22  27  768  576  336  2  -2  
16  22  27  776  575  336  2  -2  
16  22  27  785  575  336  2  -2  
16  22  27  793  574  336  2  -2  
16  22  27  802  573  336  2  -2  
16  22  27  809  573  336  2  -2  
16  22  27  817  572  336  2  -2  
16  22  27  826  572  336  2  -2  
16  22  27  834  571  336  2  -2  
16  22  27  844  570  336  2  -2  
16  22  27  850  569  335  2  -2  
16  22  27  858  569  335  2  -2  
16  22  27  867  568  335  2  -2  
16  22  27  876  568  335  2  -2  
16  22  27  885  568  335  2  -2  
16  22  27  893  568  335  2  -2  
16  22  27  900  568  335  2  -2  
16  22  27  909  568  335  2  -2  
16  22  27  918  566  333  2  -2  
16  22  27  926  565  333  2  -2  
16  22  27  934  564  333  2  -2  
16  22  27  944  562  333  2  -2  
16  22  27  952  557  333  2  -2  
16  22  27  959  554  333  2  -2  
16  22  27  968  554  333  2  -2  
16  22  27  976  548  333  2  -2  
16  22  27  985  544  333  2  -2  
16  22  27  993  538  333  2  -2  
16  22  27  1001  531  333  2  -2  
16  22  27  1009  521  333  2  -2  
16  22  27  1017  511  333  2  -2  
16  22  27  1026  497  331  2  -2  
16  22  27  1035  484  331  2  -2  
16  22  27  1043  469  331  2  -2  
16  22  27  1050  456  327  2  -2  
16  22  27  1059  445  326  2  -2  
16  22  27  1068  433  325  2  -2  
16  22  27  1076  425  323  2  -2  
16  22  27  1084  413  321  2  -2  
16  22  27  1093  408  321  2  -2  
16  22  27  1102  404  321  2  -2  
16  22  27  1110  402  321  2  -2  
16  22  27  1118  400  321  2  -2  
16  22  27  1126  399  321  3  -2  
16  22  27  1134  398  321  3  -2  
16  22  27  1144  397  321  3  -2  
16  22  27  1150  396  321  3  -2  
16  22  27  1160  396  321  3  -2  
16  22  27  1168  392  321  3  -2  
16  22  27  1177  389  320  3  -2  
16  22  27  1185  384  320  3  -2  
16  22  27  1193  380  319  3  -2  
16  22  27  1202  375  319  3  -2  
16  22  27  1210  373  319  3  -2  
16  22  27  1217  372  319  3  -2  
16  22  27  1226  372  319  3  -2  
16  22  27  1234  372  319  3  -2  
16  22  27  1243  372  319  3  -2  
16  22  27  1250  372  319  3  -2  
16  22  27  1257  372  319  3  -2  
16  22  27  1268  372  319  3  -2  
16  22  27  1275  372  319  3  -2  
16  22  27  1285  372  319  3  -2  
16  22  27  1293  372  319  3  -2  
16  22  27  1299  372  319  3  -2  
16  22  27  1310  372  319  3  -2  
16  22  27  1317  372  319  3  -2  
16  22  27  1325  372  319  3  -2  
16  22  27  1334  372  319  3  -2  
16  22  27  1343  372  319  3  -2  
16  22  27  1350  372  319  3  -2  
16  22  27  1358  372  319  3  -2  
16  22  27  1368  372  319  3  -2  
16  22  27  1375  372  319  3  -2  
16  22  27  1385  372  319  3  -2  
16  22  27  1392  372  319  3  -2  
16  22  27  1400  372  319  3  -2  
16  22  27  1409  372  319  3  -2  
16  22  27  1417  372  319  3  -2  
16  22  27  1426  372  319  3  -2  
16  22  27  1435  372  319  3  -2  
16  22  27  1443  372  319  3  -2  
16  22  27  1451  372  319  3  -2  
16  22  27  1459  372  319  3  -2  
16  22  27  1467  372  319  3  -2  
16  22  27  1477  372  319  3  -2  
16  22  27  1485  372  319  3  -2  
16  22  27  1493  372  319  3  -2  
16  22  27  1500  372  319  3  -2  
16  22  27  1510  375  319  3  -2  
16  22  27  1518  384  319  3  -2  
16  22  27  1526  395  319  3  -2  
16  22  27  1535  428  319  3  -2  
16  22  27  1544  445  319  3  -2  
16  22  27  1551  461  319  3  -2  
16  22  27  1560  478  319  3  -2  
16  22  27  1568  493  319  3  -2  
16  22  27  1576  508  319  4  -2  
16  22  27  1584  519  319  4  -2  
16  22  27  1593  526  319  4  -2  
16  22  27  1601  536  319  4  -2  
16  22  27  1609  543  319  4  -2  
16  22  27  1618  550  319  4  -2  
16  22  27  1627  555  319  4  -2  
16  22  27  1635  563  319  4  -2  
16  22  27  1644  566  319  4  -2  
16  22  27  1652  571  319  4  -2  
16  22  27  1659  574  319  4  -2  
16  22  27  1668  574  319  4  -2  
16  22  27  1677  575  319  4  -2  
16  22  27  1685  575  319  4  -2  
16  22  27  1693  577  319  4  -2  
16  22  27  1702  577  319  4  -2  
16  22  27  1710  577  319  4  -2  
16  22  27  1718  577  319  4  -2  
16  22  27  1727  577  319  4  -2  
16  22  27  1734  577  319  4  -2  
16  22  27  1744  577  319  4  -2  
16  22  27  1752  577  319  4  -2  
16  22  28  1760  577  318  4  -2  
16  22  28  1768  577  318  4  -2  
16  22  28  1777  577  318  4  -2  
16  22  28  1784  577  318  4  -2  
16  22  28  1794  577  318  4  -2  
16  22  28  1801  577  318  4  -2  
16  22  28  1810  577  318  4  -2  
16  22  28  1818  577  318  4  -2  
16  22  28  1827  577  318  4  -2  
16  22  28  1835  577  318  4  -2  
16  22  28  1843  577  318  4  -2  
16  22  28  1851  577  318  4  -2  
16  22  28  1860  577  318  4  -2  
16  22  28  1868  577  318  4  -2  
16  22  28  1877  577  318  4  -2  
16  22  28  1885  574  318  4  -2  
16  22  28  1893  571  318  4  -2  
16  22  28  1902  566  318  4  -2  
16  22  28  1910  563  318  4  -2  
16  22  28  1918  558  318  4  -2  
16  22  28  1927  554  318  4  -2  
16  22  28  1935  546  318  4  -2  
16  22  28  1943  540  318  4  -2  
16  22  28  1951  534  318  4  -2  
16  22  28  1960  527  318  4  -2  
16  22  28  1969  520  318  4  -2  
16  22  28  1977  512  318  4  -2  
16  22  28  1985  503  318  4  -2  
16  22  28  1993  493  318  4  -2  
16  22  28  2001  485  318  4  -2  
16  22  28  2010  476  318  4  -2  
16  22  28  2019  470  318  4  -2  
16  22  28  2027  465  318  4  -2  
16  22  28  2035  459  318  4  -2  
16  22  28  2044  454  318  4  -2  
16  22  28  2052  450  318  4  -2  
16  22  28  2060  445  318  4  -2  
16  22  28  2069  440  318  4  -2  
16  22  28  2077  434  318  4  -2  
16  22  28  2085  428  318  4  -2  
16  22  28  2093  422  318  4  -2  
16  22  28  2102  415  318  4  -2  
16  22  28  2110  411  318  4  -2  
16  22  28  2118  408  318  4  -2  
16  22  28  2127  407  318  4  -2  
16  22  28  2135  407  318  4  -2  
16  22  28  2144  407  318  4  -2  
16  22  28  2152  406  318  4  -2  
16  22  28  2160  406  318  4  -2  
16  22  28  2168  406  318  4  -2  
16  22  28  2177  406  318  4  -2  
16  22  28  2185  406  318  4  -2  
16  22  28  2194  406  318  4  -2  
16  22  28  2202  406  318  4  -2  
16  22  28  2210  406  318  4  -2  
16  22  28  2219  406  318  4  -2  
16  22  28  2227  406  318  4  -2  
16  22  28  2235  406  318  4  -2  
16  22  28  2243  406  318  4  -2  
16  22  28  2251  406  318  4  -2  
16  22  28  2260  406  318  4  -2  
16  22  28  2269  406  318  4  -2  
16  22  28  2277  406  318  4  -2  
16  22  28  2285  405  318  4  -2  
16  22  28  2295  404  318  4  -2  
16  22  28  2303  403  318  4  -2  
16  22  28  2312  403  318  4  -2  
16  22  28  2318  402  318  4  -2  
16  22  28  2328  402  318  4  -2  
