10  3  57  0  376  318  1  -2  
10  3  57  8  376  318  1  -2  
10  3  57  16  376  318  1  -2  
10  3  57  24  376  318  1  -2  
10  3  57  33  376  318  1  -2  
10  3  57  41  376  318  1  -2  
10  3  57  50  376  318  1  -2  
10  3  57  58  376  318  1  -2  
10  3  57  66  375  318  1  -2  
10  3  57  74  375  318  1  -2  
10  3  57  83  375  318  1  -2  
10  3  57  91  375  318  1  -2  
10  3  57  100  375  318  1  -2  
10  3  57  108  375  318  1  -2  
10  3  57  116  375  318  1  -2  
10  3  57  124  375  318  1  -2  
10  3  57  133  375  318  1  -2  
10  3  57  141  375  318  1  -2  
10  3  57  150  375  318  1  -2  
10  3  57  157  375  318  1  -2  
10  3  57  166  375  318  1  -2  
10  3  57  174  375  318  1  -2  
10  3  57  183  375  318  1  -2  
10  3  57  190  375  318  1  -2  
10  3  57  200  375  318  1  -2  
10  3  57  208  374  318  1  -2  
10  3  57  217  374  318  1  -2  
10  3  57  224  374  318  1  -2  
10  3  57  235  374  318  1  -2  
10  3  57  241  374  318  1  -2  
10  3  57  250  374  318  1  -2  
10  3  57  258  374  318  1  -2  
10  3  57  267  374  318  1  -2  
10  3  57  274  374  318  1  -2  
10  3  57  283  374  318  1  -2  
10  3  58  291  374  318  1  -2  
10  3  58  300  374  318  1  -2  
10  3  58  308  374  318  1  -2  
10  3  58  316  374  318  1  -2  
10  3  58  324  374  318  1  -2  
10  3  58  333  374  318  1  -2  
10  3  58  341  374  318  1  -2  
10  3  58  350  374  318  1  -2  
10  3  58  357  374  318  1  -2  
10  3  58  366  374  318  1  -2  
10  3  58  374  374  318  1  -2  
10  3  58  383  374  318  1  -2  
10  3  58  391  374  318  1  -2  
10  3  58  400  374  318  1  -2  
10  3  58  408  374  318  1  -2  
10  3  58  416  374  318  1  -2  
10  3  58  424  374  318  1  -2  
10  3  58  433  374  318  1  -2  
10  3  58  441  376  318  1  -2  
10  3  58  450  377  318  1  -2  
10  3  58  458  378  318  1  -2  
10  3  58  467  382  316  1  -2  
10  3  58  474  383  316  1  -2  
10  3  58  484  386  316  1  -2  
10  3  58  491  389  316  1  -2  
10  3  58  500  391  316  1  -2  
10  3  58  508  394  315  1  -2  
10  3  58  516  394  315  1  -2  
10  3  58  524  398  315  1  -2  
10  3  58  533  398  315  1  -2  
10  3  58  541  400  315  1  -2  
10  3  58  550  404  315  1  -2  
10  3  58  558  406  315  1  -2  
10  3  58  566  408  315  1  -2  
10  3  58  574  412  315  1  -2  
10  3  58  583  415  315  1  -2  
10  3  58  591  417  315  1  -2  
10  3  58  600  420  315  1  -2  
10  3  58  607  422  315  1  -2  
10  3  58  617  422  315  1  -2  
10  3  58  624  425  315  1  -2  
10  3  58  633  428  316  1  -2  
10  3  58  641  429  316  1  -2  
10  3  58  651  430  316  1  -2  
10  3  58  658  433  316  1  -2  
10  3  58  666  434  316  1  -2  
10  3  58  674  436  316  1  -2  
10  3  58  683  437  316  1  -2  
10  3  58  692  438  316  1  -2  
10  3  58  700  440  316  1  -2  
10  3  58  707  440  316  1  -2  
10  3  58  716  442  316  1  -2  
10  3  58  724  444  316  1  -2  
10  3  58  734  444  316  1  -2  
10  3  58  741  448  316  1  -2  
10  3  58  750  448  316  1  -2  
10  3  58  757  450  316  1  -2  
10  3  58  766  452  316  1  -2  
10  3  58  775  454  316  1  -2  
10  3  58  783  458  316  1  -2  
10  3  58  792  460  316  1  -2  
10  3  58  800  462  316  1  -2  
10  3  58  809  470  316  1  -2  
10  3  58  816  471  316  1  -2  
10  3  58  824  475  316  1  -2  
10  3  58  833  479  316  1  -2  
10  3  58  842  480  316  1  -2  
10  3  58  850  481  316  1  -2  
10  3  58  858  483  317  1  -2  
10  3  58  867  484  317  1  -2  
10  3  58  875  485  317  1  -2  
10  3  58  883  486  317  1  -2  
10  3  58  892  487  317  1  -2  
10  3  58  900  489  317  1  -2  
10  3  58  908  491  317  1  -2  
10  3  58  917  493  317  1  -2  
10  3  58  925  496  317  2  -2  
10  3  58  933  498  317  2  -2  
10  3  58  942  501  317  2  -2  
10  3  58  949  504  317  2  -2  
10  3  58  958  505  317  2  -2  
10  3  58  967  506  317  2  -2  
10  3  58  975  507  317  2  -2  
10  3  58  983  508  317  2  -2  
10  3  58  992  509  317  2  -2  
10  3  58  1001  510  317  2  -2  
10  3  58  1008  513  317  2  -2  
10  3  58  1016  513  317  2  -2  
10  3  58  1025  515  317  2  -2  
10  3  58  1033  517  319  2  -2  
10  3  58  1042  517  319  2  -2  
10  3  58  1049  519  319  2  -2  
10  3  58  1058  519  319  2  -2  
10  3  58  1067  520  319  2  -2  
10  3  58  1075  520  319  2  -2  
10  3  58  1083  520  319  2  -2  
10  3  58  1092  521  320  2  -2  
10  3  58  1099  521  320  2  -2  
10  3  58  1108  523  320  2  -2  
10  3  58  1116  523  320  2  -2  
10  3  58  1125  524  320  2  -2  
10  3  58  1133  525  320  2  -2  
10  3  58  1142  525  321  2  -2  
10  3  58  1149  526  321  2  -2  
10  3  58  1158  526  321  2  -2  
10  3  58  1167  526  321  2  -2  
10  3  58  1175  526  321  2  -2  
10  3  58  1183  526  321  2  -2  
10  3  58  1192  527  321  2  -2  
10  3  58  1201  527  321  2  -2  
10  3  58  1208  527  321  2  -2  
10  3  58  1217  527  321  2  -2  
10  3  58  1225  527  321  2  -2  
10  3  58  1233  527  321  2  -2  
10  3  58  1242  527  321  2  -2  
10  3  58  1250  527  321  2  -2  
10  3  58  1259  527  321  2  -2  
10  3  58  1266  527  321  2  -2  
10  3  58  1275  527  321  2  -2  
10  3  58  1283  527  321  2  -2  
10  3  59  1291  527  321  2  -2  
10  3  59  1300  527  321  2  -2  
10  3  59  1308  527  321  2  -2  
10  3  59  1317  527  321  2  -2  
10  3  59  1325  527  321  2  -2  
10  3  59  1334  527  321  2  -2  
10  3  59  1342  527  321  2  -2  
10  3  59  1350  527  321  2  -2  
10  3  59  1358  527  321  2  -2  
10  3  59  1367  527  321  2  -2  
10  3  59  1375  527  321  2  -2  
10  3  59  1383  527  321  2  -2  
10  3  59  1391  527  321  2  -2  
10  3  59  1399  527  321  2  -2  
10  3  59  1409  527  321  2  -2  
10  3  59  1417  527  321  2  -2  
10  3  59  1425  527  321  2  -2  
10  3  59  1433  527  321  2  -2  
10  3  59  1442  527  321  2  -2  
10  3  59  1451  527  321  2  -2  
10  3  59  1460  527  321  2  -2  
10  3  59  1466  527  321  2  -2  
10  3  59  1475  527  321  2  -2  
10  3  59  1483  527  321  2  -2  
10  3  59  1491  527  321  2  -2  
10  3  59  1500  527  321  2  -2  
10  3  59  1509  527  321  2  -2  
10  3  59  1516  527  321  2  -2  
10  3  59  1524  527  321  2  -2  
10  3  59  1532  527  321  2  -2  
10  3  59  1540  527  321  2  -2  
10  3  59  1549  527  321  2  -2  
10  3  59  1558  527  321  2  -2  
10  3  59  1565  527  321  2  -2  
10  3  59  1574  526  321  2  -2  
10  3  59  1583  526  321  2  -2  
10  3  59  1591  524  321  2  -2  
10  3  59  1600  523  321  2  -2  
10  3  59  1608  523  321  2  -2  
10  3  59  1615  521  321  2  -2  
10  3  59  1625  520  321  2  -2  
10  3  59  1633  517  321  2  -2  
10  3  59  1642  515  321  2  -2  
10  3  59  1650  512  321  2  -2  
10  3  59  1658  507  319  2  -2  
10  3  59  1666  505  318  2  -2  
10  3  59  1674  500  318  2  -2  
10  3  59  1682  496  317  2  -2  
10  3  59  1691  492  317  2  -2  
10  3  59  1699  488  316  2  -2  
10  3  59  1708  487  316  2  -2  
10  3  59  1715  484  316  2  -2  
10  3  59  1725  482  316  2  -2  
10  3  59  1732  482  316  2  -2  
10  3  59  1742  479  316  2  -2  
10  3  59  1750  479  316  2  -2  
10  3  59  1759  476  316  2  -2  
10  3  59  1766  475  316  2  -2  
10  3  59  1774  472  316  2  -2  
10  3  59  1782  469  316  2  -2  
10  3  59  1791  465  316  2  -2  
10  3  59  1800  460  316  2  -2  
10  3  59  1808  451  314  2  -2  
10  3  59  1815  447  314  2  -2  
10  3  59  1824  442  313  2  -2  
10  3  59  1833  441  312  2  -2  
10  3  59  1841  438  312  2  -2  
10  3  59  1851  435  311  2  -2  
10  3  59  1859  434  311  2  -2  
10  3  59  1866  433  311  2  -2  
10  3  59  1874  431  311  2  -2  
10  3  59  1882  429  311  2  -2  
10  3  59  1891  427  311  2  -2  
10  3  59  1900  424  310  2  -2  
10  3  59  1909  421  310  2  -2  
10  3  59  1916  419  309  2  -2  
10  3  59  1924  418  309  2  -2  
10  3  59  1933  416  309  2  -2  
10  3  59  1941  414  309  2  -2  
10  3  59  1951  412  309  2  -2  
10  3  59  1958  411  308  2  -2  
10  3  59  1967  410  308  2  -2  
10  3  59  1975  407  308  2  -2  
10  3  59  1983  404  308  2  -2  
10  3  59  1992  404  308  2  -2  
10  3  59  2001  403  308  2  -2  
10  3  59  2008  400  308  2  -2  
10  3  59  2016  400  308  2  -2  
10  3  59  2026  399  308  3  -2  
10  3  59  2034  398  308  3  -2  
10  3  59  2041  396  308  3  -2  
10  3  59  2051  395  308  3  -2  
10  3  59  2058  395  308  3  -2  
10  3  59  2067  393  308  3  -2  
10  3  59  2074  393  308  3  -2  
10  3  59  2083  392  308  3  -2  
10  3  59  2091  392  308  3  -2  
10  3  59  2100  391  308  3  -2  
10  3  59  2108  391  308  3  -2  
10  3  59  2117  389  308  3  -2  
10  3  59  2125  389  308  3  -2  
10  3  59  2132  387  308  3  -2  
10  3  59  2141  386  308  3  -2  
10  3  59  2151  385  308  3  -2  
10  3  59  2158  384  308  3  -2  
10  3  59  2167  383  308  3  -2  
10  3  59  2175  382  308  3  -2  
10  3  59  2183  380  308  3  -2  
10  3  59  2191  380  308  3  -2  
10  3  59  2199  380  308  3  -2  
10  3  59  2208  378  308  3  -2  
10  3  59  2216  378  308  3  -2  
10  3  59  2224  378  308  3  -2  
10  3  59  2233  378  308  3  -2  
10  3  59  2243  378  308  3  -2  
10  3  59  2250  377  308  3  -2  
10  3  59  2259  377  308  3  -2  
10  3  59  2267  377  308  3  -2  
10  3  59  2275  377  308  3  -2  
10  3  59  2284  377  308  3  -2  
10  4  0  2293  377  308  3  -2  
10  4  0  2302  376  308  3  -2  
10  4  0  2310  375  308  3  -2  
10  4  0  2318  375  308  3  -2  
10  4  0  2326  375  308  3  -2  
10  4  0  2335  375  308  3  -2  
10  4  0  2342  374  308  3  -2  
10  4  0  2351  374  308  3  -2  
10  4  0  2362  374  308  3  -2  
10  4  0  2369  372  309  3  -2  
10  4  0  2376  372  309  3  -2  
10  4  0  2383  372  309  3  -2  
10  4  0  2393  372  309  3  -2  
10  4  0  2401  372  309  3  -2  
10  4  0  2410  372  309  3  -2  
10  4  0  2419  372  309  3  -2  
10  4  0  2426  372  309  3  -2  
10  4  0  2434  372  309  3  -2  
10  4  0  2443  372  309  3  -2  
10  4  0  2451  372  309  3  -2  
10  4  0  2460  372  309  3  -2  
10  4  0  2468  372  309  3  -2  
10  4  0  2480  372  309  3  -2  
10  4  0  2485  372  309  3  -2  
10  4  0  2495  372  309  3  -2  
10  4  0  2503  372  309  3  -2  
10  4  0  2512  372  309  3  -2  
10  4  0  2517  372  309  3  -2  
10  4  0  2529  372  309  3  -2  
10  4  0  2535  372  309  3  -2  
10  4  0  2545  372  309  3  -2  
10  4  0  2552  372  309  3  -2  
10  4  0  2562  372  309  3  -2  
10  4  0  2568  372  309  3  -2  
10  4  0  2578  372  309  3  -2  
10  4  0  2586  372  309  3  -2  
10  4  0  2595  374  309  3  -2  
10  4  0  2602  374  309  3  -2  
10  4  0  2612  378  309  3  -2  
10  4  0  2619  380  309  3  -2  
10  4  0  2628  383  309  3  -2  
10  4  0  2635  387  309  3  -2  
10  4  0  2643  391  309  3  -2  
10  4  0  2653  392  309  3  -2  
10  4  0  2661  396  309  3  -2  
10  4  0  2668  397  309  3  -2  
10  4  0  2678  399  309  3  -2  
10  4  0  2685  400  309  3  -2  
10  4  0  2695  400  309  3  -2  
10  4  0  2703  402  309  3  -2  
10  4  0  2712  403  309  3  -2  
10  4  0  2718  403  309  3  -2  
10  4  0  2729  405  309  3  -2  
10  4  0  2736  407  309  3  -2  
10  4  0  2745  408  309  3  -2  
10  4  0  2752  409  309  3  -2  
10  4  0  2762  409  309  3  -2  
10  4  0  2768  410  309  3  -2  
10  4  0  2779  410  309  3  -2  
10  4  0  2785  411  309  3  -2  
10  4  0  2796  411  309  3  -2  
10  4  0  2802  411  309  3  -2  
10  4  0  2812  414  310  3  -2  
10  4  0  2820  414  310  3  -2  
10  4  0  2828  415  310  3  -2  
10  4  0  2835  416  311  3  -2  
10  4  0  2843  416  311  3  -2  
10  4  0  2854  417  311  3  -2  
10  4  0  2864  418  311  3  -2  
10  4  0  2872  421  311  3  -2  
10  4  0  2882  423  312  3  -2  
10  4  0  2890  423  312  3  -2  
10  4  0  2900  423  312  3  -2  
10  4  0  2908  425  312  3  -2  
10  4  0  2918  427  312  3  -2  
10  4  0  2926  429  312  3  -2  
10  4  0  2934  431  313  3  -2  
10  4  0  2946  432  313  3  -2  
10  4  0  2953  438  314  3  -2  
10  4  0  2964  439  314  3  -2  
10  4  0  2971  442  314  3  -2  
10  4  0  2982  443  314  3  -2  
10  4  0  2987  444  315  3  -2  
10  4  0  2998  444  315  3  -2  
10  4  0  3005  446  315  3  -2  
10  4  0  3014  448  315  3  -2  
10  4  0  3022  450  315  3  -2  
10  4  0  3032  452  317  3  -2  
10  4  0  3038  457  317  3  -2  
10  4  0  3050  457  317  3  -2  
10  4  0  3057  462  318  3  -2  
10  4  0  3066  466  319  3  -2  
10  4  0  3078  466  319  3  -2  
10  4  0  3086  468  319  3  -2  
10  4  0  3095  469  319  3  -2  
10  4  0  3104  469  319  3  -2  
10  4  0  3113  470  319  3  -2  
10  4  0  3121  470  319  3  -2  
10  4  0  3131  471  319  3  -2  
10  4  0  3139  472  319  3  -2  
10  4  0  3148  474  319  3  -2  
10  4  0  3155  476  319  3  -2  
10  4  0  3164  477  319  3  -2  
10  4  0  3172  479  319  3  -2  
10  4  0  3182  481  319  3  -2  
10  4  0  3188  482  319  3  -2  
10  4  0  3199  483  319  3  -2  
10  4  0  3207  484  319  3  -2  
10  4  0  3216  484  319  3  -2  
10  4  0  3225  485  319  3  -2  
10  4  0  3234  485  319  3  -2  
10  4  0  3242  487  319  3  -2  
10  4  0  3251  488  319  3  -2  
10  4  0  3261  488  319  3  -2  
10  4  0  3269  489  319  3  -2  
10  4  0  3278  491  319  3  -2  
10  4  0  3286  493  319  3  -2  
10  4  1  3295  496  319  4  -2  
10  4  1  3304  499  319  4  -2  
10  4  1  3313  500  319  4  -2  
10  4  1  3320  503  319  4  -2  
10  4  1  3332  504  319  4  -2  
10  4  1  3338  505  319  4  -2  
10  4  1  3347  505  319  4  -2  
10  4  1  3354  508  319  4  -2  
10  4  1  3363  508  319  4  -2  
10  4  1  3370  509  319  4  -2  
10  4  1  3380  511  319  4  -2  
10  4  1  3389  512  319  4  -2  
10  4  1  3397  513  319  4  -2  
10  4  1  3404  514  319  4  -2  
10  4  1  3413  515  319  4  -2  
10  4  1  3422  516  319  4  -2  
10  4  1  3430  516  319  4  -2  
10  4  1  3439  516  319  4  -2  
10  4  1  3446  516  319  4  -2  
10  4  1  3455  517  319  4  -2  
10  4  1  3464  518  319  4  -2  
10  4  1  3471  519  319  4  -2  
10  4  1  3481  519  319  4  -2  
10  4  1  3489  520  319  4  -2  
10  4  1  3497  522  319  4  -2  
10  4  1  3505  524  319  4  -2  
10  4  1  3514  524  319  4  -2  
10  4  1  3522  526  319  4  -2  
10  4  1  3530  528  319  4  -2  
10  4  1  3539  528  319  4  -2  
10  4  1  3547  528  319  4  -2  
10  4  1  3555  530  319  4  -2  
10  4  1  3564  530  319  4  -2  
10  4  1  3571  531  319  4  -2  
10  4  1  3580  531  319  4  -2  
10  4  1  3589  532  318  4  -2  
10  4  1  3596  532  318  4  -2  
10  4  1  3605  532  318  4  -2  
10  4  1  3614  532  318  4  -2  
10  4  1  3621  532  318  4  -2  
10  4  1  3631  532  318  4  -2  
10  4  1  3637  532  318  4  -2  
10  4  1  3647  532  318  4  -2  
10  4  1  3655  532  318  4  -2  
10  4  1  3663  532  318  4  -2  
10  4  1  3672  532  318  4  -2  
10  4  1  3680  532  318  4  -2  
10  4  1  3689  532  318  4  -2  
10  4  1  3696  532  318  4  -2  
10  4  1  3706  532  318  4  -2  
10  4  1  3713  527  318  4  -2  
10  4  1  3722  514  318  4  -2  
10  4  1  3731  488  318  4  -2  
10  4  1  3739  458  318  4  -2  
10  4  1  3748  424  318  4  -2  
10  4  1  3754  400  318  4  -2  
