16  22  4  0  374  318  1  -2  
16  22  4  8  374  318  1  -2  
16  22  4  16  374  318  1  -2  
16  22  4  24  374  318  1  -2  
16  22  4  33  374  318  1  -2  
16  22  4  42  374  318  1  -2  
16  22  4  49  374  318  1  -2  
16  22  4  58  374  318  1  -2  
16  22  4  66  374  318  1  -2  
16  22  4  74  374  318  1  -2  
16  22  4  83  374  318  1  -2  
16  22  4  91  374  318  1  -2  
16  22  4  100  374  318  1  -2  
16  22  4  109  374  318  1  -2  
16  22  4  117  374  318  1  -2  
16  22  4  125  374  318  1  -2  
16  22  4  132  374  318  1  -2  
16  22  4  141  374  318  1  -2  
16  22  4  148  374  318  1  -2  
16  22  4  157  374  318  1  -2  
16  22  4  165  375  318  1  -2  
16  22  4  174  379  318  1  -2  
16  22  4  182  386  318  1  -2  
16  22  4  191  396  318  1  -2  
16  22  4  199  409  318  1  -2  
16  22  4  207  422  318  1  -2  
16  22  4  215  439  318  1  -2  
16  22  4  224  450  318  1  -2  
16  22  4  233  462  318  1  -2  
16  22  4  242  471  318  1  -2  
16  22  4  249  474  318  1  -2  
16  22  4  257  478  318  1  -2  
16  22  4  266  480  318  1  -2  
16  22  4  275  480  318  1  -2  
16  22  4  284  482  318  1  -2  
16  22  4  291  482  318  1  -2  
16  22  4  300  482  318  1  -2  
16  22  4  308  483  318  1  -2  
16  22  5  316  483  318  1  -2  
16  22  5  325  483  318  1  -2  
16  22  5  334  487  318  1  -2  
16  22  5  340  490  318  1  -2  
16  22  5  350  493  318  1  -2  
16  22  5  358  495  318  2  -2  
16  22  5  366  496  318  2  -2  
16  22  5  374  498  318  2  -2  
16  22  5  384  499  318  2  -2  
16  22  5  391  500  318  2  -2  
16  22  5  400  501  317  2  -2  
16  22  5  408  502  317  2  -2  
16  22  5  416  502  317  2  -2  
16  22  5  424  503  317  2  -2  
16  22  5  433  503  317  2  -2  
16  22  5  441  504  317  2  -2  
16  22  5  450  504  317  2  -2  
16  22  5  458  504  317  2  -2  
16  22  5  466  504  317  2  -2  
16  22  5  475  504  317  2  -2  
16  22  5  483  504  317  2  -2  
16  22  5  491  504  317  2  -2  
16  22  5  500  504  317  2  -2  
16  22  5  508  504  317  2  -2  
16  22  5  516  504  317  2  -2  
16  22  5  524  504  317  2  -2  
16  22  5  534  504  317  2  -2  
16  22  5  541  504  317  2  -2  
16  22  5  550  504  317  2  -2  
16  22  5  558  504  317  2  -2  
16  22  5  566  504  317  2  -2  
16  22  5  575  504  317  2  -2  
16  22  5  584  504  317  2  -2  
16  22  5  593  504  317  2  -2  
16  22  5  601  504  317  2  -2  
16  22  5  609  504  317  2  -2  
16  22  5  616  504  317  2  -2  
16  22  5  625  504  317  2  -2  
16  22  5  634  504  317  2  -2  
16  22  5  643  504  317  2  -2  
16  22  5  651  504  317  2  -2  
16  22  5  659  503  317  2  -2  
16  22  5  667  499  317  2  -2  
16  22  5  675  494  317  2  -2  
16  22  5  684  491  317  2  -2  
16  22  5  694  484  317  2  -2  
16  22  5  702  467  317  2  -2  
16  22  5  711  456  317  2  -2  
16  22  5  719  441  317  2  -2  
16  22  5  730  426  317  2  -2  
16  22  5  738  409  317  2  -2  
16  22  5  749  393  317  3  -2  
16  22  5  755  371  317  3  -2  
16  22  5  766  371  317  3  -2  
16  22  5  773  363  317  3  -2  
16  22  5  781  363  317  3  -2  
16  22  5  788  363  317  3  -2  
16  22  5  798  363  317  3  -2  
16  22  5  806  362  317  3  -2  
16  22  5  816  362  317  3  -2  
16  22  5  824  362  317  3  -2  
16  22  5  832  362  317  3  -2  
16  22  5  841  362  317  3  -2  
16  22  5  849  362  317  3  -2  
16  22  5  857  362  317  3  -2  
16  22  5  865  362  317  3  -2  
16  22  5  875  362  317  3  -2  
16  22  5  882  362  317  3  -2  
16  22  5  891  362  317  3  -2  
16  22  5  899  362  317  3  -2  
16  22  5  907  362  317  3  -2  
16  22  5  916  362  317  3  -2  
16  22  5  923  362  317  3  -2  
16  22  5  933  362  317  3  -2  
16  22  5  940  362  317  3  -2  
16  22  5  949  362  317  3  -2  
16  22  5  958  362  317  3  -2  
16  22  5  966  362  317  3  -2  
16  22  5  975  362  317  3  -2  
16  22  5  984  362  317  3  -2  
16  22  5  993  362  317  3  -2  
16  22  5  1002  362  317  3  -2  
16  22  5  1013  362  317  3  -2  
16  22  5  1021  362  317  3  -2  
16  22  5  1031  362  317  3  -2  
16  22  5  1037  362  317  3  -2  
16  22  5  1047  362  317  3  -2  
16  22  5  1055  362  317  3  -2  
16  22  5  1064  361  317  3  -2  
16  22  5  1071  361  317  3  -2  
16  22  5  1081  364  317  3  -2  
16  22  5  1088  371  317  3  -2  
16  22  5  1098  381  317  3  -2  
16  22  5  1105  394  317  3  -2  
16  22  5  1114  408  317  3  -2  
16  22  5  1122  421  317  3  -2  
16  22  5  1131  433  319  3  -2  
16  22  5  1138  448  319  3  -2  
16  22  5  1148  461  319  3  -2  
16  22  5  1155  473  321  3  -2  
16  22  5  1164  483  322  3  -2  
16  22  5  1172  490  323  3  -2  
16  22  5  1181  495  323  4  -2  
16  22  5  1188  501  323  4  -2  
16  22  5  1197  501  323  4  -2  
16  22  5  1205  501  323  4  -2  
16  22  5  1215  501  323  4  -2  
16  22  5  1221  501  323  4  -2  
16  22  5  1232  501  323  4  -2  
16  22  5  1239  503  323  4  -2  
16  22  5  1247  503  323  4  -2  
16  22  5  1255  503  323  4  -2  
16  22  5  1264  504  323  4  -2  
16  22  5  1271  505  323  4  -2  
16  22  5  1281  508  323  4  -2  
16  22  5  1288  509  323  4  -2  
16  22  5  1297  511  323  4  -2  
16  22  5  1304  512  323  4  -2  
16  22  6  1315  512  323  4  -2  
16  22  6  1321  512  323  4  -2  
16  22  6  1331  512  323  4  -2  
16  22  6  1338  512  323  4  -2  
16  22  6  1347  512  323  4  -2  
16  22  6  1355  512  323  4  -2  
16  22  6  1365  512  323  4  -2  
16  22  6  1371  512  323  4  -2  
16  22  6  1381  512  323  4  -2  
16  22  6  1388  512  323  4  -2  
16  22  6  1397  512  323  4  -2  
16  22  6  1405  512  323  4  -2  
16  22  6  1415  512  323  4  -2  
16  22  6  1422  512  323  4  -2  
16  22  6  1431  512  323  4  -2  
16  22  6  1438  512  323  4  -2  
16  22  6  1448  512  323  4  -2  
16  22  6  1455  512  323  4  -2  
16  22  6  1465  512  323  4  -2  
16  22  6  1471  512  323  4  -2  
16  22  6  1481  512  323  4  -2  
16  22  6  1488  512  323  4  -2  
16  22  6  1498  512  323  4  -2  
16  22  6  1505  512  323  4  -2  
16  22  6  1515  512  323  4  -2  
16  22  6  1521  512  323  4  -2  
16  22  6  1532  512  323  4  -2  
16  22  6  1538  512  323  4  -2  
16  22  6  1547  512  323  4  -2  
16  22  6  1555  512  323  4  -2  
16  22  6  1565  512  323  4  -2  
16  22  6  1571  512  323  4  -2  
16  22  6  1581  512  323  4  -2  
16  22  6  1588  512  323  4  -2  
16  22  6  1598  512  323  4  -2  
16  22  6  1605  512  323  4  -2  
16  22  6  1615  512  323  4  -2  
16  22  6  1621  512  323  4  -2  
16  22  6  1631  512  323  4  -2  
16  22  6  1639  512  323  4  -2  
16  22  6  1648  512  323  4  -2  
16  22  6  1655  512  323  4  -2  
16  22  6  1665  512  323  4  -2  
16  22  6  1672  512  323  4  -2  
16  22  6  1681  512  323  4  -2  
16  22  6  1688  512  323  4  -2  
16  22  6  1698  512  323  4  -2  
16  22  6  1705  512  323  4  -2  
16  22  6  1716  512  323  4  -2  
16  22  6  1721  512  323  4  -2  
16  22  6  1732  512  323  4  -2  
16  22  6  1739  512  323  4  -2  
16  22  6  1748  512  323  4  -2  
16  22  6  1755  512  323  4  -2  
16  22  6  1765  512  323  4  -2  
16  22  6  1771  512  323  4  -2  
16  22  6  1781  512  323  4  -2  
16  22  6  1788  512  323  4  -2  
16  22  6  1798  512  323  4  -2  
16  22  6  1805  512  323  4  -2  
16  22  6  1815  512  323  4  -2  
16  22  6  1822  512  323  4  -2  
16  22  6  1831  512  323  4  -2  
16  22  6  1838  512  323  4  -2  
16  22  6  1848  512  323  4  -2  
16  22  6  1856  512  323  4  -2  
16  22  6  1865  512  323  4  -2  
16  22  6  1873  512  323  4  -2  
16  22  6  1880  512  323  4  -2  
16  22  6  1888  512  323  4  -2  
16  22  6  1897  512  323  4  -2  
16  22  6  1905  512  323  4  -2  
16  22  6  1914  512  323  4  -2  
16  22  6  1922  512  323  4  -2  
16  22  6  1930  512  323  4  -2  
16  22  6  1940  512  323  4  -2  
16  22  6  1948  512  323  4  -2  
16  22  6  1957  512  323  4  -2  
16  22  6  1965  512  323  4  -2  
16  22  6  1974  508  325  4  -2  
16  22  6  1984  503  325  4  -2  
16  22  6  1993  498  325  4  -2  
16  22  6  2000  491  325  4  -2  
16  22  6  2011  486  325  4  -2  
16  22  6  2017  479  325  4  -2  
16  22  6  2026  471  325  4  -2  
16  22  6  2034  462  326  4  -2  
16  22  6  2044  454  327  4  -2  
16  22  6  2051  445  328  4  -2  
16  22  6  2058  440  328  4  -2  
16  22  6  2067  435  328  4  -2  
16  22  6  2075  430  328  4  -2  
16  22  6  2084  426  330  4  -2  
16  22  6  2094  424  330  4  -2  
16  22  6  2101  417  330  4  -2  
16  22  6  2109  412  330  4  -2  
16  22  6  2117  405  330  4  -2  
16  22  6  2126  398  330  4  -2  
16  22  8  3480  499  333  6  -2  
16  22  8  3486  500  333  6  -2  
16  22  8  3497  500  333  6  -2  
16  22  8  3503  501  333  6  -2  
16  22  8  3513  501  333  6  -2  
16  22  8  3520  502  333  6  -2  
16  22  8  3529  502  333  6  -2  
16  22  8  3537  502  333  6  -2  
16  22  8  3547  502  333  6  -2  
16  22  8  3554  502  333  6  -2  
16  22  8  3563  502  333  6  -2  
16  22  8  3571  502  333  6  -2  
16  22  8  3579  505  333  6  -2  
16  22  8  3587  505  333  6  -2  
16  22  8  3597  505  333  6  -2  
16  22  8  3605  505  333  6  -2  
16  22  8  3613  505  332  6  -2  
16  22  8  3619  505  332  6  -2  
16  22  8  3628  505  332  6  -2  
16  22  8  3636  509  331  6  -2  
16  22  8  3646  509  331  6  -2  
16  22  8  3654  509  331  6  -2  
16  22  8  3662  509  331  6  -2  
16  22  8  3669  509  331  6  -2  
16  22  8  3678  509  331  6  -2  
16  22  8  3687  509  331  6  -2  
16  22  8  3696  509  331  6  -2  
16  22  8  3704  509  331  6  -2  
16  22  8  3712  509  331  6  -2  
16  22  8  3720  509  331  6  -2  
16  22  8  3729  509  331  6  -2  
16  22  8  3737  509  331  6  -2  
16  22  8  3746  509  331  6  -2  
16  22  8  3754  509  331  6  -2  
16  22  8  3762  509  331  6  -2  
16  22  8  3770  509  331  6  -2  
16  22  8  3779  509  331  6  -2  
16  22  8  3786  509  331  6  -2  
16  22  8  3796  509  331  6  -2  
16  22  8  3804  509  331  6  -2  
