16  22  12  0  373  327  1  -2  
16  22  12  8  373  327  1  -2  
16  22  12  16  373  327  1  -2  
16  22  12  24  373  327  1  -2  
16  22  12  33  373  327  1  -2  
16  22  12  41  373  327  1  -2  
16  22  12  49  373  327  1  -2  
16  22  12  58  373  327  1  -2  
16  22  12  67  373  327  1  -2  
16  22  12  74  373  327  1  -2  
16  22  12  83  373  327  1  -2  
16  22  12  91  373  327  1  -2  
16  22  12  99  373  327  1  -2  
16  22  12  107  373  327  1  -2  
16  22  12  116  373  327  1  -2  
16  22  12  124  373  327  1  -2  
16  22  12  133  373  327  1  -2  
16  22  12  141  373  327  1  -2  
16  22  12  149  373  327  1  -2  
16  22  12  158  373  327  1  -2  
16  22  12  166  373  327  1  -2  
16  22  12  174  373  327  1  -2  
16  22  12  183  373  327  1  -2  
16  22  12  191  373  327  1  -2  
16  22  12  200  373  327  1  -2  
16  22  12  211  373  327  1  -2  
16  22  12  216  373  327  1  -2  
16  22  12  224  373  327  1  -2  
16  22  12  233  373  327  1  -2  
16  22  12  241  374  326  1  -2  
16  22  13  250  377  325  1  -2  
16  22  13  258  386  324  1  -2  
16  22  13  266  394  324  1  -2  
16  22  13  274  411  324  1  -2  
16  22  13  283  429  324  1  -2  
16  22  13  294  449  324  1  -2  
16  22  13  300  473  324  1  -2  
16  22  13  308  494  324  1  -2  
16  22  13  317  507  324  2  -2  
16  22  13  324  521  324  2  -2  
16  22  13  333  526  324  2  -2  
16  22  13  345  528  323  2  -2  
16  22  13  350  530  323  2  -2  
16  22  13  358  530  323  2  -2  
16  22  13  367  530  323  2  -2  
16  22  13  376  530  323  2  -2  
16  22  13  383  530  323  2  -2  
16  22  13  394  530  323  2  -2  
16  22  13  400  530  323  2  -2  
16  22  13  409  530  323  2  -2  
16  22  13  417  530  323  2  -2  
16  22  13  426  530  323  2  -2  
16  22  13  433  530  323  2  -2  
16  22  13  444  530  323  2  -2  
16  22  13  452  530  323  2  -2  
16  22  13  459  530  323  2  -2  
16  22  13  467  530  323  2  -2  
16  22  13  476  530  323  2  -2  
16  22  13  483  530  323  2  -2  
16  22  13  492  530  323  2  -2  
16  22  13  500  530  323  2  -2  
16  22  13  512  530  323  2  -2  
16  22  13  517  530  323  2  -2  
16  22  13  526  530  323  2  -2  
16  22  13  533  530  323  2  -2  
16  22  13  542  530  323  2  -2  
16  22  13  550  530  323  2  -2  
16  22  13  561  530  323  2  -2  
16  22  13  566  530  323  2  -2  
16  22  13  576  530  323  2  -2  
16  22  13  583  530  323  2  -2  
16  22  13  594  530  323  2  -2  
16  22  13  600  530  323  2  -2  
16  22  13  611  530  323  2  -2  
16  22  13  617  530  323  2  -2  
16  22  13  626  530  323  2  -2  
16  22  13  633  530  323  2  -2  
16  22  13  642  530  323  2  -2  
16  22  13  650  530  323  2  -2  
16  22  13  661  530  323  2  -2  
16  22  13  667  530  323  2  -2  
16  22  13  678  530  323  2  -2  
16  22  13  683  530  323  2  -2  
16  22  13  694  530  323  2  -2  
16  22  13  700  530  323  2  -2  
16  22  13  711  530  323  2  -2  
16  22  13  717  530  323  2  -2  
16  22  13  728  530  323  2  -2  
16  22  13  733  530  323  2  -2  
16  22  13  744  530  323  2  -2  
16  22  13  752  530  323  2  -2  
16  22  13  761  530  323  2  -2  
16  22  13  767  530  323  2  -2  
16  22  13  776  530  323  2  -2  
16  22  13  784  530  323  2  -2  
16  22  13  793  530  323  2  -2  
16  22  13  799  530  323  2  -2  
16  22  13  810  530  323  2  -2  
16  22  13  815  530  323  2  -2  
16  22  13  825  530  323  2  -2  
16  22  13  834  530  323  2  -2  
16  22  13  843  530  323  2  -2  
16  22  13  850  530  323  2  -2  
16  22  13  860  530  323  2  -2  
16  22  13  866  530  323  2  -2  
16  22  13  878  530  323  2  -2  
16  22  13  885  530  323  2  -2  
16  22  13  893  530  323  2  -2  
16  22  13  900  530  323  2  -2  
16  22  13  910  530  323  2  -2  
16  22  13  916  530  323  2  -2  
16  22  13  925  530  323  2  -2  
16  22  13  933  530  323  2  -2  
16  22  13  943  530  323  2  -2  
16  22  13  951  530  323  2  -2  
16  22  13  960  530  323  2  -2  
16  22  13  966  530  323  2  -2  
16  22  13  977  530  323  2  -2  
16  22  13  982  530  323  2  -2  
16  22  13  994  530  323  2  -2  
16  22  13  999  526  323  2  -2  
16  22  13  1010  523  323  2  -2  
16  22  13  1017  520  323  2  -2  
16  22  13  1026  514  323  2  -2  
16  22  13  1033  507  323  2  -2  
16  22  13  1043  500  323  2  -2  
16  22  13  1051  490  320  2  -2  
16  22  13  1060  481  320  2  -2  
16  22  13  1066  470  320  2  -2  
16  22  13  1075  458  320  2  -2  
16  22  13  1083  450  319  2  -2  
16  22  13  1093  443  319  2  -2  
16  22  13  1099  434  318  2  -2  
16  22  13  1110  426  318  2  -2  
16  22  13  1116  417  314  2  -2  
16  22  13  1127  407  314  2  -2  
16  22  13  1133  388  311  3  -2  
16  22  13  1144  388  311  3  -2  
16  22  13  1150  376  310  3  -2  
16  22  13  1160  376  310  3  -2  
16  22  13  1166  373  308  3  -2  
16  22  13  1175  373  308  3  -2  
16  22  13  1183  373  308  3  -2  
16  22  13  1193  373  308  3  -2  
16  22  13  1200  373  308  3  -2  
16  22  13  1213  373  308  3  -2  
16  22  13  1221  373  308  3  -2  
16  22  13  1230  373  308  3  -2  
16  22  13  1240  373  308  3  -2  
16  22  13  1247  373  308  3  -2  
16  22  14  1256  373  308  3  -2  
16  22  14  1264  373  308  3  -2  
16  22  14  1275  372  308  3  -2  
16  22  14  1284  372  308  3  -2  
16  22  14  1291  372  308  3  -2  
16  22  14  1298  372  308  3  -2  
16  22  14  1308  372  308  3  -2  
16  22  14  1316  372  308  3  -2  
16  22  14  1323  372  308  3  -2  
16  22  14  1332  372  308  3  -2  
16  22  14  1344  372  308  3  -2  
16  22  14  1349  372  308  3  -2  
16  22  14  1359  372  308  3  -2  
16  22  14  1367  372  308  3  -2  
16  22  14  1376  372  308  3  -2  
16  22  14  1382  372  308  3  -2  
16  22  14  1393  372  308  3  -2  
16  22  14  1399  372  308  3  -2  
16  22  14  1409  372  308  3  -2  
16  22  14  1415  372  308  3  -2  
16  22  14  1426  372  308  3  -2  
16  22  14  1433  372  308  3  -2  
16  22  14  1441  372  308  3  -2  
16  22  14  1449  372  308  3  -2  
16  22  14  1459  372  308  3  -2  
16  22  14  1467  372  308  3  -2  
16  22  14  1473  372  308  3  -2  
16  22  14  1483  372  308  3  -2  
16  22  14  1494  372  308  3  -2  
16  22  14  1499  372  308  3  -2  
16  22  14  1508  372  308  3  -2  
16  22  14  1515  372  308  3  -2  
16  22  14  1525  372  308  3  -2  
16  22  14  1533  372  308  3  -2  
16  22  14  1541  372  308  3  -2  
16  22  14  1548  372  308  3  -2  
16  22  14  1559  372  308  3  -2  
16  22  14  1565  377  308  3  -2  
16  22  14  1576  389  308  3  -2  
16  22  14  1583  417  308  3  -2  
16  22  14  1592  417  308  3  -2  
16  22  14  1600  432  308  3  -2  
16  22  14  1609  465  309  3  -2  
16  22  14  1617  481  312  3  -2  
16  22  14  1626  489  312  3  -2  
16  22  14  1633  497  312  4  -2  
16  22  14  1642  501  312  4  -2  
16  22  14  1649  505  312  4  -2  
16  22  14  1659  506  312  4  -2  
16  22  14  1667  507  312  4  -2  
16  22  14  1677  507  312  4  -2  
16  22  14  1683  509  312  4  -2  
16  22  14  1693  509  312  4  -2  
16  22  14  1699  509  312  4  -2  
16  22  14  1709  509  312  4  -2  
16  22  14  1717  510  312  4  -2  
16  22  14  1727  511  312  4  -2  
16  22  14  1733  512  312  4  -2  
16  22  14  1745  513  312  4  -2  
16  22  14  1750  514  312  4  -2  
16  22  14  1760  514  312  4  -2  
16  22  14  1768  514  312  4  -2  
16  22  14  1777  516  312  4  -2  
16  22  14  1785  517  312  4  -2  
16  22  14  1795  517  312  4  -2  
16  22  14  1803  520  312  4  -2  
16  22  14  1811  521  312  4  -2  
16  22  14  1819  524  312  4  -2  
16  22  14  1828  526  312  4  -2  
16  22  14  1838  526  312  4  -2  
16  22  14  1846  526  312  4  -2  
16  22  14  1854  526  312  4  -2  
16  22  14  1863  526  312  4  -2  
16  22  14  1871  526  312  4  -2  
16  22  14  1880  526  312  4  -2  
16  22  14  1888  526  312  4  -2  
16  22  14  1896  528  312  4  -2  
16  22  14  1905  528  312  4  -2  
16  22  14  1913  528  312  4  -2  
16  22  14  1921  528  312  4  -2  
16  22  14  1930  528  312  4  -2  
16  22  14  1937  528  312  4  -2  
16  22  14  1945  528  312  4  -2  
16  22  14  1955  528  312  4  -2  
16  22  14  1964  528  312  4  -2  
16  22  14  1971  528  312  4  -2  
16  22  14  1979  528  312  4  -2  
16  22  14  1988  528  312  4  -2  
16  22  14  1995  528  312  4  -2  
16  22  14  2005  528  312  4  -2  
16  22  14  2013  528  312  4  -2  
16  22  14  2021  528  312  4  -2  
16  22  14  2030  528  312  4  -2  
16  22  14  2038  528  312  4  -2  
16  22  14  2046  528  312  4  -2  
16  22  14  2055  529  311  4  -2  
16  22  14  2063  529  311  4  -2  
16  22  14  2071  529  311  4  -2  
16  22  14  2080  529  311  4  -2  
16  22  14  2088  529  311  4  -2  
16  22  14  2097  529  311  4  -2  
16  22  14  2105  529  311  4  -2  
16  22  14  2113  528  311  4  -2  
16  22  14  2121  526  311  4  -2  
16  22  14  2129  521  311  4  -2  
16  22  14  2138  514  311  4  -2  
16  22  14  2146  500  311  4  -2  
16  22  14  2154  487  311  4  -2  
16  22  14  2163  464  311  4  -2  
16  22  14  2171  437  311  4  -2  
16  22  14  2180  413  311  4  -2  
