10  4  7  0  367  318  1  -2  
10  4  7  8  367  318  1  -2  
10  4  7  16  367  318  1  -2  
10  4  7  24  367  318  1  -2  
10  4  7  33  367  318  1  -2  
10  4  7  41  367  318  1  -2  
10  4  7  50  367  318  1  -2  
10  4  7  58  367  318  1  -2  
10  4  7  66  367  318  1  -2  
10  4  7  75  367  318  1  -2  
10  4  7  84  367  318  1  -2  
10  4  7  92  367  318  1  -2  
10  4  7  100  367  318  1  -2  
10  4  7  108  367  318  1  -2  
10  4  7  117  367  318  1  -2  
10  4  7  125  367  318  1  -2  
10  4  7  133  367  318  1  -2  
10  4  7  142  367  318  1  -2  
10  4  7  149  367  318  1  -2  
10  4  7  157  367  318  1  -2  
10  4  7  166  367  318  1  -2  
10  4  7  174  367  318  1  -2  
10  4  7  183  367  318  1  -2  
10  4  7  191  367  318  1  -2  
10  4  7  197  367  318  1  -2  
10  4  7  207  367  318  1  -2  
10  4  7  217  367  318  1  -2  
10  4  8  224  367  318  1  -2  
10  4  8  233  367  318  1  -2  
10  4  8  241  367  318  1  -2  
10  4  8  248  367  318  1  -2  
10  4  8  257  367  318  1  -2  
10  4  8  266  367  318  1  -2  
10  4  8  274  367  318  1  -2  
10  4  8  283  367  318  1  -2  
10  4  8  291  367  318  1  -2  
10  4  8  298  367  318  1  -2  
10  4  8  308  367  318  1  -2  
10  4  8  316  367  318  1  -2  
10  4  8  324  367  318  1  -2  
10  4  8  334  367  318  1  -2  
10  4  8  341  367  318  1  -2  
10  4  8  349  367  318  1  -2  
10  4  8  357  367  318  1  -2  
10  4  8  365  367  318  1  -2  
10  4  8  374  367  318  1  -2  
10  4  8  384  367  318  1  -2  
10  4  8  391  367  318  1  -2  
10  4  8  399  367  318  1  -2  
10  4  8  408  367  318  1  -2  
10  4  8  415  369  318  1  -2  
10  4  8  424  371  318  1  -2  
10  4  8  434  375  318  1  -2  
10  4  8  441  378  318  1  -2  
10  4  8  449  381  318  1  -2  
10  4  8  458  385  318  1  -2  
10  4  8  465  387  318  1  -2  
10  4  8  474  391  318  1  -2  
10  4  8  483  391  318  1  -2  
10  4  8  491  394  318  1  -2  
10  4  8  499  394  318  1  -2  
10  4  8  507  397  318  1  -2  
10  4  8  515  397  318  1  -2  
10  4  8  524  398  318  1  -2  
10  4  8  534  399  318  1  -2  
10  4  8  542  402  318  1  -2  
10  4  8  549  405  318  1  -2  
10  4  8  557  406  318  1  -2  
10  4  8  565  409  318  1  -2  
10  4  8  575  412  318  1  -2  
10  4  8  583  414  318  1  -2  
10  4  8  591  416  319  1  -2  
10  4  8  599  419  319  1  -2  
10  4  8  607  420  320  1  -2  
10  4  8  616  422  321  1  -2  
10  4  8  624  424  321  1  -2  
10  4  8  632  426  322  1  -2  
10  4  8  641  430  323  1  -2  
10  4  8  649  433  323  1  -2  
10  4  8  657  439  324  1  -2  
10  4  8  666  445  324  1  -2  
10  4  8  674  450  327  1  -2  
10  4  8  684  459  327  1  -2  
10  4  8  691  464  328  1  -2  
10  4  8  699  469  329  1  -2  
10  4  8  708  475  329  1  -2  
10  4  8  716  476  329  1  -2  
10  4  8  724  480  329  1  -2  
10  4  8  733  485  329  1  -2  
10  4  8  741  489  329  1  -2  
10  4  8  750  494  329  1  -2  
10  4  8  759  498  329  2  -2  
10  4  8  767  499  329  2  -2  
10  4  8  774  503  329  2  -2  
10  4  8  784  507  329  2  -2  
10  4  8  791  508  329  2  -2  
10  4  8  799  511  329  2  -2  
10  4  8  808  514  329  2  -2  
10  4  8  816  515  329  2  -2  
10  4  8  824  517  329  2  -2  
10  4  8  832  520  329  2  -2  
10  4  8  841  521  329  2  -2  
10  4  8  850  522  329  2  -2  
10  4  8  858  524  329  2  -2  
10  4  8  866  525  329  2  -2  
10  4  8  875  526  329  2  -2  
10  4  8  884  528  329  2  -2  
10  4  8  891  529  329  2  -2  
10  4  8  900  529  329  2  -2  
10  4  8  908  530  329  2  -2  
10  4  8  916  530  329  2  -2  
10  4  8  924  530  329  2  -2  
10  4  8  932  530  329  2  -2  
10  4  8  941  530  329  2  -2  
10  4  8  949  530  329  2  -2  
10  4  8  957  530  329  2  -2  
10  4  8  966  530  329  2  -2  
10  4  8  975  530  329  2  -2  
10  4  8  984  530  329  2  -2  
10  4  8  992  530  329  2  -2  
10  4  8  999  530  329  2  -2  
10  4  8  1008  530  329  2  -2  
10  4  8  1016  530  329  2  -2  
10  4  8  1025  530  329  2  -2  
10  4  8  1034  530  329  2  -2  
10  4  8  1041  530  329  2  -2  
10  4  8  1049  530  329  2  -2  
10  4  8  1058  530  329  2  -2  
10  4  8  1066  530  329  2  -2  
10  4  8  1074  530  329  2  -2  
10  4  8  1084  530  329  2  -2  
10  4  8  1091  530  329  2  -2  
10  4  8  1100  530  329  2  -2  
10  4  8  1108  530  329  2  -2  
10  4  8  1116  530  329  2  -2  
10  4  8  1125  530  329  2  -2  
10  4  8  1134  530  329  2  -2  
10  4  8  1141  530  329  2  -2  
10  4  8  1150  530  329  2  -2  
10  4  8  1158  530  329  2  -2  
10  4  8  1166  530  329  2  -2  
10  4  8  1174  530  329  2  -2  
10  4  8  1182  530  329  2  -2  
10  4  8  1192  530  329  2  -2  
10  4  8  1200  528  329  2  -2  
10  4  8  1209  526  329  2  -2  
10  4  8  1216  522  329  2  -2  
10  4  9  1225  518  328  2  -2  
10  4  9  1234  514  327  2  -2  
10  4  9  1241  510  326  2  -2  
10  4  9  1250  503  325  2  -2  
10  4  9  1258  493  322  2  -2  
10  4  9  1266  486  322  2  -2  
10  4  9  1275  479  321  2  -2  
10  4  9  1284  472  320  2  -2  
10  4  9  1291  465  319  2  -2  
10  4  9  1301  461  319  2  -2  
10  4  9  1309  456  317  2  -2  
10  4  9  1316  452  316  2  -2  
10  4  9  1326  449  316  2  -2  
10  4  9  1334  440  314  2  -2  
10  4  9  1343  440  314  2  -2  
10  4  9  1350  432  311  2  -2  
10  4  9  1359  427  311  2  -2  
10  4  9  1367  423  310  2  -2  
10  4  9  1375  417  309  2  -2  
10  4  9  1384  415  309  2  -2  
10  4  9  1391  411  309  2  -2  
10  4  9  1400  408  309  2  -2  
10  4  9  1408  408  309  2  -2  
10  4  9  1416  405  309  2  -2  
10  4  9  1425  404  309  2  -2  
10  4  9  1434  404  309  2  -2  
10  4  9  1442  402  309  2  -2  
10  4  9  1449  401  309  2  -2  
10  4  9  1458  399  310  3  -2  
10  4  9  1467  398  310  3  -2  
10  4  9  1475  397  311  3  -2  
10  4  9  1484  396  311  3  -2  
10  4  9  1492  394  312  3  -2  
10  4  9  1500  393  313  3  -2  
10  4  9  1507  391  314  3  -2  
10  4  9  1517  389  315  3  -2  
10  4  9  1525  388  316  3  -2  
10  4  9  1534  388  317  3  -2  
10  4  9  1543  384  319  3  -2  
10  4  9  1549  384  320  3  -2  
10  4  9  1559  384  320  3  -2  
10  4  9  1567  383  321  3  -2  
10  4  9  1575  383  321  3  -2  
10  4  9  1585  382  322  3  -2  
10  4  9  1592  381  323  3  -2  
10  4  9  1600  381  323  3  -2  
10  4  9  1609  381  323  3  -2  
10  4  9  1617  381  323  3  -2  
10  4  9  1625  381  323  3  -2  
10  4  9  1634  381  323  3  -2  
10  4  9  1643  381  323  3  -2  
10  4  9  1650  381  323  3  -2  
10  4  9  1659  381  323  3  -2  
10  4  9  1667  381  323  3  -2  
10  4  9  1675  380  325  3  -2  
10  4  9  1684  380  325  3  -2  
10  4  9  1692  380  326  3  -2  
10  4  9  1701  380  326  3  -2  
10  4  9  1709  380  326  3  -2  
10  4  9  1717  380  326  3  -2  
10  4  9  1725  380  326  3  -2  
10  4  9  1734  380  326  3  -2  
10  4  9  1742  380  326  3  -2  
10  4  9  1750  380  326  3  -2  
10  4  9  1759  380  326  3  -2  
10  4  9  1767  380  326  3  -2  
10  4  9  1775  380  326  3  -2  
10  4  9  1785  380  326  3  -2  
10  4  9  1793  380  326  3  -2  
10  4  9  1800  380  326  3  -2  
10  4  9  1808  380  326  3  -2  
10  4  9  1816  380  326  3  -2  
10  4  9  1825  380  326  3  -2  
10  4  9  1834  380  326  3  -2  
10  4  9  1842  380  326  3  -2  
10  4  9  1850  381  324  3  -2  
10  4  9  1859  382  323  3  -2  
10  4  9  1867  384  322  3  -2  
10  4  9  1875  387  321  3  -2  
10  4  9  1884  389  321  3  -2  
10  4  9  1892  396  321  3  -2  
10  4  9  1899  401  321  3  -2  
10  4  9  1907  411  321  3  -2  
10  4  9  1916  416  321  3  -2  
10  4  9  1924  426  321  3  -2  
10  4  9  1935  435  321  3  -2  
10  4  9  1942  450  322  3  -2  
10  4  9  1950  457  325  3  -2  
10  4  9  1958  464  326  3  -2  
10  4  9  1967  470  328  3  -2  
10  4  9  1975  475  329  3  -2  
10  4  9  1984  482  329  3  -2  
10  4  9  1992  488  331  3  -2  
10  4  9  1999  494  334  3  -2  
10  4  9  2008  499  334  3  -2  
10  4  9  2016  503  335  4  -2  
10  4  9  2024  505  336  4  -2  
10  4  9  2034  508  336  4  -2  
10  4  9  2042  510  336  4  -2  
10  4  9  2049  511  336  4  -2  
10  4  9  2058  512  336  4  -2  
10  4  9  2066  513  336  4  -2  
10  4  9  2074  516  336  4  -2  
10  4  9  2084  518  336  4  -2  
10  4  9  2091  520  336  4  -2  
10  4  9  2099  524  336  4  -2  
10  4  9  2108  526  336  4  -2  
10  4  9  2117  526  336  4  -2  
10  4  9  2124  529  336  4  -2  
10  4  9  2135  529  336  4  -2  
10  4  9  2141  532  335  4  -2  
10  4  9  2150  533  335  4  -2  
10  4  9  2158  533  335  4  -2  
10  4  9  2165  533  335  4  -2  
10  4  9  2175  533  335  4  -2  
10  4  9  2184  533  335  4  -2  
10  4  9  2190  533  335  4  -2  
10  4  9  2199  533  335  4  -2  
10  4  9  2207  533  335  4  -2  
10  4  9  2216  534  334  4  -2  
10  4  10  2225  534  334  4  -2  
10  4  10  2233  534  334  4  -2  
10  4  10  2240  534  334  4  -2  
10  4  10  2249  535  334  4  -2  
10  4  10  2258  536  334  4  -2  
10  4  10  2266  537  333  4  -2  
10  4  10  2275  537  333  4  -2  
10  4  10  2285  537  333  4  -2  
10  4  10  2292  538  332  4  -2  
10  4  10  2299  538  332  4  -2  
10  4  10  2309  538  332  4  -2  
10  4  10  2316  538  332  4  -2  
10  4  10  2324  538  332  4  -2  
10  4  10  2334  538  332  4  -2  
10  4  10  2342  538  332  4  -2  
10  4  10  2350  538  332  4  -2  
10  4  10  2359  538  332  4  -2  
10  4  10  2367  538  332  4  -2  
10  4  10  2376  538  331  4  -2  
10  4  10  2385  537  330  4  -2  
10  4  10  2391  536  330  4  -2  
10  4  10  2399  532  330  4  -2  
10  4  10  2409  525  329  4  -2  
10  4  10  2417  520  329  4  -2  
10  4  10  2425  511  326  4  -2  
10  4  10  2435  504  325  4  -2  
10  4  10  2442  497  325  4  -2  
10  4  10  2450  490  324  4  -2  
10  4  10  2458  485  323  4  -2  
10  4  10  2466  480  323  4  -2  
10  4  10  2476  471  320  4  -2  
10  4  10  2485  468  319  4  -2  
10  4  10  2492  463  319  4  -2  
10  4  10  2499  459  319  4  -2  
10  4  10  2508  454  319  4  -2  
10  4  10  2516  449  319  4  -2  
10  4  10  2525  445  319  4  -2  
10  4  10  2535  440  319  4  -2  
10  4  10  2542  429  319  4  -2  
10  4  10  2550  422  319  4  -2  
10  4  10  2560  418  319  4  -2  
10  4  10  2569  414  319  4  -2  
10  4  10  2575  410  318  4  -2  
10  4  10  2586  409  318  4  -2  
10  4  10  2591  406  318  4  -2  
10  4  10  2601  405  318  4  -2  
10  4  10  2608  405  318  4  -2  
10  4  10  2617  405  318  4  -2  
10  4  10  2625  404  318  4  -2  
10  4  10  2635  403  318  4  -2  
10  4  10  2641  401  318  4  -2  
10  4  10  2650  400  318  4  -2  
