14  18  14  0  358  316  1  -2  
14  18  14  11  358  316  1  -2  
14  18  14  17  358  316  1  -2  
14  18  14  26  358  316  1  -2  
14  18  14  34  358  316  1  -2  
14  18  14  43  358  316  1  -2  
14  18  14  51  358  316  1  -2  
14  18  14  59  358  316  1  -2  
14  18  14  68  358  316  1  -2  
14  18  14  76  358  316  1  -2  
14  18  14  84  358  316  1  -2  
14  18  14  93  358  316  1  -2  
14  18  14  101  358  316  1  -2  
14  18  14  109  358  316  1  -2  
14  18  14  117  358  316  1  -2  
14  18  14  126  358  316  1  -2  
14  18  14  134  358  316  1  -2  
14  18  14  143  358  316  1  -2  
14  18  14  151  358  316  1  -2  
14  18  14  159  358  316  1  -2  
14  18  14  168  358  316  1  -2  
14  18  14  176  358  316  1  -2  
14  18  14  184  358  316  1  -2  
14  18  14  193  358  316  1  -2  
14  18  14  201  358  316  1  -2  
14  18  14  210  358  316  1  -2  
14  18  14  217  358  316  1  -2  
14  18  14  227  358  316  1  -2  
14  18  14  234  358  316  1  -2  
14  18  14  243  358  316  1  -2  
14  18  14  253  358  316  1  -2  
14  18  14  260  358  316  1  -2  
14  18  14  268  358  316  1  -2  
14  18  14  277  358  316  1  -2  
14  18  14  285  358  316  1  -2  
14  18  14  293  358  316  1  -2  
14  18  14  302  358  316  1  -2  
14  18  14  310  358  316  1  -2  
14  18  14  319  358  316  1  -2  
14  18  14  328  358  316  1  -2  
14  18  14  335  358  316  1  -2  
14  18  14  343  358  316  1  -2  
14  18  14  353  358  316  1  -2  
14  18  14  360  358  316  1  -2  
14  18  14  369  358  316  1  -2  
14  18  14  376  358  316  1  -2  
14  18  14  385  358  316  1  -2  
14  18  14  394  358  316  1  -2  
14  18  14  403  358  316  1  -2  
14  18  14  411  358  316  1  -2  
14  18  14  419  358  316  1  -2  
14  18  14  427  358  316  1  -2  
14  18  14  436  358  316  1  -2  
14  18  14  444  364  316  1  -2  
14  18  14  453  370  316  1  -2  
14  18  14  460  376  316  1  -2  
14  18  14  469  383  315  1  -2  
14  18  14  477  390  315  1  -2  
14  18  14  485  400  315  1  -2  
14  18  14  494  405  315  1  -2  
14  18  14  502  412  315  1  -2  
14  18  14  511  417  315  1  -2  
14  18  14  519  422  315  1  -2  
14  18  14  527  429  315  1  -2  
14  18  14  535  438  315  1  -2  
14  18  14  543  448  315  1  -2  
14  18  14  551  459  315  1  -2  
14  18  14  561  471  315  1  -2  
14  18  14  569  479  315  1  -2  
14  18  14  577  489  315  1  -2  
14  18  14  585  491  315  1  -2  
14  18  14  594  493  315  1  -2  
14  18  14  603  493  315  1  -2  
14  18  14  611  493  315  1  -2  
14  18  14  619  493  315  1  -2  
14  18  14  627  493  315  1  -2  
14  18  14  635  493  315  1  -2  
14  18  14  644  493  315  1  -2  
14  18  14  653  493  315  1  -2  
14  18  14  660  493  315  1  -2  
14  18  14  668  493  315  1  -2  
14  18  14  677  493  315  1  -2  
14  18  14  685  493  315  1  -2  
14  18  14  694  493  315  1  -2  
14  18  14  702  493  315  1  -2  
14  18  14  711  493  315  1  -2  
14  18  14  719  493  315  1  -2  
14  18  14  727  493  315  1  -2  
14  18  14  735  493  315  1  -2  
14  18  14  743  495  315  2  -2  
14  18  14  753  497  315  2  -2  
14  18  14  761  499  315  2  -2  
14  18  14  769  501  315  2  -2  
14  18  14  777  501  315  2  -2  
14  18  14  785  501  315  2  -2  
14  18  14  794  501  315  2  -2  
14  18  14  802  501  315  2  -2  
14  18  14  811  501  315  2  -2  
14  18  14  819  501  315  2  -2  
14  18  15  827  502  315  2  -2  
14  18  15  835  505  315  2  -2  
14  18  15  844  511  315  2  -2  
14  18  15  853  518  315  2  -2  
14  18  15  862  519  315  2  -2  
14  18  15  869  520  315  2  -2  
14  18  15  877  520  315  2  -2  
14  18  15  885  520  315  2  -2  
14  18  15  894  520  315  2  -2  
14  18  15  902  520  315  2  -2  
14  18  15  910  520  315  2  -2  
14  18  15  918  520  315  2  -2  
14  18  15  927  520  315  2  -2  
14  18  15  936  520  315  2  -2  
14  18  15  945  520  315  2  -2  
14  18  15  953  520  315  2  -2  
14  18  15  963  520  315  2  -2  
14  18  15  968  520  315  2  -2  
14  18  15  977  520  315  2  -2  
14  18  15  985  520  315  2  -2  
14  18  15  994  520  315  2  -2  
14  18  15  1002  520  315  2  -2  
14  18  15  1010  520  315  2  -2  
14  18  15  1018  520  315  2  -2  
14  18  15  1027  520  315  2  -2  
14  18  15  1035  520  315  2  -2  
14  18  15  1044  520  315  2  -2  
14  18  15  1053  520  315  2  -2  
14  18  15  1062  520  315  2  -2  
14  18  15  1069  520  315  2  -2  
14  18  15  1078  520  315  2  -2  
14  18  15  1086  520  315  2  -2  
14  18  15  1094  520  315  2  -2  
14  18  15  1102  520  315  2  -2  
14  18  15  1111  520  315  2  -2  
14  18  15  1119  520  315  2  -2  
14  18  15  1128  520  315  2  -2  
14  18  15  1136  520  315  2  -2  
14  18  15  1144  520  315  2  -2  
14  18  15  1153  520  315  2  -2  
14  18  15  1162  520  315  2  -2  
14  18  15  1169  520  315  2  -2  
14  18  15  1177  520  315  2  -2  
14  18  15  1187  520  315  2  -2  
14  18  15  1195  520  315  2  -2  
14  18  15  1204  520  315  2  -2  
14  18  15  1211  520  315  2  -2  
14  18  15  1220  520  315  2  -2  
14  18  15  1227  520  315  2  -2  
14  18  15  1235  520  315  2  -2  
14  18  15  1244  520  315  2  -2  
14  18  15  1253  520  315  2  -2  
14  18  15  1262  520  315  2  -2  
14  18  15  1269  520  315  2  -2  
14  18  15  1278  520  315  2  -2  
14  18  15  1286  517  315  2  -2  
14  18  15  1294  513  315  2  -2  
14  18  15  1303  513  315  2  -2  
14  18  15  1311  509  315  2  -2  
14  18  15  1319  508  315  2  -2  
14  18  15  1329  503  315  2  -2  
14  18  15  1336  498  315  2  -2  
14  18  15  1344  491  315  2  -2  
14  18  15  1354  481  315  2  -2  
14  18  15  1361  472  315  2  -2  
14  18  15  1369  461  315  2  -2  
14  18  15  1377  449  315  2  -2  
14  18  15  1385  436  315  2  -2  
14  18  15  1393  426  315  2  -2  
14  18  15  1403  414  315  2  -2  
14  18  15  1411  403  315  2  -2  
14  18  15  1418  394  315  3  -2  
14  18  15  1427  384  315  3  -2  
14  18  15  1435  372  315  3  -2  
14  18  15  1443  368  315  3  -2  
14  18  15  1453  368  315  3  -2  
14  18  15  1460  368  315  3  -2  
14  18  15  1468  368  315  3  -2  
14  18  15  1476  368  315  3  -2  
14  18  15  1485  368  315  3  -2  
14  18  15  1493  368  315  3  -2  
14  18  15  1501  368  315  3  -2  
14  18  15  1510  368  315  3  -2  
14  18  15  1518  368  315  3  -2  
14  18  15  1527  368  315  3  -2  
14  18  15  1535  368  315  3  -2  
14  18  15  1543  368  315  3  -2  
14  18  15  1553  368  315  3  -2  
14  18  15  1561  368  315  3  -2  
14  18  15  1568  368  315  3  -2  
14  18  15  1576  368  315  3  -2  
14  18  15  1585  368  315  3  -2  
14  18  15  1596  368  315  3  -2  
14  18  15  1603  375  315  3  -2  
14  18  15  1610  375  315  3  -2  
14  18  15  1618  385  315  3  -2  
14  18  15  1627  393  315  3  -2  
14  18  15  1635  420  315  3  -2  
14  18  15  1644  438  315  3  -2  
14  18  15  1653  458  315  3  -2  
14  18  15  1661  476  315  3  -2  
14  18  15  1669  494  315  3  -2  
14  18  15  1676  509  315  4  -2  
14  18  15  1685  523  315  4  -2  
14  18  15  1695  533  315  4  -2  
14  18  15  1703  535  315  4  -2  
14  18  15  1710  538  314  4  -2  
14  18  15  1719  538  314  4  -2  
14  18  15  1726  538  314  4  -2  
14  18  15  1735  538  314  4  -2  
14  18  15  1745  538  314  4  -2  
14  18  15  1753  538  314  4  -2  
14  18  15  1760  538  314  4  -2  
14  18  15  1768  538  314  4  -2  
14  18  15  1777  538  314  4  -2  
14  18  15  1785  538  314  4  -2  
14  18  15  1794  538  314  4  -2  
14  18  15  1803  538  314  4  -2  
14  18  15  1811  538  314  4  -2  
14  18  15  1819  538  314  4  -2  
14  18  16  1827  538  314  4  -2  
14  18  16  1835  538  314  4  -2  
14  18  16  1843  538  314  4  -2  
14  18  16  1853  538  314  4  -2  
14  18  16  1861  538  314  4  -2  
14  18  16  1868  538  314  4  -2  
14  18  16  1877  538  314  4  -2  
14  18  16  1885  538  314  4  -2  
14  18  16  1894  538  314  4  -2  
14  18  16  1903  538  314  4  -2  
14  18  16  1911  538  314  4  -2  
14  18  16  1918  538  314  4  -2  
14  18  16  1929  538  314  4  -2  
14  18  16  1936  538  314  4  -2  
14  18  16  1945  538  314  4  -2  
14  18  16  1953  538  314  4  -2  
14  18  16  1961  538  314  4  -2  
14  18  16  1968  538  314  4  -2  
14  18  16  1978  538  314  4  -2  
14  18  16  1986  538  314  4  -2  
14  18  16  1994  538  314  4  -2  
14  18  16  2003  538  314  4  -2  
14  18  16  2010  538  314  4  -2  
14  18  16  2018  538  314  4  -2  
14  18  16  2028  538  314  4  -2  
14  18  16  2035  538  314  4  -2  
14  18  16  2043  538  314  4  -2  
14  18  16  2053  538  314  4  -2  
14  18  16  2061  538  314  4  -2  
14  18  16  2068  538  314  4  -2  
14  18  16  2078  538  314  4  -2  
14  18  16  2085  538  314  4  -2  
14  18  16  2094  538  314  4  -2  
14  18  16  2103  538  314  4  -2  
14  18  16  2110  538  314  4  -2  
14  18  16  2118  538  314  4  -2  
14  18  16  2128  538  314  4  -2  
14  18  16  2135  538  314  4  -2  
14  18  16  2144  538  314  4  -2  
14  18  16  2153  538  314  4  -2  
14  18  16  2163  538  314  4  -2  
14  18  16  2169  538  314  4  -2  
14  18  16  2178  538  314  4  -2  
14  18  16  2186  538  314  4  -2  
14  18  16  2195  538  314  4  -2  
14  18  16  2203  538  314  4  -2  
14  18  16  2210  538  314  4  -2  
14  18  16  2220  538  314  4  -2  
14  18  16  2228  536  314  4  -2  
14  18  16  2236  536  314  4  -2  
14  18  16  2246  535  314  4  -2  
14  18  16  2254  534  314  4  -2  
14  18  16  2264  532  314  4  -2  
14  18  16  2272  530  314  4  -2  
14  18  16  2282  528  314  4  -2  
14  18  16  2289  523  314  4  -2  
14  18  16  2299  521  314  4  -2  
14  18  16  2305  512  314  4  -2  
14  18  16  2315  503  314  4  -2  
14  18  16  2323  488  314  4  -2  
14  18  16  2332  470  314  4  -2  
14  18  16  2339  434  314  4  -2  
14  18  16  2348  434  314  4  -2  
14  18  16  2357  404  314  4  -2  
14  18  16  2366  396  314  5  -2  
14  18  16  2374  389  314  5  -2  
14  18  16  2383  386  314  5  -2  
14  18  16  2392  381  314  5  -2  
14  18  16  2401  380  314  5  -2  
14  18  16  2408  377  314  5  -2  
14  18  16  2417  375  314  5  -2  
14  18  16  2425  374  314  5  -2  
14  18  16  2434  373  314  5  -2  
14  18  16  2443  372  314  5  -2  
14  18  16  2452  372  314  5  -2  
14  18  16  2458  372  314  5  -2  
14  18  16  2468  372  314  5  -2  
14  18  16  2474  372  314  5  -2  
14  18  16  2484  372  314  5  -2  
14  18  16  2493  372  314  5  -2  
14  18  16  2502  372  314  5  -2  
14  18  16  2509  372  314  5  -2  
14  18  16  2518  372  314  5  -2  
14  18  16  2527  372  314  5  -2  
14  18  16  2534  372  314  5  -2  
14  18  16  2543  372  314  5  -2  
14  18  16  2550  372  314  5  -2  
14  18  16  2558  372  314  5  -2  
14  18  16  2566  372  314  5  -2  
14  18  16  2575  372  314  5  -2  
14  18  16  2584  372  314  5  -2  
14  18  16  2592  372  314  5  -2  
14  18  16  2600  372  314  5  -2  
14  18  16  2609  372  314  5  -2  
14  18  16  2618  372  314  5  -2  
14  18  16  2626  372  314  5  -2  
14  18  16  2634  372  314  5  -2  
14  18  16  2643  372  314  5  -2  
14  18  16  2650  372  314  5  -2  
14  18  16  2660  372  314  5  -2  
14  18  16  2667  372  314  5  -2  
14  18  16  2675  372  314  5  -2  
14  18  16  2684  372  314  5  -2  
14  18  16  2693  372  314  5  -2  
14  18  16  2702  372  314  5  -2  
14  18  16  2710  372  314  5  -2  
