14  18  26  0  363  310  1  -2  
14  18  26  9  363  310  1  -2  
14  18  26  16  363  310  1  -2  
14  18  26  26  363  310  1  -2  
14  18  26  33  363  310  1  -2  
14  18  26  43  363  310  1  -2  
14  18  26  50  363  310  1  -2  
14  18  26  60  363  310  1  -2  
14  18  26  66  363  310  1  -2  
14  18  26  76  363  310  1  -2  
14  18  26  83  363  310  1  -2  
14  18  26  93  363  310  1  -2  
14  18  26  100  363  310  1  -2  
14  18  26  109  363  310  1  -2  
14  18  27  116  363  310  1  -2  
14  18  27  126  363  310  1  -2  
14  18  27  133  363  310  1  -2  
14  18  27  143  363  310  1  -2  
14  18  27  149  363  310  1  -2  
14  18  27  159  363  310  1  -2  
14  18  27  166  363  310  1  -2  
14  18  27  176  363  310  1  -2  
14  18  27  183  363  310  1  -2  
14  18  27  193  363  310  1  -2  
14  18  27  200  363  310  1  -2  
14  18  27  208  363  310  1  -2  
14  18  27  216  363  310  1  -2  
14  18  27  226  363  310  1  -2  
14  18  27  233  363  310  1  -2  
14  18  27  243  363  310  1  -2  
14  18  27  250  363  310  1  -2  
14  18  27  259  363  310  1  -2  
14  18  27  266  363  310  1  -2  
14  18  27  276  363  310  1  -2  
14  18  27  283  363  310  1  -2  
14  18  27  293  363  310  1  -2  
14  18  27  300  368  311  1  -2  
14  18  27  310  377  311  1  -2  
14  18  27  317  392  311  1  -2  
14  18  27  326  392  311  1  -2  
14  18  27  333  415  312  1  -2  
14  18  27  343  415  312  1  -2  
14  18  27  350  437  314  1  -2  
14  18  27  360  449  316  1  -2  
14  18  27  366  454  316  1  -2  
14  18  27  376  460  316  1  -2  
14  18  27  384  463  316  1  -2  
14  18  27  394  465  316  1  -2  
14  18  27  400  467  316  1  -2  
14  18  27  410  467  316  1  -2  
14  18  27  416  469  316  1  -2  
14  18  27  426  471  316  1  -2  
14  18  27  433  472  316  1  -2  
14  18  27  443  475  316  1  -2  
14  18  27  450  477  316  1  -2  
14  18  27  460  481  316  1  -2  
14  18  27  466  487  316  1  -2  
14  18  27  476  496  316  2  -2  
14  18  27  483  502  316  2  -2  
14  18  27  493  506  316  2  -2  
14  18  27  500  508  316  2  -2  
14  18  27  509  508  316  2  -2  
14  18  27  516  508  316  2  -2  
14  18  27  526  508  316  2  -2  
14  18  27  533  508  316  2  -2  
14  18  27  543  508  316  2  -2  
14  18  27  550  508  316  2  -2  
14  18  27  560  508  316  2  -2  
14  18  27  567  508  316  2  -2  
14  18  27  576  508  316  2  -2  
14  18  27  583  508  316  2  -2  
14  18  27  593  508  316  2  -2  
14  18  27  600  508  316  2  -2  
14  18  27  609  508  316  2  -2  
14  18  27  617  508  316  2  -2  
14  18  27  626  508  316  2  -2  
14  18  27  633  508  316  2  -2  
14  18  27  643  508  316  2  -2  
14  18  27  650  508  316  2  -2  
14  18  27  659  508  316  2  -2  
14  18  27  666  508  316  2  -2  
14  18  27  676  508  316  2  -2  
14  18  27  683  508  316  2  -2  
14  18  27  694  508  316  2  -2  
14  18  27  701  508  316  2  -2  
14  18  27  710  508  316  2  -2  
14  18  27  718  508  316  2  -2  
14  18  27  727  508  316  2  -2  
14  18  27  735  508  316  2  -2  
14  18  27  744  508  316  2  -2  
14  18  27  752  508  316  2  -2  
14  18  27  760  508  316  2  -2  
14  18  27  768  508  316  2  -2  
14  18  27  777  508  316  2  -2  
14  18  27  785  508  316  2  -2  
14  18  27  794  508  316  2  -2  
14  18  27  801  508  316  2  -2  
14  18  27  810  508  316  2  -2  
14  18  27  818  508  316  2  -2  
14  18  27  827  508  316  2  -2  
14  18  27  834  508  316  2  -2  
14  18  27  844  508  316  2  -2  
14  18  27  852  508  316  2  -2  
14  18  27  859  508  316  2  -2  
14  18  27  867  508  316  2  -2  
14  18  27  876  508  316  2  -2  
14  18  27  883  508  316  2  -2  
14  18  27  893  508  316  2  -2  
14  18  27  901  508  316  2  -2  
14  18  27  909  508  316  2  -2  
14  18  27  916  508  316  2  -2  
14  18  27  926  508  316  2  -2  
14  18  27  934  508  316  2  -2  
14  18  27  943  508  316  2  -2  
14  18  27  951  508  316  2  -2  
14  18  27  959  508  316  2  -2  
14  18  27  967  508  316  2  -2  
14  18  27  975  508  316  2  -2  
14  18  27  983  508  316  2  -2  
14  18  27  992  508  316  2  -2  
14  18  27  1000  508  316  2  -2  
14  18  27  1008  508  316  2  -2  
14  18  27  1016  508  316  2  -2  
14  18  27  1025  508  316  2  -2  
14  18  27  1033  508  316  2  -2  
14  18  27  1042  507  316  2  -2  
14  18  27  1051  505  316  2  -2  
14  18  27  1058  502  316  2  -2  
14  18  27  1066  498  316  2  -2  
14  18  27  1075  494  316  2  -2  
14  18  27  1082  489  316  2  -2  
14  18  27  1092  483  316  2  -2  
14  18  27  1101  474  316  2  -2  
14  18  27  1108  466  316  2  -2  
14  18  28  1116  454  316  2  -2  
14  18  28  1125  443  316  2  -2  
14  18  28  1133  428  316  2  -2  
14  18  28  1142  396  316  3  -2  
14  18  28  1149  378  316  3  -2  
14  18  28  1158  368  316  3  -2  
14  18  28  1167  360  316  3  -2  
14  18  28  1175  358  316  3  -2  
14  18  28  1183  356  316  3  -2  
14  18  28  1192  356  316  3  -2  
14  18  28  1199  356  316  3  -2  
14  18  28  1208  356  316  3  -2  
14  18  28  1216  356  316  3  -2  
14  18  28  1225  356  316  3  -2  
14  18  28  1232  356  316  3  -2  
14  18  28  1242  356  316  3  -2  
14  18  28  1249  356  316  3  -2  
14  18  28  1258  356  316  3  -2  
14  18  28  1266  356  316  3  -2  
14  18  28  1275  356  316  3  -2  
14  18  28  1283  356  316  3  -2  
14  18  28  1293  356  316  3  -2  
14  18  28  1299  356  316  3  -2  
14  18  28  1308  356  316  3  -2  
14  18  28  1316  356  316  3  -2  
14  18  28  1325  356  316  3  -2  
14  18  28  1333  356  316  3  -2  
14  18  28  1342  356  316  3  -2  
14  18  28  1351  356  316  3  -2  
14  18  28  1358  356  316  3  -2  
14  18  28  1367  356  316  3  -2  
14  18  28  1375  356  316  3  -2  
14  18  28  1383  356  316  3  -2  
14  18  28  1392  356  316  3  -2  
14  18  28  1400  356  316  3  -2  
14  18  28  1408  360  316  3  -2  
14  18  28  1416  367  316  3  -2  
14  18  28  1425  379  316  3  -2  
14  18  28  1434  394  316  3  -2  
14  18  28  1442  412  316  3  -2  
14  18  28  1451  435  317  3  -2  
14  18  28  1458  461  323  3  -2  
14  18  28  1467  485  323  3  -2  
14  18  28  1475  502  324  4  -2  
14  18  28  1483  514  325  4  -2  
14  18  28  1493  521  326  4  -2  
14  18  28  1501  524  326  4  -2  
14  18  28  1508  524  326  4  -2  
14  18  28  1516  524  326  4  -2  
14  18  28  1525  524  326  4  -2  
14  18  28  1533  524  326  4  -2  
14  18  28  1543  524  326  4  -2  
14  18  28  1549  524  326  4  -2  
14  18  28  1558  524  326  4  -2  
14  18  28  1566  524  326  4  -2  
14  18  28  1575  524  326  4  -2  
14  18  28  1584  524  326  4  -2  
14  18  28  1592  524  326  4  -2  
14  18  28  1601  524  326  4  -2  
14  18  28  1608  524  326  4  -2  
14  18  28  1617  524  326  4  -2  
14  18  28  1625  524  326  4  -2  
14  18  28  1633  524  326  4  -2  
14  18  28  1642  524  326  4  -2  
14  18  28  1651  524  326  4  -2  
14  18  28  1658  524  326  4  -2  
14  18  28  1666  524  326  4  -2  
14  18  28  1675  524  326  4  -2  
14  18  28  1684  524  326  4  -2  
14  18  28  1693  524  326  4  -2  
14  18  28  1700  524  326  4  -2  
14  18  28  1709  524  326  4  -2  
14  18  28  1717  524  326  4  -2  
14  18  28  1725  524  326  4  -2  
14  18  28  1733  524  326  4  -2  
14  18  28  1743  524  326  4  -2  
14  18  28  1751  524  326  4  -2  
14  18  28  1758  524  326  4  -2  
14  18  28  1767  524  326  4  -2  
14  18  28  1775  524  326  4  -2  
14  18  28  1784  524  326  4  -2  
14  18  28  1793  524  326  4  -2  
14  18  28  1801  524  326  4  -2  
14  18  28  1809  524  326  4  -2  
14  18  28  1818  524  326  4  -2  
14  18  28  1825  524  326  4  -2  
14  18  28  1835  524  326  4  -2  
14  18  28  1843  524  326  4  -2  
14  18  28  1851  524  326  4  -2  
14  18  28  1858  524  326  4  -2  
14  18  28  1868  524  326  4  -2  
14  18  28  1875  524  326  4  -2  
14  18  28  1884  524  326  4  -2  
14  18  28  1893  524  326  4  -2  
14  18  28  1901  524  326  4  -2  
14  18  28  1908  524  326  4  -2  
14  18  28  1917  524  326  4  -2  
14  18  28  1925  524  326  4  -2  
14  18  28  1934  524  326  4  -2  
14  18  28  1943  524  326  4  -2  
14  18  28  1952  524  326  4  -2  
14  18  28  1959  524  326  4  -2  
14  18  28  1966  524  326  4  -2  
14  18  28  1976  524  326  4  -2  
14  18  28  1985  524  326  4  -2  
14  18  28  1993  524  326  4  -2  
14  18  28  2001  524  326  4  -2  
14  18  28  2008  524  326  4  -2  
14  18  28  2017  524  326  4  -2  
14  18  28  2025  524  326  4  -2  
14  18  28  2035  524  326  4  -2  
14  18  28  2043  524  326  4  -2  
14  18  28  2051  524  326  4  -2  
14  18  28  2058  524  326  4  -2  
14  18  28  2068  524  326  4  -2  
14  18  28  2075  521  326  4  -2  
14  18  28  2084  519  326  4  -2  
14  18  28  2093  516  326  4  -2  
14  18  28  2101  514  326  4  -2  
14  18  28  2108  511  326  4  -2  
14  18  29  2118  507  326  4  -2  
14  18  29  2125  505  326  4  -2  
14  18  29  2134  498  326  4  -2  
14  18  29  2143  481  326  4  -2  
14  18  29  2151  469  326  4  -2  
14  18  29  2160  456  326  4  -2  
14  18  29  2168  441  326  4  -2  
14  18  29  2175  425  326  4  -2  
14  18  29  2184  411  326  4  -2  
14  18  29  2193  396  326  5  -2  
14  18  29  2200  386  326  5  -2  
14  18  29  2210  379  324  5  -2  
14  18  29  2216  376  324  5  -2  
14  18  29  2226  375  324  5  -2  
14  18  29  2235  375  324  5  -2  
14  18  29  2243  375  324  5  -2  
14  18  29  2251  375  324  5  -2  
14  18  29  2259  375  324  5  -2  
14  18  29  2268  375  324  5  -2  
14  18  29  2275  375  324  5  -2  
14  18  29  2284  375  324  5  -2  
14  18  29  2293  375  324  5  -2  
14  18  29  2302  375  324  5  -2  
14  18  29  2309  375  324  5  -2  
14  18  29  2319  375  324  5  -2  
14  18  29  2327  375  324  5  -2  
14  18  29  2336  375  324  5  -2  
14  18  29  2344  375  324  5  -2  
14  18  29  2352  375  324  5  -2  
14  18  29  2359  375  324  5  -2  
14  18  29  2369  375  324  5  -2  
14  18  29  2376  375  324  5  -2  
14  18  29  2384  375  324  5  -2  
14  18  29  2394  375  324  5  -2  
14  18  29  2402  375  324  5  -2  
14  18  29  2410  375  324  5  -2  
14  18  29  2418  375  324  5  -2  
14  18  29  2427  375  324  5  -2  
14  18  29  2435  375  324  5  -2  
14  18  29  2444  375  324  5  -2  
14  18  29  2452  375  324  5  -2  
14  18  29  2461  375  324  5  -2  
14  18  29  2469  375  324  5  -2  
14  18  29  2477  375  324  5  -2  
14  18  29  2486  375  324  5  -2  
14  18  29  2494  375  324  5  -2  
14  18  29  2502  375  324  5  -2  
14  18  29  2510  375  324  5  -2  
14  18  29  2519  375  324  5  -2  
14  18  29  2527  375  324  5  -2  
14  18  29  2536  375  324  5  -2  
14  18  29  2544  375  324  5  -2  
14  18  29  2552  375  324  5  -2  
14  18  29  2560  375  324  5  -2  
14  18  29  2569  375  324  5  -2  
14  18  29  2577  375  324  5  -2  
14  18  29  2586  375  324  5  -2  
14  18  29  2593  375  324  5  -2  
14  18  29  2601  375  324  5  -2  
14  18  29  2609  375  324  5  -2  
14  18  29  2618  375  324  5  -2  
14  18  29  2626  375  324  5  -2  
14  18  29  2635  375  324  5  -2  
14  18  29  2643  375  324  5  -2  
14  18  29  2651  374  324  5  -2  
14  18  29  2660  373  324  5  -2  
14  18  29  2668  373  324  5  -2  
14  18  29  2676  373  324  5  -2  
14  18  29  2685  373  324  5  -2  
14  18  29  2693  373  324  5  -2  
14  18  29  2702  373  324  5  -2  
14  18  29  2710  373  324  5  -2  
14  18  29  2718  373  324  5  -2  
14  18  29  2727  373  324  5  -2  
14  18  29  2737  373  324  5  -2  
14  18  29  2744  373  324  5  -2  
14  18  29  2754  373  324  5  -2  
14  18  29  2763  373  324  5  -2  
14  18  29  2770  373  324  5  -2  
14  18  29  2778  373  324  5  -2  
14  18  29  2786  373  324  5  -2  
14  18  29  2794  373  324  5  -2  
14  18  29  2803  373  324  5  -2  
14  18  29  2811  373  324  5  -2  
14  18  29  2820  373  324  5  -2  
14  18  29  2828  373  324  5  -2  
14  18  29  2836  373  324  5  -2  
14  18  29  2844  373  324  5  -2  
14  18  29  2853  373  324  5  -2  
14  18  29  2861  373  324  5  -2  
14  18  29  2869  373  324  5  -2  
14  18  29  2878  373  324  5  -2  
14  18  29  2886  373  324  5  -2  
14  18  29  2894  373  324  5  -2  
14  18  29  2903  373  324  5  -2  
14  18  29  2911  373  324  5  -2  
14  18  29  2919  373  324  5  -2  
14  18  29  2927  373  324  5  -2  
14  18  29  2936  373  324  5  -2  
14  18  29  2944  373  324  5  -2  
14  18  29  2953  373  324  5  -2  
14  18  29  2962  373  324  5  -2  
14  18  29  2969  373  324  5  -2  
14  18  29  2978  373  324  5  -2  
14  18  29  2986  373  324  5  -2  
14  18  29  2994  373  324  5  -2  
