14  17  47  0  366  307  1  -2  
14  17  47  8  366  307  1  -2  
14  17  47  17  366  307  1  -2  
14  17  47  25  366  307  1  -2  
14  17  47  34  366  307  1  -2  
14  17  47  41  366  307  1  -2  
14  17  47  50  366  307  1  -2  
14  17  47  58  366  307  1  -2  
14  17  47  67  366  307  1  -2  
14  17  47  76  366  307  1  -2  
14  17  47  84  366  307  1  -2  
14  17  47  92  366  307  1  -2  
14  17  47  100  366  307  1  -2  
14  17  47  108  366  307  1  -2  
14  17  47  116  366  307  1  -2  
14  17  47  125  366  307  1  -2  
14  17  47  135  366  307  1  -2  
14  17  47  142  366  307  1  -2  
14  17  47  150  366  307  1  -2  
14  17  47  158  366  307  1  -2  
14  17  47  167  366  307  1  -2  
14  17  47  176  366  307  1  -2  
14  17  47  183  366  307  1  -2  
14  17  47  192  366  307  1  -2  
14  17  47  200  366  307  1  -2  
14  17  47  208  366  307  1  -2  
14  17  47  217  366  307  1  -2  
14  17  47  225  366  307  1  -2  
14  17  47  235  366  307  1  -2  
14  17  47  244  366  307  1  -2  
14  17  47  252  366  307  1  -2  
14  17  47  261  366  307  1  -2  
14  17  47  269  366  307  1  -2  
14  17  47  280  366  307  1  -2  
14  17  47  287  366  307  1  -2  
14  17  47  298  366  307  1  -2  
14  17  47  306  366  307  1  -2  
14  17  47  315  366  307  1  -2  
14  17  47  324  366  307  1  -2  
14  17  47  332  366  307  1  -2  
14  17  47  341  366  307  1  -2  
14  17  47  348  366  307  1  -2  
14  17  47  356  366  307  1  -2  
14  17  47  366  366  307  1  -2  
14  17  47  374  366  307  1  -2  
14  17  47  382  366  307  1  -2  
14  17  47  390  366  307  1  -2  
14  17  47  398  366  307  1  -2  
14  17  47  407  366  307  1  -2  
14  17  47  416  366  307  1  -2  
14  17  47  424  366  307  1  -2  
14  17  47  431  366  307  1  -2  
14  17  47  439  366  307  1  -2  
14  17  47  447  366  307  1  -2  
14  17  47  456  369  307  1  -2  
14  17  47  465  372  307  1  -2  
14  17  47  473  376  307  1  -2  
14  17  47  481  379  307  1  -2  
14  17  47  489  383  307  1  -2  
14  17  47  498  386  305  1  -2  
14  17  47  506  390  305  1  -2  
14  17  47  515  393  305  1  -2  
14  17  47  523  397  305  1  -2  
14  17  47  531  400  305  1  -2  
14  17  47  540  413  305  1  -2  
14  17  47  548  419  305  1  -2  
14  17  47  556  428  305  1  -2  
14  17  47  565  438  305  1  -2  
14  17  47  574  446  305  1  -2  
14  17  47  581  456  305  1  -2  
14  17  47  589  461  305  1  -2  
14  17  47  597  465  305  1  -2  
14  17  47  606  466  305  1  -2  
14  17  47  615  466  305  1  -2  
14  17  47  622  466  305  1  -2  
14  17  47  631  466  305  1  -2  
14  17  47  640  466  305  1  -2  
14  17  47  649  466  305  1  -2  
14  17  47  657  467  305  1  -2  
14  17  47  666  469  305  1  -2  
14  17  47  675  472  304  1  -2  
14  17  47  682  475  304  1  -2  
14  17  47  690  479  304  1  -2  
14  17  47  700  483  304  1  -2  
14  17  47  707  489  304  1  -2  
14  17  47  717  489  304  1  -2  
14  17  47  725  492  304  1  -2  
14  17  47  732  492  304  1  -2  
14  17  47  741  492  304  1  -2  
14  17  47  749  492  304  1  -2  
14  17  47  758  492  304  1  -2  
14  17  47  766  492  304  1  -2  
14  17  48  775  492  304  1  -2  
14  17  48  782  492  304  1  -2  
14  17  48  791  493  304  1  -2  
14  17  48  799  496  304  2  -2  
14  17  48  808  502  304  2  -2  
14  17  48  816  511  304  2  -2  
14  17  48  824  521  304  2  -2  
14  17  48  832  526  304  2  -2  
14  17  48  841  530  304  2  -2  
14  17  48  849  530  304  2  -2  
14  17  48  857  530  304  2  -2  
14  17  48  866  530  304  2  -2  
14  17  48  875  530  304  2  -2  
14  17  48  882  530  304  2  -2  
14  17  48  890  530  304  2  -2  
14  17  48  899  530  304  2  -2  
14  17  48  907  530  304  2  -2  
14  17  48  916  530  304  2  -2  
14  17  48  923  530  304  2  -2  
14  17  48  932  530  304  2  -2  
14  17  48  942  530  304  2  -2  
14  17  48  949  530  304  2  -2  
14  17  48  957  530  304  2  -2  
14  17  48  966  530  304  2  -2  
14  17  48  975  530  304  2  -2  
14  17  48  982  530  304  2  -2  
14  17  48  991  530  304  2  -2  
14  17  48  1001  530  304  2  -2  
14  17  48  1009  530  304  2  -2  
14  17  48  1018  530  304  2  -2  
14  17  48  1029  530  304  2  -2  
14  17  48  1036  530  304  2  -2  
14  17  48  1046  530  304  2  -2  
14  17  48  1054  530  304  2  -2  
14  17  48  1060  530  304  2  -2  
14  17  48  1068  530  304  2  -2  
14  17  48  1077  530  304  2  -2  
14  17  48  1086  530  304  2  -2  
14  17  48  1095  530  304  2  -2  
14  17  48  1101  530  304  2  -2  
14  17  48  1112  530  304  2  -2  
14  17  48  1119  530  304  2  -2  
14  17  48  1129  530  304  2  -2  
14  17  48  1136  530  304  2  -2  
14  17  48  1145  530  304  2  -2  
14  17  48  1151  530  304  2  -2  
14  17  48  1162  530  304  2  -2  
14  17  48  1168  530  304  2  -2  
14  17  48  1177  530  304  2  -2  
14  17  48  1185  530  304  2  -2  
14  17  48  1195  530  304  2  -2  
14  17  48  1202  530  304  2  -2  
14  17  48  1212  530  304  2  -2  
14  17  48  1218  523  304  2  -2  
14  17  48  1227  523  304  2  -2  
14  17  48  1236  521  304  2  -2  
14  17  48  1245  506  305  2  -2  
14  17  48  1253  501  305  2  -2  
14  17  48  1262  492  305  2  -2  
14  17  48  1268  484  307  2  -2  
14  17  48  1279  475  307  2  -2  
14  17  48  1286  465  307  2  -2  
14  17  48  1296  457  307  2  -2  
14  17  48  1304  449  307  2  -2  
14  17  48  1313  440  307  2  -2  
14  17  48  1319  433  307  2  -2  
14  17  48  1329  428  307  2  -2  
14  17  48  1336  418  307  2  -2  
14  17  48  1346  410  307  2  -2  
14  17  48  1354  398  307  3  -2  
14  17  48  1364  390  307  3  -2  
14  17  48  1373  375  307  3  -2  
14  17  48  1382  369  307  3  -2  
14  17  48  1390  366  307  3  -2  
14  17  48  1397  365  307  3  -2  
14  17  48  1406  365  307  3  -2  
14  17  48  1415  365  307  3  -2  
14  17  48  1424  365  307  3  -2  
14  17  48  1431  365  307  3  -2  
14  17  48  1439  365  307  3  -2  
14  17  48  1447  365  307  3  -2  
14  17  48  1456  365  307  3  -2  
14  17  48  1465  365  307  3  -2  
14  17  48  1474  365  307  3  -2  
14  17  48  1480  365  307  3  -2  
14  17  48  1489  364  307  3  -2  
14  17  48  1497  364  307  3  -2  
14  17  48  1506  364  307  3  -2  
14  17  48  1515  364  307  3  -2  
14  17  48  1524  364  307  3  -2  
14  17  48  1531  364  307  3  -2  
14  17  48  1539  364  307  3  -2  
14  17  48  1548  364  307  3  -2  
14  17  48  1556  379  307  3  -2  
14  17  48  1565  390  307  3  -2  
14  17  48  1574  403  307  3  -2  
14  17  48  1581  421  307  3  -2  
14  17  48  1590  439  307  3  -2  
14  17  48  1598  462  307  3  -2  
14  17  48  1607  493  307  3  -2  
14  17  48  1615  517  308  4  -2  
14  17  48  1624  534  311  4  -2  
14  17  48  1631  551  311  4  -2  
14  17  48  1639  557  311  4  -2  
14  17  48  1647  563  311  4  -2  
14  17  48  1656  563  311  4  -2  
14  17  48  1666  563  311  4  -2  
14  17  48  1674  563  311  4  -2  
14  17  48  1681  563  311  4  -2  
14  17  48  1690  563  311  4  -2  
14  17  48  1699  563  311  4  -2  
14  17  48  1706  563  311  4  -2  
14  17  48  1714  563  311  4  -2  
14  17  48  1724  563  311  4  -2  
14  17  48  1731  563  311  4  -2  
14  17  48  1739  563  311  4  -2  
14  17  48  1747  563  311  4  -2  
14  17  48  1756  563  311  4  -2  
14  17  48  1765  563  311  4  -2  
14  17  48  1774  563  311  4  -2  
14  17  49  1783  563  311  4  -2  
14  17  49  1790  563  311  4  -2  
14  17  49  1798  563  311  4  -2  
14  17  49  1807  563  311  4  -2  
14  17  49  1815  563  311  4  -2  
14  17  49  1824  563  311  4  -2  
14  17  49  1831  563  311  4  -2  
14  17  49  1843  563  311  4  -2  
14  17  49  1851  563  311  4  -2  
14  17  49  1860  563  311  4  -2  
14  17  49  1868  563  311  4  -2  
14  17  49  1878  563  311  4  -2  
14  17  49  1885  563  311  4  -2  
14  17  49  1893  563  311  4  -2  
14  17  49  1900  563  311  4  -2  
14  17  49  1911  563  311  4  -2  
14  17  49  1918  563  311  4  -2  
14  17  49  1928  563  311  4  -2  
14  17  49  1936  563  311  4  -2  
14  17  49  1945  563  311  4  -2  
14  17  49  1951  563  311  4  -2  
14  17  49  1961  563  311  4  -2  
14  17  49  1969  563  311  4  -2  
14  17  49  1979  563  311  4  -2  
14  17  49  1986  563  311  4  -2  
14  17  49  1996  563  311  4  -2  
14  17  49  2002  563  311  4  -2  
14  17  49  2012  563  311  4  -2  
14  17  49  2020  563  311  4  -2  
14  17  49  2029  563  311  4  -2  
14  17  49  2036  563  311  4  -2  
14  17  49  2045  563  311  4  -2  
14  17  49  2053  563  311  4  -2  
14  17  49  2062  563  311  4  -2  
14  17  49  2069  563  311  4  -2  
14  17  49  2078  563  311  4  -2  
14  17  49  2085  563  311  4  -2  
14  17  49  2096  563  311  4  -2  
14  17  49  2102  563  311  4  -2  
14  17  49  2112  563  311  4  -2  
14  17  49  2120  563  311  4  -2  
14  17  49  2129  563  311  4  -2  
14  17  49  2136  562  311  4  -2  
14  17  49  2147  558  311  4  -2  
14  17  49  2153  555  311  4  -2  
14  17  49  2162  551  311  4  -2  
14  17  49  2169  546  311  4  -2  
14  17  49  2178  539  311  4  -2  
14  17  49  2185  532  311  4  -2  
14  17  49  2195  522  311  4  -2  
14  17  49  2202  512  311  4  -2  
14  17  49  2211  502  311  4  -2  
14  17  49  2220  491  311  4  -2  
14  17  49  2228  469  311  4  -2  
14  17  49  2236  457  311  4  -2  
14  17  49  2245  446  311  4  -2  
14  17  49  2252  437  311  4  -2  
14  17  49  2261  430  311  4  -2  
14  17  49  2270  425  311  4  -2  
14  17  49  2280  423  311  4  -2  
14  17  49  2287  422  311  4  -2  
14  17  49  2296  422  311  4  -2  
14  17  49  2304  422  311  4  -2  
14  17  49  2311  422  311  4  -2  
14  17  49  2320  422  311  4  -2  
14  17  49  2329  421  311  4  -2  
14  17  49  2336  420  311  4  -2  
14  17  49  2346  417  311  4  -2  
14  17  49  2354  413  311  4  -2  
14  17  49  2361  408  311  4  -2  
14  17  49  2370  403  311  4  -2  
14  17  49  2380  396  311  5  -2  
14  17  49  2390  392  311  5  -2  
14  17  49  2398  392  311  5  -2  
14  17  49  2408  392  311  5  -2  
14  17  49  2416  392  311  5  -2  
14  17  49  2426  392  311  5  -2  
14  17  49  2432  392  311  5  -2  
14  17  49  2443  392  311  5  -2  
14  17  49  2451  392  311  5  -2  
14  17  49  2460  390  311  5  -2  
14  17  49  2466  388  311  5  -2  
14  17  49  2478  388  311  5  -2  
14  17  49  2483  388  311  5  -2  
14  17  49  2494  388  311  5  -2  
14  17  49  2501  388  311  5  -2  
14  17  49  2511  388  311  5  -2  
14  17  49  2517  388  311  5  -2  
14  17  49  2528  388  311  5  -2  
14  17  49  2535  388  311  5  -2  
14  17  49  2544  388  311  5  -2  
14  17  49  2551  388  311  5  -2  
14  17  49  2561  388  311  5  -2  
14  17  49  2568  388  311  5  -2  
14  17  49  2577  388  311  5  -2  
14  17  49  2584  387  311  5  -2  
14  17  49  2594  387  311  5  -2  
14  17  49  2602  387  311  5  -2  
14  17  49  2611  387  311  5  -2  
14  17  49  2618  387  311  5  -2  
14  17  49  2628  387  311  5  -2  
14  17  49  2635  387  311  5  -2  
14  17  49  2644  387  311  5  -2  
14  17  49  2652  387  311  5  -2  
14  17  49  2661  387  311  5  -2  
14  17  49  2668  387  311  5  -2  
14  17  49  2677  387  311  5  -2  
14  17  49  2685  387  311  5  -2  
14  17  49  2695  387  311  5  -2  
14  17  49  2702  386  311  5  -2  
14  17  49  2711  386  311  5  -2  
14  17  49  2719  385  311  5  -2  
14  17  49  2728  385  311  5  -2  
14  17  49  2735  385  311  5  -2  
14  17  49  2746  385  311  5  -2  
14  17  49  2752  385  311  5  -2  
14  17  49  2762  385  311  5  -2  
14  17  49  2769  385  311  5  -2  
14  17  50  2778  385  311  5  -2  
14  17  50  2786  385  311  5  -2  
14  17  50  2795  385  311  5  -2  
14  17  50  2803  385  311  5  -2  
14  17  50  2811  385  311  5  -2  
14  17  50  2819  385  311  5  -2  
14  17  50  2828  385  311  5  -2  
14  17  50  2836  385  311  5  -2  
14  17  50  2844  385  311  5  -2  
14  17  50  2853  385  311  5  -2  
14  17  50  2861  385  311  5  -2  
14  17  50  2869  385  311  5  -2  
14  17  50  2878  385  311  5  -2  
14  17  50  2886  385  311  5  -2  
14  17  50  2894  385  311  5  -2  
14  17  50  2902  385  311  5  -2  
14  17  50  2911  385  311  5  -2  
14  17  50  2918  385  311  5  -2  
14  17  50  2927  385  311  5  -2  
14  17  50  2936  385  311  5  -2  
