10  3  12  0  377  306  1  -2  
10  3  12  9  377  306  1  -2  
10  3  12  18  377  306  1  -2  
10  3  12  27  377  306  1  -2  
10  3  12  35  377  306  1  -2  
10  3  12  44  377  306  1  -2  
10  3  12  51  377  306  1  -2  
10  3  12  59  377  306  1  -2  
10  3  12  67  377  306  1  -2  
10  3  12  75  377  306  1  -2  
10  3  12  84  377  306  1  -2  
10  3  12  92  377  306  1  -2  
10  3  12  101  377  306  1  -2  
10  3  12  109  377  306  1  -2  
10  3  12  117  377  306  1  -2  
10  3  12  125  377  306  1  -2  
10  3  12  134  377  306  1  -2  
10  3  12  142  377  306  1  -2  
10  3  12  150  377  306  1  -2  
10  3  12  159  377  306  1  -2  
10  3  12  167  377  306  1  -2  
10  3  12  176  377  306  1  -2  
10  3  12  184  377  306  1  -2  
10  3  12  192  377  306  1  -2  
10  3  12  200  377  306  1  -2  
10  3  12  210  377  306  1  -2  
10  3  12  217  377  306  1  -2  
10  3  12  225  377  306  1  -2  
10  3  12  234  377  306  1  -2  
10  3  12  243  377  306  1  -2  
10  3  12  251  377  306  1  -2  
10  3  12  259  377  306  1  -2  
10  3  12  268  377  306  1  -2  
10  3  12  276  377  306  1  -2  
10  3  12  284  377  306  1  -2  
10  3  12  292  377  306  1  -2  
10  3  12  301  377  306  1  -2  
10  3  12  309  377  306  1  -2  
10  3  12  317  377  306  1  -2  
10  3  12  325  377  306  1  -2  
10  3  12  334  377  306  1  -2  
10  3  12  342  377  306  1  -2  
10  3  12  351  377  306  1  -2  
10  3  12  359  377  306  1  -2  
10  3  12  367  377  306  1  -2  
10  3  12  376  377  306  1  -2  
10  3  12  384  377  306  1  -2  
10  3  12  392  377  306  1  -2  
10  3  12  401  377  306  1  -2  
10  3  12  409  377  306  1  -2  
10  3  12  417  377  306  1  -2  
10  3  12  426  377  306  1  -2  
10  3  12  434  377  306  1  -2  
10  3  12  442  377  306  1  -2  
10  3  12  451  377  306  1  -2  
10  3  12  459  377  306  1  -2  
10  3  12  468  377  306  1  -2  
10  3  12  475  378  306  1  -2  
10  3  12  484  379  306  1  -2  
10  3  12  493  381  306  1  -2  
10  3  12  501  381  306  1  -2  
10  3  12  509  383  306  1  -2  
10  3  12  519  386  306  1  -2  
10  3  12  526  386  306  1  -2  
10  3  12  535  389  306  1  -2  
10  3  12  544  390  305  1  -2  
10  3  12  553  393  305  1  -2  
10  3  12  562  400  305  1  -2  
10  3  12  572  403  305  1  -2  
10  3  12  580  405  305  1  -2  
10  3  12  589  409  305  1  -2  
10  3  12  598  412  305  1  -2  
10  3  12  607  414  305  1  -2  
10  3  12  615  417  305  1  -2  
10  3  12  625  418  305  1  -2  
10  3  12  633  421  305  1  -2  
10  3  12  642  422  305  1  -2  
10  3  12  653  424  305  1  -2  
10  3  12  661  424  305  1  -2  
10  3  12  669  426  305  1  -2  
10  3  12  679  428  305  1  -2  
10  3  12  688  429  305  1  -2  
10  3  12  695  432  305  1  -2  
10  3  12  707  434  304  1  -2  
10  3  12  715  439  304  1  -2  
10  3  12  725  442  304  1  -2  
10  3  12  733  445  304  1  -2  
10  3  12  741  447  304  1  -2  
10  3  12  751  450  304  1  -2  
10  3  12  760  452  304  1  -2  
10  3  12  767  455  304  1  -2  
10  3  12  775  456  304  1  -2  
10  3  12  785  458  304  1  -2  
10  3  12  793  462  304  1  -2  
10  3  12  801  462  304  1  -2  
10  3  12  809  464  304  1  -2  
10  3  12  817  464  304  1  -2  
10  3  12  825  467  304  1  -2  
10  3  12  834  468  304  1  -2  
10  3  12  843  471  304  1  -2  
10  3  12  851  472  304  1  -2  
10  3  12  859  476  304  1  -2  
10  3  12  867  480  304  1  -2  
10  3  12  875  483  305  1  -2  
10  3  13  884  484  305  1  -2  
10  3  13  892  486  305  1  -2  
10  3  13  901  489  305  1  -2  
10  3  13  909  490  306  1  -2  
10  3  13  918  492  306  1  -2  
10  3  13  925  494  307  1  -2  
10  3  13  934  496  307  2  -2  
10  3  13  942  498  307  2  -2  
10  3  13  951  500  308  2  -2  
10  3  13  959  501  308  2  -2  
10  3  13  968  502  308  2  -2  
10  3  13  977  503  308  2  -2  
10  3  13  985  505  308  2  -2  
10  3  13  992  505  308  2  -2  
10  3  13  1001  506  308  2  -2  
10  3  13  1010  508  310  2  -2  
10  3  13  1018  508  310  2  -2  
10  3  13  1026  508  310  2  -2  
10  3  13  1034  509  310  2  -2  
10  3  13  1042  509  310  2  -2  
10  3  13  1051  509  310  2  -2  
10  3  13  1059  510  310  2  -2  
10  3  13  1068  510  310  2  -2  
10  3  13  1075  512  310  2  -2  
10  3  13  1085  512  310  2  -2  
10  3  13  1093  512  310  2  -2  
10  3  13  1100  512  310  2  -2  
10  3  13  1109  513  310  2  -2  
10  3  13  1117  514  310  2  -2  
10  3  13  1125  514  310  2  -2  
10  3  13  1134  515  310  2  -2  
10  3  13  1142  516  310  2  -2  
10  3  13  1151  517  310  2  -2  
10  3  13  1159  517  310  2  -2  
10  3  13  1167  517  310  2  -2  
10  3  13  1176  517  310  2  -2  
10  3  13  1185  517  310  2  -2  
10  3  13  1194  519  310  2  -2  
10  3  13  1201  519  310  2  -2  
10  3  13  1209  519  310  2  -2  
10  3  13  1221  519  310  2  -2  
10  3  13  1227  520  311  2  -2  
10  3  13  1237  520  311  2  -2  
10  3  13  1246  520  311  2  -2  
10  3  13  1255  520  311  2  -2  
10  3  13  1262  520  311  2  -2  
10  3  13  1270  520  311  2  -2  
10  3  13  1277  520  311  2  -2  
10  3  13  1284  520  311  2  -2  
10  3  13  1294  520  311  2  -2  
10  3  13  1304  520  311  2  -2  
10  3  13  1312  520  311  2  -2  
10  3  13  1321  520  311  2  -2  
10  3  13  1327  520  311  2  -2  
10  3  13  1335  520  311  2  -2  
10  3  13  1344  516  311  2  -2  
10  3  13  1354  506  311  2  -2  
10  3  13  1360  484  311  2  -2  
10  3  13  1369  469  311  2  -2  
10  3  13  1376  456  311  2  -2  
10  3  13  1387  442  311  2  -2  
10  3  13  1394  432  311  2  -2  
10  3  13  1403  427  311  2  -2  
10  3  13  1411  422  311  2  -2  
10  3  13  1420  418  311  2  -2  
10  3  13  1427  417  311  2  -2  
10  3  13  1436  413  311  2  -2  
10  3  13  1444  412  311  2  -2  
10  3  13  1453  410  312  2  -2  
10  3  13  1460  409  312  2  -2  
10  3  13  1471  408  312  2  -2  
10  3  13  1478  406  312  2  -2  
10  3  13  1487  405  312  2  -2  
10  3  13  1494  404  313  2  -2  
10  3  13  1504  402  313  2  -2  
10  3  13  1512  400  313  2  -2  
10  3  13  1521  400  313  2  -2  
10  3  13  1528  398  313  3  -2  
10  3  13  1538  398  313  3  -2  
10  3  13  1545  398  313  3  -2  
10  3  13  1554  398  313  3  -2  
10  3  13  1561  398  313  3  -2  
10  3  13  1572  398  313  3  -2  
10  3  13  1578  398  313  3  -2  
10  3  13  1589  398  313  3  -2  
10  3  13  1595  398  313  3  -2  
10  3  13  1605  398  313  3  -2  
10  3  13  1613  398  313  3  -2  
10  3  13  1622  398  313  3  -2  
10  3  13  1629  398  313  3  -2  
10  3  13  1638  398  313  3  -2  
10  3  13  1644  398  313  3  -2  
10  3  13  1655  398  313  3  -2  
10  3  13  1662  398  313  3  -2  
10  3  13  1673  398  313  3  -2  
10  3  13  1681  398  313  3  -2  
10  3  13  1690  398  313  3  -2  
10  3  13  1704  398  313  3  -2  
10  3  13  1711  398  313  3  -2  
10  3  13  1721  398  313  3  -2  
10  3  13  1728  398  313  3  -2  
10  3  13  1738  398  313  3  -2  
10  3  13  1747  398  313  3  -2  
10  3  13  1757  398  313  3  -2  
10  3  13  1765  398  313  3  -2  
10  3  13  1773  398  313  3  -2  
10  3  13  1781  398  313  3  -2  
10  3  13  1789  398  313  3  -2  
10  3  13  1798  398  313  3  -2  
10  3  13  1819  398  313  3  -2  
10  3  13  1826  398  313  3  -2  
10  3  13  1836  398  313  3  -2  
10  3  13  1844  398  313  3  -2  
10  3  13  1853  398  313  3  -2  
10  3  13  1860  398  313  3  -2  
10  3  13  1870  398  313  3  -2  
10  3  13  1876  398  313  3  -2  
10  3  14  1885  398  313  3  -2  
10  3  14  1894  398  313  3  -2  
10  3  14  1903  398  313  3  -2  
10  3  14  1910  398  313  3  -2  
10  3  14  1918  398  313  3  -2  
10  3  14  1927  398  313  3  -2  
10  3  14  1936  398  313  3  -2  
10  3  14  1944  398  313  3  -2  
10  3  14  1953  398  313  3  -2  
10  3  14  1959  398  313  3  -2  
10  3  14  1970  398  313  3  -2  
10  3  14  1976  398  313  3  -2  
10  3  14  1985  398  313  3  -2  
10  3  14  1994  398  313  3  -2  
10  3  14  2003  398  313  3  -2  
10  3  14  2009  398  313  3  -2  
10  3  14  2019  398  313  3  -2  
10  3  14  2026  398  313  3  -2  
10  3  14  2035  398  313  3  -2  
10  3  14  2044  398  313  3  -2  
10  3  14  2053  398  313  3  -2  
10  3  14  2059  398  313  3  -2  
10  3  14  2069  398  313  3  -2  
10  3  14  2077  398  313  3  -2  
10  3  14  2087  398  313  3  -2  
10  3  14  2095  398  313  3  -2  
10  3  14  2104  398  313  3  -2  
10  3  14  2111  398  313  3  -2  
10  3  14  2121  398  313  3  -2  
10  3  14  2126  398  313  3  -2  
10  3  14  2137  398  313  3  -2  
10  3  14  2144  398  313  3  -2  
10  3  14  2153  398  313  3  -2  
10  3  14  2160  398  313  3  -2  
10  3  14  2170  398  313  3  -2  
10  3  14  2178  398  313  3  -2  
10  3  14  2188  398  313  3  -2  
10  3  14  2194  398  313  3  -2  
10  3  14  2204  398  313  3  -2  
10  3  14  2212  398  313  3  -2  
10  3  14  2222  398  313  3  -2  
10  3  14  2227  398  313  3  -2  
10  3  14  2236  398  313  3  -2  
10  3  14  2245  398  313  3  -2  
10  3  14  2254  400  313  3  -2  
10  3  14  2261  400  313  3  -2  
10  3  14  2271  401  313  3  -2  
10  3  14  2278  402  313  3  -2  
10  3  14  2288  403  313  3  -2  
10  3  14  2294  404  313  3  -2  
10  3  14  2304  405  313  3  -2  
10  3  14  2311  407  313  3  -2  
10  3  14  2321  409  312  3  -2  
10  3  14  2327  414  312  3  -2  
10  3  14  2339  414  312  3  -2  
10  3  14  2345  420  312  3  -2  
10  3  14  2356  422  312  3  -2  
10  3  14  2363  425  312  3  -2  
10  3  14  2372  426  312  3  -2  
10  3  14  2379  427  312  3  -2  
10  3  14  2388  429  312  3  -2  
10  3  14  2395  430  312  3  -2  
10  3  14  2406  433  312  3  -2  
10  3  14  2413  434  312  3  -2  
10  3  14  2422  437  312  3  -2  
10  3  14  2428  439  312  3  -2  
10  3  14  2438  443  312  3  -2  
10  3  14  2445  447  312  3  -2  
10  3  14  2455  451  312  3  -2  
10  3  14  2463  453  312  3  -2  
10  3  14  2472  458  312  3  -2  
10  3  14  2478  462  312  3  -2  
10  3  14  2488  466  313  3  -2  
10  3  14  2495  470  315  3  -2  
10  3  14  2505  472  315  3  -2  
10  3  14  2513  476  316  3  -2  
10  3  14  2522  479  316  3  -2  
10  3  14  2528  479  316  3  -2  
10  3  14  2538  479  316  3  -2  
10  3  14  2545  480  316  3  -2  
10  3  14  2555  481  316  3  -2  
10  3  14  2563  483  317  3  -2  
10  3  14  2572  483  317  3  -2  
10  3  14  2578  483  317  3  -2  
10  3  14  2588  484  317  3  -2  
10  3  14  2595  485  317  3  -2  
10  3  14  2605  487  317  3  -2  
10  3  14  2613  488  317  3  -2  
10  3  14  2622  490  318  3  -2  
10  3  14  2629  491  318  3  -2  
10  3  14  2638  492  318  3  -2  
10  3  14  2645  495  318  4  -2  
10  3  14  2655  496  319  4  -2  
10  3  14  2662  496  319  4  -2  
10  3  14  2671  497  319  4  -2  
10  3  14  2678  498  319  4  -2  
10  3  14  2688  498  319  4  -2  
10  3  14  2695  498  319  4  -2  
10  3  14  2705  498  319  4  -2  
10  3  14  2711  499  319  4  -2  
10  3  14  2721  499  319  4  -2  
10  3  14  2728  500  319  4  -2  
10  3  14  2738  500  319  4  -2  
10  3  14  2745  503  319  4  -2  
10  3  14  2755  504  320  4  -2  
10  3  14  2762  507  320  4  -2  
10  3  14  2771  510  320  4  -2  
10  3  14  2778  512  321  4  -2  
10  3  14  2788  516  321  4  -2  
10  3  14  2794  516  321  4  -2  
10  3  14  2805  517  321  4  -2  
10  3  14  2813  520  321  4  -2  
10  3  14  2821  520  321  4  -2  
10  3  14  2828  520  321  4  -2  
10  3  14  2839  520  321  4  -2  
10  3  14  2846  520  321  4  -2  
10  3  14  2855  520  321  4  -2  
10  3  14  2861  520  321  4  -2  
10  3  14  2871  520  321  4  -2  
10  3  14  2878  520  321  4  -2  
10  3  15  2888  520  321  4  -2  
10  3  15  2894  520  321  4  -2  
10  3  15  2905  520  321  4  -2  
10  3  15  2913  520  321  4  -2  
10  3  15  2921  520  321  4  -2  
10  3  15  2928  520  321  4  -2  
10  3  15  2938  520  321  4  -2  
10  3  15  2945  520  321  4  -2  
10  3  15  2955  520  321  4  -2  
10  3  15  2963  520  321  4  -2  
10  3  15  2971  520  321  4  -2  
10  3  15  2978  520  321  4  -2  
10  3  15  2988  520  321  4  -2  
10  3  15  2995  520  321  4  -2  
10  3  15  3005  520  321  4  -2  
10  3  15  3013  520  321  4  -2  
10  3  15  3020  520  321  4  -2  
10  3  15  3027  520  321  4  -2  
10  3  15  3037  519  321  4  -2  
10  3  15  3044  516  321  4  -2  
10  3  15  3054  510  319  4  -2  
10  3  15  3061  508  319  4  -2  
10  3  15  3070  501  316  4  -2  
10  3  15  3077  494  315  4  -2  
10  3  15  3087  488  313  4  -2  
10  3  15  3095  483  312  4  -2  
10  3  15  3104  477  311  4  -2  
10  3  15  3112  470  311  4  -2  
10  3  15  3121  470  311  4  -2  
10  3  15  3127  464  311  4  -2  
10  3  15  3137  464  311  4  -2  
10  3  15  3144  455  311  4  -2  
10  3  15  3154  451  310  4  -2  
10  3  15  3161  448  310  4  -2  
10  3  15  3172  444  308  4  -2  
10  3  15  3179  439  308  4  -2  
10  3  15  3187  435  308  4  -2  
10  3  15  3195  430  307  4  -2  
10  3  15  3204  427  307  4  -2  
10  3  15  3211  423  307  4  -2  
10  3  15  3220  420  307  4  -2  
10  3  15  3227  419  307  4  -2  
10  3  15  3237  416  307  4  -2  
10  3  15  3246  415  307  4  -2  
10  3  15  3254  414  307  4  -2  
10  3  15  3262  412  307  4  -2  
10  3  15  3270  411  307  4  -2  
10  3  15  3277  408  307  4  -2  
10  3  15  3287  403  306  4  -2  
