16  21  31  0  382  323  1  -2  
16  21  31  9  382  323  1  -2  
16  21  31  17  382  323  1  -2  
16  21  31  26  382  323  1  -2  
16  21  31  32  382  323  1  -2  
16  21  31  42  382  323  1  -2  
16  21  31  49  382  323  1  -2  
16  21  31  58  382  323  1  -2  
16  21  31  66  382  323  1  -2  
16  21  31  75  382  323  1  -2  
16  21  31  82  382  323  1  -2  
16  21  31  93  382  323  1  -2  
16  21  31  100  382  323  1  -2  
16  21  31  107  382  323  1  -2  
16  21  31  116  382  323  1  -2  
16  21  31  125  382  323  1  -2  
16  21  31  133  382  323  1  -2  
16  21  31  142  382  323  1  -2  
16  21  31  149  382  323  1  -2  
16  21  31  158  382  323  1  -2  
16  21  31  166  382  323  1  -2  
16  21  31  175  382  323  1  -2  
16  21  31  183  382  323  1  -2  
16  21  31  191  382  323  1  -2  
16  21  31  199  382  323  1  -2  
16  21  31  208  382  323  1  -2  
16  21  31  216  382  323  1  -2  
16  21  31  225  382  323  1  -2  
16  21  31  233  382  323  1  -2  
16  21  31  241  382  323  1  -2  
16  21  31  250  382  323  1  -2  
16  21  31  258  382  323  1  -2  
16  21  31  266  382  323  1  -2  
16  21  31  275  382  323  1  -2  
16  21  31  283  382  323  1  -2  
16  21  31  292  382  323  1  -2  
16  21  31  299  382  323  1  -2  
16  21  31  309  382  323  1  -2  
16  21  31  317  382  323  1  -2  
16  21  32  324  382  323  1  -2  
16  21  32  333  382  323  1  -2  
16  21  32  343  388  321  1  -2  
16  21  32  349  398  321  1  -2  
16  21  32  358  398  321  1  -2  
16  21  32  366  423  321  1  -2  
16  21  32  375  438  321  1  -2  
16  21  32  383  453  321  1  -2  
16  21  32  392  469  321  1  -2  
16  21  32  399  486  321  1  -2  
16  21  32  408  499  321  2  -2  
16  21  32  417  512  321  2  -2  
16  21  32  425  522  321  2  -2  
16  21  32  433  531  321  2  -2  
16  21  32  442  538  323  2  -2  
16  21  32  449  542  323  2  -2  
16  21  32  458  543  323  2  -2  
16  21  32  466  543  323  2  -2  
16  21  32  475  543  323  2  -2  
16  21  32  483  543  323  2  -2  
16  21  32  492  543  323  2  -2  
16  21  32  500  543  323  2  -2  
16  21  32  508  543  323  2  -2  
16  21  32  516  543  323  2  -2  
16  21  32  525  543  323  2  -2  
16  21  32  533  543  323  2  -2  
16  21  32  542  543  323  2  -2  
16  21  32  549  545  323  2  -2  
16  21  32  559  545  323  2  -2  
16  21  32  567  545  323  2  -2  
16  21  32  575  545  323  2  -2  
16  21  32  583  545  323  2  -2  
16  21  32  593  545  323  2  -2  
16  21  32  599  545  323  2  -2  
16  21  32  608  545  323  2  -2  
16  21  32  616  545  323  2  -2  
16  21  32  625  545  323  2  -2  
16  21  32  634  545  323  2  -2  
16  21  32  641  545  323  2  -2  
16  21  32  650  545  323  2  -2  
16  21  32  657  545  323  2  -2  
16  21  32  667  545  323  2  -2  
16  21  32  675  545  323  2  -2  
16  21  32  684  545  323  2  -2  
16  21  32  692  545  323  2  -2  
16  21  32  699  545  323  2  -2  
16  21  32  708  545  323  2  -2  
16  21  32  717  545  323  2  -2  
16  21  32  726  545  323  2  -2  
16  21  32  733  545  323  2  -2  
16  21  32  742  545  323  2  -2  
16  21  32  749  545  323  2  -2  
16  21  32  758  545  323  2  -2  
16  21  32  766  545  323  2  -2  
16  21  32  775  545  323  2  -2  
16  21  32  784  545  323  2  -2  
16  21  32  791  545  323  2  -2  
16  21  32  799  545  323  2  -2  
16  21  32  809  545  323  2  -2  
16  21  32  817  545  323  2  -2  
16  21  32  825  545  323  2  -2  
16  21  32  833  545  323  2  -2  
16  21  32  843  545  323  2  -2  
16  21  32  851  545  323  2  -2  
16  21  32  858  545  323  2  -2  
16  21  32  866  545  323  2  -2  
16  21  32  876  545  323  2  -2  
16  21  32  885  545  323  2  -2  
16  21  32  893  545  323  2  -2  
16  21  32  903  545  323  2  -2  
16  21  32  911  545  323  2  -2  
16  21  32  919  545  323  2  -2  
16  21  32  927  545  323  2  -2  
16  21  32  935  545  323  2  -2  
16  21  32  945  545  323  2  -2  
16  21  32  952  545  323  2  -2  
16  21  32  960  545  323  2  -2  
16  21  32  968  545  323  2  -2  
16  21  32  977  545  323  2  -2  
16  21  32  985  545  323  2  -2  
16  21  32  994  545  323  2  -2  
16  21  32  1002  545  323  2  -2  
16  21  32  1010  545  323  2  -2  
16  21  32  1019  545  323  2  -2  
16  21  32  1027  545  323  2  -2  
16  21  32  1035  545  323  2  -2  
16  21  32  1043  545  323  2  -2  
16  21  32  1052  545  323  2  -2  
16  21  32  1061  545  323  2  -2  
16  21  32  1069  545  323  2  -2  
16  21  32  1077  545  324  2  -2  
16  21  32  1085  545  324  2  -2  
16  21  32  1094  545  324  2  -2  
16  21  32  1103  541  324  2  -2  
16  21  32  1112  537  325  2  -2  
16  21  32  1119  532  325  2  -2  
16  21  32  1128  528  325  2  -2  
16  21  32  1136  524  327  2  -2  
16  21  32  1144  522  327  2  -2  
16  21  32  1152  517  327  2  -2  
16  21  32  1159  511  327  2  -2  
16  21  32  1169  506  327  2  -2  
16  21  32  1177  501  327  2  -2  
16  21  32  1186  496  327  2  -2  
16  21  32  1194  491  327  2  -2  
16  21  32  1203  486  327  2  -2  
16  21  32  1209  481  327  2  -2  
16  21  32  1219  474  327  2  -2  
16  21  32  1228  467  327  2  -2  
16  21  32  1236  462  327  2  -2  
16  21  32  1244  457  327  2  -2  
16  21  32  1252  452  327  2  -2  
16  21  32  1260  449  327  2  -2  
16  21  32  1269  444  327  2  -2  
16  21  32  1277  439  327  2  -2  
16  21  32  1287  434  327  2  -2  
16  21  32  1294  425  327  2  -2  
16  21  32  1303  421  327  2  -2  
16  21  32  1313  416  327  2  -2  
16  21  33  1319  412  327  2  -2  
16  21  33  1327  408  328  2  -2  
16  21  33  1337  406  328  2  -2  
16  21  33  1344  402  328  2  -2  
16  21  33  1355  400  328  2  -2  
16  21  33  1363  399  328  2  -2  
16  21  33  1369  398  328  2  -2  
16  21  33  1377  397  328  3  -2  
16  21  33  1386  397  328  3  -2  
16  21  33  1394  397  328  3  -2  
16  21  33  1405  397  328  3  -2  
16  21  33  1411  397  328  3  -2  
16  21  33  1422  397  328  3  -2  
16  21  33  1427  397  328  3  -2  
16  21  33  1435  397  328  3  -2  
16  21  33  1444  397  328  3  -2  
16  21  33  1453  397  328  3  -2  
16  21  33  1461  397  328  3  -2  
16  21  33  1469  397  328  3  -2  
16  21  33  1478  395  328  3  -2  
16  21  33  1486  394  329  3  -2  
16  21  33  1494  394  329  3  -2  
16  21  33  1503  394  329  3  -2  
16  21  33  1510  394  329  3  -2  
16  21  33  1521  394  329  3  -2  
16  21  33  1528  394  329  3  -2  
16  21  33  1535  394  329  3  -2  
16  21  33  1545  394  329  3  -2  
16  21  33  1555  394  329  3  -2  
16  21  33  1563  394  329  3  -2  
16  21  33  1571  394  329  3  -2  
16  21  33  1578  394  329  3  -2  
16  21  33  1587  394  329  3  -2  
16  21  33  1594  394  329  3  -2  
16  21  33  1603  394  329  3  -2  
16  21  33  1610  394  329  3  -2  
16  21  33  1622  394  329  3  -2  
16  21  33  1627  394  329  3  -2  
16  21  33  1637  394  329  3  -2  
16  21  33  1645  394  329  3  -2  
16  21  33  1655  394  329  3  -2  
16  21  33  1663  394  329  3  -2  
16  21  33  1672  394  329  3  -2  
16  21  33  1678  394  329  3  -2  
16  21  33  1687  394  329  3  -2  
16  21  33  1694  394  329  3  -2  
16  21  33  1705  394  329  3  -2  
16  21  33  1712  394  329  3  -2  
16  21  33  1721  394  329  3  -2  
16  21  33  1728  394  329  3  -2  
16  21  33  1737  394  329  3  -2  
16  21  33  1744  394  329  3  -2  
16  21  33  1755  394  329  3  -2  
16  21  33  1763  394  329  3  -2  
16  21  33  1769  394  329  3  -2  
16  21  33  1776  394  329  3  -2  
16  21  33  1786  394  329  3  -2  
16  21  33  1793  397  329  3  -2  
16  21  33  1802  399  329  3  -2  
16  21  33  1811  404  329  3  -2  
16  21  33  1821  414  329  3  -2  
16  21  33  1827  423  327  3  -2  
16  21  33  1836  433  327  3  -2  
16  21  33  1843  446  327  3  -2  
16  21  33  1855  455  326  3  -2  
16  21  33  1862  472  326  3  -2  
16  21  33  1871  477  325  3  -2  
16  21  33  1879  482  325  3  -2  
16  21  33  1888  485  325  3  -2  
16  21  33  1894  487  324  3  -2  
16  21  33  1905  487  324  3  -2  
16  21  33  1912  487  324  3  -2  
16  21  33  1921  489  322  3  -2  
16  21  33  1927  489  322  3  -2  
16  21  33  1938  489  322  3  -2  
16  21  33  1946  489  322  3  -2  
16  21  33  1954  490  322  3  -2  
16  21  33  1962  491  322  3  -2  
16  21  33  1971  491  322  3  -2  
16  21  33  1979  491  322  3  -2  
16  21  33  1989  491  322  3  -2  
16  21  33  1997  493  321  3  -2  
16  21  33  2007  493  321  3  -2  
16  21  33  2014  494  321  3  -2  
16  21  33  2024  494  321  3  -2  
16  21  33  2032  494  321  3  -2  
16  21  33  2040  497  321  4  -2  
16  21  33  2048  499  321  4  -2  
16  21  33  2057  500  320  4  -2  
16  21  33  2064  501  320  4  -2  
16  21  33  2073  502  320  4  -2  
16  21  33  2082  503  319  4  -2  
16  21  33  2090  503  319  4  -2  
16  21  33  2097  504  318  4  -2  
16  21  33  2106  504  318  4  -2  
16  21  33  2114  504  318  4  -2  
16  21  33  2124  504  318  4  -2  
16  21  33  2132  504  318  4  -2  
16  21  33  2139  504  318  4  -2  
16  21  33  2147  504  318  4  -2  
16  21  33  2156  504  318  4  -2  
16  21  33  2164  504  318  4  -2  
16  21  33  2173  504  318  4  -2  
16  21  33  2182  504  318  4  -2  
16  21  33  2189  504  318  4  -2  
16  21  33  2198  504  318  4  -2  
16  21  33  2206  504  318  4  -2  
16  21  33  2214  504  318  4  -2  
16  21  33  2223  504  318  4  -2  
16  21  33  2232  504  318  4  -2  
16  21  33  2239  504  318  4  -2  
16  21  33  2247  504  318  4  -2  
16  21  33  2256  504  318  4  -2  
16  21  33  2264  504  318  4  -2  
16  21  33  2273  504  318  4  -2  
16  21  33  2283  504  318  4  -2  
16  21  33  2290  504  318  4  -2  
16  21  33  2297  504  318  4  -2  
16  21  33  2306  504  318  4  -2  
16  21  33  2315  504  318  4  -2  
16  21  34  2324  504  318  4  -2  
16  21  34  2332  504  318  4  -2  
16  21  34  2339  504  318  4  -2  
16  21  34  2348  504  318  4  -2  
16  21  34  2356  504  318  4  -2  
16  21  34  2364  504  318  4  -2  
16  21  34  2373  504  318  4  -2  
16  21  34  2382  503  318  4  -2  
16  21  34  2390  500  318  4  -2  
16  21  34  2398  493  318  4  -2  
16  21  34  2407  486  319  4  -2  
16  21  34  2415  479  319  4  -2  
16  21  34  2424  471  319  4  -2  
16  21  34  2432  463  319  4  -2  
16  21  34  2440  456  319  4  -2  
16  21  34  2448  446  319  4  -2  
16  21  34  2456  437  319  4  -2  
16  21  34  2464  431  319  4  -2  
16  21  34  2473  421  319  4  -2  
16  21  34  2482  414  319  4  -2  
16  21  34  2489  407  319  4  -2  
16  21  34  2498  402  319  4  -2  
