16  21  24  0  381  319  1  -2  
16  21  24  8  381  319  1  -2  
16  21  24  16  381  319  1  -2  
16  21  24  25  381  319  1  -2  
16  21  24  33  381  319  1  -2  
16  21  24  42  381  319  1  -2  
16  21  24  50  381  319  1  -2  
16  21  24  57  381  319  1  -2  
16  21  24  66  381  319  1  -2  
16  21  24  75  381  319  1  -2  
16  21  24  83  381  319  1  -2  
16  21  24  92  381  319  1  -2  
16  21  24  100  381  319  1  -2  
16  21  24  107  381  319  1  -2  
16  21  24  116  381  319  1  -2  
16  21  24  124  381  319  1  -2  
16  21  24  132  381  319  1  -2  
16  21  24  141  381  319  1  -2  
16  21  24  149  381  319  1  -2  
16  21  24  157  381  319  1  -2  
16  21  24  165  381  319  1  -2  
16  21  24  174  381  319  1  -2  
16  21  24  182  381  319  1  -2  
16  21  24  191  381  319  1  -2  
16  21  24  199  381  319  1  -2  
16  21  24  207  381  319  1  -2  
16  21  24  215  381  319  1  -2  
16  21  24  224  381  319  1  -2  
16  21  24  232  381  319  1  -2  
16  21  24  241  381  319  1  -2  
16  21  24  249  381  319  1  -2  
16  21  24  257  381  319  1  -2  
16  21  24  266  381  319  1  -2  
16  21  24  274  381  319  1  -2  
16  21  24  283  381  319  1  -2  
16  21  24  291  381  319  1  -2  
16  21  24  298  381  319  1  -2  
16  21  24  307  381  319  1  -2  
16  21  24  316  381  319  1  -2  
16  21  24  323  381  319  1  -2  
16  21  24  332  381  319  1  -2  
16  21  24  341  381  319  1  -2  
16  21  24  350  381  319  1  -2  
16  21  24  357  381  319  1  -2  
16  21  25  366  381  319  1  -2  
16  21  25  375  381  319  1  -2  
16  21  25  382  381  319  1  -2  
16  21  25  392  381  319  1  -2  
16  21  25  399  381  319  1  -2  
16  21  25  408  381  319  1  -2  
16  21  25  416  381  319  1  -2  
16  21  25  424  381  319  1  -2  
16  21  25  432  381  319  1  -2  
16  21  25  441  381  319  1  -2  
16  21  25  449  381  319  1  -2  
16  21  25  457  381  319  1  -2  
16  21  25  466  381  319  1  -2  
16  21  25  474  381  319  1  -2  
16  21  25  483  381  319  1  -2  
16  21  25  491  381  319  1  -2  
16  21  25  499  381  319  1  -2  
16  21  25  508  381  319  1  -2  
16  21  25  516  381  319  1  -2  
16  21  25  524  381  319  1  -2  
16  21  25  532  381  319  1  -2  
16  21  25  541  381  319  1  -2  
16  21  25  548  381  319  1  -2  
16  21  25  560  381  319  1  -2  
16  21  25  566  383  319  1  -2  
16  21  25  576  383  319  1  -2  
16  21  25  584  385  319  1  -2  
16  21  25  592  387  319  1  -2  
16  21  25  601  389  319  1  -2  
16  21  25  608  393  319  1  -2  
16  21  25  616  396  319  1  -2  
16  21  25  625  398  319  1  -2  
16  21  25  635  402  319  1  -2  
16  21  25  645  404  319  1  -2  
16  21  25  654  407  319  1  -2  
16  21  25  664  415  319  1  -2  
16  21  25  673  418  319  1  -2  
16  21  25  682  421  319  1  -2  
16  21  25  689  426  319  1  -2  
16  21  25  696  431  319  1  -2  
16  21  25  705  436  319  1  -2  
16  21  25  713  445  319  1  -2  
16  21  25  722  450  319  1  -2  
16  21  25  730  455  319  1  -2  
16  21  25  738  460  319  1  -2  
16  21  25  746  463  318  1  -2  
16  21  25  755  467  318  1  -2  
16  21  25  764  471  318  1  -2  
16  21  25  772  471  317  1  -2  
16  21  25  780  474  317  1  -2  
16  21  25  788  474  317  1  -2  
16  21  25  797  476  317  1  -2  
16  21  25  805  479  317  1  -2  
16  21  25  813  479  317  1  -2  
16  21  25  822  483  317  1  -2  
16  21  25  831  486  317  1  -2  
16  21  25  838  489  316  1  -2  
16  21  25  847  491  316  1  -2  
16  21  25  855  495  316  2  -2  
16  21  25  863  497  315  2  -2  
16  21  25  872  499  315  2  -2  
16  21  25  881  502  315  2  -2  
16  21  25  889  505  315  2  -2  
16  21  25  897  506  314  2  -2  
16  21  25  905  509  314  2  -2  
16  21  25  914  510  313  2  -2  
16  21  25  922  511  313  2  -2  
16  21  25  930  511  313  2  -2  
16  21  25  940  511  313  2  -2  
16  21  25  946  511  313  2  -2  
16  21  25  955  511  312  2  -2  
16  21  25  963  511  312  2  -2  
16  21  25  972  511  312  2  -2  
16  21  25  979  512  312  2  -2  
16  21  25  989  512  312  2  -2  
16  21  25  998  512  312  2  -2  
16  21  25  1005  512  312  2  -2  
16  21  25  1014  512  312  2  -2  
16  21  25  1023  512  312  2  -2  
16  21  25  1031  512  312  2  -2  
16  21  25  1038  512  312  2  -2  
16  21  25  1048  512  312  2  -2  
16  21  25  1056  512  312  2  -2  
16  21  25  1064  512  312  2  -2  
16  21  25  1073  512  312  2  -2  
16  21  25  1082  512  312  2  -2  
16  21  25  1090  512  312  2  -2  
16  21  25  1097  512  312  2  -2  
16  21  25  1106  512  312  2  -2  
16  21  25  1115  512  312  2  -2  
16  21  25  1123  512  312  2  -2  
16  21  25  1132  512  312  2  -2  
16  21  25  1140  512  312  2  -2  
16  21  25  1147  512  312  2  -2  
16  21  25  1156  512  312  2  -2  
16  21  25  1165  512  312  2  -2  
16  21  25  1172  512  312  2  -2  
16  21  25  1181  512  312  2  -2  
16  21  25  1190  512  312  2  -2  
16  21  25  1198  512  312  2  -2  
16  21  25  1206  512  312  2  -2  
16  21  25  1214  512  312  2  -2  
16  21  25  1224  512  312  2  -2  
16  21  25  1233  511  312  2  -2  
16  21  25  1241  503  312  2  -2  
16  21  25  1247  493  312  2  -2  
16  21  25  1256  480  312  2  -2  
16  21  25  1265  469  311  2  -2  
16  21  25  1272  456  309  2  -2  
16  21  25  1281  439  305  2  -2  
16  21  25  1291  424  304  2  -2  
16  21  25  1299  411  303  2  -2  
16  21  25  1307  401  303  2  -2  
16  21  25  1315  392  303  3  -2  
16  21  25  1324  388  303  3  -2  
16  21  25  1332  387  303  3  -2  
16  21  25  1341  386  303  3  -2  
16  21  25  1348  386  303  3  -2  
16  21  25  1357  386  303  3  -2  
16  21  26  1366  386  303  3  -2  
16  21  26  1374  386  303  3  -2  
16  21  26  1382  386  303  3  -2  
16  21  26  1391  386  303  3  -2  
16  21  26  1398  386  303  3  -2  
16  21  26  1407  386  303  3  -2  
16  21  26  1416  386  303  3  -2  
16  21  26  1423  386  303  3  -2  
16  21  26  1432  386  303  3  -2  
16  21  26  1443  386  303  3  -2  
16  21  26  1449  386  303  3  -2  
16  21  26  1457  386  303  3  -2  
16  21  26  1466  386  303  3  -2  
16  21  26  1473  386  303  3  -2  
16  21  26  1482  386  303  3  -2  
16  21  26  1491  386  303  3  -2  
16  21  26  1498  386  303  3  -2  
16  21  26  1507  386  303  3  -2  
16  21  26  1516  386  303  3  -2  
16  21  26  1525  386  303  3  -2  
16  21  26  1532  386  303  3  -2  
16  21  26  1543  386  303  3  -2  
16  21  26  1551  386  303  3  -2  
16  21  26  1559  386  303  3  -2  
16  21  26  1568  386  303  3  -2  
16  21  26  1575  386  303  3  -2  
16  21  26  1584  386  303  3  -2  
16  21  26  1594  386  303  3  -2  
16  21  26  1601  386  303  3  -2  
16  21  26  1611  386  303  3  -2  
16  21  26  1617  386  303  3  -2  
16  21  26  1626  386  303  3  -2  
16  21  26  1633  386  303  3  -2  
16  21  26  1643  386  303  3  -2  
16  21  26  1651  386  303  3  -2  
16  21  26  1659  386  303  3  -2  
16  21  26  1667  386  303  3  -2  
16  21  26  1676  386  303  3  -2  
16  21  26  1683  386  303  3  -2  
16  21  26  1694  386  303  3  -2  
16  21  26  1701  386  303  3  -2  
16  21  26  1709  386  303  3  -2  
16  21  26  1717  387  303  3  -2  
16  21  26  1727  397  303  3  -2  
16  21  26  1734  429  308  3  -2  
16  21  26  1745  451  313  3  -2  
16  21  26  1750  476  315  3  -2  
16  21  26  1760  491  316  3  -2  
16  21  26  1768  507  316  4  -2  
16  21  26  1776  516  317  4  -2  
16  21  26  1785  522  317  4  -2  
16  21  26  1794  528  317  4  -2  
16  21  26  1801  530  317  4  -2  
16  21  26  1809  531  317  4  -2  
16  21  26  1817  531  317  4  -2  
16  21  26  1827  531  317  4  -2  
16  21  26  1833  531  317  4  -2  
16  21  26  1844  531  317  4  -2  
16  21  26  1850  531  317  4  -2  
16  21  26  1860  531  317  4  -2  
16  21  26  1867  531  317  4  -2  
16  21  26  1876  531  317  4  -2  
16  21  26  1884  531  317  4  -2  
16  21  26  1893  531  317  4  -2  
16  21  26  1900  531  317  4  -2  
16  21  26  1908  531  317  4  -2  
16  21  26  1916  531  317  4  -2  
16  21  26  1925  531  317  4  -2  
16  21  26  1932  531  317  4  -2  
16  21  26  1942  531  317  4  -2  
16  21  26  1950  531  317  4  -2  
16  21  26  1958  531  317  4  -2  
16  21  26  1966  531  317  4  -2  
16  21  26  1977  531  317  4  -2  
16  21  26  1983  531  317  4  -2  
16  21  26  1994  531  317  4  -2  
16  21  26  2001  531  317  4  -2  
16  21  26  2012  531  317  4  -2  
16  21  26  2017  531  317  4  -2  
16  21  26  2027  531  317  4  -2  
16  21  26  2035  531  317  4  -2  
16  21  26  2044  531  317  4  -2  
16  21  26  2051  531  317  4  -2  
16  21  26  2062  531  317  4  -2  
16  21  26  2069  531  317  4  -2  
16  21  26  2078  531  317  4  -2  
16  21  26  2085  531  317  4  -2  
16  21  26  2094  531  317  4  -2  
16  21  26  2101  531  317  4  -2  
16  21  26  2112  531  317  4  -2  
16  21  26  2118  531  317  4  -2  
16  21  26  2128  531  317  4  -2  
16  21  26  2135  531  317  4  -2  
16  21  26  2145  531  317  4  -2  
16  21  26  2151  531  317  4  -2  
16  21  26  2162  531  317  4  -2  
16  21  26  2169  531  317  4  -2  
16  21  26  2178  531  317  4  -2  
16  21  26  2185  531  317  4  -2  
16  21  26  2195  531  317  4  -2  
16  21  26  2202  531  317  4  -2  
16  21  26  2212  531  317  4  -2  
16  21  26  2220  531  317  4  -2  
16  21  26  2228  531  317  4  -2  
16  21  26  2235  531  317  4  -2  
16  21  26  2245  531  317  4  -2  
16  21  26  2251  531  317  4  -2  
16  21  26  2262  531  317  4  -2  
16  21  26  2268  531  317  4  -2  
16  21  26  2278  531  317  4  -2  
16  21  26  2285  531  317  4  -2  
16  21  26  2295  531  317  4  -2  
16  21  26  2302  531  317  4  -2  
16  21  26  2312  531  317  4  -2  
16  21  26  2319  531  317  4  -2  
16  21  26  2328  531  317  4  -2  
16  21  26  2336  531  317  4  -2  
16  21  26  2345  531  317  4  -2  
16  21  26  2352  531  317  4  -2  
16  21  26  2362  531  317  4  -2  
16  21  27  2370  531  317  4  -2  
16  21  27  2378  531  317  4  -2  
16  21  27  2387  531  317  4  -2  
16  21  27  2394  531  317  4  -2  
16  21  27  2402  531  317  4  -2  
16  21  27  2412  531  317  4  -2  
16  21  27  2419  531  317  4  -2  
16  21  27  2428  531  317  4  -2  
16  21  27  2435  531  317  4  -2  
16  21  27  2445  531  317  4  -2  
16  21  27  2452  531  317  4  -2  
16  21  27  2462  531  317  4  -2  
16  21  27  2468  531  317  4  -2  
16  21  27  2478  531  317  4  -2  
16  21  27  2485  530  319  4  -2  
16  21  27  2495  522  321  4  -2  
16  21  27  2502  515  321  4  -2  
16  21  27  2512  502  322  4  -2  
16  21  27  2520  488  325  4  -2  
16  21  27  2528  475  326  4  -2  
16  21  27  2536  460  328  4  -2  
16  21  27  2545  446  330  4  -2  
16  21  27  2553  433  333  4  -2  
16  21  27  2562  424  334  4  -2  
16  21  27  2569  416  334  4  -2  
16  21  27  2578  409  335  4  -2  
16  21  27  2587  400  338  4  -2  
16  21  27  2594  393  338  4  -2  
