16  21  38  0  379  323  1  -2  
16  21  38  9  379  323  1  -2  
16  21  38  17  379  323  1  -2  
16  21  38  26  379  323  1  -2  
16  21  38  33  379  323  1  -2  
16  21  38  41  379  323  1  -2  
16  21  38  49  379  323  1  -2  
16  21  38  58  379  323  1  -2  
16  21  38  66  379  323  1  -2  
16  21  38  73  379  323  1  -2  
16  21  38  82  379  323  1  -2  
16  21  38  92  379  323  1  -2  
16  21  38  99  379  323  1  -2  
16  21  38  113  379  323  1  -2  
16  21  38  125  379  323  1  -2  
16  21  38  131  379  323  1  -2  
16  21  38  140  379  323  1  -2  
16  21  38  147  379  323  1  -2  
16  21  38  156  379  323  1  -2  
16  21  38  164  379  323  1  -2  
16  21  38  174  379  323  1  -2  
16  21  38  182  381  323  1  -2  
16  21  38  190  385  323  1  -2  
16  21  38  197  388  323  1  -2  
16  21  38  207  395  323  1  -2  
16  21  38  214  400  323  1  -2  
16  21  38  224  408  323  1  -2  
16  21  38  232  418  323  1  -2  
16  21  38  240  428  323  1  -2  
16  21  38  248  438  323  1  -2  
16  21  38  257  448  323  1  -2  
16  21  38  264  457  323  1  -2  
16  21  38  274  462  323  1  -2  
16  21  38  282  469  323  1  -2  
16  21  38  290  473  323  1  -2  
16  21  38  298  478  323  1  -2  
16  21  38  306  483  323  1  -2  
16  21  38  314  486  323  1  -2  
16  21  38  323  491  323  1  -2  
16  21  38  332  495  323  2  -2  
16  21  38  341  498  323  2  -2  
16  21  38  347  503  323  2  -2  
16  21  38  356  503  323  2  -2  
16  21  39  365  507  323  2  -2  
16  21  39  374  509  323  2  -2  
16  21  39  382  510  323  2  -2  
16  21  39  390  511  323  2  -2  
16  21  39  398  512  323  2  -2  
16  21  39  406  513  323  2  -2  
16  21  39  414  513  323  2  -2  
16  21  39  423  513  323  2  -2  
16  21  39  432  513  323  2  -2  
16  21  39  440  513  323  2  -2  
16  21  39  448  513  323  2  -2  
16  21  39  457  513  323  2  -2  
16  21  39  465  513  323  2  -2  
16  21  39  473  513  323  2  -2  
16  21  39  482  513  323  2  -2  
16  21  39  489  513  323  2  -2  
16  21  39  498  513  323  2  -2  
16  21  39  506  513  323  2  -2  
16  21  39  514  513  323  2  -2  
16  21  39  523  513  323  2  -2  
16  21  39  533  513  323  2  -2  
16  21  39  540  513  323  2  -2  
16  21  39  548  513  323  2  -2  
16  21  39  556  513  323  2  -2  
16  21  39  564  515  323  2  -2  
16  21  39  573  515  323  2  -2  
16  21  39  582  515  323  2  -2  
16  21  39  591  515  323  2  -2  
16  21  39  598  515  323  2  -2  
16  21  39  607  515  323  2  -2  
16  21  39  614  515  323  2  -2  
16  21  39  623  515  323  2  -2  
16  21  39  634  515  323  2  -2  
16  21  39  642  515  323  2  -2  
16  21  39  650  515  323  2  -2  
16  21  39  660  515  323  2  -2  
16  21  39  667  515  323  2  -2  
16  21  39  676  515  323  2  -2  
16  21  39  683  515  323  2  -2  
16  21  39  692  515  323  2  -2  
16  21  39  701  515  323  2  -2  
16  21  39  708  515  323  2  -2  
16  21  39  717  515  323  2  -2  
16  21  39  726  513  323  2  -2  
16  21  39  734  512  323  2  -2  
16  21  39  743  509  323  2  -2  
16  21  39  751  507  323  2  -2  
16  21  39  760  502  323  2  -2  
16  21  39  767  497  323  2  -2  
16  21  39  775  492  323  2  -2  
16  21  39  784  485  323  2  -2  
16  21  39  793  475  323  2  -2  
16  21  39  800  467  323  2  -2  
16  21  39  808  455  323  2  -2  
16  21  39  817  445  323  2  -2  
16  21  39  826  435  320  2  -2  
16  21  39  834  430  320  2  -2  
16  21  39  843  424  320  2  -2  
16  21  39  850  421  319  2  -2  
16  21  39  859  418  319  2  -2  
16  21  39  867  415  319  2  -2  
16  21  39  876  413  319  2  -2  
16  21  39  885  410  319  2  -2  
16  21  39  892  402  319  2  -2  
16  21  39  900  402  319  2  -2  
16  21  39  908  397  319  3  -2  
16  21  39  917  394  319  3  -2  
16  21  39  926  385  318  3  -2  
16  21  39  934  381  318  3  -2  
16  21  39  943  377  318  3  -2  
16  21  39  951  374  318  3  -2  
16  21  39  959  373  317  3  -2  
16  21  39  967  371  317  3  -2  
16  21  39  975  371  317  3  -2  
16  21  39  985  371  317  3  -2  
16  21  39  993  371  317  3  -2  
16  21  39  1001  371  317  3  -2  
16  21  39  1008  371  317  3  -2  
16  21  39  1017  371  317  3  -2  
16  21  39  1025  371  317  3  -2  
16  21  39  1033  371  317  3  -2  
16  21  39  1043  371  317  3  -2  
16  21  39  1051  371  317  3  -2  
16  21  39  1058  371  317  3  -2  
16  21  39  1067  371  317  3  -2  
16  21  39  1075  371  317  3  -2  
16  21  39  1083  371  317  3  -2  
16  21  39  1093  371  317  3  -2  
16  21  39  1101  371  317  3  -2  
16  21  39  1109  371  317  3  -2  
16  21  39  1117  371  317  3  -2  
16  21  39  1125  371  317  3  -2  
16  21  39  1134  371  317  3  -2  
16  21  39  1142  371  317  3  -2  
16  21  39  1151  371  317  3  -2  
16  21  39  1158  371  317  3  -2  
16  21  39  1167  371  317  3  -2  
16  21  39  1176  371  317  3  -2  
16  21  39  1183  371  317  3  -2  
16  21  39  1193  371  317  3  -2  
16  21  39  1201  371  317  3  -2  
16  21  39  1209  371  317  3  -2  
16  21  39  1217  371  317  3  -2  
16  21  39  1226  371  317  3  -2  
16  21  39  1234  371  317  3  -2  
16  21  39  1243  371  317  3  -2  
16  21  39  1251  371  317  3  -2  
16  21  39  1259  371  317  3  -2  
16  21  39  1267  371  317  3  -2  
16  21  39  1276  371  317  3  -2  
16  21  39  1283  371  317  3  -2  
16  21  39  1293  371  317  3  -2  
16  21  39  1300  371  317  3  -2  
16  21  39  1309  371  317  3  -2  
16  21  39  1317  371  317  3  -2  
16  21  39  1326  371  317  3  -2  
16  21  39  1334  371  317  3  -2  
16  21  39  1343  371  317  3  -2  
16  21  39  1352  371  317  3  -2  
16  21  40  1359  371  317  3  -2  
16  21  40  1367  371  317  3  -2  
16  21  40  1376  371  317  3  -2  
16  21  40  1384  371  317  3  -2  
16  21  40  1393  371  317  3  -2  
16  21  40  1401  371  317  3  -2  
16  21  40  1409  371  317  3  -2  
16  21  40  1417  371  317  3  -2  
16  21  40  1425  371  317  3  -2  
16  21  40  1433  371  317  3  -2  
16  21  40  1443  371  317  3  -2  
16  21  40  1452  371  317  3  -2  
16  21  40  1460  371  317  3  -2  
16  21  40  1467  371  317  3  -2  
16  21  40  1475  371  317  3  -2  
16  21  40  1483  371  317  3  -2  
16  21  40  1493  371  317  3  -2  
16  21  40  1503  371  317  3  -2  
16  21  40  1509  371  317  3  -2  
16  21  40  1517  371  317  3  -2  
16  21  40  1525  371  317  3  -2  
16  21  40  1533  371  317  3  -2  
16  21  40  1543  371  317  3  -2  
16  21  40  1553  371  317  3  -2  
16  21  40  1559  371  317  3  -2  
16  21  40  1569  371  317  3  -2  
16  21  40  1576  371  317  3  -2  
16  21  40  1584  376  316  3  -2  
16  21  40  1594  377  316  3  -2  
16  21  40  1603  384  314  3  -2  
16  21  40  1611  391  313  3  -2  
16  21  40  1619  401  313  3  -2  
16  21  40  1626  411  313  3  -2  
16  21  40  1634  424  313  3  -2  
16  21  40  1643  439  313  3  -2  
16  21  40  1654  454  313  3  -2  
16  21  40  1662  482  313  3  -2  
16  21  40  1673  495  313  4  -2  
16  21  40  1679  504  313  4  -2  
16  21  40  1689  512  313  4  -2  
16  21  40  1695  514  313  4  -2  
16  21  40  1705  517  313  4  -2  
16  21  40  1713  517  313  4  -2  
16  21  40  1722  517  313  4  -2  
16  21  40  1729  517  313  4  -2  
16  21  40  1739  517  313  4  -2  
16  21  40  1746  517  313  4  -2  
16  21  40  1756  517  313  4  -2  
16  21  40  1763  517  313  4  -2  
16  21  40  1773  517  313  4  -2  
16  21  40  1779  517  313  4  -2  
16  21  40  1787  517  313  4  -2  
16  21  40  1795  517  313  4  -2  
16  21  40  1805  519  313  4  -2  
16  21  40  1812  519  313  4  -2  
16  21  40  1821  521  311  4  -2  
16  21  40  1828  521  311  4  -2  
16  21  40  1838  523  311  4  -2  
16  21  40  1845  526  310  4  -2  
16  21  40  1855  526  310  4  -2  
16  21  40  1863  529  309  4  -2  
16  21  40  1872  530  309  4  -2  
16  21  40  1880  531  309  4  -2  
16  21  40  1889  532  308  4  -2  
16  21  40  1896  532  308  4  -2  
16  21  40  1905  532  308  4  -2  
16  21  40  1912  532  308  4  -2  
16  21  40  1922  532  308  4  -2  
16  21  40  1928  532  308  4  -2  
16  21  40  1938  532  308  4  -2  
16  21  40  1945  532  308  4  -2  
16  21  40  1955  532  308  4  -2  
16  21  40  1962  532  308  4  -2  
16  21  40  1972  532  308  4  -2  
16  21  40  1980  532  308  4  -2  
16  21  40  1989  532  308  4  -2  
16  21  40  1997  526  308  4  -2  
16  21  40  2005  519  308  4  -2  
16  21  40  2013  508  308  4  -2  
16  21  40  2022  496  308  4  -2  
16  21  40  2030  481  308  4  -2  
16  21  40  2038  466  308  4  -2  
16  21  40  2046  451  308  4  -2  
16  21  40  2055  435  308  4  -2  
16  21  40  2063  425  308  4  -2  
16  21  40  2072  415  308  4  -2  
16  21  40  2079  410  308  4  -2  
16  21  40  2088  404  308  4  -2  
16  21  40  2096  403  308  4  -2  
16  21  40  2105  400  308  4  -2  
