10  3  19  0  375  308  1  -2  
10  3  19  11  375  308  1  -2  
10  3  19  17  375  308  1  -2  
10  3  19  26  375  308  1  -2  
10  3  19  33  375  308  1  -2  
10  3  19  43  375  308  1  -2  
10  3  19  50  375  308  1  -2  
10  3  19  61  375  308  1  -2  
10  3  19  67  375  308  1  -2  
10  3  19  76  375  308  1  -2  
10  3  19  83  375  308  1  -2  
10  3  19  93  375  308  1  -2  
10  3  19  100  375  308  1  -2  
10  3  19  111  375  308  1  -2  
10  3  19  116  375  308  1  -2  
10  3  19  126  375  308  1  -2  
10  3  19  134  375  308  1  -2  
10  3  19  143  375  308  1  -2  
10  3  19  150  375  308  1  -2  
10  3  19  160  375  308  1  -2  
10  3  19  167  375  308  1  -2  
10  3  19  176  375  308  1  -2  
10  3  19  184  375  308  1  -2  
10  3  19  193  375  308  1  -2  
10  3  19  201  375  308  1  -2  
10  3  19  210  375  308  1  -2  
10  3  19  218  375  308  1  -2  
10  3  20  228  375  308  1  -2  
10  3  20  234  375  308  1  -2  
10  3  20  243  375  308  1  -2  
10  3  20  251  375  308  1  -2  
10  3  20  261  375  308  1  -2  
10  3  20  267  375  308  1  -2  
10  3  20  278  375  308  1  -2  
10  3  20  284  375  308  1  -2  
10  3  20  293  375  308  1  -2  
10  3  20  301  375  308  1  -2  
10  3  20  309  375  308  1  -2  
10  3  20  317  375  308  1  -2  
10  3  20  328  375  308  1  -2  
10  3  20  335  375  308  1  -2  
10  3  20  343  375  308  1  -2  
10  3  20  351  377  308  1  -2  
10  3  20  360  379  308  1  -2  
10  3  20  367  384  307  1  -2  
10  3  20  376  387  306  1  -2  
10  3  20  383  389  306  1  -2  
10  3  20  393  396  306  1  -2  
10  3  20  401  402  306  1  -2  
10  3  20  412  409  306  1  -2  
10  3  20  417  426  306  1  -2  
10  3  20  429  426  306  1  -2  
10  3  20  434  443  306  1  -2  
10  3  20  443  443  306  1  -2  
10  3  20  451  458  306  1  -2  
10  3  20  461  465  306  1  -2  
10  3  20  469  472  306  1  -2  
10  3  20  478  479  308  1  -2  
10  3  20  485  484  309  1  -2  
10  3  20  496  489  309  1  -2  
10  3  20  501  493  311  1  -2  
10  3  20  512  495  311  2  -2  
10  3  20  520  497  311  2  -2  
10  3  20  529  499  311  2  -2  
10  3  20  535  500  311  2  -2  
10  3  20  545  502  312  2  -2  
10  3  20  552  502  312  2  -2  
10  3  20  562  504  312  2  -2  
10  3  20  569  504  312  2  -2  
10  3  20  578  506  312  2  -2  
10  3  20  585  506  312  2  -2  
10  3  20  594  506  312  2  -2  
10  3  20  601  507  312  2  -2  
10  3  20  611  507  312  2  -2  
10  3  20  617  507  312  2  -2  
10  3  20  627  507  312  2  -2  
10  3  20  634  507  312  2  -2  
10  3  20  644  507  312  2  -2  
10  3  20  650  507  312  2  -2  
10  3  20  661  507  312  2  -2  
10  3  20  667  507  312  2  -2  
10  3  20  677  507  312  2  -2  
10  3  20  684  507  312  2  -2  
10  3  20  694  507  312  2  -2  
10  3  20  701  507  312  2  -2  
10  3  20  711  507  312  2  -2  
10  3  20  718  507  312  2  -2  
10  3  20  728  507  312  2  -2  
10  3  20  734  507  312  2  -2  
10  3  20  744  507  312  2  -2  
10  3  20  750  507  312  2  -2  
10  3  20  761  507  312  2  -2  
10  3  20  769  507  312  2  -2  
10  3  20  778  507  312  2  -2  
10  3  20  784  507  312  2  -2  
10  3  20  794  507  312  2  -2  
10  3  20  803  507  312  2  -2  
10  3  20  811  507  312  2  -2  
10  3  20  820  507  312  2  -2  
10  3  20  828  507  312  2  -2  
10  3  20  837  507  312  2  -2  
10  3  20  846  507  312  2  -2  
10  3  20  854  507  312  2  -2  
10  3  20  863  507  312  2  -2  
10  3  20  871  507  312  2  -2  
10  3  20  880  507  312  2  -2  
10  3  20  887  507  312  2  -2  
10  3  20  896  507  312  2  -2  
10  3  20  904  507  312  2  -2  
10  3  20  913  507  312  2  -2  
10  3  20  920  507  312  2  -2  
10  3  20  928  507  312  2  -2  
10  3  20  937  507  312  2  -2  
10  3  20  946  507  312  2  -2  
10  3  20  953  507  312  2  -2  
10  3  20  962  507  312  2  -2  
10  3  20  970  507  312  2  -2  
10  3  20  980  507  312  2  -2  
10  3  20  988  507  312  2  -2  
10  3  20  996  507  312  2  -2  
10  3  20  1004  507  312  2  -2  
10  3  20  1012  507  312  2  -2  
10  3  20  1020  507  312  2  -2  
10  3  20  1030  507  312  2  -2  
10  3  20  1038  507  312  2  -2  
10  3  20  1046  507  312  2  -2  
10  3  20  1054  507  312  2  -2  
10  3  20  1063  507  312  2  -2  
10  3  20  1070  507  312  2  -2  
10  3  20  1080  507  312  2  -2  
10  3  20  1087  507  312  2  -2  
10  3  20  1096  507  312  2  -2  
10  3  20  1104  507  312  2  -2  
10  3  20  1113  507  312  2  -2  
10  3  20  1120  507  312  2  -2  
10  3  20  1130  507  312  2  -2  
10  3  20  1138  507  312  2  -2  
10  3  20  1146  507  312  2  -2  
10  3  20  1153  507  312  2  -2  
10  3  20  1162  507  312  2  -2  
10  3  20  1170  507  312  2  -2  
10  3  20  1180  507  312  2  -2  
10  3  20  1188  508  314  2  -2  
10  3  20  1196  507  314  2  -2  
10  3  20  1204  506  314  2  -2  
10  3  20  1213  505  314  2  -2  
10  3  20  1221  502  314  2  -2  
10  3  21  1231  499  314  2  -2  
10  3  21  1239  498  314  2  -2  
10  3  21  1247  494  314  2  -2  
10  3  21  1256  490  314  2  -2  
10  3  21  1264  486  314  2  -2  
10  3  21  1274  484  314  2  -2  
10  3  21  1281  480  314  2  -2  
10  3  21  1291  477  314  2  -2  
10  3  21  1298  476  314  2  -2  
10  3  21  1309  470  314  2  -2  
10  3  21  1314  469  314  2  -2  
10  3  21  1325  467  314  2  -2  
10  3  21  1331  464  314  2  -2  
10  3  21  1342  463  314  2  -2  
10  3  21  1349  462  314  2  -2  
10  3  21  1358  460  314  2  -2  
10  3  21  1365  458  314  2  -2  
10  3  21  1374  454  313  2  -2  
10  3  21  1382  454  313  2  -2  
10  3  21  1393  451  311  2  -2  
10  3  21  1401  447  311  2  -2  
10  3  21  1411  445  310  2  -2  
10  3  21  1418  437  310  2  -2  
10  3  21  1428  437  310  2  -2  
10  3  21  1433  432  309  2  -2  
10  3  21  1444  432  309  2  -2  
10  3  21  1450  426  309  2  -2  
10  3  21  1461  426  309  2  -2  
10  3  21  1468  420  309  2  -2  
10  3  21  1478  418  309  2  -2  
10  3  21  1484  415  309  2  -2  
10  3  21  1494  411  309  2  -2  
10  3  21  1501  408  309  2  -2  
10  3  21  1511  403  306  2  -2  
10  3  21  1518  400  306  2  -2  
10  3  21  1528  396  306  3  -2  
10  3  21  1534  393  306  3  -2  
10  3  21  1543  390  306  3  -2  
10  3  21  1550  387  306  3  -2  
10  3  21  1561  387  306  3  -2  
10  3  21  1567  385  306  3  -2  
10  3  21  1577  383  306  3  -2  
10  3  21  1584  383  306  3  -2  
10  3  21  1595  383  306  3  -2  
10  3  21  1601  383  306  3  -2  
10  3  21  1611  383  306  3  -2  
10  3  21  1617  383  306  3  -2  
10  3  21  1627  383  306  3  -2  
10  3  21  1634  383  306  3  -2  
10  3  21  1644  383  306  3  -2  
10  3  21  1651  383  306  3  -2  
10  3  21  1660  383  306  3  -2  
10  3  21  1667  383  306  3  -2  
10  3  21  1677  383  306  3  -2  
10  3  21  1684  383  306  3  -2  
10  3  21  1694  383  306  3  -2  
10  3  21  1701  383  306  3  -2  
10  3  21  1711  383  306  3  -2  
10  3  21  1717  383  306  3  -2  
10  3  21  1727  383  306  3  -2  
10  3  21  1734  382  306  3  -2  
10  3  21  1744  382  306  3  -2  
10  3  21  1751  382  306  3  -2  
10  3  21  1761  382  306  3  -2  
10  3  21  1767  382  306  3  -2  
10  3  21  1777  382  306  3  -2  
10  3  21  1784  382  306  3  -2  
10  3  21  1794  382  306  3  -2  
10  3  21  1801  382  306  3  -2  
10  3  21  1811  382  306  3  -2  
10  3  21  1817  382  306  3  -2  
10  3  21  1827  382  306  3  -2  
10  3  21  1834  382  306  3  -2  
10  3  21  1844  382  306  3  -2  
10  3  21  1851  382  306  3  -2  
10  3  21  1861  382  306  3  -2  
10  3  21  1868  382  306  3  -2  
10  3  21  1877  382  306  3  -2  
10  3  21  1884  382  306  3  -2  
10  3  21  1894  382  306  3  -2  
10  3  21  1901  382  306  3  -2  
10  3  21  1911  382  306  3  -2  
10  3  21  1919  382  306  3  -2  
10  3  21  1927  382  306  3  -2  
10  3  21  1934  382  306  3  -2  
10  3  21  1944  383  306  3  -2  
10  3  21  1951  391  306  3  -2  
10  3  21  1961  401  309  3  -2  
10  3  21  1968  415  309  3  -2  
10  3  21  1977  428  309  3  -2  
10  3  21  1985  441  309  3  -2  
10  3  21  1994  453  309  3  -2  
10  3  21  2001  460  309  3  -2  
10  3  21  2011  468  309  3  -2  
10  3  21  2017  475  309  3  -2  
10  3  21  2027  475  309  3  -2  
10  3  21  2035  478  309  3  -2  
10  3  21  2043  479  309  3  -2  
10  3  21  2050  479  309  3  -2  
10  3  21  2061  479  309  3  -2  
10  3  21  2068  481  309  3  -2  
10  3  21  2077  482  309  3  -2  
10  3  21  2085  482  309  3  -2  
10  3  21  2094  485  309  3  -2  
10  3  21  2101  486  309  3  -2  
10  3  21  2111  487  309  3  -2  
10  3  21  2116  489  309  3  -2  
10  3  21  2127  489  309  3  -2  
10  3  21  2135  490  310  3  -2  
10  3  21  2143  491  310  3  -2  
10  3  21  2151  491  310  3  -2  
10  3  21  2161  491  310  3  -2  
10  3  21  2168  491  310  3  -2  
10  3  21  2177  492  310  3  -2  
10  3  21  2185  492  310  3  -2  
10  3  21  2194  493  310  3  -2  
10  3  21  2201  494  310  3  -2  
10  3  21  2211  494  310  3  -2  
10  3  21  2217  496  310  4  -2  
10  3  22  2228  496  310  4  -2  
10  3  22  2234  497  310  4  -2  
10  3  22  2244  497  310  4  -2  
10  3  22  2251  498  310  4  -2  
10  3  22  2261  499  310  4  -2  
10  3  22  2269  499  310  4  -2  
10  3  22  2277  500  310  4  -2  
10  3  22  2284  500  310  4  -2  
10  3  22  2293  500  310  4  -2  
10  3  22  2302  500  310  4  -2  
10  3  22  2311  501  311  4  -2  
10  3  22  2318  501  311  4  -2  
10  3  22  2327  502  311  4  -2  
10  3  22  2335  503  312  4  -2  
10  3  22  2343  503  312  4  -2  
10  3  22  2350  504  312  4  -2  
10  3  22  2359  504  312  4  -2  
10  3  22  2368  505  313  4  -2  
10  3  22  2375  505  313  4  -2  
10  3  22  2383  505  313  4  -2  
10  3  22  2392  505  313  4  -2  
10  3  22  2401  505  313  4  -2  
10  3  22  2410  505  313  4  -2  
10  3  22  2417  505  313  4  -2  
10  3  22  2426  505  313  4  -2  
10  3  22  2434  505  313  4  -2  
10  3  22  2443  505  313  4  -2  
10  3  22  2451  505  313  4  -2  
10  3  22  2460  505  313  4  -2  
10  3  22  2468  505  313  4  -2  
10  3  22  2476  505  313  4  -2  
10  3  22  2483  505  313  4  -2  
10  3  22  2492  505  313  4  -2  
10  3  22  2500  505  313  4  -2  
10  3  22  2510  505  313  4  -2  
10  3  22  2518  505  313  4  -2  
10  3  22  2528  505  313  4  -2  
10  3  22  2534  505  313  4  -2  
10  3  22  2543  505  313  4  -2  
10  3  22  2550  505  313  4  -2  
10  3  22  2560  505  313  4  -2  
10  3  22  2568  505  313  4  -2  
10  3  22  2576  505  313  4  -2  
10  3  22  2583  505  313  4  -2  
10  3  22  2593  505  313  4  -2  
10  3  22  2601  505  313  4  -2  
10  3  22  2610  505  313  4  -2  
10  3  22  2618  505  313  4  -2  
10  3  22  2625  505  313  4  -2  
10  3  22  2634  505  313  4  -2  
10  3  22  2643  505  313  4  -2  
10  3  22  2650  505  313  4  -2  
10  3  22  2659  505  313  4  -2  
10  3  22  2668  505  313  4  -2  
10  3  22  2676  505  313  4  -2  
10  3  22  2685  505  313  4  -2  
10  3  22  2692  505  313  4  -2  
10  3  22  2700  505  313  4  -2  
10  3  22  2710  505  313  4  -2  
10  3  22  2718  503  313  4  -2  
10  3  22  2726  496  312  4  -2  
10  3  22  2734  487  310  4  -2  
10  3  22  2743  480  310  4  -2  
10  3  22  2750  468  309  4  -2  
10  3  22  2759  456  307  4  -2  
10  3  22  2768  443  306  4  -2  
10  3  22  2775  428  303  4  -2  
10  3  22  2784  413  300  4  -2  
10  3  22  2792  398  299  4  -2  
