14  17  27  0  375  325  1  -2  
14  17  27  9  375  325  1  -2  
14  17  27  17  375  325  1  -2  
14  17  27  27  375  325  1  -2  
14  17  27  34  375  325  1  -2  
14  17  27  43  375  325  1  -2  
14  17  27  50  375  325  1  -2  
14  17  27  57  375  325  1  -2  
14  17  27  67  375  325  1  -2  
14  17  27  75  375  325  1  -2  
14  17  27  84  375  325  1  -2  
14  17  27  92  375  325  1  -2  
14  17  27  100  375  325  1  -2  
14  17  27  107  375  325  1  -2  
14  17  27  117  375  325  1  -2  
14  17  27  126  375  325  1  -2  
14  17  27  133  375  325  1  -2  
14  17  27  142  375  325  1  -2  
14  17  27  150  375  325  1  -2  
14  17  27  158  375  325  1  -2  
14  17  27  166  375  325  1  -2  
14  17  27  175  375  325  1  -2  
14  17  27  183  375  325  1  -2  
14  17  27  192  375  325  1  -2  
14  17  27  200  375  325  1  -2  
14  17  27  209  375  325  1  -2  
14  17  27  216  375  325  1  -2  
14  17  27  226  375  325  1  -2  
14  17  27  233  375  325  1  -2  
14  17  27  242  375  325  1  -2  
14  17  27  249  375  325  1  -2  
14  17  27  258  375  325  1  -2  
14  17  27  267  375  325  1  -2  
14  17  27  276  375  325  1  -2  
14  17  27  283  375  325  1  -2  
14  17  27  292  375  325  1  -2  
14  17  27  300  375  325  1  -2  
14  17  27  309  375  325  1  -2  
14  17  27  318  375  325  1  -2  
14  17  27  326  375  325  1  -2  
14  17  27  335  375  325  1  -2  
14  17  27  344  375  325  1  -2  
14  17  27  352  375  325  1  -2  
14  17  27  361  375  325  1  -2  
14  17  27  374  375  325  1  -2  
14  17  27  382  376  325  1  -2  
14  17  27  392  381  325  1  -2  
14  17  27  399  386  325  1  -2  
14  17  27  409  394  325  1  -2  
14  17  27  417  413  325  1  -2  
14  17  27  427  421  325  1  -2  
14  17  27  436  428  325  1  -2  
14  17  27  444  433  325  1  -2  
14  17  27  453  435  325  1  -2  
14  17  27  462  436  325  1  -2  
14  17  27  469  437  325  1  -2  
14  17  27  478  439  325  1  -2  
14  17  27  486  441  325  1  -2  
14  17  27  495  443  325  1  -2  
14  17  27  505  448  325  1  -2  
14  17  27  511  453  325  1  -2  
14  17  28  521  463  325  1  -2  
14  17  28  528  471  325  1  -2  
14  17  28  536  480  325  1  -2  
14  17  28  546  485  323  1  -2  
14  17  28  554  491  323  1  -2  
14  17  28  561  491  323  1  -2  
14  17  28  569  491  323  1  -2  
14  17  28  578  491  323  1  -2  
14  17  28  587  491  323  1  -2  
14  17  28  596  491  323  1  -2  
14  17  28  603  491  323  1  -2  
14  17  28  611  494  323  1  -2  
14  17  28  619  497  323  2  -2  
14  17  28  628  500  323  2  -2  
14  17  28  636  505  323  2  -2  
14  17  28  646  509  323  2  -2  
14  17  28  656  511  323  2  -2  
14  17  28  663  512  323  2  -2  
14  17  28  671  512  323  2  -2  
14  17  28  678  512  323  2  -2  
14  17  28  687  512  323  2  -2  
14  17  28  695  512  323  2  -2  
14  17  28  706  512  323  2  -2  
14  17  28  712  512  323  2  -2  
14  17  28  719  512  323  2  -2  
14  17  28  729  512  323  2  -2  
14  17  28  736  513  323  2  -2  
14  17  28  746  513  323  2  -2  
14  17  28  755  513  323  2  -2  
14  17  28  761  513  323  2  -2  
14  17  28  772  513  323  2  -2  
14  17  28  778  513  323  2  -2  
14  17  28  788  513  323  2  -2  
14  17  28  795  513  323  2  -2  
14  17  28  806  513  323  2  -2  
14  17  28  811  513  323  2  -2  
14  17  28  821  513  323  2  -2  
14  17  28  828  510  323  2  -2  
14  17  28  837  504  323  2  -2  
14  17  28  846  497  323  2  -2  
14  17  28  854  485  323  2  -2  
14  17  28  861  474  323  2  -2  
14  17  28  871  462  323  2  -2  
14  17  28  879  449  323  2  -2  
14  17  28  888  434  323  2  -2  
14  17  28  896  420  323  2  -2  
14  17  28  903  410  323  2  -2  
14  17  28  911  400  323  2  -2  
14  17  28  922  395  323  3  -2  
14  17  28  928  391  323  3  -2  
14  17  28  937  391  323  3  -2  
14  17  28  946  391  323  3  -2  
14  17  28  954  391  323  3  -2  
14  17  28  962  391  323  3  -2  
14  17  28  972  391  323  3  -2  
14  17  28  978  391  323  3  -2  
14  17  28  988  391  323  3  -2  
14  17  28  996  391  323  3  -2  
14  17  28  1006  391  323  3  -2  
14  17  28  1012  391  323  3  -2  
14  17  28  1022  391  323  3  -2  
14  17  28  1029  391  323  3  -2  
14  17  28  1037  390  323  3  -2  
14  17  28  1046  389  323  3  -2  
14  17  28  1055  388  323  3  -2  
14  17  28  1061  387  323  3  -2  
14  17  28  1071  386  323  3  -2  
14  17  28  1079  386  323  3  -2  
14  17  28  1088  386  323  3  -2  
14  17  28  1095  386  323  3  -2  
14  17  28  1106  386  323  3  -2  
14  17  28  1112  386  323  3  -2  
14  17  28  1121  386  323  3  -2  
14  17  28  1128  386  323  3  -2  
14  17  28  1137  386  323  3  -2  
14  17  28  1146  386  323  3  -2  
14  17  28  1155  386  323  3  -2  
14  17  28  1162  386  323  3  -2  
14  17  28  1172  386  323  3  -2  
14  17  28  1178  386  323  3  -2  
14  17  28  1188  386  323  3  -2  
14  17  28  1197  386  323  3  -2  
14  17  28  1206  386  323  3  -2  
14  17  28  1212  386  323  3  -2  
14  17  28  1222  386  323  3  -2  
14  17  28  1229  386  323  3  -2  
14  17  28  1239  386  323  3  -2  
14  17  28  1246  386  323  3  -2  
14  17  28  1254  386  323  3  -2  
14  17  28  1262  386  323  3  -2  
14  17  28  1271  386  323  3  -2  
14  17  28  1279  386  323  3  -2  
14  17  28  1288  386  323  3  -2  
14  17  28  1297  386  323  3  -2  
14  17  28  1307  386  323  3  -2  
14  17  28  1314  386  323  3  -2  
14  17  28  1324  386  323  3  -2  
14  17  28  1332  386  323  3  -2  
14  17  28  1341  386  323  3  -2  
14  17  28  1351  386  323  3  -2  
14  17  28  1360  386  323  3  -2  
14  17  28  1370  386  323  3  -2  
14  17  28  1379  386  323  3  -2  
14  17  28  1388  386  323  3  -2  
14  17  28  1397  386  323  3  -2  
14  17  28  1408  386  323  3  -2  
14  17  28  1416  386  323  3  -2  
14  17  28  1424  386  323  3  -2  
14  17  28  1432  386  323  3  -2  
14  17  28  1442  386  323  3  -2  
14  17  28  1450  386  323  3  -2  
14  17  28  1460  386  323  3  -2  
14  17  28  1468  386  323  3  -2  
14  17  28  1477  386  323  3  -2  
14  17  28  1486  386  323  3  -2  
14  17  28  1495  386  323  3  -2  
14  17  28  1502  386  323  3  -2  
14  17  28  1510  386  323  3  -2  
14  17  29  1517  386  323  3  -2  
14  17  29  1527  386  323  3  -2  
14  17  29  1535  386  323  3  -2  
14  17  29  1542  386  323  3  -2  
14  17  29  1551  386  323  3  -2  
14  17  29  1559  386  323  3  -2  
14  17  29  1567  386  323  3  -2  
14  17  29  1577  386  323  3  -2  
14  17  29  1586  386  323  3  -2  
14  17  29  1593  386  323  3  -2  
14  17  29  1601  386  323  3  -2  
14  17  29  1609  386  323  3  -2  
14  17  29  1617  386  323  3  -2  
14  17  29  1627  386  323  3  -2  
14  17  29  1635  386  323  3  -2  
14  17  29  1643  386  323  3  -2  
14  17  29  1652  386  323  3  -2  
14  17  29  1660  389  323  3  -2  
14  17  29  1668  398  323  3  -2  
14  17  29  1677  404  323  3  -2  
14  17  29  1686  415  323  3  -2  
14  17  29  1694  423  323  3  -2  
14  17  29  1701  430  323  3  -2  
14  17  29  1710  438  323  3  -2  
14  17  29  1717  445  323  3  -2  
14  17  29  1727  453  323  3  -2  
14  17  29  1735  460  323  3  -2  
14  17  29  1743  468  323  3  -2  
14  17  29  1751  474  323  3  -2  
14  17  29  1760  479  321  3  -2  
14  17  29  1768  484  321  3  -2  
14  17  29  1777  490  320  3  -2  
14  17  29  1785  495  320  4  -2  
14  17  29  1791  495  320  4  -2  
14  17  29  1800  498  318  4  -2  
14  17  29  1808  502  318  4  -2  
14  17  29  1817  504  318  4  -2  
14  17  29  1826  504  318  4  -2  
14  17  29  1834  504  318  4  -2  
14  17  29  1842  504  318  4  -2  
14  17  29  1851  504  318  4  -2  
14  17  29  1860  504  318  4  -2  
14  17  29  1867  504  318  4  -2  
14  17  29  1876  504  318  4  -2  
14  17  29  1885  504  318  4  -2  
14  17  29  1893  504  318  4  -2  
14  17  29  1901  504  318  4  -2  
14  17  29  1909  506  318  4  -2  
14  17  29  1917  506  318  4  -2  
14  17  29  1926  507  318  4  -2  
14  17  29  1935  507  318  4  -2  
14  17  29  1942  507  318  4  -2  
14  17  29  1953  507  318  4  -2  
14  17  29  1960  507  318  4  -2  
14  17  29  1970  507  318  4  -2  
14  17  29  1979  507  318  4  -2  
14  17  29  1988  507  318  4  -2  
14  17  29  1996  501  318  4  -2  
14  17  29  2004  491  318  4  -2  
14  17  29  2011  478  318  4  -2  
14  17  29  2021  462  318  4  -2  
14  17  29  2028  439  318  4  -2  
14  17  29  2038  408  318  4  -2  
14  17  29  2046  378  318  5  -2  
14  17  29  2055  350  318  5  -2  
14  17  29  2061  330  318  5  -2  
14  17  29  2071  313  318  5  -2  
14  17  29  2078  303  318  5  -2  
14  17  29  2088  299  318  5  -2  
14  17  29  2096  299  318  5  -2  
14  17  29  2105  299  318  5  -2  
14  17  29  2112  299  318  5  -2  
14  17  29  2122  299  318  5  -2  
14  17  29  2129  299  318  5  -2  
14  17  29  2141  299  318  5  -2  
14  17  29  2149  299  318  5  -2  
14  17  29  2159  299  318  5  -2  
14  17  29  2167  299  318  5  -2  
14  17  29  2176  299  318  5  -2  
14  17  29  2183  299  318  5  -2  
14  17  29  2191  299  318  5  -2  
14  17  29  2200  299  318  5  -2  
14  17  29  2208  299  318  5  -2  
14  17  29  2216  299  318  5  -2  
14  17  29  2225  299  318  5  -2  
14  17  29  2234  299  318  5  -2  
14  17  29  2241  299  318  5  -2  
14  17  29  2251  299  318  5  -2  
14  17  29  2258  299  318  5  -2  
14  17  29  2267  299  318  5  -2  
14  17  29  2276  299  318  5  -2  
14  17  29  2284  299  318  5  -2  
14  17  29  2291  299  318  5  -2  
14  17  29  2300  299  318  5  -2  
14  17  29  2308  299  318  5  -2  
14  17  29  2316  299  318  5  -2  
14  17  29  2325  299  318  5  -2  
14  17  29  2334  299  318  5  -2  
14  17  29  2342  299  318  5  -2  
14  17  29  2350  299  318  5  -2  
14  17  29  2358  299  318  5  -2  
14  17  29  2367  299  318  5  -2  
14  17  29  2376  299  318  5  -2  
14  17  29  2383  299  318  5  -2  
14  17  29  2391  299  318  5  -2  
14  17  29  2400  299  318  5  -2  
14  17  29  2409  299  318  5  -2  
14  17  29  2417  299  318  5  -2  
14  17  29  2426  299  318  5  -2  
14  17  29  2434  299  318  5  -2  
