14  17  20  0  379  325  1  -2  
14  17  21  9  379  325  1  -2  
14  17  21  16  379  325  1  -2  
14  17  21  24  379  325  1  -2  
14  17  21  33  379  325  1  -2  
14  17  21  41  379  325  1  -2  
14  17  21  50  379  325  1  -2  
14  17  21  58  379  325  1  -2  
14  17  21  66  379  325  1  -2  
14  17  21  75  379  325  1  -2  
14  17  21  84  379  325  1  -2  
14  17  21  91  379  325  1  -2  
14  17  21  100  379  325  1  -2  
14  17  21  108  379  325  1  -2  
14  17  21  118  379  325  1  -2  
14  17  21  126  379  325  1  -2  
14  17  21  133  379  325  1  -2  
14  17  21  141  379  325  1  -2  
14  17  21  150  379  325  1  -2  
14  17  21  158  379  325  1  -2  
14  17  21  166  379  325  1  -2  
14  17  21  175  379  325  1  -2  
14  17  21  183  379  325  1  -2  
14  17  21  192  379  325  1  -2  
14  17  21  200  379  325  1  -2  
14  17  21  209  379  325  1  -2  
14  17  21  217  379  325  1  -2  
14  17  21  225  379  325  1  -2  
14  17  21  234  379  325  1  -2  
14  17  21  242  379  325  1  -2  
14  17  21  250  379  325  1  -2  
14  17  21  259  379  325  1  -2  
14  17  21  268  379  325  1  -2  
14  17  21  275  379  325  1  -2  
14  17  21  284  379  325  1  -2  
14  17  21  292  379  325  1  -2  
14  17  21  300  379  325  1  -2  
14  17  21  309  379  325  1  -2  
14  17  21  318  379  325  1  -2  
14  17  21  326  379  325  1  -2  
14  17  21  334  379  325  1  -2  
14  17  21  342  379  325  1  -2  
14  17  21  351  379  325  1  -2  
14  17  21  360  379  325  1  -2  
14  17  21  368  379  325  1  -2  
14  17  21  375  379  325  1  -2  
14  17  21  383  379  325  1  -2  
14  17  21  390  379  325  1  -2  
14  17  21  400  379  325  1  -2  
14  17  21  408  379  325  1  -2  
14  17  21  418  379  325  1  -2  
14  17  21  426  379  325  1  -2  
14  17  21  434  384  325  1  -2  
14  17  21  443  389  325  1  -2  
14  17  21  450  394  325  1  -2  
14  17  21  458  399  325  1  -2  
14  17  21  467  408  325  1  -2  
14  17  21  475  415  325  1  -2  
14  17  21  484  423  325  1  -2  
14  17  21  492  431  325  1  -2  
14  17  21  500  438  325  1  -2  
14  17  21  509  445  325  1  -2  
14  17  21  518  457  325  1  -2  
14  17  21  527  465  325  1  -2  
14  17  21  534  471  325  1  -2  
14  17  21  542  477  325  1  -2  
14  17  21  551  482  325  1  -2  
14  17  21  559  486  325  1  -2  
14  17  21  568  489  325  1  -2  
14  17  21  575  492  325  1  -2  
14  17  21  584  493  325  1  -2  
14  17  21  593  495  325  1  -2  
14  17  21  600  495  325  1  -2  
14  17  21  609  495  325  1  -2  
14  17  21  618  495  325  1  -2  
14  17  21  625  495  325  1  -2  
14  17  21  634  495  325  1  -2  
14  17  21  643  495  325  1  -2  
14  17  21  650  495  325  1  -2  
14  17  21  659  495  325  1  -2  
14  17  21  668  495  325  1  -2  
14  17  21  675  497  325  2  -2  
14  17  21  684  500  325  2  -2  
14  17  21  693  503  325  2  -2  
14  17  21  701  510  325  2  -2  
14  17  21  709  511  325  2  -2  
14  17  21  718  513  325  2  -2  
14  17  21  725  513  325  2  -2  
14  17  21  734  513  325  2  -2  
14  17  21  742  513  325  2  -2  
14  17  21  750  513  325  2  -2  
14  17  21  759  513  325  2  -2  
14  17  21  769  513  325  2  -2  
14  17  21  776  513  325  2  -2  
14  17  21  784  513  325  2  -2  
14  17  21  792  513  325  2  -2  
14  17  21  800  513  325  2  -2  
14  17  21  810  513  325  2  -2  
14  17  21  818  513  325  2  -2  
14  17  21  825  513  325  2  -2  
14  17  21  834  513  325  2  -2  
14  17  21  842  513  325  2  -2  
14  17  21  850  513  325  2  -2  
14  17  21  859  513  325  2  -2  
14  17  21  867  513  325  2  -2  
14  17  21  875  513  325  2  -2  
14  17  21  884  513  325  2  -2  
14  17  21  892  513  325  2  -2  
14  17  21  900  513  325  2  -2  
14  17  21  909  513  325  2  -2  
14  17  21  918  513  325  2  -2  
14  17  21  925  513  325  2  -2  
14  17  21  934  513  325  2  -2  
14  17  21  942  513  325  2  -2  
14  17  21  951  513  325  2  -2  
14  17  21  959  513  325  2  -2  
14  17  21  967  513  325  2  -2  
14  17  21  976  513  325  2  -2  
14  17  21  984  513  325  2  -2  
14  17  21  992  513  325  2  -2  
14  17  21  1000  513  325  2  -2  
14  17  22  1009  513  325  2  -2  
14  17  22  1018  513  325  2  -2  
14  17  22  1026  513  325  2  -2  
14  17  22  1034  513  325  2  -2  
14  17  22  1042  513  325  2  -2  
14  17  22  1050  513  325  2  -2  
14  17  22  1059  513  325  2  -2  
14  17  22  1067  513  325  2  -2  
14  17  22  1077  513  325  2  -2  
14  17  22  1084  513  325  2  -2  
14  17  22  1092  513  325  2  -2  
14  17  22  1100  513  325  2  -2  
14  17  22  1109  513  325  2  -2  
14  17  22  1118  513  325  2  -2  
14  17  22  1125  513  325  2  -2  
14  17  22  1135  513  325  2  -2  
14  17  22  1142  510  325  2  -2  
14  17  22  1150  506  325  2  -2  
14  17  22  1160  503  325  2  -2  
14  17  22  1170  498  325  2  -2  
14  17  22  1177  493  325  2  -2  
14  17  22  1184  485  325  2  -2  
14  17  22  1192  476  325  2  -2  
14  17  22  1200  470  325  2  -2  
14  17  22  1209  461  325  2  -2  
14  17  22  1218  455  325  2  -2  
14  17  22  1226  448  325  2  -2  
14  17  22  1234  443  325  2  -2  
14  17  22  1242  436  325  2  -2  
14  17  22  1251  426  325  2  -2  
14  17  22  1259  417  325  2  -2  
14  17  22  1268  406  325  2  -2  
14  17  22  1275  396  325  3  -2  
14  17  22  1284  386  325  3  -2  
14  17  22  1292  376  325  3  -2  
14  17  22  1301  369  325  3  -2  
14  17  22  1309  363  325  3  -2  
14  17  22  1316  363  325  3  -2  
14  17  22  1325  363  325  3  -2  
14  17  22  1335  363  325  3  -2  
14  17  22  1342  363  325  3  -2  
14  17  22  1350  363  325  3  -2  
14  17  22  1358  363  325  3  -2  
14  17  22  1369  363  325  3  -2  
14  17  22  1377  363  325  3  -2  
14  17  22  1385  363  325  3  -2  
14  17  22  1391  363  325  3  -2  
14  17  22  1400  362  325  3  -2  
14  17  22  1408  361  325  3  -2  
14  17  22  1416  358  325  3  -2  
14  17  22  1425  357  325  3  -2  
14  17  22  1435  357  325  3  -2  
14  17  22  1442  357  325  3  -2  
14  17  22  1450  357  325  3  -2  
14  17  22  1458  357  325  3  -2  
14  17  22  1467  357  325  3  -2  
14  17  22  1475  357  325  3  -2  
14  17  22  1485  357  325  3  -2  
14  17  22  1493  357  325  3  -2  
14  17  22  1501  358  325  3  -2  
14  17  22  1510  368  325  3  -2  
14  17  22  1519  381  325  3  -2  
14  17  22  1527  399  325  3  -2  
14  17  22  1536  418  325  3  -2  
14  17  22  1543  438  325  3  -2  
14  17  22  1553  456  325  3  -2  
14  17  22  1559  471  325  3  -2  
14  17  22  1570  481  325  3  -2  
14  17  22  1577  488  325  3  -2  
14  17  22  1586  493  325  3  -2  
14  17  22  1592  494  325  3  -2  
14  17  22  1603  494  325  3  -2  
14  17  22  1611  494  325  3  -2  
14  17  22  1620  494  325  3  -2  
14  17  22  1628  494  325  3  -2  
14  17  22  1637  494  325  3  -2  
14  17  22  1643  495  325  3  -2  
14  17  22  1653  495  325  3  -2  
14  17  22  1659  498  325  4  -2  
14  17  22  1669  499  325  4  -2  
14  17  22  1677  504  325  4  -2  
14  17  22  1685  505  325  4  -2  
14  17  22  1693  505  325  4  -2  
14  17  22  1703  505  325  4  -2  
14  17  22  1709  505  325  4  -2  
14  17  22  1719  505  325  4  -2  
14  17  22  1727  505  325  4  -2  
14  17  22  1737  505  325  4  -2  
14  17  22  1743  505  325  4  -2  
14  17  22  1750  505  325  4  -2  
14  17  22  1760  505  325  4  -2  
14  17  22  1769  505  325  4  -2  
14  17  22  1777  505  325  4  -2  
14  17  22  1787  505  325  4  -2  
14  17  22  1793  505  325  4  -2  
14  17  22  1802  505  325  4  -2  
14  17  22  1810  505  325  4  -2  
14  17  22  1819  505  325  4  -2  
14  17  22  1826  505  325  4  -2  
14  17  22  1837  505  325  4  -2  
14  17  22  1843  505  325  4  -2  
14  17  22  1853  505  325  4  -2  
14  17  22  1860  505  325  4  -2  
14  17  22  1870  505  325  4  -2  
14  17  22  1878  505  325  4  -2  
14  17  22  1887  505  325  4  -2  
14  17  22  1894  505  325  4  -2  
14  17  22  1904  505  325  4  -2  
14  17  22  1910  505  325  4  -2  
14  17  22  1920  505  325  4  -2  
14  17  22  1928  505  325  4  -2  
14  17  22  1937  505  325  4  -2  
14  17  22  1944  505  325  4  -2  
14  17  22  1954  505  325  4  -2  
14  17  22  1961  505  325  4  -2  
14  17  22  1971  505  325  4  -2  
14  17  22  1978  505  325  4  -2  
14  17  22  1988  505  325  4  -2  
14  17  22  1995  505  325  4  -2  
14  17  22  2006  505  325  4  -2  
14  17  23  2013  505  325  4  -2  
14  17  23  2022  505  325  4  -2  
14  17  23  2029  505  325  4  -2  
14  17  23  2039  505  325  4  -2  
14  17  23  2046  505  325  4  -2  
14  17  23  2055  505  325  4  -2  
14  17  23  2061  505  325  4  -2  
14  17  23  2071  505  325  4  -2  
14  17  23  2079  505  325  4  -2  
14  17  23  2088  505  325  4  -2  
14  17  23  2095  505  325  4  -2  
14  17  23  2105  505  325  4  -2  
14  17  23  2112  505  325  4  -2  
14  17  23  2122  504  325  4  -2  
14  17  23  2128  499  325  4  -2  
14  17  23  2139  493  325  4  -2  
14  17  23  2145  487  325  4  -2  
14  17  23  2155  478  325  4  -2  
14  17  23  2161  467  325  4  -2  
14  17  23  2171  453  325  4  -2  
14  17  23  2179  440  325  4  -2  
14  17  23  2188  427  325  4  -2  
14  17  23  2196  412  325  4  -2  
14  17  23  2205  399  325  4  -2  
14  17  23  2212  377  325  5  -2  
14  17  23  2221  377  325  5  -2  
14  17  23  2229  370  325  5  -2  
14  17  23  2238  370  325  5  -2  
14  17  23  2246  370  325  5  -2  
14  17  23  2254  370  325  5  -2  
14  17  23  2261  370  325  5  -2  
14  17  23  2271  370  325  5  -2  
14  17  23  2279  370  325  5  -2  
14  17  23  2289  370  325  5  -2  
14  17  23  2295  370  325  5  -2  
14  17  23  2305  370  325  5  -2  
14  17  23  2312  370  325  5  -2  
14  17  23  2321  370  325  5  -2  
14  17  23  2329  370  325  5  -2  
14  17  23  2339  370  325  5  -2  
14  17  23  2346  370  325  5  -2  
14  17  23  2354  370  325  5  -2  
14  17  23  2362  370  325  5  -2  
14  17  23  2371  370  325  5  -2  
14  17  23  2379  370  325  5  -2  
14  17  23  2388  370  325  5  -2  
14  17  23  2397  370  325  5  -2  
14  17  23  2404  370  325  5  -2  
14  17  23  2412  370  325  5  -2  
14  17  23  2421  370  325  5  -2  
14  17  23  2430  370  325  5  -2  
14  17  23  2438  370  325  5  -2  
14  17  23  2447  370  325  5  -2  
14  17  23  2454  370  325  5  -2  
14  17  23  2462  370  325  5  -2  
14  17  23  2471  370  325  5  -2  
14  17  23  2480  370  325  5  -2  
14  17  23  2488  370  325  5  -2  
14  17  23  2495  370  325  5  -2  
14  17  23  2504  370  325  5  -2  
14  17  23  2513  370  325  5  -2  
14  17  23  2522  370  325  5  -2  
