14  17  33  0  344  318  1  -2  
14  17  33  10  344  318  1  -2  
14  17  33  15  344  318  1  -2  
14  17  33  25  344  318  1  -2  
14  17  33  32  344  318  1  -2  
14  17  33  42  344  318  1  -2  
14  17  33  49  344  318  1  -2  
14  17  33  59  344  318  1  -2  
14  17  33  66  344  318  1  -2  
14  17  33  75  344  318  1  -2  
14  17  33  82  344  318  1  -2  
14  17  33  92  344  318  1  -2  
14  17  33  99  344  318  1  -2  
14  17  33  108  344  318  1  -2  
14  17  33  117  344  318  1  -2  
14  17  33  125  344  318  1  -2  
14  17  33  133  344  318  1  -2  
14  17  33  142  344  318  1  -2  
14  17  33  149  344  318  1  -2  
14  17  33  159  344  318  1  -2  
14  17  33  166  344  318  1  -2  
14  17  33  175  344  318  1  -2  
14  17  33  183  344  318  1  -2  
14  17  33  192  344  318  1  -2  
14  17  33  199  344  318  1  -2  
14  17  33  209  344  318  1  -2  
14  17  33  216  344  318  1  -2  
14  17  33  227  344  318  1  -2  
14  17  33  233  344  318  1  -2  
14  17  33  242  344  318  1  -2  
14  17  33  249  346  318  1  -2  
14  17  33  259  349  318  1  -2  
14  17  33  267  357  318  1  -2  
14  17  33  276  363  318  1  -2  
14  17  33  283  377  318  1  -2  
14  17  33  293  387  318  1  -2  
14  17  33  299  394  318  1  -2  
14  17  33  309  401  318  1  -2  
14  17  33  317  406  318  1  -2  
14  17  33  327  410  318  1  -2  
14  17  33  334  413  318  1  -2  
14  17  33  343  415  318  1  -2  
14  17  33  349  418  318  1  -2  
14  17  34  360  421  318  1  -2  
14  17  34  367  423  318  1  -2  
14  17  34  375  427  318  1  -2  
14  17  34  383  433  318  1  -2  
14  17  34  393  438  318  1  -2  
14  17  34  399  448  318  1  -2  
14  17  34  409  453  318  1  -2  
14  17  34  416  460  318  1  -2  
14  17  34  427  464  318  1  -2  
14  17  34  433  466  318  1  -2  
14  17  34  443  466  318  1  -2  
14  17  34  449  466  318  1  -2  
14  17  34  459  466  318  1  -2  
14  17  34  466  466  318  1  -2  
14  17  34  475  466  318  1  -2  
14  17  34  483  466  318  1  -2  
14  17  34  493  466  318  1  -2  
14  17  34  500  466  318  1  -2  
14  17  34  509  466  318  1  -2  
14  17  34  517  466  318  1  -2  
14  17  34  526  468  318  1  -2  
14  17  34  533  470  318  1  -2  
14  17  34  543  472  318  1  -2  
14  17  34  550  474  318  1  -2  
14  17  34  560  475  318  1  -2  
14  17  34  568  476  318  1  -2  
14  17  34  577  476  318  1  -2  
14  17  34  584  476  318  1  -2  
14  17  34  593  476  318  1  -2  
14  17  34  600  476  318  1  -2  
14  17  34  609  476  318  1  -2  
14  17  34  617  483  318  1  -2  
14  17  34  625  496  318  2  -2  
14  17  34  633  521  318  2  -2  
14  17  34  642  552  318  2  -2  
14  17  34  650  586  318  2  -2  
14  17  34  660  610  318  2  -2  
14  17  34  668  638  318  2  -2  
14  17  34  677  643  318  2  -2  
14  17  34  684  644  318  2  -2  
14  17  34  693  644  318  2  -2  
14  17  34  699  644  318  2  -2  
14  17  34  710  644  318  2  -2  
14  17  34  718  644  318  2  -2  
14  17  34  727  644  318  2  -2  
14  17  34  733  644  318  2  -2  
14  17  34  743  644  318  2  -2  
14  17  34  750  644  318  2  -2  
14  17  34  760  644  318  2  -2  
14  17  34  768  644  318  2  -2  
14  17  34  777  644  318  2  -2  
14  17  34  783  644  318  2  -2  
14  17  34  793  644  318  2  -2  
14  17  34  799  644  318  2  -2  
14  17  34  810  644  318  2  -2  
14  17  34  818  644  318  2  -2  
14  17  34  827  643  318  2  -2  
14  17  34  833  642  318  2  -2  
14  17  34  843  639  318  2  -2  
14  17  34  850  638  318  2  -2  
14  17  34  860  638  318  2  -2  
14  17  34  866  636  317  2  -2  
14  17  34  876  636  317  2  -2  
14  17  34  882  636  317  2  -2  
14  17  34  892  636  317  2  -2  
14  17  34  899  635  317  2  -2  
14  17  34  909  635  317  2  -2  
14  17  34  917  635  317  2  -2  
14  17  34  926  635  317  2  -2  
14  17  34  933  635  317  2  -2  
14  17  34  943  635  317  2  -2  
14  17  34  949  635  317  2  -2  
14  17  34  959  635  317  2  -2  
14  17  34  967  635  317  2  -2  
14  17  34  976  635  317  2  -2  
14  17  34  982  635  317  2  -2  
14  17  34  993  635  317  2  -2  
14  17  34  999  635  317  2  -2  
14  17  34  1010  635  317  2  -2  
14  17  34  1017  635  317  2  -2  
14  17  34  1026  635  317  2  -2  
14  17  34  1033  635  317  2  -2  
14  17  34  1043  635  317  2  -2  
14  17  34  1049  635  317  2  -2  
14  17  34  1060  635  317  2  -2  
14  17  34  1067  635  317  2  -2  
14  17  34  1076  635  317  2  -2  
14  17  34  1083  635  317  2  -2  
14  17  34  1093  635  317  2  -2  
14  17  34  1099  635  317  2  -2  
14  17  34  1109  635  317  2  -2  
14  17  34  1117  635  317  2  -2  
14  17  34  1126  635  317  2  -2  
14  17  34  1133  635  317  2  -2  
14  17  34  1143  635  317  2  -2  
14  17  34  1149  635  317  2  -2  
14  17  34  1160  635  317  2  -2  
14  17  34  1167  635  317  2  -2  
14  17  34  1177  635  317  2  -2  
14  17  34  1183  635  317  2  -2  
14  17  34  1193  635  317  2  -2  
14  17  34  1200  635  317  2  -2  
14  17  34  1210  635  317  2  -2  
14  17  34  1217  635  317  2  -2  
14  17  34  1226  635  317  2  -2  
14  17  34  1233  635  317  2  -2  
14  17  34  1243  635  317  2  -2  
14  17  34  1250  635  317  2  -2  
14  17  34  1260  634  317  2  -2  
14  17  34  1268  626  316  2  -2  
14  17  34  1276  623  314  2  -2  
14  17  34  1284  618  314  2  -2  
14  17  34  1293  611  313  2  -2  
14  17  34  1301  603  313  2  -2  
14  17  34  1310  594  312  2  -2  
14  17  34  1317  581  310  2  -2  
14  17  34  1327  568  310  2  -2  
14  17  34  1334  553  310  2  -2  
14  17  34  1343  538  310  2  -2  
14  17  34  1350  525  310  2  -2  
14  17  35  1360  511  310  2  -2  
14  17  35  1367  500  310  2  -2  
14  17  35  1376  488  310  2  -2  
14  17  35  1383  476  310  2  -2  
14  17  35  1393  463  308  2  -2  
14  17  35  1400  453  308  2  -2  
14  17  35  1410  444  306  2  -2  
14  17  35  1417  432  306  2  -2  
14  17  35  1426  422  306  2  -2  
14  17  35  1433  414  306  2  -2  
14  17  35  1443  409  306  2  -2  
14  17  35  1451  405  306  2  -2  
14  17  35  1460  404  306  2  -2  
14  17  35  1466  404  306  2  -2  
14  17  35  1476  404  306  2  -2  
14  17  35  1485  403  306  2  -2  
14  17  35  1492  401  306  2  -2  
14  17  35  1501  396  306  3  -2  
14  17  35  1510  387  306  3  -2  
14  17  35  1517  377  306  3  -2  
14  17  35  1527  370  306  3  -2  
14  17  35  1534  364  306  3  -2  
14  17  35  1543  360  306  3  -2  
14  17  35  1551  357  306  3  -2  
14  17  35  1560  357  306  3  -2  
14  17  35  1567  357  306  3  -2  
14  17  35  1576  357  306  3  -2  
14  17  35  1584  357  306  3  -2  
14  17  35  1592  357  306  3  -2  
14  17  35  1600  357  306  3  -2  
14  17  35  1610  357  306  3  -2  
14  17  35  1617  357  306  3  -2  
14  17  35  1626  357  306  3  -2  
14  17  35  1633  357  306  3  -2  
14  17  35  1643  357  306  3  -2  
14  17  35  1649  357  306  3  -2  
14  17  35  1660  357  306  3  -2  
14  17  35  1668  357  306  3  -2  
14  17  35  1676  357  306  3  -2  
14  17  35  1683  357  306  3  -2  
14  17  35  1692  357  306  3  -2  
14  17  35  1700  357  306  3  -2  
14  17  35  1710  357  306  3  -2  
14  17  35  1718  357  306  3  -2  
14  17  35  1726  360  306  3  -2  
14  17  35  1734  369  306  3  -2  
14  17  35  1743  384  306  3  -2  
14  17  35  1750  399  306  3  -2  
14  17  35  1760  417  306  3  -2  
14  17  35  1767  435  306  3  -2  
14  17  35  1777  450  306  3  -2  
14  17  35  1784  463  306  3  -2  
14  17  35  1793  473  306  3  -2  
14  17  35  1800  480  306  3  -2  
14  17  35  1810  483  306  3  -2  
14  17  35  1817  483  306  3  -2  
14  17  35  1825  483  306  3  -2  
14  17  35  1834  483  306  3  -2  
14  17  35  1841  483  306  3  -2  
14  17  35  1849  483  306  3  -2  
14  17  35  1860  483  306  3  -2  
14  17  35  1867  483  306  3  -2  
14  17  35  1875  484  306  3  -2  
14  17  35  1884  485  306  3  -2  
14  17  35  1893  487  306  3  -2  
14  17  35  1901  491  306  3  -2  
14  17  35  1909  493  306  3  -2  
14  17  35  1917  493  306  3  -2  
14  17  35  1926  493  306  3  -2  
14  17  35  1933  493  306  3  -2  
14  17  35  1941  493  306  3  -2  
14  17  35  1951  493  306  3  -2  
14  17  35  1959  493  306  3  -2  
14  17  35  1967  495  306  3  -2  
14  17  35  1975  503  306  4  -2  
14  17  35  1983  519  307  4  -2  
14  17  35  1992  548  312  4  -2  
14  17  35  2000  574  315  4  -2  
14  17  35  2009  599  319  4  -2  
14  17  35  2017  614  320  4  -2  
14  17  35  2025  626  320  4  -2  
14  17  35  2034  631  320  4  -2  
14  17  35  2041  632  320  4  -2  
14  17  35  2050  632  320  4  -2  
14  17  35  2058  632  320  4  -2  
14  17  35  2067  632  320  4  -2  
14  17  35  2075  632  320  4  -2  
14  17  35  2083  632  320  4  -2  
14  17  35  2091  632  320  4  -2  
14  17  35  2100  632  320  4  -2  
14  17  35  2109  632  320  4  -2  
14  17  35  2117  632  320  4  -2  
14  17  35  2126  632  320  4  -2  
14  17  35  2133  632  320  4  -2  
14  17  35  2141  632  320  4  -2  
14  17  35  2149  632  320  4  -2  
14  17  35  2159  632  320  4  -2  
14  17  35  2167  632  320  4  -2  
14  17  35  2176  632  320  4  -2  
14  17  35  2184  631  320  4  -2  
14  17  35  2192  631  320  4  -2  
14  17  35  2201  629  320  4  -2  
14  17  35  2209  628  320  4  -2  
14  17  35  2217  627  320  4  -2  
14  17  35  2225  625  320  4  -2  
14  17  35  2235  625  320  4  -2  
14  17  35  2242  625  320  4  -2  
14  17  35  2252  625  320  4  -2  
14  17  35  2260  624  320  4  -2  
14  17  35  2269  623  320  4  -2  
14  17  35  2276  622  320  4  -2  
14  17  35  2285  620  320  4  -2  
14  17  35  2294  617  320  4  -2  
14  17  35  2302  616  320  4  -2  
14  17  35  2310  611  320  4  -2  
14  17  35  2319  603  320  4  -2  
14  17  35  2329  592  320  4  -2  
14  17  35  2335  579  320  4  -2  
14  17  35  2345  566  320  4  -2  
14  17  35  2353  554  320  4  -2  
14  17  36  2362  541  320  4  -2  
14  17  36  2370  533  320  4  -2  
14  17  36  2378  521  320  4  -2  
14  17  36  2386  511  320  4  -2  
14  17  36  2395  501  320  4  -2  
14  17  36  2404  474  320  4  -2  
14  17  36  2411  458  320  4  -2  
14  17  36  2420  443  320  4  -2  
14  17  36  2429  428  320  4  -2  
14  17  36  2438  415  320  4  -2  
14  17  36  2446  401  320  4  -2  
14  17  36  2453  395  320  5  -2  
14  17  36  2462  389  320  5  -2  
14  17  36  2470  388  320  5  -2  
14  17  36  2478  387  320  5  -2  
14  17  36  2488  386  320  5  -2  
14  17  36  2496  382  320  5  -2  
14  17  36  2503  379  320  5  -2  
14  17  36  2512  374  320  5  -2  
14  17  36  2519  371  320  5  -2  
14  17  36  2529  366  318  5  -2  
14  17  36  2539  365  318  5  -2  
14  17  36  2545  364  318  5  -2  
14  17  36  2556  364  318  5  -2  
14  17  36  2565  364  318  5  -2  
14  17  36  2575  364  318  5  -2  
14  17  36  2582  364  318  5  -2  
14  17  36  2594  364  318  5  -2  
14  17  36  2600  364  318  5  -2  
14  17  36  2609  364  318  5  -2  
14  17  36  2617  364  318  5  -2  
14  17  36  2626  364  318  5  -2  
14  17  36  2634  364  318  5  -2  
14  17  36  2643  364  318  5  -2  
14  17  36  2651  364  318  5  -2  
14  17  36  2660  364  318  5  -2  
14  17  36  2668  364  318  5  -2  
14  17  36  2676  364  318  5  -2  
14  17  36  2684  364  318  5  -2  
14  17  36  2693  364  318  5  -2  
14  17  36  2701  364  318  5  -2  
14  17  36  2710  364  318  5  -2  
14  17  36  2719  364  318  5  -2  
14  17  36  2726  364  318  5  -2  
14  17  36  2735  364  318  5  -2  
14  17  36  2743  364  318  5  -2  
14  17  36  2752  364  318  5  -2  
14  17  36  2761  364  318  5  -2  
14  17  36  2769  364  318  5  -2  
14  17  36  2777  364  318  5  -2  
14  17  36  2785  364  318  5  -2  
14  17  36  2793  364  318  5  -2  
14  17  36  2802  364  318  5  -2  
14  17  36  2811  364  318  5  -2  
14  17  36  2819  364  318  5  -2  
