16  20  59  0  378  318  1  -2  
16  20  59  10  378  318  1  -2  
16  20  59  16  378  318  1  -2  
16  20  59  26  378  318  1  -2  
16  20  59  33  378  318  1  -2  
16  20  59  43  378  318  1  -2  
16  20  59  49  378  318  1  -2  
16  20  59  59  378  318  1  -2  
16  20  59  66  378  318  1  -2  
16  20  59  76  378  318  1  -2  
16  20  59  83  378  318  1  -2  
16  20  59  94  378  318  1  -2  
16  20  59  101  378  318  1  -2  
16  20  59  110  378  318  1  -2  
16  20  59  117  378  318  1  -2  
16  20  59  126  378  318  1  -2  
16  20  59  135  378  318  1  -2  
16  20  59  143  378  318  1  -2  
16  20  59  151  378  318  1  -2  
16  20  59  159  378  318  1  -2  
16  20  59  168  378  318  1  -2  
16  20  59  176  378  318  1  -2  
16  20  59  185  378  318  1  -2  
16  20  59  192  378  318  1  -2  
16  20  59  201  378  318  1  -2  
16  20  59  209  378  318  1  -2  
16  20  59  217  380  318  1  -2  
16  20  59  226  386  318  1  -2  
16  20  59  235  395  318  1  -2  
16  20  59  243  405  318  1  -2  
16  20  59  251  416  318  1  -2  
16  20  59  260  426  318  1  -2  
16  20  59  268  438  318  1  -2  
16  20  59  276  452  320  1  -2  
16  20  59  285  463  320  1  -2  
16  20  59  293  480  320  1  -2  
16  20  59  301  487  320  1  -2  
16  20  59  309  494  320  1  -2  
16  20  59  318  499  320  2  -2  
16  20  59  326  504  320  2  -2  
16  20  59  335  509  320  2  -2  
16  20  59  343  514  320  2  -2  
16  20  59  350  520  320  2  -2  
16  20  59  359  528  320  2  -2  
16  20  59  368  533  320  2  -2  
16  20  59  376  538  320  2  -2  
16  20  59  385  541  320  2  -2  
16  20  59  394  545  320  2  -2  
16  20  59  401  545  320  2  -2  
16  20  59  410  547  320  2  -2  
16  20  59  418  548  320  2  -2  
16  20  59  426  548  320  2  -2  
16  20  59  435  548  320  2  -2  
16  20  59  443  548  320  2  -2  
16  20  59  451  548  320  2  -2  
16  20  59  460  548  320  2  -2  
16  20  59  468  548  320  2  -2  
16  21  0  478  548  320  2  -2  
16  21  0  486  548  320  2  -2  
16  21  0  494  548  320  2  -2  
16  21  0  502  548  320  2  -2  
16  21  0  511  548  320  2  -2  
16  21  0  521  548  320  2  -2  
16  21  0  528  548  320  2  -2  
16  21  0  536  548  320  2  -2  
16  21  0  545  548  320  2  -2  
16  21  0  553  548  320  2  -2  
16  21  0  561  548  320  2  -2  
16  21  0  570  548  320  2  -2  
16  21  0  579  548  320  2  -2  
16  21  0  588  548  320  2  -2  
16  21  0  596  548  320  2  -2  
16  21  0  606  548  320  2  -2  
16  21  0  611  548  320  2  -2  
16  21  0  620  548  320  2  -2  
16  21  0  629  548  320  2  -2  
16  21  0  636  548  320  2  -2  
16  21  0  644  548  320  2  -2  
16  21  0  653  548  320  2  -2  
16  21  0  662  548  320  2  -2  
16  21  0  669  548  320  2  -2  
16  21  0  678  548  320  2  -2  
16  21  0  686  548  320  2  -2  
16  21  0  694  548  320  2  -2  
16  21  0  703  548  320  2  -2  
16  21  0  710  548  320  2  -2  
16  21  0  719  548  320  2  -2  
16  21  0  728  548  320  2  -2  
16  21  0  735  548  320  2  -2  
16  21  0  744  548  320  2  -2  
16  21  0  753  548  320  2  -2  
16  21  0  760  548  320  2  -2  
16  21  0  770  548  320  2  -2  
16  21  0  778  548  320  2  -2  
16  21  0  786  548  320  2  -2  
16  21  0  795  548  320  2  -2  
16  21  0  805  546  320  2  -2  
16  21  0  811  543  320  2  -2  
16  21  0  819  543  320  2  -2  
16  21  0  828  540  320  2  -2  
16  21  0  837  535  320  2  -2  
16  21  0  845  530  320  2  -2  
16  21  0  854  526  320  2  -2  
16  21  0  862  520  320  2  -2  
16  21  0  869  515  320  2  -2  
16  21  0  879  510  320  2  -2  
16  21  0  887  503  320  2  -2  
16  21  0  895  495  320  2  -2  
16  21  0  905  488  320  2  -2  
16  21  0  912  478  320  2  -2  
16  21  0  923  466  320  2  -2  
16  21  0  931  454  320  2  -2  
16  21  0  940  444  320  2  -2  
16  21  0  947  436  320  2  -2  
16  21  0  958  429  320  2  -2  
16  21  0  966  416  320  2  -2  
16  21  0  977  409  320  2  -2  
16  21  0  984  402  320  2  -2  
16  21  0  992  398  320  3  -2  
16  21  0  999  398  320  3  -2  
16  21  0  1008  397  320  3  -2  
16  21  0  1017  397  320  3  -2  
16  21  0  1025  397  320  3  -2  
16  21  0  1034  397  320  3  -2  
16  21  0  1041  397  320  3  -2  
16  21  0  1049  397  320  3  -2  
16  21  0  1058  395  320  3  -2  
16  21  0  1066  394  320  3  -2  
16  21  0  1075  391  320  3  -2  
16  21  0  1083  390  320  3  -2  
16  21  0  1091  385  320  3  -2  
16  21  0  1101  379  320  3  -2  
16  21  0  1108  374  320  3  -2  
16  21  0  1117  372  320  3  -2  
16  21  0  1125  372  320  3  -2  
16  21  0  1134  372  320  3  -2  
16  21  0  1141  372  320  3  -2  
16  21  0  1149  372  320  3  -2  
16  21  0  1158  372  320  3  -2  
16  21  0  1166  372  320  3  -2  
16  21  0  1176  372  320  3  -2  
16  21  0  1184  372  320  3  -2  
16  21  0  1191  372  320  3  -2  
16  21  0  1200  372  320  3  -2  
16  21  0  1208  372  320  3  -2  
16  21  0  1216  372  320  3  -2  
16  21  0  1225  372  320  3  -2  
16  21  0  1234  372  320  3  -2  
16  21  0  1241  372  320  3  -2  
16  21  0  1249  372  320  3  -2  
16  21  0  1258  372  320  3  -2  
16  21  0  1266  372  320  3  -2  
16  21  0  1276  372  320  3  -2  
16  21  0  1283  372  320  3  -2  
16  21  0  1291  372  320  3  -2  
16  21  0  1300  372  320  3  -2  
16  21  0  1308  372  320  3  -2  
16  21  0  1316  372  320  3  -2  
16  21  0  1325  372  320  3  -2  
16  21  0  1334  376  320  3  -2  
16  21  0  1342  384  320  3  -2  
16  21  0  1351  394  320  3  -2  
16  21  0  1359  407  320  3  -2  
16  21  0  1367  424  320  3  -2  
16  21  0  1375  440  320  3  -2  
16  21  0  1384  457  320  3  -2  
16  21  0  1392  471  320  3  -2  
16  21  0  1400  483  320  3  -2  
16  21  0  1408  493  320  3  -2  
16  21  0  1417  498  320  4  -2  
16  21  0  1426  504  319  4  -2  
16  21  0  1435  508  318  4  -2  
16  21  0  1442  509  318  4  -2  
16  21  0  1451  510  318  4  -2  
16  21  0  1460  513  317  4  -2  
16  21  0  1468  513  317  4  -2  
16  21  1  1476  516  317  4  -2  
16  21  1  1485  517  317  4  -2  
16  21  1  1494  523  316  4  -2  
16  21  1  1502  525  316  4  -2  
16  21  1  1509  529  314  4  -2  
16  21  1  1518  530  314  4  -2  
16  21  1  1528  531  314  4  -2  
16  21  1  1536  531  314  4  -2  
16  21  1  1544  531  314  4  -2  
16  21  1  1555  531  314  4  -2  
16  21  1  1561  531  314  4  -2  
16  21  1  1569  531  314  4  -2  
16  21  1  1578  531  314  4  -2  
16  21  1  1585  531  314  4  -2  
16  21  1  1595  531  314  4  -2  
16  21  1  1603  531  314  4  -2  
16  21  1  1612  531  314  4  -2  
16  21  1  1621  531  314  4  -2  
16  21  1  1628  531  314  4  -2  
16  21  1  1637  531  314  4  -2  
16  21  1  1645  531  314  4  -2  
16  21  1  1653  532  314  4  -2  
16  21  1  1661  532  314  4  -2  
16  21  1  1669  532  314  4  -2  
16  21  1  1677  532  314  4  -2  
16  21  1  1687  532  314  4  -2  
16  21  1  1695  529  314  4  -2  
16  21  1  1703  521  314  4  -2  
16  21  1  1712  513  314  4  -2  
16  21  1  1720  500  314  4  -2  
16  21  1  1728  486  314  4  -2  
16  21  1  1737  468  314  4  -2  
16  21  1  1747  446  314  4  -2  
16  21  1  1756  422  314  4  -2  
