10  2  49  0  354  304  1  -2  
10  2  49  7  354  304  1  -2  
10  2  49  15  354  304  1  -2  
10  2  49  25  354  304  1  -2  
10  2  49  32  354  304  1  -2  
10  2  49  41  354  304  1  -2  
10  2  49  49  354  304  1  -2  
10  2  49  58  354  304  1  -2  
10  2  49  66  354  304  1  -2  
10  2  49  74  354  304  1  -2  
10  2  49  83  354  304  1  -2  
10  2  49  91  354  304  1  -2  
10  2  49  99  354  304  1  -2  
10  2  49  107  354  304  1  -2  
10  2  49  116  354  304  1  -2  
10  2  49  124  354  304  1  -2  
10  2  49  132  354  304  1  -2  
10  2  49  141  354  304  1  -2  
10  2  49  149  354  304  1  -2  
10  2  49  157  354  304  1  -2  
10  2  49  166  354  304  1  -2  
10  2  49  174  354  304  1  -2  
10  2  49  182  354  304  1  -2  
10  2  49  191  354  304  1  -2  
10  2  49  199  354  304  1  -2  
10  2  49  207  354  304  1  -2  
10  2  49  216  354  304  1  -2  
10  2  49  224  354  304  1  -2  
10  2  49  232  354  304  1  -2  
10  2  49  241  354  304  1  -2  
10  2  49  249  354  304  1  -2  
10  2  50  258  354  304  1  -2  
10  2  50  266  354  304  1  -2  
10  2  50  274  354  304  1  -2  
10  2  50  283  354  304  1  -2  
10  2  50  291  354  304  1  -2  
10  2  50  299  354  304  1  -2  
10  2  50  307  354  304  1  -2  
10  2  50  316  354  304  1  -2  
10  2  50  324  354  304  1  -2  
10  2  50  333  354  304  1  -2  
10  2  50  341  354  304  1  -2  
10  2  50  349  354  304  1  -2  
10  2  50  357  355  304  1  -2  
10  2  50  366  355  304  1  -2  
10  2  50  374  356  304  1  -2  
10  2  50  382  356  304  1  -2  
10  2  50  391  357  304  1  -2  
10  2  50  399  357  304  1  -2  
10  2  50  409  357  304  1  -2  
10  2  50  416  360  304  1  -2  
10  2  50  424  360  304  1  -2  
10  2  50  433  362  304  1  -2  
10  2  50  442  362  304  1  -2  
10  2  50  452  364  304  1  -2  
10  2  50  458  366  302  1  -2  
10  2  50  468  366  302  1  -2  
10  2  50  475  366  302  1  -2  
10  2  50  484  368  302  1  -2  
10  2  50  492  370  302  1  -2  
10  2  50  500  370  302  1  -2  
10  2  50  510  372  302  1  -2  
10  2  50  516  373  302  1  -2  
10  2  50  524  374  301  1  -2  
10  2  50  536  376  301  1  -2  
10  2  50  541  380  301  1  -2  
10  2  50  550  382  301  1  -2  
10  2  50  558  386  301  1  -2  
10  2  50  569  387  301  1  -2  
10  2  50  576  395  301  1  -2  
10  2  50  583  395  301  1  -2  
10  2  50  591  395  301  1  -2  
10  2  50  600  398  301  1  -2  
10  2  50  609  399  301  1  -2  
10  2  50  620  400  301  1  -2  
10  2  50  626  401  301  1  -2  
10  2  50  635  402  301  1  -2  
10  2  50  642  404  301  1  -2  
10  2  50  652  408  302  1  -2  
10  2  50  660  411  302  1  -2  
10  2  50  670  417  304  1  -2  
10  2  50  676  422  306  1  -2  
10  2  50  687  429  309  1  -2  
10  2  50  693  436  309  1  -2  
10  2  50  700  442  312  1  -2  
10  2  50  710  447  313  1  -2  
10  2  50  718  451  314  1  -2  
10  2  50  725  455  315  1  -2  
10  2  50  735  457  315  1  -2  
10  2  50  742  458  315  1  -2  
10  2  50  753  460  317  1  -2  
10  2  50  760  461  317  1  -2  
10  2  50  769  462  317  1  -2  
10  2  50  777  462  317  1  -2  
10  2  50  785  465  318  1  -2  
10  2  50  792  469  319  1  -2  
10  2  50  800  475  320  1  -2  
10  2  50  810  482  322  1  -2  
10  2  50  819  486  323  1  -2  
10  2  50  825  491  324  1  -2  
10  2  50  837  498  325  2  -2  
10  2  50  845  501  325  2  -2  
10  2  50  855  505  325  2  -2  
10  2  50  862  506  325  2  -2  
10  2  50  873  506  325  2  -2  
10  2  50  880  508  325  2  -2  
10  2  50  888  508  325  2  -2  
10  2  50  895  509  325  2  -2  
10  2  50  904  509  325  2  -2  
10  2  50  912  510  326  2  -2  
10  2  50  922  511  327  2  -2  
10  2  50  930  511  327  2  -2  
10  2  50  938  511  327  2  -2  
10  2  50  946  512  327  2  -2  
10  2  50  955  512  327  2  -2  
10  2  50  963  513  328  2  -2  
10  2  50  971  513  328  2  -2  
10  2  50  980  513  328  2  -2  
10  2  50  988  513  328  2  -2  
10  2  50  995  513  328  2  -2  
10  2  50  1003  513  328  2  -2  
10  2  50  1013  513  328  2  -2  
10  2  50  1020  513  328  2  -2  
10  2  50  1029  513  328  2  -2  
10  2  50  1038  513  328  2  -2  
10  2  50  1046  513  328  2  -2  
10  2  50  1053  513  328  2  -2  
10  2  50  1061  513  328  2  -2  
10  2  50  1071  513  328  2  -2  
10  2  50  1079  513  328  2  -2  
10  2  50  1088  513  328  2  -2  
10  2  50  1095  513  328  2  -2  
10  2  50  1103  513  328  2  -2  
10  2  50  1111  513  328  2  -2  
10  2  50  1120  513  328  2  -2  
10  2  50  1129  513  328  2  -2  
10  2  50  1137  513  328  2  -2  
10  2  50  1145  513  328  2  -2  
10  2  50  1154  513  328  2  -2  
10  2  50  1161  513  328  2  -2  
10  2  50  1171  513  328  2  -2  
10  2  50  1179  513  328  2  -2  
10  2  50  1187  513  328  2  -2  
10  2  50  1195  513  328  2  -2  
10  2  50  1203  513  328  2  -2  
10  2  50  1212  513  328  2  -2  
10  2  50  1220  513  328  2  -2  
10  2  50  1229  513  328  2  -2  
10  2  50  1237  513  328  2  -2  
10  2  50  1245  513  328  2  -2  
10  2  50  1253  513  328  2  -2  
10  2  51  1261  513  328  2  -2  
10  2  51  1271  513  328  2  -2  
10  2  51  1279  513  328  2  -2  
10  2  51  1288  513  328  2  -2  
10  2  51  1295  513  328  2  -2  
10  2  51  1303  513  328  2  -2  
10  2  51  1312  513  328  2  -2  
10  2  51  1321  513  328  2  -2  
10  2  51  1329  512  328  2  -2  
10  2  51  1338  510  328  2  -2  
10  2  51  1346  508  328  2  -2  
10  2  51  1354  505  328  2  -2  
10  2  51  1362  503  328  2  -2  
10  2  51  1371  499  328  2  -2  
10  2  51  1379  495  327  2  -2  
10  2  51  1388  493  327  2  -2  
10  2  51  1395  491  327  2  -2  
10  2  51  1403  489  326  2  -2  
10  2  51  1412  486  326  2  -2  
10  2  51  1421  485  326  2  -2  
10  2  51  1429  481  325  2  -2  
10  2  51  1437  477  325  2  -2  
10  2  51  1445  473  325  2  -2  
10  2  51  1453  468  323  2  -2  
10  2  51  1462  465  323  2  -2  
10  2  51  1470  458  323  2  -2  
10  2  51  1479  453  323  2  -2  
10  2  51  1488  447  323  2  -2  
10  2  51  1496  440  322  2  -2  
10  2  51  1503  436  322  2  -2  
10  2  51  1513  436  322  2  -2  
10  2  51  1521  431  322  2  -2  
10  2  51  1530  428  322  2  -2  
10  2  51  1537  426  322  2  -2  
10  2  51  1546  425  322  2  -2  
10  2  51  1554  423  322  2  -2  
10  2  51  1562  422  322  2  -2  
10  2  51  1571  421  322  2  -2  
10  2  51  1579  420  322  2  -2  
10  2  51  1587  419  322  2  -2  
10  2  51  1595  415  322  2  -2  
10  2  51  1604  412  322  2  -2  
10  2  51  1612  410  322  2  -2  
10  2  51  1622  406  322  2  -2  
10  2  51  1629  402  322  2  -2  
10  2  51  1637  397  322  3  -2  
10  2  51  1646  393  322  3  -2  
10  2  51  1653  391  322  3  -2  
10  2  51  1662  389  322  3  -2  
10  2  51  1670  388  322  3  -2  
10  2  51  1679  388  322  3  -2  
10  2  51  1687  388  322  3  -2  
10  2  51  1696  387  322  3  -2  
10  2  51  1704  386  322  3  -2  
10  2  51  1712  385  322  3  -2  
10  2  51  1720  385  322  3  -2  
10  2  51  1729  385  322  3  -2  
10  2  51  1738  385  322  3  -2  
10  2  51  1745  384  322  3  -2  
10  2  51  1754  384  322  3  -2  
10  2  51  1762  383  322  3  -2  
10  2  51  1772  383  322  3  -2  
10  2  51  1780  383  322  3  -2  
10  2  51  1790  383  322  3  -2  
10  2  51  1797  383  322  3  -2  
10  2  51  1805  383  322  3  -2  
10  2  51  1813  383  322  3  -2  
10  2  51  1821  383  322  3  -2  
10  2  51  1829  383  322  3  -2  
10  2  51  1839  383  322  3  -2  
10  2  51  1847  383  322  3  -2  
10  2  51  1856  383  322  3  -2  
10  2  51  1863  383  322  3  -2  
10  2  51  1872  383  322  3  -2  
10  2  51  1880  383  322  3  -2  
10  2  51  1889  383  322  3  -2  
10  2  51  1898  383  322  3  -2  
10  2  51  1907  383  322  3  -2  
10  2  51  1914  383  322  3  -2  
10  2  51  1922  383  322  3  -2  
10  2  51  1930  383  322  3  -2  
10  2  51  1939  383  321  3  -2  
10  2  51  1947  383  321  3  -2  
10  2  51  1956  383  320  3  -2  
10  2  51  1964  383  319  3  -2  
10  2  51  1973  383  318  3  -2  
10  2  51  1981  384  318  3  -2  
10  2  51  1989  384  317  3  -2  
10  2  51  1998  387  315  3  -2  
10  2  51  2007  389  314  3  -2  
10  2  51  2015  393  313  3  -2  
10  2  51  2024  396  312  3  -2  
10  2  51  2031  402  310  3  -2  
10  2  51  2039  402  310  3  -2  
10  2  51  2049  406  309  3  -2  
10  2  51  2057  412  309  3  -2  
10  2  51  2064  415  308  3  -2  
10  2  51  2073  417  308  3  -2  
10  2  51  2081  419  308  3  -2  
10  2  51  2090  421  308  3  -2  
10  2  51  2098  425  307  3  -2  
10  2  51  2107  425  306  3  -2  
10  2  51  2115  426  306  3  -2  
10  2  51  2123  429  306  3  -2  
10  2  51  2131  429  305  3  -2  
10  2  51  2140  432  305  3  -2  
10  2  51  2149  433  305  3  -2  
10  2  51  2157  436  305  3  -2  
10  2  51  2165  437  305  3  -2  
10  2  51  2174  441  305  3  -2  
10  2  51  2183  445  305  3  -2  
10  2  51  2190  447  305  3  -2  
10  2  51  2198  449  305  3  -2  
10  2  51  2207  452  305  3  -2  
10  2  51  2214  454  305  3  -2  
10  2  51  2223  455  305  3  -2  
10  2  51  2234  459  305  3  -2  
10  2  51  2240  461  305  3  -2  
10  2  51  2250  461  305  3  -2  
10  2  52  2258  464  306  3  -2  
10  2  52  2266  467  306  3  -2  
10  2  52  2274  468  306  3  -2  
10  2  52  2285  471  307  3  -2  
10  2  52  2293  473  307  3  -2  
10  2  52  2304  476  308  3  -2  
10  2  52  2312  482  310  3  -2  
10  2  52  2323  485  311  3  -2  
10  2  52  2332  487  311  3  -2  
10  2  52  2341  489  311  3  -2  
10  2  52  2351  490  312  3  -2  
10  2  52  2360  491  312  3  -2  
10  2  52  2372  493  312  3  -2  
10  2  52  2381  494  312  3  -2  
10  2  52  2391  494  312  3  -2  
10  2  52  2402  496  312  4  -2  
10  2  52  2420  497  312  4  -2  
10  2  52  2438  498  312  4  -2  
10  2  52  2453  501  314  4  -2  
10  2  52  2465  501  314  4  -2  
10  2  52  2474  502  314  4  -2  
10  2  52  2488  503  315  4  -2  
10  2  52  2497  504  315  4  -2  
10  2  52  2506  504  315  4  -2  
10  2  52  2516  504  316  4  -2  
10  2  52  2525  504  316  4  -2  
10  2  52  2534  504  316  4  -2  
10  2  52  2541  504  316  4  -2  
10  2  52  2551  504  316  4  -2  
10  2  52  2558  504  316  4  -2  
10  2  52  2568  504  316  4  -2  
10  2  52  2575  504  316  4  -2  
10  2  52  2584  504  316  4  -2  
10  2  52  2591  504  316  4  -2  
10  2  52  2601  504  316  4  -2  
10  2  52  2609  504  316  4  -2  
10  2  52  2618  504  316  4  -2  
10  2  52  2625  504  316  4  -2  
10  2  52  2636  504  316  4  -2  
10  2  52  2642  504  316  4  -2  
10  2  52  2652  504  316  4  -2  
10  2  52  2659  504  316  4  -2  
10  2  52  2670  504  316  4  -2  
10  2  52  2677  504  316  4  -2  
10  2  52  2687  504  316  4  -2  
10  2  52  2692  504  316  4  -2  
10  2  52  2702  504  316  4  -2  
10  2  52  2710  504  316  4  -2  
10  2  52  2720  504  316  4  -2  
10  2  52  2726  504  316  4  -2  
10  2  52  2736  504  316  4  -2  
10  2  52  2742  504  316  4  -2  
10  2  52  2752  504  316  4  -2  
10  2  52  2758  504  316  4  -2  
10  2  52  2769  504  316  4  -2  
10  2  52  2776  504  316  4  -2  
10  2  52  2786  504  316  4  -2  
10  2  52  2791  504  316  4  -2  
10  2  52  2801  504  316  4  -2  
10  2  52  2809  502  316  4  -2  
10  2  52  2819  500  314  4  -2  
10  2  52  2826  497  314  4  -2  
10  2  52  2835  493  313  4  -2  
10  2  52  2842  488  313  4  -2  
10  2  52  2852  483  313  4  -2  
10  2  52  2859  476  313  4  -2  
10  2  52  2869  468  313  4  -2  
10  2  52  2875  458  313  4  -2  
10  2  52  2885  448  313  4  -2  
10  2  52  2892  438  313  4  -2  
10  2  52  2902  428  313  4  -2  
10  2  52  2909  416  315  4  -2  
10  2  52  2919  407  315  4  -2  
