14  17  14  0  367  318  1  -2  
14  17  14  8  367  318  1  -2  
14  17  14  16  367  318  1  -2  
14  17  14  24  367  318  1  -2  
14  17  14  33  367  318  1  -2  
14  17  14  40  367  318  1  -2  
14  17  14  51  367  318  1  -2  
14  17  14  57  367  318  1  -2  
14  17  14  66  367  318  1  -2  
14  17  14  74  367  318  1  -2  
14  17  14  83  367  318  1  -2  
14  17  14  91  367  318  1  -2  
14  17  14  100  367  318  1  -2  
14  17  14  108  367  318  1  -2  
14  17  14  117  367  318  1  -2  
14  17  14  123  367  318  1  -2  
14  17  14  132  367  318  1  -2  
14  17  14  141  367  318  1  -2  
14  17  14  150  367  318  1  -2  
14  17  14  158  367  318  1  -2  
14  17  14  165  367  318  1  -2  
14  17  14  174  367  318  1  -2  
14  17  14  182  367  318  1  -2  
14  17  14  190  367  318  1  -2  
14  17  14  201  367  318  1  -2  
14  17  14  209  367  318  1  -2  
14  17  14  218  367  318  1  -2  
14  17  14  227  367  318  1  -2  
14  17  14  235  367  318  1  -2  
14  17  14  244  367  318  1  -2  
14  17  14  252  367  318  1  -2  
14  17  14  260  367  318  1  -2  
14  17  14  268  367  318  1  -2  
14  17  14  278  367  318  1  -2  
14  17  14  286  367  318  1  -2  
14  17  14  293  367  318  1  -2  
14  17  14  302  367  318  1  -2  
14  17  14  310  367  318  1  -2  
14  17  14  319  367  318  1  -2  
14  17  14  328  367  318  1  -2  
14  17  14  337  367  318  1  -2  
14  17  14  344  367  318  1  -2  
14  17  14  351  367  318  1  -2  
14  17  14  360  367  318  1  -2  
14  17  14  368  367  318  1  -2  
14  17  14  378  367  318  1  -2  
14  17  14  387  367  318  1  -2  
14  17  14  395  367  318  1  -2  
14  17  14  402  367  318  1  -2  
14  17  14  411  367  318  1  -2  
14  17  14  421  367  318  1  -2  
14  17  14  430  367  318  1  -2  
14  17  14  436  367  318  1  -2  
14  17  14  444  367  318  1  -2  
14  17  14  453  367  318  1  -2  
14  17  14  462  367  318  1  -2  
14  17  14  470  367  318  1  -2  
14  17  14  480  367  318  1  -2  
14  17  14  487  367  318  1  -2  
14  17  14  494  367  318  1  -2  
14  17  14  504  367  318  1  -2  
14  17  14  512  369  318  1  -2  
14  17  14  520  371  318  1  -2  
14  17  14  530  373  318  1  -2  
14  17  14  537  377  318  1  -2  
14  17  14  549  380  318  1  -2  
14  17  14  555  384  318  1  -2  
14  17  14  565  389  318  1  -2  
14  17  14  571  392  318  1  -2  
14  17  15  582  397  318  1  -2  
14  17  15  589  402  318  1  -2  
14  17  15  600  407  318  1  -2  
14  17  15  606  417  318  1  -2  
14  17  15  616  417  318  1  -2  
14  17  15  623  431  318  1  -2  
14  17  15  632  438  318  1  -2  
14  17  15  639  443  318  1  -2  
14  17  15  651  448  318  1  -2  
14  17  15  657  453  318  1  -2  
14  17  15  666  455  318  1  -2  
14  17  15  674  457  318  1  -2  
14  17  15  683  457  318  1  -2  
14  17  15  690  458  318  1  -2  
14  17  15  699  459  318  1  -2  
14  17  15  707  460  318  1  -2  
14  17  15  717  461  318  1  -2  
14  17  15  723  463  318  1  -2  
14  17  15  733  464  318  1  -2  
14  17  15  741  464  318  1  -2  
14  17  15  750  464  318  1  -2  
14  17  15  758  464  318  1  -2  
14  17  15  766  468  318  1  -2  
14  17  15  774  468  318  1  -2  
14  17  15  782  480  318  1  -2  
14  17  15  791  488  318  1  -2  
14  17  15  800  498  318  2  -2  
14  17  15  808  505  318  2  -2  
14  17  15  817  509  318  2  -2  
14  17  15  825  510  318  2  -2  
14  17  15  834  510  318  2  -2  
14  17  15  843  510  318  2  -2  
14  17  15  852  510  318  2  -2  
14  17  15  861  510  318  2  -2  
14  17  15  871  510  318  2  -2  
14  17  15  880  510  318  2  -2  
14  17  15  888  510  318  2  -2  
14  17  15  897  510  318  2  -2  
14  17  15  903  510  318  2  -2  
14  17  15  913  510  318  2  -2  
14  17  15  921  510  318  2  -2  
14  17  15  929  510  318  2  -2  
14  17  15  937  510  318  2  -2  
14  17  15  947  510  318  2  -2  
14  17  15  954  510  318  2  -2  
14  17  15  964  510  318  2  -2  
14  17  15  971  510  318  2  -2  
14  17  15  982  510  318  2  -2  
14  17  15  990  510  318  2  -2  
14  17  15  1000  503  318  2  -2  
14  17  15  1008  493  318  2  -2  
14  17  15  1018  480  318  2  -2  
14  17  15  1027  465  318  2  -2  
14  17  15  1036  452  318  2  -2  
14  17  15  1046  438  318  2  -2  
14  17  15  1053  425  318  2  -2  
14  17  15  1063  405  318  2  -2  
14  17  15  1070  400  318  2  -2  
14  17  15  1080  396  318  3  -2  
14  17  15  1086  395  318  3  -2  
14  17  15  1097  394  318  3  -2  
14  17  15  1103  394  318  3  -2  
14  17  15  1112  394  318  3  -2  
14  17  15  1120  394  318  3  -2  
14  17  15  1129  394  318  3  -2  
14  17  15  1137  394  318  3  -2  
14  17  15  1146  394  318  3  -2  
14  17  15  1154  394  318  3  -2  
14  17  15  1165  394  318  3  -2  
14  17  15  1170  394  318  3  -2  
14  17  15  1179  394  318  3  -2  
14  17  15  1187  394  318  3  -2  
14  17  15  1198  392  318  3  -2  
14  17  15  1203  388  318  3  -2  
14  17  15  1214  388  318  3  -2  
14  17  15  1221  386  318  3  -2  
14  17  15  1231  386  318  3  -2  
14  17  15  1238  386  318  3  -2  
14  17  15  1248  386  318  3  -2  
14  17  15  1256  386  318  3  -2  
14  17  15  1265  386  318  3  -2  
14  17  15  1272  386  318  3  -2  
14  17  15  1281  386  318  3  -2  
14  17  15  1289  386  318  3  -2  
14  17  15  1298  386  318  3  -2  
14  17  15  1305  386  318  3  -2  
14  17  15  1314  386  318  3  -2  
14  17  15  1322  386  318  3  -2  
14  17  15  1331  386  318  3  -2  
14  17  15  1338  386  318  3  -2  
14  17  15  1348  385  318  3  -2  
14  17  15  1356  385  318  3  -2  
14  17  15  1365  384  318  3  -2  
14  17  15  1372  384  318  3  -2  
14  17  15  1381  384  318  3  -2  
14  17  15  1388  384  318  3  -2  
14  17  15  1398  384  318  3  -2  
14  17  15  1406  384  318  3  -2  
14  17  15  1414  384  318  3  -2  
14  17  15  1422  384  318  3  -2  
14  17  15  1431  384  318  3  -2  
14  17  15  1438  384  318  3  -2  
14  17  15  1448  384  318  3  -2  
14  17  15  1456  384  318  3  -2  
14  17  15  1464  384  318  3  -2  
14  17  15  1473  384  318  3  -2  
14  17  15  1480  384  318  3  -2  
14  17  15  1488  384  318  3  -2  
14  17  15  1498  385  318  3  -2  
14  17  15  1506  389  318  3  -2  
14  17  15  1514  391  318  3  -2  
14  17  15  1522  395  318  3  -2  
14  17  15  1531  403  318  3  -2  
14  17  15  1539  409  318  3  -2  
14  17  15  1548  416  318  3  -2  
14  17  15  1557  426  318  3  -2  
14  17  15  1564  435  318  3  -2  
14  17  15  1572  445  318  3  -2  
14  17  16  1581  453  318  3  -2  
14  17  16  1589  458  318  3  -2  
14  17  16  1598  463  318  3  -2  
14  17  16  1607  469  318  3  -2  
14  17  16  1615  471  318  3  -2  
14  17  16  1623  472  318  3  -2  
14  17  16  1631  475  318  3  -2  
14  17  16  1639  476  318  3  -2  
14  17  16  1649  480  318  3  -2  
14  17  16  1656  482  318  3  -2  
14  17  16  1665  484  318  3  -2  
14  17  16  1674  486  318  3  -2  
14  17  16  1684  487  318  3  -2  
14  17  16  1693  487  318  3  -2  
14  17  16  1701  487  318  3  -2  
14  17  16  1710  487  318  3  -2  
14  17  16  1719  487  318  3  -2  
14  17  16  1727  487  318  3  -2  
14  17  16  1734  487  318  3  -2  
14  17  16  1742  487  318  3  -2  
14  17  16  1750  487  318  3  -2  
14  17  16  1758  487  318  3  -2  
14  17  16  1768  488  318  3  -2  
14  17  16  1776  490  318  3  -2  
14  17  16  1783  492  318  3  -2  
14  17  16  1792  492  318  3  -2  
14  17  16  1801  493  318  3  -2  
14  17  16  1808  493  318  3  -2  
14  17  16  1818  493  318  3  -2  
14  17  16  1828  493  318  3  -2  
14  17  16  1834  493  318  3  -2  
14  17  16  1842  493  318  3  -2  
14  17  16  1850  493  318  3  -2  
14  17  16  1859  493  318  3  -2  
14  17  16  1868  493  318  3  -2  
14  17  16  1877  493  318  3  -2  
14  17  16  1885  494  318  3  -2  
14  17  16  1892  495  318  4  -2  
14  17  16  1902  497  318  4  -2  
14  17  16  1912  498  318  4  -2  
14  17  16  1918  498  318  4  -2  
14  17  16  1929  498  318  4  -2  
14  17  16  1937  498  318  4  -2  
14  17  16  1943  498  318  4  -2  
14  17  16  1952  498  318  4  -2  
14  17  16  1962  498  318  4  -2  
14  17  16  1969  498  318  4  -2  
14  17  16  1979  498  318  4  -2  
14  17  16  1986  498  318  4  -2  
14  17  16  1994  498  318  4  -2  
14  17  16  2001  498  318  4  -2  
14  17  16  2011  498  318  4  -2  
14  17  16  2019  498  318  4  -2  
14  17  16  2027  498  318  4  -2  
14  17  16  2036  498  318  4  -2  
14  17  16  2046  498  318  4  -2  
14  17  16  2052  498  318  4  -2  
14  17  16  2062  498  318  4  -2  
14  17  16  2069  498  318  4  -2  
14  17  16  2081  498  318  4  -2  
14  17  16  2089  498  318  4  -2  
14  17  16  2098  498  318  4  -2  
14  17  16  2106  498  318  4  -2  
14  17  16  2115  491  318  4  -2  
14  17  16  2124  474  316  4  -2  
14  17  16  2133  457  313  4  -2  
14  17  16  2143  441  313  4  -2  
14  17  16  2153  416  313  4  -2  
14  17  16  2166  409  313  4  -2  
14  17  16  2174  404  313  4  -2  
14  17  16  2184  404  313  4  -2  
14  17  16  2193  404  313  4  -2  
14  17  16  2202  404  313  4  -2  
14  17  16  2212  404  313  4  -2  
14  17  16  2220  404  313  4  -2  
14  17  16  2232  404  313  4  -2  
14  17  16  2240  404  313  4  -2  
14  17  16  2249  404  313  4  -2  
14  17  16  2258  404  313  4  -2  
14  17  16  2267  404  313  4  -2  
14  17  16  2275  404  313  4  -2  
14  17  16  2284  404  313  4  -2  
14  17  16  2293  403  313  4  -2  
14  17  16  2301  402  313  4  -2  
14  17  16  2310  402  313  4  -2  
14  17  16  2318  402  313  4  -2  
14  17  16  2329  402  313  4  -2  
14  17  16  2338  402  313  4  -2  
14  17  16  2348  402  313  4  -2  
14  17  16  2356  402  313  4  -2  
14  17  16  2366  402  313  4  -2  
14  17  16  2374  402  313  4  -2  
14  17  16  2383  398  313  5  -2  
14  17  16  2391  385  313  5  -2  
14  17  16  2400  375  313  5  -2  
14  17  16  2411  370  313  5  -2  
14  17  16  2419  368  314  5  -2  
14  17  16  2427  367  314  5  -2  
14  17  16  2435  367  314  5  -2  
14  17  16  2445  367  314  5  -2  
14  17  16  2452  367  314  5  -2  
14  17  16  2461  367  314  5  -2  
14  17  16  2470  367  314  5  -2  
14  17  16  2479  367  314  5  -2  
14  17  16  2486  367  314  5  -2  
14  17  16  2497  367  314  5  -2  
14  17  16  2502  367  314  5  -2  
14  17  16  2513  367  314  5  -2  
14  17  16  2520  367  314  5  -2  
14  17  16  2531  367  314  5  -2  
14  17  16  2539  367  314  5  -2  
14  17  16  2549  367  314  5  -2  
14  17  16  2557  367  314  5  -2  
14  17  16  2567  367  314  5  -2  
14  17  16  2575  367  314  5  -2  
14  17  17  2584  367  314  5  -2  
14  17  17  2593  367  314  5  -2  
14  17  17  2602  367  314  5  -2  
14  17  17  2613  367  314  5  -2  
14  17  17  2621  367  314  5  -2  
14  17  17  2632  367  314  5  -2  
14  17  17  2639  367  314  5  -2  
14  17  17  2649  367  314  5  -2  
14  17  17  2656  367  314  5  -2  
14  17  17  2665  367  314  5  -2  
