10  3  5  0  356  296  1  -2  
10  3  5  7  356  296  1  -2  
10  3  5  19  356  296  1  -2  
10  3  5  29  356  296  1  -2  
10  3  5  36  356  296  1  -2  
10  3  5  46  356  296  1  -2  
10  3  5  52  356  296  1  -2  
10  3  5  63  356  296  1  -2  
10  3  5  69  356  296  1  -2  
10  3  5  80  356  296  1  -2  
10  3  5  87  356  296  1  -2  
10  3  5  95  356  296  1  -2  
10  3  5  102  356  296  1  -2  
10  3  5  113  356  296  1  -2  
10  3  5  119  356  296  1  -2  
10  3  5  129  356  296  1  -2  
10  3  5  136  356  296  1  -2  
10  3  5  145  356  296  1  -2  
10  3  5  152  356  296  1  -2  
10  3  5  163  356  296  1  -2  
10  3  5  170  356  296  1  -2  
10  3  5  180  356  296  1  -2  
10  3  5  187  356  296  1  -2  
10  3  5  197  356  296  1  -2  
10  3  5  203  361  296  1  -2  
10  3  5  213  361  296  1  -2  
10  3  5  220  411  301  1  -2  
10  3  5  231  411  301  1  -2  
10  3  5  236  489  312  1  -2  
10  3  5  246  489  312  1  -2  
10  3  5  253  557  322  2  -2  
10  3  5  263  571  324  2  -2  
10  3  5  270  576  324  2  -2  
10  3  5  280  577  324  2  -2  
10  3  5  288  577  324  2  -2  
10  3  5  297  577  324  2  -2  
10  3  5  303  577  325  2  -2  
10  3  5  313  577  325  2  -2  
10  3  5  320  577  325  2  -2  
10  3  5  331  577  326  2  -2  
10  3  5  336  577  326  2  -2  
10  3  5  346  577  326  2  -2  
10  3  5  353  577  326  2  -2  
10  3  5  363  577  326  2  -2  
10  3  5  370  577  326  2  -2  
10  3  5  380  577  326  2  -2  
10  3  5  388  576  326  2  -2  
10  3  5  396  576  326  2  -2  
10  3  5  403  574  326  2  -2  
10  3  5  413  574  326  2  -2  
10  3  5  420  573  326  2  -2  
10  3  5  430  573  326  2  -2  
10  3  5  437  571  326  2  -2  
10  3  5  447  571  326  2  -2  
10  3  5  454  570  326  2  -2  
10  3  5  463  570  326  2  -2  
10  3  5  471  570  326  2  -2  
10  3  5  480  570  326  2  -2  
10  3  5  488  570  326  2  -2  
10  3  5  497  570  326  2  -2  
10  3  5  503  570  326  2  -2  
10  3  5  513  570  326  2  -2  
10  3  5  520  570  326  2  -2  
10  3  5  530  568  326  2  -2  
10  3  5  537  568  326  2  -2  
10  3  5  546  568  326  2  -2  
10  3  5  553  568  326  2  -2  
10  3  5  563  568  326  2  -2  
10  3  5  570  568  326  2  -2  
10  3  5  580  568  326  2  -2  
10  3  5  588  568  326  2  -2  
10  3  5  597  568  326  2  -2  
10  3  5  603  567  326  2  -2  
10  3  5  614  567  326  2  -2  
10  3  5  620  566  326  2  -2  
10  3  5  631  566  326  2  -2  
10  3  5  638  563  326  2  -2  
10  3  5  647  561  326  2  -2  
10  3  5  655  560  326  2  -2  
10  3  5  664  557  325  2  -2  
10  3  5  671  554  325  2  -2  
10  3  5  680  549  325  2  -2  
10  3  5  687  547  323  2  -2  
10  3  5  697  544  323  2  -2  
10  3  5  703  540  323  2  -2  
10  3  5  713  536  322  2  -2  
10  3  5  721  533  322  2  -2  
10  3  5  730  530  322  2  -2  
10  3  5  739  526  322  2  -2  
10  3  5  746  521  321  2  -2  
10  3  5  754  516  321  2  -2  
10  3  5  763  509  321  2  -2  
10  3  5  771  502  321  2  -2  
10  3  5  780  492  320  2  -2  
10  3  5  788  483  320  2  -2  
10  3  5  797  473  320  2  -2  
10  3  5  804  457  320  2  -2  
10  3  5  813  457  320  2  -2  
10  3  5  821  443  320  2  -2  
10  3  5  831  439  320  2  -2  
10  3  5  838  438  320  2  -2  
10  3  5  847  435  320  2  -2  
10  3  5  854  434  320  2  -2  
10  3  5  863  434  320  2  -2  
10  3  5  871  434  320  2  -2  
10  3  5  881  434  320  2  -2  
10  3  5  888  434  320  2  -2  
10  3  5  896  434  320  2  -2  
10  3  5  904  434  320  2  -2  
10  3  5  913  434  320  2  -2  
10  3  5  921  434  320  2  -2  
10  3  5  930  432  320  2  -2  
10  3  5  938  432  320  2  -2  
10  3  5  946  432  320  2  -2  
10  3  5  954  432  320  2  -2  
10  3  5  963  432  320  2  -2  
10  3  5  970  432  320  2  -2  
10  3  5  980  432  320  2  -2  
10  3  5  989  432  320  2  -2  
10  3  5  996  431  320  2  -2  
10  3  6  1004  431  320  2  -2  
10  3  6  1013  431  320  2  -2  
10  3  6  1021  430  320  2  -2  
10  3  6  1030  428  320  2  -2  
10  3  6  1039  428  320  2  -2  
10  3  6  1048  426  320  2  -2  
10  3  6  1054  424  320  2  -2  
10  3  6  1063  422  320  2  -2  
10  3  6  1071  419  320  2  -2  
10  3  6  1081  418  320  2  -2  
10  3  6  1089  415  320  2  -2  
10  3  6  1097  413  320  2  -2  
10  3  6  1104  412  320  2  -2  
10  3  6  1113  411  320  2  -2  
10  3  6  1121  409  320  2  -2  
10  3  6  1130  409  320  2  -2  
10  3  6  1137  408  321  2  -2  
10  3  6  1146  407  322  2  -2  
10  3  6  1154  406  322  2  -2  
10  3  6  1163  406  322  2  -2  
10  3  6  1171  404  322  2  -2  
10  3  6  1180  403  322  2  -2  
10  3  6  1188  403  322  2  -2  
10  3  6  1196  402  322  2  -2  
10  3  6  1204  402  322  2  -2  
10  3  6  1213  401  322  2  -2  
10  3  6  1221  400  322  2  -2  
10  3  6  1230  399  322  3  -2  
10  3  6  1237  398  322  3  -2  
10  3  6  1246  397  322  3  -2  
10  3  6  1254  395  322  3  -2  
10  3  6  1263  395  322  3  -2  
10  3  6  1272  392  322  3  -2  
10  3  6  1280  391  322  3  -2  
10  3  6  1289  391  322  3  -2  
10  3  6  1297  391  322  3  -2  
10  3  6  1304  391  322  3  -2  
10  3  6  1313  391  322  3  -2  
10  3  6  1321  391  322  3  -2  
10  3  6  1330  391  322  3  -2  
10  3  6  1339  391  322  3  -2  
10  3  6  1346  391  322  3  -2  
10  3  6  1355  391  322  3  -2  
10  3  6  1364  391  322  3  -2  
10  3  6  1372  391  322  3  -2  
10  3  6  1381  391  322  3  -2  
10  3  6  1388  391  322  3  -2  
10  3  6  1399  391  322  3  -2  
10  3  6  1405  391  322  3  -2  
10  3  6  1414  391  322  3  -2  
10  3  6  1422  391  322  3  -2  
10  3  6  1430  391  322  3  -2  
10  3  6  1439  391  322  3  -2  
10  3  6  1447  391  322  3  -2  
10  3  6  1455  391  322  3  -2  
10  3  6  1464  391  322  3  -2  
10  3  6  1472  391  322  3  -2  
10  3  6  1480  391  322  3  -2  
10  3  6  1489  391  322  3  -2  
10  3  6  1499  391  322  3  -2  
10  3  6  1510  391  322  3  -2  
10  3  6  1518  391  322  3  -2  
10  3  6  1529  391  322  3  -2  
10  3  6  1537  391  322  3  -2  
10  3  6  1547  391  322  3  -2  
10  3  6  1555  391  322  3  -2  
10  3  6  1564  391  322  3  -2  
10  3  6  1572  391  322  3  -2  
10  3  6  1581  391  322  3  -2  
10  3  6  1590  391  322  3  -2  
10  3  6  1597  391  322  3  -2  
10  3  6  1605  391  322  3  -2  
10  3  6  1613  391  322  3  -2  
10  3  6  1622  391  322  3  -2  
10  3  6  1630  391  322  3  -2  
10  3  6  1639  391  322  3  -2  
10  3  6  1647  391  322  3  -2  
10  3  6  1655  392  321  3  -2  
10  3  6  1664  392  321  3  -2  
10  3  6  1672  392  321  3  -2  
10  3  6  1680  393  321  3  -2  
10  3  6  1689  394  321  3  -2  
10  3  6  1698  396  320  3  -2  
10  3  6  1706  399  318  3  -2  
10  3  6  1714  400  318  3  -2  
10  3  6  1722  403  317  3  -2  
10  3  6  1730  406  316  3  -2  
10  3  6  1740  406  316  3  -2  
10  3  6  1748  409  315  3  -2  
10  3  6  1755  412  315  3  -2  
10  3  6  1764  415  313  3  -2  
10  3  6  1772  418  313  3  -2  
10  3  6  1781  418  313  3  -2  
10  3  6  1790  424  312  3  -2  
10  3  6  1797  428  312  3  -2  
10  3  6  1805  431  312  3  -2  
10  3  6  1815  433  312  3  -2  
10  3  6  1823  437  312  3  -2  
10  3  6  1831  439  312  3  -2  
10  3  6  1840  441  311  3  -2  
10  3  6  1848  444  311  3  -2  
10  3  6  1856  444  311  3  -2  
10  3  6  1864  446  309  3  -2  
10  3  6  1872  446  309  3  -2  
10  3  6  1880  448  309  3  -2  
10  3  6  1890  448  309  3  -2  
10  3  6  1899  450  309  3  -2  
10  3  6  1906  453  309  3  -2  
10  3  6  1914  456  308  3  -2  
10  3  6  1922  459  308  3  -2  
10  3  6  1931  463  308  3  -2  
10  3  6  1940  468  308  3  -2  
10  3  6  1949  472  308  3  -2  
10  3  6  1957  482  308  3  -2  
10  3  6  1966  484  308  3  -2  
10  3  6  1974  487  309  3  -2  
10  3  6  1981  490  309  3  -2  
10  3  6  1990  490  309  3  -2  
10  3  7  1999  490  309  3  -2  
10  3  7  2007  490  309  3  -2  
10  3  7  2015  491  309  3  -2  
10  3  7  2023  491  309  3  -2  
10  3  7  2030  492  309  3  -2  
10  3  7  2041  492  309  3  -2  
10  3  7  2049  493  309  3  -2  
10  3  7  2056  493  309  3  -2  
10  3  7  2065  494  309  3  -2  
10  3  7  2073  496  310  4  -2  
10  3  7  2082  497  310  4  -2  
10  3  7  2091  498  310  4  -2  
10  3  7  2099  499  310  4  -2  
10  3  7  2106  499  310  4  -2  
10  3  7  2116  499  310  4  -2  
10  3  7  2123  499  310  4  -2  
10  3  7  2131  501  310  4  -2  
10  3  7  2142  501  310  4  -2  
10  3  7  2149  501  310  4  -2  
10  3  7  2159  501  310  4  -2  
10  3  7  2166  502  310  4  -2  
10  3  7  2175  502  310  4  -2  
10  3  7  2181  502  310  4  -2  
10  3  7  2190  502  310  4  -2  
10  3  7  2198  502  310  4  -2  
10  3  7  2208  502  310  4  -2  
10  3  7  2215  502  310  4  -2  
10  3  7  2223  502  310  4  -2  
10  3  7  2231  502  310  4  -2  
10  3  7  2240  502  310  4  -2  
10  3  7  2249  502  310  4  -2  
10  3  7  2259  502  310  4  -2  
10  3  7  2265  502  310  4  -2  
10  3  7  2274  502  310  4  -2  
10  3  7  2282  502  310  4  -2  
10  3  7  2291  502  310  4  -2  
10  3  7  2299  502  310  4  -2  
10  3  7  2308  502  310  4  -2  
10  3  7  2315  502  310  4  -2  
10  3  7  2324  502  310  4  -2  
10  3  7  2333  502  310  4  -2  
10  3  7  2343  502  310  4  -2  
10  3  7  2352  502  310  4  -2  
10  3  7  2364  502  310  4  -2  
10  3  7  2372  502  310  4  -2  
10  3  7  2381  503  310  4  -2  
10  3  7  2389  502  309  4  -2  
10  3  7  2398  499  309  4  -2  
10  3  7  2405  495  308  4  -2  
10  3  7  2415  493  308  4  -2  
10  3  7  2422  488  308  4  -2  
10  3  7  2431  482  307  4  -2  
10  3  7  2439  477  306  4  -2  
10  3  7  2448  470  306  4  -2  
10  3  7  2455  466  304  4  -2  
10  3  7  2464  462  304  4  -2  
10  3  7  2473  461  304  4  -2  
10  3  7  2481  458  304  4  -2  
10  3  7  2489  457  303  4  -2  
10  3  7  2497  457  303  4  -2  
10  3  7  2505  454  303  4  -2  
10  3  7  2515  453  303  4  -2  
10  3  7  2522  450  302  4  -2  
10  3  7  2531  446  302  4  -2  
10  3  7  2540  443  302  4  -2  
10  3  7  2549  441  302  4  -2  
10  3  7  2555  431  299  4  -2  
10  3  7  2565  431  299  4  -2  
10  3  7  2573  426  299  4  -2  
10  3  7  2582  424  298  4  -2  
10  3  7  2590  416  298  4  -2  
10  3  7  2600  414  298  4  -2  
10  3  7  2606  412  298  4  -2  
10  3  7  2615  410  297  4  -2  
10  3  7  2624  408  297  4  -2  
10  3  7  2633  407  297  4  -2  
10  3  7  2642  404  297  4  -2  
10  3  7  2648  402  297  4  -2  
10  3  7  2659  402  297  4  -2  
10  3  7  2666  399  297  4  -2  
10  3  7  2676  398  297  4  -2  
