16  21  11  0  368  309  1  -2  
16  21  11  8  368  309  1  -2  
16  21  11  17  368  309  1  -2  
16  21  11  26  368  309  1  -2  
16  21  11  33  368  309  1  -2  
16  21  11  42  368  309  1  -2  
16  21  11  50  368  309  1  -2  
16  21  11  59  368  309  1  -2  
16  21  11  67  368  309  1  -2  
16  21  11  76  368  309  1  -2  
16  21  11  83  368  309  1  -2  
16  21  11  92  368  309  1  -2  
16  21  11  100  368  309  1  -2  
16  21  11  109  368  309  1  -2  
16  21  11  119  368  309  1  -2  
16  21  11  127  368  309  1  -2  
16  21  11  135  368  309  1  -2  
16  21  11  144  368  309  1  -2  
16  21  11  151  368  309  1  -2  
16  21  11  160  368  309  1  -2  
16  21  11  168  368  309  1  -2  
16  21  11  177  368  309  1  -2  
16  21  11  186  370  309  1  -2  
16  21  11  194  377  309  1  -2  
16  21  11  202  390  309  1  -2  
16  21  11  210  405  309  1  -2  
16  21  11  219  421  309  1  -2  
16  21  11  227  438  309  1  -2  
16  21  12  237  451  309  1  -2  
16  21  12  244  460  309  1  -2  
16  21  12  252  468  309  1  -2  
16  21  12  259  471  309  1  -2  
16  21  12  269  474  309  1  -2  
16  21  12  277  475  309  1  -2  
16  21  12  286  477  309  1  -2  
16  21  12  294  477  309  1  -2  
16  21  12  302  479  308  1  -2  
16  21  12  312  481  308  1  -2  
16  21  12  320  491  308  1  -2  
16  21  12  327  496  308  2  -2  
16  21  12  337  503  308  2  -2  
16  21  12  345  510  308  2  -2  
16  21  12  352  516  308  2  -2  
16  21  12  361  520  308  2  -2  
16  21  12  369  523  308  2  -2  
16  21  12  377  524  308  2  -2  
16  21  12  387  524  308  2  -2  
16  21  12  394  525  308  2  -2  
16  21  12  402  525  308  2  -2  
16  21  12  411  525  308  2  -2  
16  21  12  421  528  307  2  -2  
16  21  12  428  528  307  2  -2  
16  21  12  437  528  307  2  -2  
16  21  12  445  528  307  2  -2  
16  21  12  452  528  307  2  -2  
16  21  12  461  528  307  2  -2  
16  21  12  469  528  307  2  -2  
16  21  12  478  528  307  2  -2  
16  21  12  487  528  307  2  -2  
16  21  12  494  528  307  2  -2  
16  21  12  502  528  307  2  -2  
16  21  12  511  528  307  2  -2  
16  21  12  519  528  307  2  -2  
16  21  12  529  528  307  2  -2  
16  21  12  537  528  307  2  -2  
16  21  12  545  528  307  2  -2  
16  21  12  553  528  307  2  -2  
16  21  12  562  528  307  2  -2  
16  21  12  570  528  307  2  -2  
16  21  12  578  528  307  2  -2  
16  21  12  587  528  307  2  -2  
16  21  12  596  528  307  2  -2  
16  21  12  605  528  307  2  -2  
16  21  12  611  528  307  2  -2  
16  21  12  619  528  307  2  -2  
16  21  12  628  528  307  2  -2  
16  21  12  639  528  307  2  -2  
16  21  12  645  528  307  2  -2  
16  21  12  653  528  307  2  -2  
16  21  12  661  528  307  2  -2  
16  21  12  669  528  307  2  -2  
16  21  12  678  528  307  2  -2  
16  21  12  687  528  307  2  -2  
16  21  12  696  528  307  2  -2  
16  21  12  703  528  307  2  -2  
16  21  12  712  528  307  2  -2  
16  21  12  720  528  307  2  -2  
16  21  12  728  528  307  2  -2  
16  21  12  738  528  307  2  -2  
16  21  12  746  528  307  2  -2  
16  21  12  756  528  307  2  -2  
16  21  12  763  528  307  2  -2  
16  21  12  772  528  307  2  -2  
16  21  12  778  528  307  2  -2  
16  21  12  786  528  307  2  -2  
16  21  12  797  528  307  2  -2  
16  21  12  805  527  307  2  -2  
16  21  12  813  524  307  2  -2  
16  21  12  824  521  307  2  -2  
16  21  12  832  511  307  2  -2  
16  21  12  842  502  307  2  -2  
16  21  12  851  490  307  2  -2  
16  21  12  861  476  307  2  -2  
16  21  12  872  457  307  2  -2  
16  21  12  879  417  307  2  -2  
16  21  12  889  396  307  3  -2  
16  21  12  896  379  307  3  -2  
16  21  12  906  364  305  3  -2  
16  21  12  913  354  305  3  -2  
16  21  12  922  344  305  3  -2  
16  21  12  929  339  305  3  -2  
16  21  12  939  335  304  3  -2  
16  21  12  947  334  303  3  -2  
16  21  12  956  334  303  3  -2  
16  21  12  962  334  303  3  -2  
16  21  12  971  334  303  3  -2  
16  21  12  978  334  303  3  -2  
16  21  12  989  334  303  3  -2  
16  21  12  995  334  303  3  -2  
16  21  12  1006  334  303  3  -2  
16  21  12  1012  334  303  3  -2  
16  21  12  1021  334  303  3  -2  
16  21  12  1028  334  303  3  -2  
16  21  12  1037  334  303  3  -2  
16  21  12  1046  334  303  3  -2  
16  21  12  1054  334  303  3  -2  
16  21  12  1062  334  303  3  -2  
16  21  12  1073  334  303  3  -2  
16  21  12  1082  334  303  3  -2  
16  21  12  1092  334  303  3  -2  
16  21  12  1101  334  303  3  -2  
16  21  12  1112  334  303  3  -2  
16  21  12  1122  334  303  3  -2  
16  21  12  1131  334  303  3  -2  
16  21  12  1142  334  303  3  -2  
16  21  12  1150  334  303  3  -2  
16  21  12  1166  334  303  3  -2  
16  21  12  1176  334  303  3  -2  
16  21  12  1186  334  303  3  -2  
16  21  12  1196  334  303  3  -2  
16  21  12  1208  338  303  3  -2  
16  21  12  1217  356  303  3  -2  
16  21  12  1228  368  304  3  -2  
16  21  13  1245  381  304  3  -2  
16  21  13  1257  410  306  3  -2  
16  21  13  1266  435  306  3  -2  
16  21  13  1277  448  306  3  -2  
16  21  13  1286  461  306  3  -2  
16  21  13  1297  474  306  3  -2  
16  21  13  1306  501  306  4  -2  
16  21  13  1313  513  308  4  -2  
16  21  13  1323  525  310  4  -2  
16  21  13  1330  533  310  4  -2  
16  21  13  1340  539  311  4  -2  
16  21  13  1348  540  311  4  -2  
16  21  13  1359  541  311  4  -2  
16  21  13  1369  541  311  4  -2  
16  21  13  1379  541  311  4  -2  
16  21  13  1390  541  311  4  -2  
16  21  13  1399  541  311  4  -2  
16  21  13  1411  541  311  4  -2  
16  21  13  1419  541  311  4  -2  
16  21  13  1429  541  311  4  -2  
16  21  13  1440  541  311  4  -2  
16  21  13  1448  541  311  4  -2  
16  21  13  1460  541  311  4  -2  
16  21  13  1468  541  311  4  -2  
16  21  13  1477  542  311  4  -2  
16  21  13  1487  542  311  4  -2  
16  21  13  1495  542  311  4  -2  
16  21  13  1505  542  311  4  -2  
16  21  13  1513  542  311  4  -2  
16  21  13  1523  542  311  4  -2  
16  21  13  1530  542  311  4  -2  
16  21  13  1542  542  311  4  -2  
16  21  13  1550  542  311  4  -2  
16  21  13  1560  542  311  4  -2  
16  21  13  1569  542  311  4  -2  
16  21  13  1578  540  312  4  -2  
16  21  13  1586  533  312  4  -2  
16  21  13  1596  521  312  4  -2  
16  21  13  1606  513  312  4  -2  
16  21  13  1615  499  312  4  -2  
16  21  13  1626  486  312  4  -2  
16  21  13  1635  461  312  4  -2  
16  21  13  1645  450  312  4  -2  
16  21  13  1657  441  312  4  -2  
16  21  13  1663  423  312  4  -2  
16  21  13  1676  418  312  4  -2  
16  21  13  1683  412  312  4  -2  
16  21  13  1691  409  312  4  -2  
16  21  13  1701  405  312  4  -2  
16  21  13  1709  403  312  4  -2  
16  21  13  1718  401  312  4  -2  
