16  20  52  0  359  323  1  -2  
16  20  53  9  359  323  1  -2  
16  20  53  17  359  323  1  -2  
16  20  53  25  359  323  1  -2  
16  20  53  34  359  323  1  -2  
16  20  53  42  359  323  1  -2  
16  20  53  50  359  323  1  -2  
16  20  53  60  359  323  1  -2  
16  20  53  67  359  323  1  -2  
16  20  53  75  359  323  1  -2  
16  20  53  84  360  323  1  -2  
16  20  53  92  364  323  1  -2  
16  20  53  100  370  323  1  -2  
16  20  53  109  380  323  1  -2  
16  20  53  116  394  323  1  -2  
16  20  53  125  409  323  1  -2  
16  20  53  133  424  323  1  -2  
16  20  53  142  437  327  1  -2  
16  20  53  150  451  328  1  -2  
16  20  53  159  461  330  1  -2  
16  20  53  168  469  330  1  -2  
16  20  53  176  475  332  1  -2  
16  20  53  183  479  333  1  -2  
16  20  53  193  480  333  1  -2  
16  20  53  199  483  333  1  -2  
16  20  53  207  484  333  1  -2  
16  20  53  215  485  333  1  -2  
16  20  53  224  486  333  1  -2  
16  20  53  234  488  332  1  -2  
16  20  53  241  488  332  1  -2  
16  20  53  249  488  332  1  -2  
16  20  53  258  490  332  1  -2  
16  20  53  269  491  332  1  -2  
16  20  53  276  491  332  1  -2  
16  20  53  284  492  332  1  -2  
16  20  53  292  492  332  1  -2  
16  20  53  303  492  332  1  -2  
16  20  53  310  494  332  1  -2  
16  20  53  319  495  332  1  -2  
16  20  53  327  498  332  1  -2  
16  20  53  336  502  331  2  -2  
16  20  53  344  505  331  2  -2  
16  20  53  352  508  331  2  -2  
16  20  53  359  510  330  2  -2  
16  20  53  367  511  330  2  -2  
16  20  53  377  511  330  2  -2  
16  20  53  385  512  330  2  -2  
16  20  53  394  512  330  2  -2  
16  20  53  402  512  330  2  -2  
16  20  53  412  512  330  2  -2  
16  20  53  422  512  330  2  -2  
16  20  53  429  513  330  2  -2  
16  20  53  439  514  330  2  -2  
16  20  53  448  514  330  2  -2  
16  20  53  458  515  329  2  -2  
16  20  53  467  515  329  2  -2  
16  20  53  476  515  329  2  -2  
16  20  53  487  515  329  2  -2  
16  20  53  496  515  329  2  -2  
16  20  53  510  515  329  2  -2  
16  20  53  525  515  329  2  -2  
16  20  53  533  515  329  2  -2  
16  20  53  544  515  329  2  -2  
16  20  53  552  515  329  2  -2  
16  20  53  560  515  329  2  -2  
16  20  53  569  515  329  2  -2  
16  20  53  579  515  329  2  -2  
16  20  53  589  515  329  2  -2  
16  20  53  597  515  329  2  -2  
16  20  53  606  515  329  2  -2  
16  20  53  615  515  329  2  -2  
16  20  53  624  515  329  2  -2  
16  20  53  632  515  329  2  -2  
16  20  53  641  515  329  2  -2  
16  20  53  651  515  329  2  -2  
16  20  53  659  515  329  2  -2  
16  20  53  666  515  329  2  -2  
16  20  53  675  515  329  2  -2  
16  20  53  684  515  329  2  -2  
16  20  53  692  515  329  2  -2  
16  20  53  700  515  329  2  -2  
16  20  53  708  515  329  2  -2  
16  20  53  719  515  329  2  -2  
16  20  53  726  515  329  2  -2  
16  20  53  735  515  329  2  -2  
16  20  53  743  515  329  2  -2  
16  20  53  750  515  329  2  -2  
16  20  53  759  515  329  2  -2  
16  20  53  768  515  329  2  -2  
16  20  53  775  515  329  2  -2  
16  20  53  786  515  329  2  -2  
16  20  53  793  515  329  2  -2  
16  20  53  800  515  329  2  -2  
16  20  53  808  515  329  2  -2  
16  20  53  817  515  329  2  -2  
16  20  53  825  515  329  2  -2  
16  20  53  834  515  329  2  -2  
16  20  53  841  515  329  2  -2  
16  20  53  850  515  329  2  -2  
16  20  53  858  515  329  2  -2  
16  20  53  868  515  329  2  -2  
16  20  53  875  515  329  2  -2  
16  20  53  884  515  329  2  -2  
16  20  53  891  515  329  2  -2  
16  20  53  900  515  329  2  -2  
16  20  53  908  515  329  2  -2  
16  20  53  917  515  329  2  -2  
16  20  53  925  515  329  2  -2  
16  20  53  934  515  329  2  -2  
16  20  53  943  515  329  2  -2  
16  20  53  950  513  329  2  -2  
16  20  53  958  511  329  2  -2  
16  20  53  968  509  329  2  -2  
16  20  53  975  505  329  2  -2  
16  20  53  985  502  329  2  -2  
16  20  53  993  488  329  2  -2  
16  20  53  1000  481  329  2  -2  
16  20  54  1010  481  329  2  -2  
16  20  54  1020  461  329  2  -2  
16  20  54  1028  451  329  2  -2  
16  20  54  1037  442  329  2  -2  
16  20  54  1044  434  329  2  -2  
16  20  54  1053  427  329  2  -2  
16  20  54  1059  420  329  2  -2  
16  20  54  1069  417  329  2  -2  
16  20  54  1076  413  329  2  -2  
16  20  54  1087  411  329  2  -2  
16  20  54  1094  407  329  2  -2  
16  20  54  1103  407  329  2  -2  
16  20  54  1110  404  329  2  -2  
16  20  54  1120  403  329  2  -2  
16  20  54  1126  399  329  2  -2  
16  20  54  1137  395  329  3  -2  
16  20  54  1145  391  329  3  -2  
16  20  54  1154  391  329  3  -2  
16  20  54  1160  390  329  3  -2  
16  20  54  1171  390  329  3  -2  
16  20  54  1177  387  329  3  -2  
16  20  54  1188  387  329  3  -2  
16  20  54  1195  387  329  3  -2  
16  20  54  1205  387  329  3  -2  
16  20  54  1213  386  329  3  -2  
16  20  54  1222  386  329  3  -2  
16  20  54  1228  385  329  3  -2  
16  20  54  1238  385  329  3  -2  
16  20  54  1245  384  329  3  -2  
16  20  54  1256  383  329  3  -2  
16  20  54  1262  382  329  3  -2  
16  20  54  1273  382  329  3  -2  
16  20  54  1278  382  329  3  -2  
16  20  54  1288  382  329  3  -2  
16  20  54  1296  382  329  3  -2  
16  20  54  1305  382  329  3  -2  
16  20  54  1313  382  329  3  -2  
16  20  54  1322  382  329  3  -2  
16  20  54  1328  382  329  3  -2  
16  20  54  1338  382  329  3  -2  
16  20  54  1345  382  329  3  -2  
16  20  54  1356  382  329  3  -2  
16  20  54  1363  382  329  3  -2  
16  20  54  1372  382  329  3  -2  
16  20  54  1379  382  329  3  -2  
16  20  54  1388  382  329  3  -2  
16  20  54  1397  382  329  3  -2  
16  20  54  1405  382  329  3  -2  
16  20  54  1413  382  329  3  -2  
16  20  54  1422  382  329  3  -2  
16  20  54  1428  382  329  3  -2  
16  20  54  1438  382  329  3  -2  
16  20  54  1446  382  329  3  -2  
16  20  54  1455  382  329  3  -2  
16  20  54  1463  382  329  3  -2  
16  20  54  1471  382  329  3  -2  
16  20  54  1478  382  329  3  -2  
16  20  54  1490  382  329  3  -2  
16  20  54  1497  382  329  3  -2  
16  20  54  1507  384  329  3  -2  
16  20  54  1515  389  329  3  -2  
16  20  54  1524  397  328  3  -2  
16  20  54  1534  408  327  3  -2  
16  20  54  1543  421  327  3  -2  
16  20  54  1553  434  327  3  -2  
16  20  54  1570  461  327  3  -2  
16  20  54  1579  484  327  3  -2  
16  20  54  1590  491  325  3  -2  
16  20  54  1600  496  325  4  -2  
16  20  54  1607  502  324  4  -2  
16  20  54  1615  505  324  4  -2  
16  20  54  1624  509  322  4  -2  
16  20  54  1633  511  322  4  -2  
16  20  54  1642  515  320  4  -2  
16  20  54  1649  519  319  4  -2  
16  20  54  1658  521  319  4  -2  
16  20  54  1666  525  317  4  -2  
16  20  54  1675  525  317  4  -2  
16  20  54  1683  526  317  4  -2  
16  20  54  1692  528  317  4  -2  
16  20  54  1700  529  317  4  -2  
16  20  54  1707  529  317  4  -2  
16  20  54  1716  531  316  4  -2  
16  20  54  1725  532  316  4  -2  
16  20  54  1733  532  315  4  -2  
16  20  54  1740  532  315  4  -2  
16  20  54  1749  533  315  4  -2  
16  20  54  1757  535  314  4  -2  
16  20  54  1766  535  314  4  -2  
16  20  54  1775  535  314  4  -2  
16  20  54  1784  535  314  4  -2  
16  20  54  1792  535  314  4  -2  
16  20  54  1799  535  314  4  -2  
16  20  54  1809  535  314  4  -2  
16  20  54  1816  535  314  4  -2  
16  20  54  1825  535  314  4  -2  
16  20  54  1833  535  314  4  -2  
16  20  54  1840  535  314  4  -2  
16  20  54  1849  535  314  4  -2  
16  20  54  1858  535  314  4  -2  
16  20  54  1866  535  314  4  -2  
16  20  54  1875  535  314  4  -2  
16  20  54  1883  535  314  4  -2  
16  20  54  1891  535  314  4  -2  
16  20  54  1899  535  314  4  -2  
16  20  54  1909  535  314  4  -2  
16  20  54  1917  535  314  4  -2  
16  20  54  1926  535  314  4  -2  
16  20  54  1935  535  314  4  -2  
16  20  54  1943  535  314  4  -2  
16  20  54  1948  535  314  4  -2  
16  20  54  1955  535  314  4  -2  
16  20  54  1965  535  314  4  -2  
16  20  54  1974  535  314  4  -2  
16  20  54  1985  533  314  4  -2  
16  20  54  1992  525  314  4  -2  
16  20  54  2002  525  314  4  -2  
16  20  55  2011  510  315  4  -2  
16  20  55  2021  502  315  4  -2  
16  20  55  2029  490  315  4  -2  
16  20  55  2040  480  316  4  -2  
16  20  55  2049  458  316  4  -2  
16  20  55  2058  448  316  4  -2  
16  20  55  2068  440  316  4  -2  
16  20  55  2077  428  316  4  -2  
16  20  55  2088  420  316  4  -2  
16  20  55  2095  408  316  4  -2  
