16  20  33  0  355  299  1  -2  
16  20  33  7  355  299  1  -2  
16  20  33  19  355  299  1  -2  
16  20  33  26  355  299  1  -2  
16  20  33  36  355  299  1  -2  
16  20  33  44  355  299  1  -2  
16  20  33  53  355  299  1  -2  
16  20  33  61  355  299  1  -2  
16  20  33  69  355  299  1  -2  
16  20  33  77  355  299  1  -2  
16  20  33  86  355  299  1  -2  
16  20  33  94  355  299  1  -2  
16  20  33  102  355  299  1  -2  
16  20  33  111  355  299  1  -2  
16  20  33  119  355  299  1  -2  
16  20  33  127  355  299  1  -2  
16  20  33  135  355  299  1  -2  
16  20  33  144  355  299  1  -2  
16  20  33  153  355  299  1  -2  
16  20  33  161  355  299  1  -2  
16  20  33  170  355  299  1  -2  
16  20  33  178  355  299  1  -2  
16  20  33  186  355  299  1  -2  
16  20  33  196  355  299  1  -2  
16  20  33  204  355  299  1  -2  
16  20  33  213  355  299  1  -2  
16  20  33  220  355  299  1  -2  
16  20  33  233  355  299  1  -2  
16  20  33  242  355  299  1  -2  
16  20  33  252  355  299  1  -2  
16  20  33  261  355  299  1  -2  
16  20  33  271  355  299  1  -2  
16  20  33  280  355  299  1  -2  
16  20  33  289  355  299  1  -2  
16  20  33  299  355  299  1  -2  
16  20  33  308  355  299  1  -2  
16  20  33  326  355  299  1  -2  
16  20  33  337  355  299  1  -2  
16  20  33  346  355  299  1  -2  
16  20  33  356  355  299  1  -2  
16  20  33  365  355  299  1  -2  
16  20  33  374  356  299  1  -2  
16  20  33  384  356  299  1  -2  
16  20  33  389  356  299  1  -2  
16  20  33  398  356  299  1  -2  
16  20  33  406  356  299  1  -2  
16  20  33  414  357  299  1  -2  
16  20  33  423  358  299  1  -2  
16  20  33  431  359  299  1  -2  
16  20  33  439  362  299  1  -2  
16  20  33  449  367  299  1  -2  
16  20  33  456  372  298  1  -2  
16  20  33  466  379  298  1  -2  
16  20  33  476  385  296  1  -2  
16  20  33  486  402  294  1  -2  
16  20  33  496  410  294  1  -2  
16  20  33  506  420  294  1  -2  
16  20  33  517  432  294  1  -2  
16  20  33  526  450  294  1  -2  
16  20  33  555  459  294  1  -2  
16  20  33  565  481  294  1  -2  
16  20  33  574  491  294  1  -2  
16  20  33  585  496  294  1  -2  
16  20  33  594  500  294  1  -2  
16  20  33  605  505  294  2  -2  
16  20  33  616  511  294  2  -2  
16  20  33  625  514  294  2  -2  
16  20  33  636  515  294  2  -2  
16  20  33  644  516  294  2  -2  
16  20  34  817  518  294  2  -2  
16  20  34  826  522  294  2  -2  
16  20  34  836  522  294  2  -2  
16  20  34  846  522  294  2  -2  
16  20  34  855  522  294  2  -2  
16  20  34  866  522  294  2  -2  
16  20  34  876  522  294  2  -2  
16  20  34  887  522  294  2  -2  
16  20  34  897  522  294  2  -2  
16  20  34  907  522  294  2  -2  
16  20  34  919  522  294  2  -2  
16  20  34  928  522  294  2  -2  
16  20  34  938  522  294  2  -2  
16  20  34  950  522  294  2  -2  
16  20  34  959  522  294  2  -2  
16  20  34  970  522  294  2  -2  
16  20  34  986  520  295  2  -2  
16  20  34  995  509  300  2  -2  
16  20  34  1005  502  302  2  -2  
16  20  34  1017  483  307  2  -2  
16  20  34  1025  469  309  2  -2  
16  20  34  1037  460  313  2  -2  
16  20  34  1047  442  316  2  -2  
16  20  34  1057  433  318  2  -2  
16  20  34  1068  426  318  2  -2  
16  20  34  1078  409  320  2  -2  
16  20  34  1097  401  320  2  -2  
16  20  34  1107  390  321  3  -2  
16  20  34  1119  386  321  3  -2  
16  20  34  1128  382  322  3  -2  
16  20  34  1138  380  322  3  -2  
16  20  34  1148  376  324  3  -2  
16  20  34  1157  376  324  3  -2  
16  20  34  1168  374  324  3  -2  
16  20  34  1176  374  324  3  -2  
16  20  34  1186  374  324  3  -2  
16  20  34  1194  374  324  3  -2  
16  20  34  1202  374  324  3  -2  
16  20  34  1210  373  324  3  -2  
16  20  34  1218  373  324  3  -2  
16  20  34  1227  373  324  3  -2  
16  20  34  1236  373  324  3  -2  
16  20  34  1243  373  324  3  -2  
16  20  34  1254  373  324  3  -2  
16  20  34  1263  373  324  3  -2  
16  20  34  1273  373  324  3  -2  
16  20  34  1283  373  324  3  -2  
16  20  34  1288  373  324  3  -2  
16  20  34  1300  373  324  3  -2  
16  20  34  1305  373  324  3  -2  
16  20  34  1316  373  324  3  -2  
16  20  34  1325  373  324  3  -2  
16  20  34  1336  373  324  3  -2  
16  20  34  1345  373  324  3  -2  
16  20  34  1355  373  324  3  -2  
16  20  34  1364  373  324  3  -2  
16  20  34  1369  373  324  3  -2  
16  20  34  1379  372  325  3  -2  
16  20  34  1386  372  325  3  -2  
16  20  34  1394  372  325  3  -2  
16  20  34  1403  372  325  3  -2  
16  20  34  1412  372  325  3  -2  
16  20  34  1421  372  325  3  -2  
16  20  34  1428  372  325  3  -2  
16  20  34  1438  372  325  3  -2  
16  20  34  1446  372  325  3  -2  
16  20  34  1454  372  325  3  -2  
16  20  34  1464  372  325  3  -2  
16  20  34  1470  372  325  3  -2  
16  20  34  1478  379  325  3  -2  
16  20  34  1487  386  325  3  -2  
16  20  34  1495  397  325  3  -2  
16  20  34  1504  409  325  3  -2  
16  20  34  1514  421  325  3  -2  
16  20  34  1520  431  325  3  -2  
16  20  34  1528  444  325  3  -2  
16  20  34  1537  455  325  3  -2  
16  20  34  1546  469  325  3  -2  
16  20  34  1555  482  325  3  -2  
16  20  34  1565  495  325  3  -2  
16  20  34  1574  522  325  4  -2  
16  20  34  1585  534  325  4  -2  
16  20  34  1594  542  325  4  -2  
16  20  34  1608  549  325  4  -2  
16  20  34  1620  554  325  4  -2  
16  20  34  1630  555  325  4  -2  
16  20  34  1640  555  325  4  -2  
16  20  34  1652  555  325  4  -2  
16  20  34  1664  555  325  4  -2  
16  20  35  1674  555  325  4  -2  
16  20  35  1685  555  325  4  -2  
16  20  35  1693  555  325  4  -2  
16  20  35  1703  555  325  4  -2  
16  20  35  1715  555  325  4  -2  
16  20  35  1722  555  325  4  -2  
16  20  35  1733  555  325  4  -2  
16  20  35  1742  555  325  4  -2  
16  20  35  1752  555  325  4  -2  
16  20  35  1761  555  325  4  -2  
16  20  35  1770  555  325  4  -2  
16  20  35  1781  555  325  4  -2  
16  20  35  1788  555  325  4  -2  
16  20  35  1799  555  325  4  -2  
16  20  35  1808  555  325  4  -2  
16  20  35  1819  555  325  4  -2  
16  20  35  1828  555  325  4  -2  
16  20  35  1839  555  325  4  -2  
16  20  35  1849  555  325  4  -2  
16  20  35  1858  555  325  4  -2  
16  20  35  1870  554  325  4  -2  
16  20  35  1881  544  325  4  -2  
16  20  35  1890  539  326  4  -2  
16  20  35  1900  527  326  4  -2  
16  20  35  1909  503  330  4  -2  
16  20  35  1919  488  330  4  -2  
16  20  35  1928  472  331  4  -2  
16  20  35  1937  457  331  4  -2  
16  20  35  1948  443  331  4  -2  
16  20  35  1956  418  333  4  -2  
16  20  35  1968  413  333  4  -2  
16  20  35  1977  406  333  4  -2  
16  20  35  1986  401  333  4  -2  
16  20  35  1998  399  333  4  -2  
