14  17  7  0  363  321  1  -2  
14  17  7  8  363  321  1  -2  
14  17  7  16  363  321  1  -2  
14  17  7  24  363  321  1  -2  
14  17  7  32  363  321  1  -2  
14  17  7  41  363  321  1  -2  
14  17  7  49  363  321  1  -2  
14  17  7  58  363  321  1  -2  
14  17  7  67  363  321  1  -2  
14  17  7  75  363  321  1  -2  
14  17  7  83  363  321  1  -2  
14  17  7  90  363  321  1  -2  
14  17  7  99  363  321  1  -2  
14  17  7  108  363  321  1  -2  
14  17  7  116  363  321  1  -2  
14  17  7  125  363  321  1  -2  
14  17  8  132  363  321  1  -2  
14  17  8  141  363  321  1  -2  
14  17  8  149  363  321  1  -2  
14  17  8  158  363  321  1  -2  
14  17  8  166  363  321  1  -2  
14  17  8  174  363  321  1  -2  
14  17  8  183  363  321  1  -2  
14  17  8  192  363  321  1  -2  
14  17  8  199  363  321  1  -2  
14  17  8  208  363  321  1  -2  
14  17  8  216  363  321  1  -2  
14  17  8  224  363  321  1  -2  
14  17  8  233  363  321  1  -2  
14  17  8  242  363  321  1  -2  
14  17  8  249  363  321  1  -2  
14  17  8  258  363  321  1  -2  
14  17  8  267  363  321  1  -2  
14  17  8  275  364  321  1  -2  
14  17  8  283  369  321  1  -2  
14  17  8  292  373  321  1  -2  
14  17  8  299  378  321  1  -2  
14  17  8  308  378  321  1  -2  
14  17  8  316  387  321  1  -2  
14  17  8  326  391  321  1  -2  
14  17  8  334  396  321  1  -2  
14  17  8  342  401  321  1  -2  
14  17  8  351  407  321  1  -2  
14  17  8  358  416  321  1  -2  
14  17  8  367  426  321  1  -2  
14  17  8  376  431  320  1  -2  
14  17  8  383  438  320  1  -2  
14  17  8  392  445  320  1  -2  
14  17  8  399  449  320  1  -2  
14  17  8  409  454  320  1  -2  
14  17  8  417  457  320  1  -2  
14  17  8  426  462  320  1  -2  
14  17  8  433  464  320  1  -2  
14  17  8  442  466  320  1  -2  
14  17  8  450  466  320  1  -2  
14  17  8  461  466  320  1  -2  
14  17  8  470  466  320  1  -2  
14  17  8  478  466  320  1  -2  
14  17  8  487  466  320  1  -2  
14  17  8  493  467  320  1  -2  
14  17  8  502  469  320  1  -2  
14  17  8  509  474  320  1  -2  
14  17  8  519  481  320  1  -2  
14  17  8  526  490  320  1  -2  
14  17  8  538  498  320  2  -2  
14  17  8  545  503  320  2  -2  
14  17  8  556  505  320  2  -2  
14  17  8  562  505  320  2  -2  
14  17  8  572  505  320  2  -2  
14  17  8  579  505  320  2  -2  
14  17  8  589  505  320  2  -2  
14  17  8  598  505  320  2  -2  
14  17  8  607  505  320  2  -2  
14  17  8  617  505  320  2  -2  
14  17  8  625  505  320  2  -2  
14  17  8  634  505  320  2  -2  
14  17  8  642  505  320  2  -2  
14  17  8  652  505  320  2  -2  
14  17  8  660  505  320  2  -2  
14  17  8  668  505  320  2  -2  
14  17  8  677  505  320  2  -2  
14  17  8  686  505  320  2  -2  
14  17  8  693  505  320  2  -2  
14  17  8  702  505  320  2  -2  
14  17  8  709  505  320  2  -2  
14  17  8  717  505  320  2  -2  
14  17  8  727  505  320  2  -2  
14  17  8  737  505  320  2  -2  
14  17  8  744  505  320  2  -2  
14  17  8  754  505  320  2  -2  
14  17  8  762  505  320  2  -2  
14  17  8  771  505  320  2  -2  
14  17  8  778  505  320  2  -2  
14  17  8  789  505  320  2  -2  
14  17  8  795  505  320  2  -2  
14  17  8  805  505  320  2  -2  
14  17  8  812  505  320  2  -2  
14  17  8  821  505  320  2  -2  
14  17  8  828  505  320  2  -2  
14  17  8  838  505  320  2  -2  
14  17  8  846  505  320  2  -2  
14  17  8  855  505  320  2  -2  
14  17  8  861  505  320  2  -2  
14  17  8  871  505  320  2  -2  
14  17  8  878  505  320  2  -2  
14  17  8  888  505  320  2  -2  
14  17  8  896  505  320  2  -2  
14  17  8  905  505  320  2  -2  
14  17  8  912  505  320  2  -2  
14  17  8  921  505  320  2  -2  
14  17  8  927  505  320  2  -2  
14  17  8  938  505  320  2  -2  
14  17  8  946  505  320  2  -2  
14  17  8  955  505  320  2  -2  
14  17  8  962  505  320  2  -2  
14  17  8  972  505  320  2  -2  
14  17  8  978  505  320  2  -2  
14  17  8  989  505  320  2  -2  
14  17  8  996  505  320  2  -2  
14  17  8  1005  505  320  2  -2  
14  17  8  1011  505  320  2  -2  
14  17  8  1021  505  320  2  -2  
14  17  8  1028  505  320  2  -2  
14  17  8  1038  505  320  2  -2  
14  17  8  1046  505  320  2  -2  
14  17  8  1055  505  320  2  -2  
14  17  8  1061  505  320  2  -2  
14  17  8  1071  505  320  2  -2  
14  17  8  1079  505  320  2  -2  
14  17  8  1089  505  320  2  -2  
14  17  8  1096  505  320  2  -2  
14  17  8  1105  505  320  2  -2  
14  17  8  1111  505  320  2  -2  
14  17  8  1121  505  320  2  -2  
14  17  9  1128  505  320  2  -2  
14  17  9  1138  505  320  2  -2  
14  17  9  1146  505  320  2  -2  
14  17  9  1156  505  320  2  -2  
14  17  9  1162  498  320  2  -2  
14  17  9  1172  498  320  2  -2  
14  17  9  1177  489  320  2  -2  
14  17  9  1189  479  320  2  -2  
14  17  9  1196  453  320  2  -2  
14  17  9  1205  434  320  2  -2  
14  17  9  1212  420  320  2  -2  
14  17  9  1221  420  320  2  -2  
14  17  9  1230  393  320  3  -2  
14  17  9  1239  383  320  3  -2  
14  17  9  1246  376  320  3  -2  
14  17  9  1255  369  320  3  -2  
14  17  9  1262  363  320  3  -2  
14  17  9  1272  359  320  3  -2  
14  17  9  1278  356  320  3  -2  
14  17  9  1288  355  320  3  -2  
14  17  9  1296  355  320  3  -2  
14  17  9  1304  355  320  3  -2  
14  17  9  1312  355  320  3  -2  
14  17  9  1321  355  320  3  -2  
14  17  9  1329  355  320  3  -2  
14  17  9  1338  355  320  3  -2  
14  17  9  1347  355  320  3  -2  
14  17  9  1354  355  320  3  -2  
14  17  9  1362  355  320  3  -2  
14  17  9  1371  355  320  3  -2  
14  17  9  1378  355  320  3  -2  
14  17  9  1388  355  320  3  -2  
14  17  9  1397  355  320  3  -2  
14  17  9  1404  355  320  3  -2  
14  17  9  1412  355  320  3  -2  
14  17  9  1422  355  320  3  -2  
14  17  9  1428  355  320  3  -2  
14  17  9  1438  355  320  3  -2  
14  17  9  1446  355  320  3  -2  
14  17  9  1455  355  320  3  -2  
14  17  9  1462  355  320  3  -2  
14  17  9  1473  356  320  3  -2  
14  17  9  1479  360  320  3  -2  
14  17  9  1489  362  320  3  -2  
14  17  9  1496  365  320  3  -2  
14  17  9  1506  370  320  3  -2  
14  17  9  1513  375  320  3  -2  
14  17  9  1521  383  320  3  -2  
14  17  9  1530  390  320  3  -2  
14  17  9  1538  399  320  3  -2  
14  17  9  1547  410  320  3  -2  
14  17  9  1556  422  320  3  -2  
14  17  9  1565  444  320  3  -2  
14  17  9  1574  454  320  3  -2  
14  17  9  1583  466  322  3  -2  
14  17  9  1592  476  323  3  -2  
14  17  9  1602  488  324  3  -2  
14  17  9  1611  496  327  3  -2  
14  17  9  1623  505  327  4  -2  
14  17  9  1631  511  327  4  -2  
14  17  9  1641  513  327  4  -2  
14  17  9  1650  513  327  4  -2  
14  17  9  1661  513  327  4  -2  
14  17  9  1669  514  327  4  -2  
14  17  9  1677  514  327  4  -2  
14  17  9  1686  514  327  4  -2  
14  17  9  1693  514  327  4  -2  
14  17  9  1703  514  327  4  -2  
14  17  9  1710  517  327  4  -2  
14  17  9  1720  517  327  4  -2  
14  17  9  1727  518  327  4  -2  
14  17  9  1736  519  327  4  -2  
14  17  9  1744  519  327  4  -2  
14  17  9  1753  519  327  4  -2  
14  17  9  1762  519  327  4  -2  
14  17  9  1772  519  327  4  -2  
14  17  9  1779  519  327  4  -2  
14  17  9  1788  519  327  4  -2  
14  17  9  1796  519  327  4  -2  
14  17  9  1804  519  327  4  -2  
14  17  9  1811  519  327  4  -2  
14  17  9  1821  519  327  4  -2  
14  17  9  1828  519  327  4  -2  
14  17  9  1838  519  327  4  -2  
14  17  9  1846  519  327  4  -2  
14  17  9  1854  519  327  4  -2  
14  17  9  1862  519  327  4  -2  
14  17  9  1871  519  327  4  -2  
14  17  9  1879  519  327  4  -2  
14  17  9  1888  515  327  4  -2  
14  17  9  1896  506  325  4  -2  
14  17  9  1904  496  324  4  -2  
14  17  9  1912  487  322  4  -2  
14  17  9  1921  475  320  4  -2  
14  17  9  1929  467  319  4  -2  
14  17  9  1938  458  319  4  -2  
14  17  9  1946  451  319  4  -2  
14  17  9  1954  446  319  4  -2  
14  17  9  1964  441  319  4  -2  
14  17  9  1972  434  319  4  -2  
14  17  9  1979  429  319  4  -2  
14  17  9  1989  424  319  4  -2  
14  17  9  1997  412  319  4  -2  
14  17  9  2005  407  319  4  -2  
14  17  9  2013  403  319  4  -2  
14  17  9  2022  401  319  4  -2  
14  17  9  2030  399  319  5  -2  
14  17  9  2039  398  319  5  -2  
14  17  9  2047  398  319  5  -2  
14  17  9  2054  398  319  5  -2  
14  17  9  2063  398  319  5  -2  
14  17  9  2071  398  319  5  -2  
14  17  9  2079  396  319  5  -2  
14  17  9  2088  393  319  5  -2  
14  17  9  2097  389  319  5  -2  
14  17  9  2104  387  319  5  -2  
14  17  9  2114  386  319  5  -2  
14  17  9  2121  386  319  5  -2  
14  17  10  2131  386  319  5  -2  
14  17  10  2138  386  319  5  -2  
14  17  10  2147  386  319  5  -2  
14  17  10  2154  386  319  5  -2  
14  17  10  2163  386  319  5  -2  
14  17  10  2171  386  319  5  -2  
14  17  10  2179  386  319  5  -2  
14  17  10  2188  386  319  5  -2  
14  17  10  2197  386  319  5  -2  
14  17  10  2204  386  319  5  -2  
14  17  10  2212  386  319  5  -2  
14  17  10  2221  386  319  5  -2  
14  17  10  2229  386  319  5  -2  
14  17  10  2238  386  319  5  -2  
14  17  10  2246  386  319  5  -2  
14  17  10  2255  386  319  5  -2  
14  17  10  2263  386  319  5  -2  
14  17  10  2272  386  319  5  -2  
14  17  10  2282  386  319  5  -2  
14  17  10  2290  386  319  5  -2  
14  17  10  2301  386  319  5  -2  
14  17  10  2309  386  319  5  -2  
14  17  10  2320  386  319  5  -2  
14  17  10  2328  386  319  5  -2  
14  17  10  2338  386  319  5  -2  
14  17  10  2346  386  319  5  -2  
14  17  10  2355  386  319  5  -2  
14  17  10  2363  386  319  5  -2  
14  17  10  2370  386  319  5  -2  
14  17  10  2379  386  319  5  -2  
14  17  10  2387  386  319  5  -2  
14  17  10  2397  386  319  5  -2  
14  17  10  2404  386  319  5  -2  
14  17  10  2414  386  319  5  -2  
14  17  10  2422  386  319  5  -2  
14  17  10  2429  386  319  5  -2  
14  17  10  2439  386  319  5  -2  
