14  16  53  0  359  313  1  -2  
14  16  53  6  359  313  1  -2  
14  16  53  15  359  313  1  -2  
14  16  53  23  359  313  1  -2  
14  16  53  33  359  313  1  -2  
14  16  53  40  359  313  1  -2  
14  16  53  48  359  313  1  -2  
14  16  53  57  359  313  1  -2  
14  16  53  66  359  313  1  -2  
14  16  53  74  359  313  1  -2  
14  16  53  83  359  313  1  -2  
14  16  53  91  359  313  1  -2  
14  16  53  100  359  313  1  -2  
14  16  53  107  359  313  1  -2  
14  16  53  117  359  313  1  -2  
14  16  53  127  359  313  1  -2  
14  16  53  134  359  313  1  -2  
14  16  53  146  359  313  1  -2  
14  16  53  155  359  313  1  -2  
14  16  53  166  359  313  1  -2  
14  16  53  177  359  313  1  -2  
14  16  53  185  359  313  1  -2  
14  16  53  194  359  313  1  -2  
14  16  53  201  359  313  1  -2  
14  16  53  211  359  313  1  -2  
14  16  53  218  359  314  1  -2  
14  16  53  229  359  314  1  -2  
14  16  53  236  359  314  1  -2  
14  16  53  247  359  314  1  -2  
14  16  53  255  359  314  1  -2  
14  16  53  265  359  314  1  -2  
14  16  53  274  360  315  1  -2  
14  16  53  284  364  316  1  -2  
14  16  53  293  367  316  1  -2  
14  16  53  300  372  317  1  -2  
14  16  53  312  378  317  1  -2  
14  16  53  319  392  320  1  -2  
14  16  53  330  399  320  1  -2  
14  16  53  338  407  322  1  -2  
14  16  53  346  419  323  1  -2  
14  16  53  353  428  324  1  -2  
14  16  53  363  438  327  1  -2  
14  16  53  370  445  327  1  -2  
14  16  53  379  450  329  1  -2  
14  16  53  387  453  329  1  -2  
14  16  53  396  455  329  1  -2  
14  16  53  403  455  329  1  -2  
14  16  53  413  455  329  1  -2  
14  16  53  421  457  329  1  -2  
14  16  53  429  458  329  1  -2  
14  16  53  437  458  329  1  -2  
14  16  53  446  458  329  1  -2  
14  16  53  454  458  329  1  -2  
14  16  53  463  458  329  1  -2  
14  16  53  470  458  329  1  -2  
14  16  53  479  458  329  1  -2  
14  16  53  488  458  329  1  -2  
14  16  53  496  462  329  1  -2  
14  16  53  504  467  329  1  -2  
14  16  53  513  473  329  1  -2  
14  16  53  522  483  329  1  -2  
14  16  53  529  493  329  1  -2  
14  16  53  538  503  329  2  -2  
14  16  53  546  510  329  2  -2  
14  16  54  554  511  329  2  -2  
14  16  54  563  511  329  2  -2  
14  16  54  570  511  329  2  -2  
14  16  54  578  511  329  2  -2  
14  16  54  587  511  329  2  -2  
14  16  54  595  511  329  2  -2  
14  16  54  604  511  329  2  -2  
14  16  54  613  511  329  2  -2  
14  16  54  622  518  329  2  -2  
14  16  54  631  525  330  2  -2  
14  16  54  638  531  332  2  -2  
14  16  54  646  536  332  2  -2  
14  16  54  654  540  333  2  -2  
14  16  54  662  540  333  2  -2  
14  16  54  671  540  333  2  -2  
14  16  54  679  540  333  2  -2  
14  16  54  688  540  333  2  -2  
14  16  54  697  540  333  2  -2  
14  16  54  704  540  333  2  -2  
14  16  54  712  540  333  2  -2  
14  16  54  722  540  333  2  -2  
14  16  54  728  540  333  2  -2  
14  16  54  738  540  333  2  -2  
14  16  54  747  540  333  2  -2  
14  16  54  755  540  333  2  -2  
14  16  54  763  540  333  2  -2  
14  16  54  772  540  333  2  -2  
14  16  54  781  540  333  2  -2  
14  16  54  788  540  333  2  -2  
14  16  54  796  540  333  2  -2  
14  16  54  804  540  333  2  -2  
14  16  54  813  540  333  2  -2  
14  16  54  822  540  333  2  -2  
14  16  54  831  540  333  2  -2  
14  16  54  838  540  333  2  -2  
14  16  54  847  540  333  2  -2  
14  16  54  855  540  333  2  -2  
14  16  54  863  540  333  2  -2  
14  16  54  872  540  333  2  -2  
14  16  54  879  540  333  2  -2  
14  16  54  888  540  333  2  -2  
14  16  54  896  540  333  2  -2  
14  16  54  905  540  333  2  -2  
14  16  54  913  540  333  2  -2  
14  16  54  923  540  333  2  -2  
14  16  54  931  540  333  2  -2  
14  16  54  938  540  333  2  -2  
14  16  54  947  540  333  2  -2  
14  16  54  955  540  333  2  -2  
14  16  54  963  540  333  2  -2  
14  16  54  972  540  333  2  -2  
14  16  54  981  540  333  2  -2  
14  16  54  988  540  333  2  -2  
14  16  54  997  540  333  2  -2  
14  16  54  1005  540  333  2  -2  
14  16  54  1014  540  333  2  -2  
14  16  54  1023  540  333  2  -2  
14  16  54  1032  540  333  2  -2  
14  16  54  1041  540  333  2  -2  
14  16  54  1048  540  333  2  -2  
14  16  54  1059  540  333  2  -2  
14  16  54  1067  540  333  2  -2  
14  16  54  1077  540  333  2  -2  
14  16  54  1083  540  333  2  -2  
14  16  54  1093  540  333  2  -2  
14  16  54  1101  540  333  2  -2  
14  16  54  1109  540  333  2  -2  
14  16  54  1117  540  333  2  -2  
14  16  54  1125  540  333  2  -2  
14  16  54  1133  540  333  2  -2  
14  16  54  1145  540  333  2  -2  
14  16  54  1151  539  333  2  -2  
14  16  54  1162  538  333  2  -2  
14  16  54  1167  536  333  2  -2  
14  16  54  1178  534  333  2  -2  
14  16  54  1184  532  333  2  -2  
14  16  54  1194  529  333  2  -2  
14  16  54  1202  526  333  2  -2  
14  16  54  1212  522  333  2  -2  
14  16  54  1218  513  333  2  -2  
14  16  54  1228  505  333  2  -2  
14  16  54  1236  493  333  2  -2  
14  16  54  1245  483  333  2  -2  
14  16  54  1251  460  333  2  -2  
14  16  54  1262  460  333  2  -2  
14  16  54  1269  438  333  2  -2  
14  16  54  1278  438  333  2  -2  
14  16  54  1285  416  333  2  -2  
14  16  54  1295  405  333  2  -2  
14  16  54  1302  394  332  3  -2  
14  16  54  1312  384  332  3  -2  
14  16  54  1319  379  332  3  -2  
14  16  54  1328  376  332  3  -2  
14  16  54  1336  375  332  3  -2  
14  16  54  1345  374  332  3  -2  
14  16  54  1352  374  332  3  -2  
14  16  54  1362  373  332  3  -2  
14  16  54  1368  371  331  3  -2  
14  16  54  1378  368  330  3  -2  
14  16  54  1385  367  330  3  -2  
14  16  54  1394  366  330  3  -2  
14  16  54  1402  365  330  3  -2  
14  16  54  1411  364  330  3  -2  
14  16  54  1418  363  330  3  -2  
14  16  54  1428  363  330  3  -2  
14  16  54  1433  363  330  3  -2  
14  16  54  1444  363  330  3  -2  
14  16  54  1451  363  330  3  -2  
14  16  54  1461  363  330  3  -2  
14  16  54  1468  363  330  3  -2  
14  16  54  1478  363  330  3  -2  
14  16  54  1485  368  330  3  -2  
14  16  54  1495  378  330  3  -2  
14  16  54  1502  391  331  3  -2  
14  16  54  1512  406  334  3  -2  
14  16  54  1519  421  335  3  -2  
14  16  54  1528  438  338  3  -2  
14  16  54  1536  454  338  3  -2  
14  16  54  1545  468  338  3  -2  
14  16  55  1552  479  338  3  -2  
14  16  55  1561  486  338  3  -2  
14  16  55  1568  486  338  3  -2  
14  16  55  1578  486  338  3  -2  
14  16  55  1586  486  338  3  -2  
14  16  55  1594  486  338  3  -2  
14  16  55  1603  486  338  3  -2  
14  16  55  1611  486  338  3  -2  
14  16  55  1618  486  338  3  -2  
14  16  55  1627  486  338  3  -2  
14  16  55  1635  486  338  3  -2  
14  16  55  1645  486  338  3  -2  
14  16  55  1652  486  338  3  -2  
14  16  55  1661  486  338  3  -2  
14  16  55  1668  486  338  3  -2  
14  16  55  1677  486  338  3  -2  
14  16  55  1686  486  338  3  -2  
14  16  55  1694  486  338  3  -2  
14  16  55  1703  486  338  3  -2  
14  16  55  1711  486  338  3  -2  
14  16  55  1720  486  338  3  -2  
14  16  55  1728  486  338  3  -2  
14  16  55  1734  486  338  3  -2  
14  16  55  1745  486  338  3  -2  
14  16  55  1752  486  338  3  -2  
14  16  55  1762  486  338  3  -2  
14  16  55  1768  493  338  3  -2  
14  16  55  1778  506  338  4  -2  
14  16  55  1785  518  338  4  -2  
14  16  55  1794  530  338  4  -2  
14  16  55  1801  536  338  4  -2  
14  16  55  1811  540  338  4  -2  
14  16  55  1819  542  338  4  -2  
14  16  55  1827  542  338  4  -2  
14  16  55  1835  542  338  4  -2  
14  16  55  1844  542  338  4  -2  
14  16  55  1853  542  338  4  -2  
14  16  55  1861  542  338  4  -2  
14  16  55  1868  542  338  4  -2  
14  16  55  1877  542  338  4  -2  
14  16  55  1885  542  338  4  -2  
14  16  55  1894  542  338  4  -2  
14  16  55  1903  542  338  4  -2  
14  16  55  1911  542  338  4  -2  
14  16  55  1919  542  338  4  -2  
14  16  55  1927  542  338  4  -2  
14  16  55  1935  542  338  4  -2  
14  16  55  1945  542  338  4  -2  
14  16  55  1953  542  338  4  -2  
14  16  55  1961  542  338  4  -2  
14  16  55  1969  542  338  4  -2  
14  16  55  1977  542  338  4  -2  
14  16  55  1985  542  338  4  -2  
14  16  55  1995  542  338  4  -2  
14  16  55  2002  542  338  4  -2  
14  16  55  2011  542  338  4  -2  
14  16  55  2018  542  338  4  -2  
14  16  55  2027  542  338  4  -2  
14  16  55  2035  542  338  4  -2  
14  16  55  2045  542  338  4  -2  
14  16  55  2054  542  338  4  -2  
14  16  55  2062  542  338  4  -2  
14  16  55  2071  542  338  4  -2  
14  16  55  2079  542  338  4  -2  
14  16  55  2088  542  338  4  -2  
14  16  55  2095  542  338  4  -2  
14  16  55  2105  542  338  4  -2  
14  16  55  2114  542  338  4  -2  
14  16  55  2122  542  338  4  -2  
14  16  55  2129  542  338  4  -2  
14  16  55  2137  542  338  4  -2  
14  16  55  2147  542  338  4  -2  
14  16  55  2155  542  338  4  -2  
14  16  55  2164  542  338  4  -2  
14  16  55  2172  542  338  4  -2  
14  16  55  2179  542  338  4  -2  
14  16  55  2187  542  338  4  -2  
14  16  55  2197  542  338  4  -2  
14  16  55  2204  542  338  4  -2  
14  16  55  2214  542  338  4  -2  
14  16  55  2222  542  338  4  -2  
14  16  55  2229  542  338  4  -2  
14  16  55  2237  542  338  4  -2  
14  16  55  2246  542  338  4  -2  
14  16  55  2254  542  338  4  -2  
14  16  55  2263  542  338  4  -2  
14  16  55  2271  542  338  4  -2  
14  16  55  2279  542  338  4  -2  
14  16  55  2288  542  338  4  -2  
14  16  55  2296  542  338  4  -2  
14  16  55  2304  542  338  4  -2  
14  16  55  2313  542  338  4  -2  
14  16  55  2321  542  338  4  -2  
14  16  55  2328  542  338  4  -2  
14  16  55  2337  542  338  4  -2  
14  16  55  2345  542  338  4  -2  
14  16  55  2353  542  338  4  -2  
14  16  55  2362  542  338  4  -2  
14  16  55  2370  542  338  4  -2  
14  16  55  2379  542  338  4  -2  
14  16  55  2387  542  338  4  -2  
14  16  55  2395  542  338  4  -2  
14  16  55  2404  542  338  4  -2  
14  16  55  2412  542  338  4  -2  
14  16  55  2420  542  338  4  -2  
14  16  55  2428  542  338  4  -2  
14  16  55  2437  542  338  4  -2  
14  16  55  2445  542  338  4  -2  
14  16  55  2453  542  338  4  -2  
14  16  55  2462  542  338  4  -2  
14  16  55  2471  542  338  4  -2  
14  16  55  2479  542  338  4  -2  
14  16  55  2487  542  338  4  -2  
14  16  55  2495  542  338  4  -2  
14  16  55  2505  542  338  4  -2  
14  16  55  2514  542  338  4  -2  
14  16  55  2522  542  338  4  -2  
14  16  55  2531  542  338  4  -2  
14  16  55  2541  542  338  4  -2  
14  16  55  2549  542  338  4  -2  
14  16  56  2561  542  338  4  -2  
14  16  56  2569  538  338  4  -2  
14  16  56  2576  532  338  4  -2  
14  16  56  2584  527  338  4  -2  
14  16  56  2594  518  335  4  -2  
14  16  56  2602  506  334  4  -2  
14  16  56  2610  495  332  4  -2  
14  16  56  2617  483  332  4  -2  
14  16  56  2626  473  332  4  -2  
14  16  56  2635  465  332  4  -2  
14  16  56  2643  454  332  4  -2  
14  16  56  2652  446  332  4  -2  
14  16  56  2660  438  332  4  -2  
14  16  56  2668  431  332  4  -2  
14  16  56  2676  421  332  4  -2  
14  16  56  2685  402  332  4  -2  
14  16  56  2694  394  332  5  -2  
14  16  56  2702  384  332  5  -2  
14  16  56  2710  377  332  5  -2  
14  16  56  2718  373  332  5  -2  
14  16  56  2727  373  332  5  -2  
14  16  56  2734  373  332  5  -2  
14  16  56  2743  373  332  5  -2  
14  16  56  2753  373  332  5  -2  
14  16  56  2761  373  332  5  -2  
14  16  56  2770  373  332  5  -2  
14  16  56  2779  373  332  5  -2  
14  16  56  2788  373  332  5  -2  
14  16  56  2795  373  332  5  -2  
14  16  56  2805  373  332  5  -2  
14  16  56  2813  373  332  5  -2  
14  16  56  2821  373  332  5  -2  
14  16  56  2829  373  332  5  -2  
14  16  56  2837  373  332  5  -2  
14  16  56  2845  373  332  5  -2  
14  16  56  2852  373  332  5  -2  
14  16  56  2863  373  332  5  -2  
14  16  56  2871  373  332  5  -2  
14  16  56  2878  373  332  5  -2  
14  16  56  2888  373  332  5  -2  
14  16  56  2897  373  332  5  -2  
14  16  56  2905  373  332  5  -2  
14  16  56  2913  373  332  5  -2  
14  16  56  2921  373  332  5  -2  
14  16  56  2929  373  332  5  -2  
14  16  56  2936  373  332  5  -2  
14  16  56  2946  373  332  5  -2  
14  16  56  2957  373  332  5  -2  
14  16  56  2964  373  332  5  -2  
14  16  56  2974  373  332  5  -2  
14  16  56  2981  373  332  5  -2  
14  16  56  2989  373  332  5  -2  
14  16  56  2998  373  332  5  -2  
14  16  56  3008  373  332  5  -2  
14  16  56  3014  373  332  5  -2  
