16  20  39  0  369  317  1  -2  
16  20  39  8  369  317  1  -2  
16  20  39  15  369  317  1  -2  
16  20  39  23  369  317  1  -2  
16  20  40  31  369  317  1  -2  
16  20  40  40  369  317  1  -2  
16  20  40  49  369  317  1  -2  
16  20  40  57  369  317  1  -2  
16  20  40  66  369  317  1  -2  
16  20  40  74  369  317  1  -2  
16  20  40  82  369  317  1  -2  
16  20  40  90  369  317  1  -2  
16  20  40  99  369  317  1  -2  
16  20  40  107  369  317  1  -2  
16  20  40  115  369  317  1  -2  
16  20  40  124  369  317  1  -2  
16  20  40  132  369  317  1  -2  
16  20  40  141  369  317  1  -2  
16  20  40  149  369  317  1  -2  
16  20  40  157  369  317  1  -2  
16  20  40  166  369  317  1  -2  
16  20  40  173  369  317  1  -2  
16  20  40  182  369  317  1  -2  
16  20  40  190  369  317  1  -2  
16  20  40  198  369  317  1  -2  
16  20  40  208  369  315  1  -2  
16  20  40  217  373  315  1  -2  
16  20  40  227  377  315  1  -2  
16  20  40  235  382  315  1  -2  
16  20  40  244  386  313  1  -2  
16  20  40  255  391  313  1  -2  
16  20  40  264  401  313  1  -2  
16  20  40  274  406  313  1  -2  
16  20  40  281  413  313  1  -2  
16  20  40  291  418  313  1  -2  
16  20  40  297  422  313  1  -2  
16  20  40  307  425  313  1  -2  
16  20  40  315  427  313  1  -2  
16  20  40  324  430  313  1  -2  
16  20  40  330  433  313  1  -2  
16  20  40  340  437  313  1  -2  
16  20  40  347  440  313  1  -2  
16  20  40  356  442  313  1  -2  
16  20  40  365  446  313  1  -2  
16  20  40  374  451  313  1  -2  
16  20  40  380  456  313  1  -2  
16  20  40  391  461  314  1  -2  
16  20  40  397  470  314  1  -2  
16  20  40  408  470  314  1  -2  
16  20  40  416  476  314  1  -2  
16  20  40  424  479  314  1  -2  
16  20  40  431  481  314  1  -2  
16  20  40  440  484  314  1  -2  
16  20  40  449  485  314  1  -2  
16  20  40  460  486  314  1  -2  
16  20  40  471  487  314  1  -2  
16  20  40  480  492  314  1  -2  
16  20  40  491  493  314  1  -2  
16  20  40  500  497  314  2  -2  
16  20  40  510  499  314  2  -2  
16  20  40  518  502  314  2  -2  
16  20  40  526  503  314  2  -2  
16  20  40  535  504  314  2  -2  
16  20  40  542  504  314  2  -2  
16  20  40  550  505  314  2  -2  
16  20  40  559  506  314  2  -2  
16  20  40  567  510  314  2  -2  
16  20  40  576  514  314  2  -2  
16  20  40  584  518  314  2  -2  
16  20  40  592  520  315  2  -2  
16  20  40  600  525  315  2  -2  
16  20  40  610  527  317  2  -2  
16  20  40  617  527  317  2  -2  
16  20  40  626  527  317  2  -2  
16  20  40  635  527  317  2  -2  
16  20  40  642  527  317  2  -2  
16  20  40  651  527  317  2  -2  
16  20  40  660  527  317  2  -2  
16  20  40  667  527  317  2  -2  
16  20  40  676  527  317  2  -2  
16  20  40  685  527  317  2  -2  
16  20  40  694  527  317  2  -2  
16  20  40  702  527  317  2  -2  
16  20  40  711  527  317  2  -2  
16  20  40  721  527  317  2  -2  
16  20  40  733  527  317  2  -2  
16  20  40  743  527  317  2  -2  
16  20  40  752  527  317  2  -2  
16  20  40  762  527  317  2  -2  
16  20  40  772  527  317  2  -2  
16  20  40  778  527  317  2  -2  
16  20  40  790  527  317  2  -2  
16  20  40  796  527  317  2  -2  
16  20  40  808  527  317  2  -2  
16  20  40  816  527  317  2  -2  
16  20  40  825  527  317  2  -2  
16  20  40  835  527  317  2  -2  
16  20  40  844  527  317  2  -2  
16  20  40  855  527  317  2  -2  
16  20  40  863  527  317  2  -2  
16  20  40  873  527  317  2  -2  
16  20  40  881  527  317  2  -2  
16  20  40  890  527  317  2  -2  
16  20  40  899  527  317  2  -2  
16  20  40  908  527  317  2  -2  
16  20  40  916  527  317  2  -2  
16  20  40  926  527  317  2  -2  
16  20  40  935  527  317  2  -2  
16  20  40  943  527  317  2  -2  
16  20  40  951  527  317  2  -2  
16  20  40  960  527  317  2  -2  
16  20  40  967  527  317  2  -2  
16  20  40  977  527  317  2  -2  
16  20  40  988  527  317  2  -2  
16  20  40  997  525  317  2  -2  
16  20  40  1007  524  317  2  -2  
16  20  40  1014  518  318  2  -2  
16  20  40  1023  517  318  2  -2  
16  20  41  1031  513  318  2  -2  
16  20  41  1039  510  318  2  -2  
16  20  41  1045  505  318  2  -2  
16  20  41  1056  503  319  2  -2  
16  20  41  1064  501  319  2  -2  
16  20  41  1073  496  319  2  -2  
16  20  41  1080  491  319  2  -2  
16  20  41  1089  486  319  2  -2  
16  20  41  1096  481  319  2  -2  
16  20  41  1106  475  319  2  -2  
16  20  41  1114  470  319  2  -2  
16  20  41  1122  465  319  2  -2  
16  20  41  1129  458  322  2  -2  
16  20  41  1139  454  322  2  -2  
16  20  41  1145  449  323  2  -2  
16  20  41  1156  444  324  2  -2  
16  20  41  1163  438  324  2  -2  
16  20  41  1172  433  325  2  -2  
16  20  41  1181  429  325  2  -2  
16  20  41  1190  424  325  2  -2  
16  20  41  1199  417  327  2  -2  
16  20  41  1208  414  327  2  -2  
16  20  41  1217  410  327  2  -2  
16  20  41  1227  406  327  2  -2  
16  20  41  1237  403  327  2  -2  
16  20  41  1245  400  327  2  -2  
16  20  41  1258  396  327  3  -2  
16  20  41  1267  393  327  3  -2  
16  20  41  1276  392  327  3  -2  
16  20  41  1287  390  327  3  -2  
16  20  41  1296  389  327  3  -2  
16  20  41  1306  386  327  3  -2  
16  20  41  1314  384  328  3  -2  
16  20  41  1324  381  328  3  -2  
16  20  41  1332  377  328  3  -2  
16  20  41  1342  373  328  3  -2  
16  20  41  1351  367  328  3  -2  
16  20  41  1361  367  328  3  -2  
16  20  41  1370  367  328  3  -2  
16  20  41  1378  367  328  3  -2  
16  20  41  1388  367  328  3  -2  
16  20  41  1396  367  328  3  -2  
16  20  41  1407  367  328  3  -2  
16  20  41  1415  367  328  3  -2  
16  20  41  1424  367  328  3  -2  
16  20  41  1434  367  328  3  -2  
16  20  41  1441  367  328  3  -2  
16  20  41  1449  367  328  3  -2  
16  20  41  1457  367  328  3  -2  
16  20  41  1467  367  328  3  -2  
16  20  41  1477  367  328  3  -2  
16  20  41  1484  367  328  3  -2  
16  20  41  1492  367  328  3  -2  
16  20  41  1500  376  328  3  -2  
16  20  41  1510  389  328  3  -2  
16  20  41  1519  417  331  3  -2  
16  20  41  1527  432  333  3  -2  
16  20  41  1536  446  335  3  -2  
16  20  41  1544  459  335  3  -2  
16  20  41  1553  469  335  3  -2  
16  20  41  1560  478  335  3  -2  
16  20  41  1570  483  335  3  -2  
16  20  41  1577  487  335  3  -2  
16  20  41  1586  489  335  3  -2  
16  20  41  1592  491  335  3  -2  
16  20  41  1600  491  335  3  -2  
16  20  41  1608  492  335  3  -2  
16  20  41  1618  495  335  3  -2  
16  20  41  1626  499  333  4  -2  
16  20  41  1634  504  333  4  -2  
16  20  41  1642  509  333  4  -2  
16  20  41  1650  521  333  4  -2  
16  20  41  1661  531  333  4  -2  
16  20  41  1670  541  331  4  -2  
16  20  41  1679  557  330  4  -2  
16  20  41  1690  560  329  4  -2  
16  20  41  1700  562  328  4  -2  
16  20  41  1709  562  328  4  -2  
16  20  41  1716  562  328  4  -2  
16  20  41  1727  562  328  4  -2  
16  20  41  1738  562  328  4  -2  
16  20  41  1746  562  328  4  -2  
16  20  41  1756  562  328  4  -2  
16  20  41  1761  562  328  4  -2  
16  20  41  1772  562  328  4  -2  
16  20  41  1780  562  328  4  -2  
16  20  41  1789  562  328  4  -2  
16  20  41  1796  562  328  4  -2  
16  20  41  1806  562  328  4  -2  
16  20  41  1812  562  328  4  -2  
16  20  41  1822  562  328  4  -2  
16  20  41  1828  562  328  4  -2  
16  20  41  1839  562  328  4  -2  
16  20  41  1847  560  328  4  -2  
16  20  41  1856  555  328  4  -2  
16  20  41  1864  549  328  4  -2  
16  20  41  1872  541  328  4  -2  
16  20  41  1881  529  327  4  -2  
16  20  41  1889  518  327  4  -2  
16  20  41  1897  504  327  4  -2  
16  20  41  1906  491  326  4  -2  
16  20  41  1914  476  323  4  -2  
16  20  41  1922  462  322  4  -2  
16  20  41  1931  447  320  4  -2  
16  20  41  1939  434  319  4  -2  
16  20  41  1947  425  317  4  -2  
16  20  41  1956  418  317  4  -2  
16  20  41  1964  413  317  4  -2  
16  20  41  1972  409  317  4  -2  
16  20  41  1981  408  317  4  -2  
16  20  41  1990  404  317  4  -2  
16  20  41  1999  401  317  4  -2  
