10  2  28  0  384  314  1  -2  
10  2  28  8  384  314  1  -2  
10  2  28  15  384  314  1  -2  
10  2  28  25  384  314  1  -2  
10  2  28  32  384  314  1  -2  
10  2  28  41  384  314  1  -2  
10  2  28  49  384  314  1  -2  
10  2  28  57  384  314  1  -2  
10  2  28  66  384  314  1  -2  
10  2  28  74  384  314  1  -2  
10  2  28  82  384  314  1  -2  
10  2  28  90  384  314  1  -2  
10  2  28  98  384  314  1  -2  
10  2  28  107  384  314  1  -2  
10  2  28  117  384  314  1  -2  
10  2  28  125  384  314  1  -2  
10  2  28  132  384  314  1  -2  
10  2  28  141  384  314  1  -2  
10  2  28  150  384  314  1  -2  
10  2  28  158  384  314  1  -2  
10  2  28  166  384  314  1  -2  
10  2  28  174  384  314  1  -2  
10  2  28  182  384  314  1  -2  
10  2  28  191  384  314  1  -2  
10  2  28  199  384  314  1  -2  
10  2  28  207  384  314  1  -2  
10  2  28  216  384  314  1  -2  
10  2  28  225  384  314  1  -2  
10  2  28  232  384  314  1  -2  
10  2  28  240  384  314  1  -2  
10  2  28  249  384  314  1  -2  
10  2  28  259  384  314  1  -2  
10  2  28  266  384  314  1  -2  
10  2  28  274  384  314  1  -2  
10  2  28  283  384  314  1  -2  
10  2  28  291  384  314  1  -2  
10  2  28  299  384  314  1  -2  
10  2  28  307  384  314  1  -2  
10  2  28  316  384  314  1  -2  
10  2  28  325  384  314  1  -2  
10  2  28  332  384  314  1  -2  
10  2  28  341  384  314  1  -2  
10  2  28  349  384  314  1  -2  
10  2  28  357  384  314  1  -2  
10  2  28  366  384  314  1  -2  
10  2  28  375  384  314  1  -2  
10  2  28  382  384  314  1  -2  
10  2  28  390  384  314  1  -2  
10  2  28  399  384  314  1  -2  
10  2  28  407  384  314  1  -2  
10  2  28  416  386  313  1  -2  
10  2  28  424  388  312  1  -2  
10  2  28  432  390  312  1  -2  
10  2  28  441  392  311  1  -2  
10  2  28  449  396  310  1  -2  
10  2  28  459  398  310  1  -2  
10  2  28  466  400  310  1  -2  
10  2  28  475  403  308  1  -2  
10  2  28  483  405  308  1  -2  
10  2  28  492  406  308  1  -2  
10  2  28  501  412  307  1  -2  
10  2  28  508  415  307  1  -2  
10  2  28  516  416  307  1  -2  
10  2  28  526  420  306  1  -2  
10  2  28  534  424  306  1  -2  
10  2  28  542  425  306  1  -2  
10  2  28  549  430  306  1  -2  
10  2  28  559  434  306  1  -2  
10  2  28  566  439  306  1  -2  
10  2  28  574  443  306  1  -2  
10  2  28  584  447  306  1  -2  
10  2  28  592  448  306  1  -2  
10  2  28  600  451  306  1  -2  
10  2  28  609  452  306  1  -2  
10  2  28  616  452  306  1  -2  
10  2  28  626  453  306  1  -2  
10  2  28  634  455  306  1  -2  
10  2  28  642  456  306  1  -2  
10  2  28  648  460  306  1  -2  
10  2  28  658  465  306  1  -2  
10  2  28  665  470  306  1  -2  
10  2  28  676  477  308  1  -2  
10  2  28  683  495  312  2  -2  
10  2  28  692  501  312  2  -2  
10  2  28  700  506  314  2  -2  
10  2  28  710  509  314  2  -2  
10  2  28  716  511  314  2  -2  
10  2  28  727  512  314  2  -2  
10  2  28  734  513  314  2  -2  
10  2  28  743  514  314  2  -2  
10  2  28  749  515  314  2  -2  
10  2  28  759  517  314  2  -2  
10  2  28  766  519  314  2  -2  
10  2  28  775  522  314  2  -2  
10  2  28  784  525  314  2  -2  
10  2  28  793  528  314  2  -2  
10  2  28  799  530  314  2  -2  
10  2  28  809  532  314  2  -2  
10  2  28  816  533  314  2  -2  
10  2  28  825  534  314  2  -2  
10  2  28  834  534  314  2  -2  
10  2  28  843  534  314  2  -2  
10  2  28  849  534  314  2  -2  
10  2  28  859  534  314  2  -2  
10  2  28  866  534  314  2  -2  
10  2  28  875  534  314  2  -2  
10  2  28  884  534  314  2  -2  
10  2  29  893  534  314  2  -2  
10  2  29  899  534  314  2  -2  
10  2  29  910  534  314  2  -2  
10  2  29  917  534  314  2  -2  
10  2  29  925  534  314  2  -2  
10  2  29  934  534  314  2  -2  
10  2  29  946  534  314  2  -2  
10  2  29  954  534  314  2  -2  
10  2  29  963  534  314  2  -2  
10  2  29  972  534  314  2  -2  
10  2  29  980  534  314  2  -2  
10  2  29  988  534  314  2  -2  
10  2  29  997  534  314  2  -2  
10  2  29  1005  534  314  2  -2  
10  2  29  1014  534  314  2  -2  
10  2  29  1022  534  314  2  -2  
10  2  29  1030  534  314  2  -2  
10  2  29  1038  534  314  2  -2  
10  2  29  1047  534  314  2  -2  
10  2  29  1055  534  314  2  -2  
10  2  29  1067  534  314  2  -2  
10  2  29  1077  534  314  2  -2  
10  2  29  1085  533  314  2  -2  
10  2  29  1094  532  314  2  -2  
10  2  29  1103  532  314  2  -2  
10  2  29  1113  531  314  2  -2  
10  2  29  1122  528  314  2  -2  
10  2  29  1132  527  313  2  -2  
10  2  29  1140  520  312  2  -2  
10  2  29  1149  515  310  2  -2  
10  2  29  1159  510  310  2  -2  
10  2  29  1166  503  309  2  -2  
10  2  29  1176  496  308  2  -2  
10  2  29  1185  486  306  2  -2  
10  2  29  1194  479  306  2  -2  
10  2  29  1202  472  306  2  -2  
10  2  29  1212  465  306  2  -2  
10  2  29  1220  456  306  2  -2  
10  2  29  1230  451  306  2  -2  
10  2  29  1239  449  306  2  -2  
10  2  29  1249  446  306  2  -2  
10  2  29  1259  442  304  2  -2  
10  2  29  1267  439  304  2  -2  
10  2  29  1279  432  304  2  -2  
10  2  29  1286  427  304  2  -2  
10  2  29  1297  421  304  2  -2  
10  2  29  1306  413  304  2  -2  
10  2  29  1315  408  304  2  -2  
10  2  29  1326  398  304  3  -2  
10  2  29  1335  395  304  3  -2  
10  2  29  1346  390  304  3  -2  
10  2  29  1352  386  304  3  -2  
10  2  29  1362  382  304  3  -2  
10  2  29  1370  379  304  3  -2  
10  2  29  1378  377  304  3  -2  
10  2  29  1387  376  304  3  -2  
10  2  29  1395  373  304  3  -2  
10  2  29  1404  373  304  3  -2  
10  2  29  1412  373  304  3  -2  
10  2  29  1420  373  304  3  -2  
10  2  29  1428  373  304  3  -2  
10  2  29  1437  373  304  3  -2  
10  2  29  1445  373  304  3  -2  
10  2  29  1454  373  304  3  -2  
10  2  29  1463  373  304  3  -2  
10  2  29  1470  373  304  3  -2  
10  2  29  1479  373  304  3  -2  
10  2  29  1487  373  304  3  -2  
10  2  29  1495  373  304  3  -2  
10  2  29  1504  373  304  3  -2  
10  2  29  1514  373  304  3  -2  
10  2  29  1521  373  304  3  -2  
10  2  29  1529  373  304  3  -2  
10  2  29  1536  373  304  3  -2  
10  2  29  1546  373  304  3  -2  
10  2  29  1554  373  304  3  -2  
10  2  29  1563  373  304  3  -2  
10  2  29  1570  373  304  3  -2  
10  2  29  1580  373  304  3  -2  
10  2  29  1587  373  304  3  -2  
10  2  29  1596  373  304  3  -2  
10  2  29  1605  373  304  3  -2  
10  2  29  1614  373  304  3  -2  
10  2  29  1622  373  304  3  -2  
10  2  29  1629  373  304  3  -2  
10  2  29  1637  373  304  3  -2  
10  2  29  1646  373  304  3  -2  
10  2  29  1654  373  304  3  -2  
10  2  29  1663  373  304  3  -2  
10  2  29  1671  373  304  3  -2  
10  2  29  1681  373  304  3  -2  
10  2  29  1687  373  304  3  -2  
10  2  29  1697  373  304  3  -2  
10  2  29  1705  373  304  3  -2  
10  2  29  1714  373  304  3  -2  
10  2  29  1721  373  304  3  -2  
10  2  29  1730  373  304  3  -2  
10  2  29  1738  373  304  3  -2  
10  2  29  1746  373  304  3  -2  
10  2  29  1756  373  304  3  -2  
10  2  29  1763  373  304  3  -2  
10  2  29  1771  373  304  3  -2  
10  2  29  1780  373  304  3  -2  
10  2  29  1788  373  304  3  -2  
10  2  29  1796  373  304  3  -2  
10  2  29  1805  373  304  3  -2  
10  2  29  1814  373  304  3  -2  
10  2  29  1821  373  304  3  -2  
10  2  29  1829  373  304  3  -2  
10  2  29  1839  373  304  3  -2  
10  2  29  1848  373  304  3  -2  
10  2  29  1855  373  304  3  -2  
10  2  29  1864  373  304  3  -2  
10  2  29  1871  373  304  3  -2  
10  2  29  1879  373  304  3  -2  
10  2  29  1888  373  304  3  -2  
10  2  30  1897  373  304  3  -2  
10  2  30  1905  373  304  3  -2  
10  2  30  1914  373  304  3  -2  
10  2  30  1921  373  304  3  -2  
10  2  30  1930  373  304  3  -2  
10  2  30  1938  373  304  3  -2  
10  2  30  1947  373  304  3  -2  
10  2  30  1955  373  304  3  -2  
10  2  30  1964  373  304  3  -2  
10  2  30  1972  373  304  3  -2  
10  2  30  1980  373  304  3  -2  
10  2  30  1988  373  304  3  -2  
10  2  30  1996  373  304  3  -2  
10  2  30  2006  373  304  3  -2  
10  2  30  2014  373  304  3  -2  
10  2  30  2022  374  304  3  -2  
10  2  30  2030  374  304  3  -2  
10  2  30  2038  376  304  3  -2  
10  2  30  2046  377  304  3  -2  
10  2  30  2055  377  304  3  -2  
10  2  30  2065  377  304  3  -2  
10  2  30  2072  378  304  3  -2  
10  2  30  2080  378  304  3  -2  
10  2  30  2090  380  304  3  -2  
10  2  30  2098  380  304  3  -2  
10  2  30  2107  380  304  3  -2  
10  2  30  2115  381  304  3  -2  
10  2  30  2125  382  304  3  -2  
10  2  30  2132  383  304  3  -2  
10  2  30  2142  384  304  3  -2  
10  2  30  2148  384  304  3  -2  
10  2  30  2159  385  304  3  -2  
10  2  30  2165  385  304  3  -2  
10  2  30  2176  385  304  3  -2  
10  2  30  2184  387  304  3  -2  
10  2  30  2193  389  304  3  -2  
10  2  30  2198  389  304  3  -2  
10  2  30  2209  389  304  3  -2  
10  2  30  2215  391  304  3  -2  
10  2  30  2226  392  304  3  -2  
10  2  30  2234  392  304  3  -2  
10  2  30  2243  392  304  3  -2  
10  2  30  2249  393  304  3  -2  
10  2  30  2260  393  304  3  -2  
10  2  30  2266  396  304  3  -2  
10  2  30  2277  396  304  3  -2  
10  2  30  2285  399  304  3  -2  
10  2  30  2294  400  304  3  -2  
10  2  30  2302  402  304  3  -2  
10  2  30  2311  403  304  3  -2  
10  2  30  2318  405  304  3  -2  
10  2  30  2327  407  304  3  -2  
10  2  30  2334  408  304  3  -2  
10  2  30  2344  410  304  3  -2  
10  2  30  2351  411  304  3  -2  
10  2  30  2360  412  304  3  -2  
10  2  30  2367  414  304  3  -2  
10  2  30  2377  415  304  3  -2  
10  2  30  2385  416  304  3  -2  
10  2  30  2393  418  304  3  -2  
10  2  30  2401  420  304  3  -2  
10  2  30  2409  420  304  3  -2  
10  2  30  2416  424  304  3  -2  
10  2  30  2426  426  304  3  -2  
10  2  30  2434  431  304  3  -2  
10  2  30  2444  431  304  3  -2  
10  2  30  2449  433  304  3  -2  
10  2  30  2460  433  304  3  -2  
10  2  30  2469  436  304  3  -2  
10  2  30  2479  438  304  3  -2  
10  2  30  2487  439  304  3  -2  
10  2  30  2496  440  304  3  -2  
10  2  30  2506  442  304  3  -2  
10  2  30  2515  445  304  3  -2  
10  2  30  2524  448  305  3  -2  
10  2  30  2532  451  305  3  -2  
10  2  30  2541  454  306  3  -2  
10  2  30  2548  457  306  3  -2  
10  2  30  2557  463  307  3  -2  
10  2  30  2564  463  308  3  -2  
10  2  30  2574  467  308  3  -2  
10  2  30  2582  469  309  3  -2  
10  2  30  2592  470  309  3  -2  
10  2  30  2597  471  309  3  -2  
10  2  30  2606  473  309  3  -2  
10  2  30  2614  475  309  3  -2  
10  2  30  2626  478  310  3  -2  
10  2  30  2631  479  311  3  -2  
10  2  30  2643  483  312  3  -2  
10  2  30  2648  489  313  3  -2  
10  2  30  2660  489  313  3  -2  
10  2  30  2665  498  315  4  -2  
10  2  30  2676  498  315  4  -2  
10  2  30  2682  503  317  4  -2  
10  2  30  2692  503  317  4  -2  
10  2  30  2699  507  319  4  -2  
10  2  30  2709  507  319  4  -2  
10  2  30  2716  507  319  4  -2  
10  2  30  2726  507  319  4  -2  
10  2  30  2733  507  319  4  -2  
10  2  30  2743  507  319  4  -2  
10  2  30  2749  508  319  4  -2  
10  2  30  2759  508  319  4  -2  
10  2  30  2765  508  319  4  -2  
10  2  30  2776  509  319  4  -2  
10  2  30  2784  510  319  4  -2  
10  2  30  2793  510  319  4  -2  
10  2  30  2799  510  319  4  -2  
10  2  30  2809  510  319  4  -2  
10  2  30  2816  510  319  4  -2  
10  2  30  2825  511  319  4  -2  
10  2  30  2833  511  319  4  -2  
10  2  30  2843  511  319  4  -2  
10  2  30  2849  511  319  4  -2  
10  2  30  2859  511  319  4  -2  
10  2  30  2867  512  319  4  -2  
10  2  30  2876  512  319  4  -2  
10  2  30  2883  512  319  4  -2  
10  2  31  2892  512  319  4  -2  
10  2  31  2899  512  319  4  -2  
10  2  31  2909  512  319  4  -2  
10  2  31  2916  512  319  4  -2  
10  2  31  2926  512  319  4  -2  
10  2  31  2934  512  319  4  -2  
10  2  31  2943  512  319  4  -2  
10  2  31  2949  512  319  4  -2  
10  2  31  2959  512  319  4  -2  
10  2  31  2966  512  319  4  -2  
10  2  31  2976  512  319  4  -2  
10  2  31  2983  512  319  4  -2  
10  2  31  2993  512  319  4  -2  
10  2  31  3000  512  319  4  -2  
10  2  31  3010  512  319  4  -2  
10  2  31  3018  512  319  4  -2  
10  2  31  3028  512  319  4  -2  
10  2  31  3037  512  319  4  -2  
10  2  31  3046  512  319  4  -2  
10  2  31  3056  512  319  4  -2  
10  2  31  3064  512  319  4  -2  
10  2  31  3074  512  319  4  -2  
10  2  31  3080  512  319  4  -2  
10  2  31  3089  512  319  4  -2  
10  2  31  3097  511  318  4  -2  
10  2  31  3106  510  318  4  -2  
10  2  31  3114  505  318  4  -2  
10  2  31  3123  496  318  4  -2  
10  2  31  3132  488  318  4  -2  
10  2  31  3141  463  315  4  -2  
10  2  31  3146  446  312  4  -2  
10  2  31  3157  446  312  4  -2  
10  2  31  3164  413  308  4  -2  
