14  16  46  0  359  331  1  -2  
14  16  46  6  359  331  1  -2  
14  16  46  15  359  331  1  -2  
14  16  46  24  359  331  1  -2  
14  16  46  33  359  331  1  -2  
14  16  46  39  359  331  1  -2  
14  16  46  51  359  331  1  -2  
14  16  46  57  359  331  1  -2  
14  16  46  69  359  331  1  -2  
14  16  46  78  359  331  1  -2  
14  16  46  87  359  331  1  -2  
14  16  46  96  359  331  1  -2  
14  16  46  103  359  331  1  -2  
14  16  46  111  359  331  1  -2  
14  16  46  123  359  331  1  -2  
14  16  46  133  359  331  1  -2  
14  16  46  141  359  331  1  -2  
14  16  46  151  359  331  1  -2  
14  16  46  159  359  331  1  -2  
14  16  46  168  359  331  1  -2  
14  16  46  178  359  331  1  -2  
14  16  46  187  359  331  1  -2  
14  16  46  195  359  331  1  -2  
14  16  46  206  359  331  1  -2  
14  16  46  212  359  331  1  -2  
14  16  46  221  359  331  1  -2  
14  16  46  229  359  331  1  -2  
14  16  46  238  359  331  1  -2  
14  16  46  248  359  331  1  -2  
14  16  46  256  359  331  1  -2  
14  16  46  266  359  331  1  -2  
14  16  46  272  359  331  1  -2  
14  16  46  282  359  331  1  -2  
14  16  46  289  359  331  1  -2  
14  16  46  298  359  331  1  -2  
14  16  46  306  359  331  1  -2  
14  16  46  314  359  331  1  -2  
14  16  46  323  359  331  1  -2  
14  16  46  333  359  331  1  -2  
14  16  46  339  359  331  1  -2  
14  16  46  349  359  331  1  -2  
14  16  46  356  359  331  1  -2  
14  16  46  368  359  331  1  -2  
14  16  46  376  359  331  1  -2  
14  16  46  385  359  331  1  -2  
14  16  46  392  359  331  1  -2  
14  16  46  402  359  331  1  -2  
14  16  46  410  359  331  1  -2  
14  16  46  420  359  331  1  -2  
14  16  46  429  359  331  1  -2  
14  16  46  438  359  331  1  -2  
14  16  46  448  359  331  1  -2  
14  16  46  455  359  331  1  -2  
14  16  46  466  359  331  1  -2  
14  16  46  474  359  331  1  -2  
14  16  46  484  359  331  1  -2  
14  16  46  494  359  331  1  -2  
14  16  46  502  359  331  1  -2  
14  16  46  513  359  331  1  -2  
14  16  46  521  359  331  1  -2  
14  16  46  533  359  331  1  -2  
14  16  46  540  359  331  1  -2  
14  16  46  551  359  331  1  -2  
14  16  46  557  359  331  1  -2  
14  16  47  568  359  331  1  -2  
14  16  47  576  359  331  1  -2  
14  16  47  585  359  331  1  -2  
14  16  47  593  359  331  1  -2  
14  16  47  603  359  331  1  -2  
14  16  47  612  359  331  1  -2  
14  16  47  622  359  331  1  -2  
14  16  47  632  360  331  1  -2  
14  16  47  642  362  331  1  -2  
14  16  47  653  366  331  1  -2  
14  16  47  663  379  331  1  -2  
14  16  47  673  388  331  1  -2  
14  16  47  684  399  331  1  -2  
14  16  47  692  419  331  1  -2  
14  16  47  702  429  331  1  -2  
14  16  47  710  436  331  1  -2  
14  16  47  720  448  331  1  -2  
14  16  47  731  455  331  1  -2  
14  16  47  740  462  334  1  -2  
14  16  47  752  484  336  1  -2  
14  16  47  758  493  338  1  -2  
14  16  47  768  501  340  1  -2  
14  16  47  776  511  340  2  -2  
14  16  47  784  518  341  2  -2  
14  16  47  791  527  341  2  -2  
14  16  47  800  530  341  2  -2  
14  16  47  809  531  341  2  -2  
14  16  47  818  531  341  2  -2  
14  16  47  825  531  341  2  -2  
14  16  47  834  531  341  2  -2  
14  16  47  841  531  341  2  -2  
14  16  47  851  531  341  2  -2  
14  16  47  858  531  341  2  -2  
14  16  47  868  531  341  2  -2  
14  16  47  874  531  341  2  -2  
14  16  47  884  531  341  2  -2  
14  16  47  892  531  341  2  -2  
14  16  47  901  531  341  2  -2  
14  16  47  908  531  341  2  -2  
14  16  47  918  531  341  2  -2  
14  16  47  926  531  341  2  -2  
14  16  47  933  531  341  2  -2  
14  16  47  941  531  341  2  -2  
14  16  47  951  531  341  2  -2  
14  16  47  958  529  341  2  -2  
14  16  47  968  523  340  2  -2  
14  16  47  974  514  339  2  -2  
14  16  47  984  502  338  2  -2  
14  16  47  991  491  335  2  -2  
14  16  47  1000  477  335  2  -2  
14  16  47  1008  464  335  2  -2  
14  16  47  1018  452  335  2  -2  
14  16  47  1025  442  334  2  -2  
14  16  47  1034  432  334  2  -2  
14  16  47  1041  424  334  2  -2  
14  16  47  1050  417  334  2  -2  
14  16  47  1059  410  334  2  -2  
14  16  47  1069  407  334  2  -2  
14  16  47  1077  400  334  2  -2  
14  16  47  1086  396  334  2  -2  
14  16  47  1094  391  334  3  -2  
14  16  47  1102  384  333  3  -2  
14  16  47  1111  377  333  3  -2  
14  16  47  1119  371  333  3  -2  
14  16  47  1130  366  333  3  -2  
14  16  47  1137  359  333  3  -2  
14  16  47  1148  355  333  3  -2  
14  16  47  1157  353  333  3  -2  
14  16  47  1167  352  333  3  -2  
14  16  47  1175  351  333  3  -2  
14  16  47  1184  351  333  3  -2  
14  16  47  1192  349  332  3  -2  
14  16  47  1200  349  332  3  -2  
14  16  47  1208  349  332  3  -2  
14  16  47  1218  349  332  3  -2  
14  16  47  1226  349  332  3  -2  
14  16  47  1233  349  332  3  -2  
14  16  47  1241  349  332  3  -2  
14  16  47  1250  349  332  3  -2  
14  16  47  1258  349  332  3  -2  
14  16  47  1267  349  332  3  -2  
14  16  47  1275  349  332  3  -2  
14  16  47  1284  349  332  3  -2  
14  16  47  1290  349  332  3  -2  
14  16  47  1301  349  332  3  -2  
14  16  47  1308  349  332  3  -2  
14  16  47  1318  349  332  3  -2  
14  16  47  1325  349  332  3  -2  
14  16  47  1334  349  332  3  -2  
14  16  47  1340  349  332  3  -2  
14  16  47  1352  349  332  3  -2  
14  16  47  1359  349  332  3  -2  
14  16  47  1368  349  332  3  -2  
14  16  47  1375  349  332  3  -2  
14  16  47  1384  349  332  3  -2  
14  16  47  1392  349  332  3  -2  
14  16  47  1401  349  332  3  -2  
14  16  47  1408  349  332  3  -2  
14  16  47  1417  349  332  3  -2  
14  16  47  1425  349  332  3  -2  
14  16  47  1434  349  332  3  -2  
14  16  47  1442  349  332  3  -2  
14  16  47  1451  349  332  3  -2  
14  16  47  1460  349  332  3  -2  
14  16  47  1468  349  332  3  -2  
14  16  47  1476  349  332  3  -2  
14  16  47  1484  349  332  3  -2  
14  16  47  1492  349  332  3  -2  
14  16  47  1501  349  332  3  -2  
14  16  47  1509  349  332  3  -2  
14  16  47  1518  349  332  3  -2  
14  16  47  1525  349  332  3  -2  
14  16  47  1535  349  332  3  -2  
14  16  47  1542  349  332  3  -2  
14  16  47  1551  349  332  3  -2  
14  16  47  1559  349  332  3  -2  
14  16  48  1567  349  332  3  -2  
14  16  48  1575  349  332  3  -2  
14  16  48  1584  349  332  3  -2  
14  16  48  1591  349  332  3  -2  
14  16  48  1601  349  332  3  -2  
14  16  48  1609  349  332  3  -2  
14  16  48  1617  349  332  3  -2  
14  16  48  1625  349  332  3  -2  
14  16  48  1634  349  332  3  -2  
14  16  48  1642  352  332  3  -2  
14  16  48  1651  358  332  3  -2  
14  16  48  1659  366  332  3  -2  
14  16  48  1667  380  332  3  -2  
14  16  48  1676  396  332  3  -2  
14  16  48  1684  414  332  3  -2  
14  16  48  1692  434  332  3  -2  
14  16  48  1701  455  332  3  -2  
14  16  48  1709  488  332  3  -2  
14  16  48  1720  503  332  4  -2  
14  16  48  1731  516  332  4  -2  
14  16  48  1740  530  332  4  -2  
14  16  48  1753  541  332  4  -2  
14  16  48  1762  560  332  4  -2  
14  16  48  1771  567  332  4  -2  
14  16  48  1788  573  332  4  -2  
14  16  48  1798  581  332  4  -2  
14  16  48  1806  582  332  4  -2  
14  16  48  1815  582  332  4  -2  
14  16  48  1823  582  332  4  -2  
14  16  48  1831  582  332  4  -2  
14  16  48  1839  582  332  4  -2  
14  16  48  1851  582  332  4  -2  
14  16  48  1859  582  332  4  -2  
14  16  48  1869  582  331  4  -2  
14  16  48  1876  582  330  4  -2  
14  16  48  1885  582  330  4  -2  
14  16  48  1893  579  329  4  -2  
14  16  48  1902  577  329  4  -2  
14  16  48  1910  570  325  4  -2  
14  16  48  1919  563  324  4  -2  
14  16  48  1929  553  323  4  -2  
14  16  48  1936  545  323  4  -2  
14  16  48  1947  537  322  4  -2  
14  16  48  1952  529  322  4  -2  
14  16  48  1961  521  322  4  -2  
14  16  48  1970  512  322  4  -2  
14  16  48  1981  502  322  4  -2  
14  16  48  1991  481  322  4  -2  
14  16  48  2002  467  322  4  -2  
14  16  48  2009  457  322  4  -2  
14  16  48  2017  450  322  4  -2  
14  16  48  2026  444  322  4  -2  
14  16  48  2034  439  322  4  -2  
14  16  48  2042  433  322  4  -2  
14  16  48  2051  430  322  4  -2  
14  16  48  2060  425  322  4  -2  
14  16  48  2070  415  320  4  -2  
14  16  48  2080  410  319  4  -2  
14  16  48  2087  405  319  4  -2  
14  16  48  2099  399  318  5  -2  
14  16  48  2107  394  318  5  -2  
14  16  48  2118  386  316  5  -2  
14  16  48  2126  375  314  5  -2  
14  16  48  2133  372  313  5  -2  
14  16  48  2142  369  313  5  -2  
14  16  48  2151  367  313  5  -2  
14  16  48  2159  366  313  5  -2  
14  16  48  2167  364  313  5  -2  
14  16  48  2176  363  313  5  -2  
14  16  48  2183  362  313  5  -2  
14  16  48  2192  362  313  5  -2  
14  16  48  2201  362  313  5  -2  
14  16  48  2209  362  313  5  -2  
14  16  48  2217  361  313  5  -2  
14  16  48  2226  360  313  5  -2  
14  16  48  2235  358  313  5  -2  
14  16  48  2244  358  313  5  -2  
14  16  48  2252  355  313  5  -2  
14  16  48  2261  355  313  5  -2  
14  16  48  2270  355  313  5  -2  
14  16  48  2279  355  313  5  -2  
14  16  48  2286  355  313  5  -2  
14  16  48  2294  355  313  5  -2  
14  16  48  2303  355  313  5  -2  
14  16  48  2311  355  313  5  -2  
14  16  48  2320  355  313  5  -2  
14  16  48  2329  355  313  5  -2  
14  16  48  2338  355  313  5  -2  
14  16  48  2344  355  313  5  -2  
14  16  48  2356  355  313  5  -2  
14  16  48  2368  355  313  5  -2  
14  16  48  2374  355  313  5  -2  
14  16  48  2382  355  313  5  -2  
14  16  48  2391  355  313  5  -2  
14  16  48  2400  355  313  5  -2  
14  16  48  2407  355  313  5  -2  
14  16  48  2417  355  313  5  -2  
14  16  48  2424  355  313  5  -2  
14  16  48  2433  355  313  5  -2  
14  16  48  2441  355  313  5  -2  
14  16  48  2450  355  313  5  -2  
14  16  48  2458  355  313  5  -2  
14  16  48  2466  355  313  5  -2  
14  16  48  2475  355  313  5  -2  
14  16  48  2484  355  313  5  -2  
14  16  48  2493  355  313  5  -2  
14  16  48  2502  355  313  5  -2  
