12  21  2  0  366  314  1  -2  
12  21  2  7  366  314  1  -2  
12  21  2  16  366  314  1  -2  
12  21  2  25  366  314  1  -2  
12  21  2  32  366  314  1  -2  
12  21  2  41  366  314  1  -2  
12  21  2  48  366  314  1  -2  
12  21  2  57  366  314  1  -2  
12  21  2  65  366  314  1  -2  
12  21  2  74  367  314  1  -2  
12  21  2  82  367  314  1  -2  
12  21  2  91  369  314  1  -2  
12  21  2  101  370  314  1  -2  
12  21  2  109  373  314  1  -2  
12  21  2  116  376  312  1  -2  
12  21  2  126  376  312  1  -2  
12  21  2  133  379  311  1  -2  
12  21  2  142  379  311  1  -2  
12  21  2  151  381  310  1  -2  
12  21  2  159  383  310  1  -2  
12  21  2  168  383  310  1  -2  
12  21  2  175  386  310  1  -2  
12  21  2  185  387  310  1  -2  
12  21  2  193  390  310  1  -2  
12  21  2  202  392  310  1  -2  
12  21  2  210  395  310  1  -2  
12  21  2  218  397  310  1  -2  
12  21  2  226  400  310  1  -2  
12  21  2  234  401  310  1  -2  
12  21  2  242  404  310  1  -2  
12  21  2  251  406  309  1  -2  
12  21  2  260  408  309  1  -2  
12  21  2  267  410  309  1  -2  
12  21  2  276  414  307  1  -2  
12  21  2  284  418  307  1  -2  
12  21  2  293  420  307  1  -2  
12  21  2  301  422  307  1  -2  
12  21  2  308  425  307  1  -2  
12  21  2  318  425  307  1  -2  
12  21  2  325  427  307  1  -2  
12  21  2  333  429  307  1  -2  
12  21  2  342  429  307  1  -2  
12  21  2  351  431  307  1  -2  
12  21  2  360  432  307  1  -2  
12  21  2  367  434  307  1  -2  
12  21  2  376  437  307  1  -2  
12  21  2  384  439  307  1  -2  
12  21  2  392  442  307  1  -2  
12  21  2  401  444  307  1  -2  
12  21  2  409  447  307  1  -2  
12  21  2  417  450  307  1  -2  
12  21  2  426  451  307  1  -2  
12  21  2  434  452  307  1  -2  
12  21  2  442  454  307  1  -2  
12  21  2  451  455  307  1  -2  
12  21  2  460  455  307  1  -2  
12  21  2  467  458  307  1  -2  
12  21  2  477  458  307  1  -2  
12  21  2  484  461  307  1  -2  
12  21  2  492  462  307  1  -2  
12  21  2  501  463  307  1  -2  
12  21  2  510  465  307  1  -2  
12  21  2  518  466  307  1  -2  
12  21  2  526  467  307  1  -2  
12  21  2  534  467  307  1  -2  
12  21  2  542  470  308  1  -2  
12  21  2  551  472  309  1  -2  
12  21  2  560  473  309  1  -2  
12  21  2  568  475  309  1  -2  
12  21  2  576  479  312  1  -2  
12  21  2  585  480  312  1  -2  
12  21  2  592  483  312  1  -2  
12  21  2  601  487  312  1  -2  
12  21  2  609  489  313  1  -2  
12  21  2  618  489  313  1  -2  
12  21  2  626  489  313  1  -2  
12  21  2  634  491  313  1  -2  
12  21  2  643  491  313  1  -2  
12  21  2  651  491  313  1  -2  
12  21  2  659  491  313  1  -2  
12  21  2  668  491  313  1  -2  
12  21  2  677  491  313  1  -2  
12  21  2  684  491  313  1  -2  
12  21  2  692  491  313  1  -2  
12  21  2  701  492  313  1  -2  
12  21  2  710  492  313  1  -2  
12  21  2  718  492  313  1  -2  
12  21  2  726  492  313  1  -2  
12  21  3  735  492  313  1  -2  
12  21  3  742  492  313  1  -2  
12  21  3  751  492  313  1  -2  
12  21  3  759  492  313  1  -2  
12  21  3  766  492  313  1  -2  
12  21  3  775  492  313  1  -2  
12  21  3  783  492  313  1  -2  
12  21  3  791  492  313  1  -2  
12  21  3  800  492  313  1  -2  
12  21  3  809  492  313  1  -2  
12  21  3  817  492  313  1  -2  
12  21  3  825  492  313  1  -2  
12  21  3  833  492  313  1  -2  
12  21  3  841  492  313  1  -2  
12  21  3  850  492  313  1  -2  
12  21  3  858  492  313  1  -2  
12  21  3  867  492  313  1  -2  
12  21  3  875  492  313  1  -2  
12  21  3  884  492  313  1  -2  
12  21  3  892  492  313  1  -2  
12  21  3  900  492  313  1  -2  
12  21  3  909  492  313  1  -2  
12  21  3  917  492  313  1  -2  
12  21  3  925  492  313  1  -2  
12  21  3  933  492  313  1  -2  
12  21  3  941  492  313  1  -2  
12  21  3  951  492  313  1  -2  
12  21  3  960  492  313  1  -2  
12  21  3  966  492  313  1  -2  
12  21  3  975  492  313  1  -2  
12  21  3  984  492  313  1  -2  
12  21  3  991  492  313  1  -2  
12  21  3  1000  492  313  1  -2  
12  21  3  1009  492  313  1  -2  
12  21  3  1016  492  313  1  -2  
12  21  3  1025  492  313  1  -2  
12  21  3  1034  492  313  1  -2  
12  21  3  1041  492  313  1  -2  
12  21  3  1051  492  313  1  -2  
12  21  3  1060  492  313  1  -2  
12  21  3  1065  492  313  1  -2  
12  21  3  1075  492  313  1  -2  
12  21  3  1084  492  313  1  -2  
12  21  3  1092  492  313  1  -2  
12  21  3  1100  492  313  1  -2  
12  21  3  1108  492  313  1  -2  
12  21  3  1117  492  313  1  -2  
12  21  3  1125  492  313  1  -2  
12  21  3  1134  492  313  1  -2  
12  21  3  1141  492  313  1  -2  
12  21  3  1150  492  313  1  -2  
12  21  3  1158  493  313  1  -2  
12  21  3  1167  494  313  1  -2  
12  21  3  1175  496  313  2  -2  
12  21  3  1183  498  314  2  -2  
12  21  3  1191  501  316  2  -2  
12  21  3  1201  501  316  2  -2  
12  21  3  1209  503  316  2  -2  
12  21  3  1216  504  316  2  -2  
12  21  3  1225  505  316  2  -2  
12  21  3  1234  507  316  2  -2  
12  21  3  1241  509  317  2  -2  
12  21  3  1251  511  317  2  -2  
12  21  3  1258  515  318  2  -2  
12  21  3  1281  522  318  2  -2  
12  21  3  1288  527  320  2  -2  
12  21  3  1297  528  320  2  -2  
12  21  3  1306  530  320  2  -2  
12  21  3  1313  531  320  2  -2  
12  21  3  1321  532  320  2  -2  
12  21  3  1331  532  320  2  -2  
12  21  3  1338  532  320  2  -2  
12  21  3  1347  532  320  2  -2  
12  21  3  1355  532  320  2  -2  
12  21  3  1364  532  320  2  -2  
12  21  3  1371  532  320  2  -2  
12  21  3  1381  532  320  2  -2  
12  21  3  1389  532  321  2  -2  
12  21  3  1397  532  321  2  -2  
12  21  3  1405  532  321  2  -2  
12  21  3  1414  531  321  2  -2  
12  21  3  1421  531  321  2  -2  
12  21  3  1431  530  321  2  -2  
12  21  3  1438  530  321  2  -2  
12  21  3  1447  530  321  2  -2  
12  21  3  1455  530  321  2  -2  
12  21  3  1464  530  321  2  -2  
12  21  3  1472  530  321  2  -2  
12  21  3  1481  528  321  2  -2  
12  21  3  1489  528  321  2  -2  
12  21  3  1497  528  321  2  -2  
12  21  3  1504  528  321  2  -2  
12  21  3  1514  526  321  2  -2  
12  21  3  1522  526  321  2  -2  
12  21  3  1531  526  321  2  -2  
12  21  3  1540  526  321  2  -2  
12  21  3  1547  526  321  2  -2  
12  21  3  1555  526  321  2  -2  
12  21  3  1564  524  321  2  -2  
12  21  3  1573  522  321  2  -2  
12  21  3  1581  519  321  2  -2  
12  21  3  1589  518  321  2  -2  
12  21  3  1597  513  321  2  -2  
12  21  3  1605  509  320  2  -2  
12  21  3  1614  504  320  2  -2  
12  21  3  1622  499  320  2  -2  
12  21  3  1631  489  320  2  -2  
12  21  3  1639  482  320  2  -2  
12  21  3  1647  473  319  2  -2  
12  21  3  1656  465  317  2  -2  
12  21  3  1663  457  315  2  -2  
12  21  3  1672  452  315  2  -2  
12  21  3  1681  447  314  2  -2  
12  21  3  1690  441  313  2  -2  
12  21  3  1697  436  313  2  -2  
12  21  3  1705  431  313  2  -2  
12  21  3  1714  426  313  2  -2  
12  21  3  1722  421  313  2  -2  
12  21  4  1731  416  313  2  -2  
12  21  4  1740  409  313  2  -2  
12  21  4  1748  398  313  3  -2  
12  21  4  1755  393  313  3  -2  
12  21  4  1764  393  313  3  -2  
12  21  4  1773  384  313  3  -2  
12  21  4  1781  381  313  3  -2  
12  21  4  1789  380  313  3  -2  
12  21  4  1797  378  313  3  -2  
12  21  4  1805  377  312  3  -2  
12  21  4  1814  377  312  3  -2  
12  21  4  1822  376  312  3  -2  
12  21  4  1831  376  312  3  -2  
12  21  4  1840  375  312  3  -2  
12  21  4  1847  375  312  3  -2  
12  21  4  1855  372  310  3  -2  
12  21  4  1863  371  310  3  -2  
12  21  4  1872  369  310  3  -2  
12  21  4  1881  367  310  3  -2  
12  21  4  1889  366  310  3  -2  
12  21  4  1898  365  310  3  -2  
12  21  4  1907  365  310  3  -2  
12  21  4  1913  365  310  3  -2  
12  21  4  1922  365  310  3  -2  
12  21  4  1931  365  310  3  -2  
12  21  4  1940  365  310  3  -2  
12  21  4  1949  365  310  3  -2  
12  21  4  1956  365  310  3  -2  
12  21  4  1964  365  310  3  -2  
12  21  4  1973  365  310  3  -2  
12  21  4  1981  364  310  3  -2  
12  21  4  1990  364  310  3  -2  
12  21  4  1997  364  310  3  -2  
12  21  4  2005  364  310  3  -2  
12  21  4  2014  364  310  3  -2  
12  21  4  2022  364  310  3  -2  
12  21  4  2031  364  310  3  -2  
12  21  4  2040  364  310  3  -2  
12  21  4  2047  364  310  3  -2  
12  21  4  2055  364  310  3  -2  
12  21  4  2064  364  310  3  -2  
12  21  4  2072  364  310  3  -2  
12  21  4  2081  364  310  3  -2  
12  21  4  2090  364  310  3  -2  
12  21  4  2097  364  310  3  -2  
12  21  4  2106  364  310  3  -2  
12  21  4  2114  364  310  3  -2  
12  21  4  2122  364  310  3  -2  
12  21  4  2131  364  310  3  -2  
12  21  4  2140  364  310  3  -2  
12  21  4  2149  364  310  3  -2  
12  21  4  2157  364  310  3  -2  
12  21  4  2165  364  310  3  -2  
12  21  4  2173  364  310  3  -2  
12  21  4  2182  364  310  3  -2  
12  21  4  2190  366  310  3  -2  
12  21  4  2198  371  310  3  -2  
12  21  4  2206  377  310  3  -2  
12  21  4  2216  385  310  3  -2  
12  21  4  2222  392  310  3  -2  
12  21  4  2231  402  309  3  -2  
12  21  4  2239  414  308  3  -2  
12  21  4  2249  424  308  3  -2  
12  21  4  2256  434  308  3  -2  
12  21  4  2265  441  308  3  -2  
12  21  4  2273  447  308  3  -2  
12  21  4  2282  451  308  3  -2  
12  21  4  2290  455  308  3  -2  
12  21  4  2298  459  308  3  -2  
12  21  4  2306  460  308  3  -2  
12  21  4  2315  461  308  3  -2  
12  21  4  2324  462  308  3  -2  
12  21  4  2331  463  308  3  -2  
12  21  4  2341  464  308  3  -2  
12  21  4  2347  467  308  3  -2  
12  21  4  2356  467  308  3  -2  
12  21  4  2366  468  308  3  -2  
12  21  4  2374  470  308  3  -2  
12  21  4  2382  471  308  3  -2  
12  21  4  2390  472  308  3  -2  
12  21  4  2397  474  308  3  -2  
12  21  4  2406  474  308  3  -2  
12  21  4  2416  476  308  3  -2  
12  21  4  2423  478  308  3  -2  
12  21  4  2431  480  308  3  -2  
12  21  4  2441  483  308  3  -2  
12  21  4  2449  484  308  3  -2  
12  21  4  2456  488  308  3  -2  
12  21  4  2466  492  308  3  -2  
12  21  4  2474  495  308  4  -2  
12  21  4  2482  497  308  4  -2  
12  21  4  2490  500  308  4  -2  
12  21  4  2497  502  308  4  -2  
12  21  4  2505  504  308  4  -2  
12  21  4  2516  505  308  4  -2  
12  21  4  2522  505  308  4  -2  
12  21  4  2530  505  308  4  -2  
12  21  4  2540  505  308  4  -2  
12  21  4  2548  505  308  4  -2  
12  21  4  2556  505  308  4  -2  
12  21  4  2562  506  308  4  -2  
12  21  4  2572  506  308  4  -2  
12  21  4  2581  506  308  4  -2  
12  21  4  2590  508  308  4  -2  
12  21  4  2597  509  308  4  -2  
12  21  4  2605  510  308  4  -2  
12  21  4  2614  512  308  4  -2  
12  21  4  2623  512  308  4  -2  
12  21  4  2630  513  308  4  -2  
12  21  4  2640  513  308  4  -2  
12  21  4  2646  513  308  4  -2  
12  21  4  2656  514  308  4  -2  
12  21  4  2665  514  308  4  -2  
12  21  4  2672  514  308  4  -2  
12  21  4  2681  515  308  4  -2  
12  21  4  2688  516  308  4  -2  
12  21  4  2698  517  308  4  -2  
12  21  4  2705  517  308  4  -2  
12  21  4  2714  519  308  4  -2  
12  21  4  2721  520  308  4  -2  
12  21  5  2730  521  308  4  -2  
12  21  5  2739  523  308  4  -2  
12  21  5  2747  525  308  4  -2  
12  21  5  2756  525  308  4  -2  
12  21  5  2764  527  308  4  -2  
12  21  5  2773  528  308  4  -2  
12  21  5  2781  531  309  4  -2  
12  21  5  2789  532  309  4  -2  
12  21  5  2797  533  309  4  -2  
12  21  5  2805  535  310  4  -2  
12  21  5  2814  536  310  4  -2  
12  21  5  2823  536  310  4  -2  
12  21  5  2832  536  310  4  -2  
12  21  5  2840  536  310  4  -2  
12  21  5  2847  536  310  4  -2  
12  21  5  2855  536  310  4  -2  
12  21  5  2864  536  310  4  -2  
12  21  5  2872  536  310  4  -2  
12  21  5  2882  536  310  4  -2  
12  21  5  2890  536  310  4  -2  
12  21  5  2898  536  310  4  -2  
12  21  5  2907  536  310  4  -2  
12  21  5  2914  536  310  4  -2  
12  21  5  2922  536  310  4  -2  
12  21  5  2932  536  311  4  -2  
12  21  5  2940  532  311  4  -2  
12  21  5  2948  527  311  4  -2  
12  21  5  2956  520  311  4  -2  
12  21  5  2965  510  311  4  -2  
12  21  5  2973  500  311  4  -2  
12  21  5  2981  489  311  4  -2  
12  21  5  2990  477  311  4  -2  
12  21  5  2997  464  311  4  -2  
12  21  5  3006  452  311  4  -2  
12  21  5  3015  442  311  4  -2  
12  21  5  3022  430  311  4  -2  
12  21  5  3032  419  311  4  -2  
12  21  5  3040  407  311  4  -2  
