16  8  48  0  361  302  1  -2  
16  8  48  10  361  302  1  -2  
16  8  48  17  361  302  1  -2  
16  8  48  25  361  302  1  -2  
16  8  48  34  361  302  1  -2  
16  8  48  42  361  302  1  -2  
16  8  48  51  361  302  1  -2  
16  8  48  58  361  302  1  -2  
16  8  48  67  361  302  1  -2  
16  8  48  76  361  302  1  -2  
16  8  48  84  361  302  1  -2  
16  8  48  92  361  302  1  -2  
16  8  48  100  361  302  1  -2  
16  8  48  109  361  302  1  -2  
16  8  48  117  361  302  1  -2  
16  8  48  126  361  302  1  -2  
16  8  48  134  361  302  1  -2  
16  8  48  142  361  302  1  -2  
16  8  48  151  361  302  1  -2  
16  8  48  160  361  302  1  -2  
16  8  48  168  361  302  1  -2  
16  8  48  176  362  302  1  -2  
16  8  48  184  368  302  1  -2  
16  8  48  192  378  302  1  -2  
16  8  48  200  390  302  1  -2  
16  8  48  210  403  302  1  -2  
16  8  48  217  418  302  1  -2  
16  8  48  227  433  302  1  -2  
16  8  48  234  458  302  1  -2  
16  8  48  243  466  302  1  -2  
16  8  48  251  475  302  1  -2  
16  8  48  261  477  302  1  -2  
16  8  48  268  480  302  1  -2  
16  8  48  278  481  302  1  -2  
16  8  48  284  481  302  1  -2  
16  8  48  292  481  302  1  -2  
16  8  48  301  481  302  1  -2  
16  8  48  311  481  302  1  -2  
16  8  48  318  481  302  1  -2  
16  8  48  325  481  302  1  -2  
16  8  48  334  481  302  1  -2  
16  8  48  342  481  302  1  -2  
16  8  48  351  481  302  1  -2  
16  8  48  360  481  302  1  -2  
16  8  48  369  481  302  1  -2  
16  8  48  377  481  302  1  -2  
16  8  48  384  481  302  1  -2  
16  8  48  392  481  302  1  -2  
16  8  48  402  481  302  1  -2  
16  8  48  411  481  302  1  -2  
16  8  48  418  481  302  1  -2  
16  8  49  426  481  302  1  -2  
16  8  49  434  481  302  1  -2  
16  8  49  442  481  302  1  -2  
16  8  49  451  481  302  1  -2  
16  8  49  461  481  302  1  -2  
16  8  49  468  481  302  1  -2  
16  8  49  477  481  302  1  -2  
16  8  49  484  481  302  1  -2  
16  8  49  492  481  302  1  -2  
16  8  49  501  481  302  1  -2  
16  8  49  511  481  302  1  -2  
16  8  49  518  481  302  1  -2  
16  8  49  528  481  302  1  -2  
16  8  49  535  481  302  1  -2  
16  8  49  544  481  302  1  -2  
16  8  49  551  481  302  1  -2  
16  8  49  562  481  302  1  -2  
16  8  49  568  481  302  1  -2  
16  8  49  577  481  302  1  -2  
16  8  49  585  481  302  1  -2  
16  8  49  592  481  302  1  -2  
16  8  49  601  481  302  1  -2  
16  8  49  613  481  302  1  -2  
16  8  49  617  481  302  1  -2  
16  8  49  627  481  302  1  -2  
16  8  49  635  482  302  1  -2  
16  8  49  645  484  302  1  -2  
16  8  49  652  486  302  1  -2  
16  8  49  662  488  302  1  -2  
16  8  49  668  490  302  1  -2  
16  8  49  676  495  302  1  -2  
16  8  49  684  503  302  2  -2  
16  8  49  692  513  302  2  -2  
16  8  49  701  532  305  2  -2  
16  8  49  712  547  309  2  -2  
16  8  49  718  562  310  2  -2  
16  8  49  727  574  310  2  -2  
16  8  49  735  578  310  2  -2  
16  8  49  742  579  310  2  -2  
16  8  49  751  579  310  2  -2  
16  8  49  762  579  310  2  -2  
16  8  49  769  579  310  2  -2  
16  8  49  777  579  310  2  -2  
16  8  49  784  579  310  2  -2  
16  8  49  792  579  310  2  -2  
16  8  49  801  579  310  2  -2  
16  8  49  812  579  310  2  -2  
16  8  49  818  579  310  2  -2  
16  8  49  827  579  310  2  -2  
16  8  49  834  579  310  2  -2  
16  8  49  845  579  310  2  -2  
16  8  49  851  579  310  2  -2  
16  8  49  862  579  310  2  -2  
16  8  49  870  579  310  2  -2  
16  8  49  877  579  310  2  -2  
16  8  49  884  579  310  2  -2  
16  8  49  892  579  310  2  -2  
16  8  49  901  579  310  2  -2  
16  8  49  912  579  310  2  -2  
16  8  49  918  579  310  2  -2  
16  8  49  927  579  310  2  -2  
16  8  49  934  579  310  2  -2  
16  8  49  943  579  310  2  -2  
16  8  49  952  579  310  2  -2  
16  8  49  962  579  310  2  -2  
16  8  49  968  579  310  2  -2  
16  8  49  977  579  310  2  -2  
16  8  49  984  579  310  2  -2  
16  8  49  993  579  310  2  -2  
16  8  49  1002  579  310  2  -2  
16  8  49  1012  579  310  2  -2  
16  8  49  1018  579  310  2  -2  
16  8  49  1027  579  310  2  -2  
16  8  49  1034  579  310  2  -2  
16  8  49  1042  579  310  2  -2  
16  8  49  1051  579  310  2  -2  
16  8  49  1062  579  310  2  -2  
16  8  49  1069  579  310  2  -2  
16  8  49  1077  579  310  2  -2  
16  8  49  1084  579  310  2  -2  
16  8  49  1094  579  310  2  -2  
16  8  49  1102  579  310  2  -2  
16  8  49  1113  579  310  2  -2  
16  8  49  1119  579  310  2  -2  
16  8  49  1130  579  310  2  -2  
16  8  49  1134  579  310  2  -2  
16  8  49  1145  579  310  2  -2  
16  8  49  1153  578  310  2  -2  
16  8  49  1163  578  310  2  -2  
16  8  49  1170  578  310  2  -2  
16  8  49  1180  578  310  2  -2  
16  8  49  1187  578  310  2  -2  
16  8  49  1196  567  309  2  -2  
16  8  49  1203  564  309  2  -2  
16  8  49  1213  562  309  2  -2  
16  8  49  1220  562  309  2  -2  
16  8  49  1230  562  309  2  -2  
16  8  49  1236  561  309  2  -2  
16  8  49  1246  560  308  2  -2  
16  8  49  1252  558  308  2  -2  
16  8  49  1263  556  308  2  -2  
16  8  49  1270  554  308  2  -2  
16  8  49  1279  548  307  2  -2  
16  8  49  1285  542  307  2  -2  
16  8  49  1295  535  307  2  -2  
16  8  49  1301  526  304  2  -2  
16  8  49  1312  518  304  2  -2  
16  8  49  1319  511  304  2  -2  
16  8  49  1329  501  304  2  -2  
16  8  49  1334  494  304  2  -2  
16  8  49  1345  484  304  2  -2  
16  8  49  1352  464  302  2  -2  
16  8  49  1363  464  302  2  -2  
16  8  49  1369  445  302  2  -2  
16  8  49  1379  445  302  2  -2  
16  8  49  1385  431  300  2  -2  
16  8  49  1395  431  300  2  -2  
16  8  49  1402  425  300  2  -2  
16  8  49  1412  423  298  2  -2  
16  8  49  1419  423  298  2  -2  
16  8  50  1429  420  298  2  -2  
16  8  50  1435  419  297  2  -2  
16  8  50  1445  418  297  2  -2  
16  8  50  1451  416  297  2  -2  
16  8  50  1462  416  297  2  -2  
16  8  50  1469  415  297  2  -2  
16  8  50  1478  414  297  2  -2  
16  8  50  1485  413  297  2  -2  
16  8  50  1495  411  297  2  -2  
16  8  50  1502  410  297  2  -2  
16  8  50  1512  408  297  2  -2  
16  8  50  1518  406  297  2  -2  
16  8  50  1528  403  297  2  -2  
16  8  50  1535  399  297  2  -2  
16  8  50  1545  398  297  2  -2  
16  8  50  1551  396  297  2  -2  
16  8  50  1562  394  297  3  -2  
16  8  50  1569  390  297  3  -2  
16  8  50  1578  390  297  3  -2  
16  8  50  1585  382  297  3  -2  
16  8  50  1595  376  297  3  -2  
16  8  50  1602  371  297  3  -2  
16  8  50  1612  367  297  3  -2  
16  8  50  1620  366  297  3  -2  
16  8  50  1629  365  297  3  -2  
16  8  50  1634  363  297  3  -2  
16  8  50  1645  363  297  3  -2  
16  8  50  1652  363  297  3  -2  
16  8  50  1662  363  297  3  -2  
16  8  50  1668  363  297  3  -2  
16  8  50  1678  363  297  3  -2  
16  8  50  1685  363  297  3  -2  
16  8  50  1695  362  297  3  -2  
16  8  50  1701  362  297  3  -2  
16  8  50  1712  362  297  3  -2  
16  8  50  1718  362  297  3  -2  
16  8  50  1728  362  297  3  -2  
16  8  50  1735  362  297  3  -2  
16  8  50  1745  362  297  3  -2  
16  8  50  1751  362  297  3  -2  
16  8  50  1762  362  297  3  -2  
16  8  50  1770  362  297  3  -2  
16  8  50  1778  362  297  3  -2  
16  8  50  1786  362  297  3  -2  
16  8  50  1795  362  297  3  -2  
16  8  50  1801  362  297  3  -2  
16  8  50  1812  362  297  3  -2  
16  8  50  1818  362  297  3  -2  
16  8  50  1828  362  297  3  -2  
16  8  50  1836  362  297  3  -2  
16  8  50  1845  362  297  3  -2  
16  8  50  1852  362  297  3  -2  
16  8  50  1862  362  297  3  -2  
16  8  50  1870  362  297  3  -2  
16  8  50  1879  362  297  3  -2  
16  8  50  1886  362  297  3  -2  
16  8  50  1895  362  297  3  -2  
16  8  50  1902  362  297  3  -2  
16  8  50  1912  362  297  3  -2  
16  8  50  1918  362  297  3  -2  
16  8  50  1929  362  297  3  -2  
16  8  50  1935  362  297  3  -2  
16  8  50  1945  362  297  3  -2  
16  8  50  1952  362  297  3  -2  
16  8  50  1962  363  297  3  -2  
16  8  50  1969  378  297  3  -2  
16  8  50  1978  378  297  3  -2  
16  8  50  1986  399  299  3  -2  
16  8  50  1995  399  299  3  -2  
16  8  50  2002  409  299  3  -2  
16  8  50  2012  412  299  3  -2  
16  8  50  2020  415  299  3  -2  
16  8  50  2028  417  299  3  -2  
16  8  50  2036  421  299  3  -2  
16  8  50  2045  424  299  3  -2  
16  8  50  2052  429  300  3  -2  
16  8  50  2062  434  300  3  -2  
16  8  50  2068  441  302  3  -2  
16  8  50  2078  452  305  3  -2  
16  8  50  2086  457  305  3  -2  
16  8  50  2095  462  305  3  -2  
16  8  50  2103  469  305  3  -2  
16  8  50  2112  477  305  3  -2  
16  8  50  2119  486  305  3  -2  
16  8  50  2128  491  305  3  -2  
16  8  50  2136  497  305  4  -2  
16  8  50  2145  501  305  4  -2  
16  8  50  2153  504  305  4  -2  
16  8  50  2162  505  305  4  -2  
16  8  50  2169  505  305  4  -2  
16  8  50  2178  505  305  4  -2  
16  8  50  2185  508  305  4  -2  
16  8  50  2195  508  305  4  -2  
16  8  50  2203  512  305  4  -2  
16  8  50  2212  516  305  4  -2  
16  8  50  2219  519  305  4  -2  
16  8  50  2228  524  305  4  -2  
16  8  50  2236  529  305  4  -2  
16  8  50  2245  532  305  4  -2  
16  8  50  2252  534  305  4  -2  
16  8  50  2262  535  305  4  -2  
16  8  50  2269  537  305  4  -2  
16  8  50  2278  538  305  4  -2  
16  8  50  2287  540  305  4  -2  
16  8  50  2294  542  305  4  -2  
16  8  50  2303  544  305  4  -2  
16  8  50  2312  545  305  4  -2  
16  8  50  2318  546  305  4  -2  
16  8  50  2328  546  305  4  -2  
16  8  50  2337  547  305  4  -2  
16  8  50  2345  547  305  4  -2  
16  8  50  2353  549  305  4  -2  
16  8  50  2362  552  305  4  -2  
16  8  50  2369  559  305  4  -2  
16  8  50  2379  559  305  4  -2  
16  8  50  2386  574  305  4  -2  
16  8  50  2395  574  305  4  -2  
16  8  50  2402  580  305  4  -2  
16  8  50  2412  580  305  4  -2  
16  8  50  2419  580  305  4  -2  
16  8  51  2428  580  305  4  -2  
16  8  51  2436  580  305  4  -2  
16  8  51  2445  580  305  4  -2  
16  8  51  2453  580  305  4  -2  
16  8  51  2462  580  305  4  -2  
16  8  51  2469  580  305  4  -2  
16  8  51  2478  580  305  4  -2  
16  8  51  2487  580  305  4  -2  
16  8  51  2495  580  305  4  -2  
16  8  51  2503  580  305  4  -2  
16  8  51  2512  580  305  4  -2  
16  8  51  2520  580  305  4  -2  
16  8  51  2528  580  305  4  -2  
16  8  51  2537  580  305  4  -2  
16  8  51  2544  578  305  4  -2  
16  8  51  2553  576  305  4  -2  
16  8  51  2563  574  305  4  -2  
16  8  51  2570  564  305  4  -2  
16  8  51  2578  559  305  4  -2  
16  8  51  2587  551  305  4  -2  
16  8  51  2595  544  305  4  -2  
16  8  51  2603  537  305  4  -2  
16  8  51  2612  532  305  4  -2  
16  8  51  2621  525  305  4  -2  
16  8  51  2629  517  305  4  -2  
16  8  51  2636  510  305  4  -2  
16  8  51  2645  503  305  4  -2  
16  8  51  2653  496  305  4  -2  
16  8  51  2662  488  305  4  -2  
16  8  51  2669  480  305  4  -2  
16  8  51  2678  473  305  4  -2  
16  8  51  2687  464  305  4  -2  
16  8  51  2695  456  305  4  -2  
16  8  51  2703  449  305  4  -2  
16  8  51  2712  441  305  4  -2  
16  8  51  2720  434  305  4  -2  
16  8  51  2728  427  305  4  -2  
16  8  51  2737  423  305  4  -2  
16  8  51  2745  418  305  4  -2  
16  8  51  2753  417  305  4  -2  
16  8  51  2762  414  306  4  -2  
16  8  51  2770  410  306  4  -2  
16  8  51  2778  408  306  4  -2  
16  8  51  2787  404  306  4  -2  
16  8  51  2795  401  306  4  -2  
16  8  51  2803  396  306  5  -2  
16  8  51  2812  391  306  5  -2  
16  8  51  2820  385  306  5  -2  
16  8  51  2828  380  306  5  -2  
16  8  51  2837  377  306  5  -2  
16  8  51  2845  375  306  5  -2  
16  8  51  2852  372  306  5  -2  
16  8  51  2862  372  306  5  -2  
16  8  51  2870  372  306  5  -2  
16  8  51  2878  372  306  5  -2  
16  8  51  2886  372  306  5  -2  
16  8  51  2895  372  306  5  -2  
16  8  51  2903  372  306  5  -2  
16  8  51  2912  372  306  5  -2  
16  8  51  2920  372  306  5  -2  
16  8  51  2929  372  306  5  -2  
16  8  51  2937  372  306  5  -2  
16  8  51  2945  371  306  5  -2  
16  8  51  2953  371  306  5  -2  
16  8  51  2962  370  306  5  -2  
16  8  51  2970  370  306  5  -2  
16  8  51  2979  367  306  5  -2  
16  8  51  2986  366  306  5  -2  
16  8  51  2995  366  306  5  -2  
16  8  51  3003  366  306  5  -2  
16  8  51  3012  366  306  5  -2  
16  8  51  3020  366  306  5  -2  
16  8  51  3027  366  306  5  -2  
16  8  51  3035  366  306  5  -2  
16  8  51  3044  366  306  5  -2  
16  8  51  3052  366  306  5  -2  
16  8  51  3061  366  306  5  -2  
16  8  51  3069  366  306  5  -2  
16  8  51  3077  366  306  5  -2  
16  8  51  3086  366  306  5  -2  
16  8  51  3094  366  306  5  -2  
16  8  51  3102  366  306  5  -2  
16  8  51  3111  366  306  5  -2  
16  8  51  3119  366  306  5  -2  
16  8  51  3128  366  306  5  -2  
16  8  51  3136  366  306  5  -2  
16  8  51  3144  366  306  5  -2  
16  8  51  3152  366  306  5  -2  
16  8  51  3161  366  306  5  -2  
16  8  51  3169  366  306  5  -2  
16  8  51  3177  366  306  5  -2  
16  8  51  3186  366  306  5  -2  
16  8  51  3194  366  306  5  -2  
16  8  51  3202  366  306  5  -2  
16  8  51  3211  366  306  5  -2  
16  8  51  3219  366  306  5  -2  
16  8  51  3227  366  306  5  -2  
16  8  51  3236  366  306  5  -2  
16  8  51  3244  366  306  5  -2  
16  8  51  3252  366  306  5  -2  
16  8  51  3261  366  306  5  -2  
16  8  51  3269  366  306  5  -2  
16  8  51  3277  366  306  5  -2  
16  8  51  3286  366  306  5  -2  
16  8  51  3294  366  306  5  -2  
16  8  51  3303  366  306  5  -2  
16  8  51  3310  366  306  5  -2  
16  8  51  3319  366  306  5  -2  
16  8  51  3328  366  306  5  -2  
