12  20  38  0  355  326  1  -2  
12  20  38  9  355  326  1  -2  
12  20  38  16  355  326  1  -2  
12  20  38  25  355  326  1  -2  
12  20  38  33  355  326  1  -2  
12  20  38  41  355  326  1  -2  
12  20  38  51  355  326  1  -2  
12  20  38  59  355  326  1  -2  
12  20  38  67  355  326  1  -2  
12  20  38  75  355  326  1  -2  
12  20  38  83  355  326  1  -2  
12  20  38  92  355  325  1  -2  
12  20  38  100  355  325  1  -2  
12  20  38  109  356  325  1  -2  
12  20  38  117  357  325  1  -2  
12  20  38  125  359  325  1  -2  
12  20  38  133  363  325  1  -2  
12  20  38  142  367  325  1  -2  
12  20  38  150  369  325  1  -2  
12  20  38  158  372  326  1  -2  
12  20  38  167  377  326  1  -2  
12  20  38  177  379  327  1  -2  
12  20  38  183  389  329  1  -2  
12  20  38  192  389  329  1  -2  
12  20  38  202  396  330  1  -2  
12  20  38  209  401  330  1  -2  
12  20  38  217  404  331  1  -2  
12  20  38  225  408  331  1  -2  
12  20  38  234  413  332  1  -2  
12  20  38  243  418  332  1  -2  
12  20  38  250  423  334  1  -2  
12  20  38  259  429  334  1  -2  
12  20  38  266  434  335  1  -2  
12  20  38  275  441  335  1  -2  
12  20  38  283  446  336  1  -2  
12  20  38  293  452  338  1  -2  
12  20  38  300  455  338  1  -2  
12  20  38  309  459  338  1  -2  
12  20  38  317  461  339  1  -2  
12  20  38  326  465  339  1  -2  
12  20  38  334  467  340  1  -2  
12  20  38  343  468  340  1  -2  
12  20  38  350  470  340  1  -2  
12  20  38  359  472  340  1  -2  
12  20  38  367  474  341  1  -2  
12  20  38  375  477  341  1  -2  
12  20  38  385  480  341  1  -2  
12  20  38  393  485  342  1  -2  
12  20  38  400  486  342  1  -2  
12  20  38  409  489  342  1  -2  
12  20  38  417  492  344  1  -2  
12  20  38  426  492  344  1  -2  
12  20  38  434  495  344  1  -2  
12  20  38  442  495  344  1  -2  
12  20  38  452  496  344  1  -2  
12  20  38  460  498  345  1  -2  
12  20  38  467  498  345  1  -2  
12  20  38  475  499  345  1  -2  
12  20  38  483  501  345  1  -2  
12  20  38  493  502  345  1  -2  
12  20  38  500  503  345  1  -2  
12  20  38  509  505  345  1  -2  
12  20  38  517  506  345  1  -2  
12  20  38  525  509  345  1  -2  
12  20  38  534  511  346  1  -2  
12  20  38  542  514  346  2  -2  
12  20  38  552  515  346  2  -2  
12  20  38  559  520  347  2  -2  
12  20  38  566  520  347  2  -2  
12  20  38  575  520  348  2  -2  
12  20  38  584  520  348  2  -2  
12  20  38  593  520  348  2  -2  
12  20  38  602  520  348  2  -2  
12  20  38  608  520  348  2  -2  
12  20  38  617  520  348  2  -2  
12  20  38  626  520  348  2  -2  
12  20  38  634  520  348  2  -2  
12  20  38  643  520  348  2  -2  
12  20  38  650  520  348  2  -2  
12  20  38  659  520  348  2  -2  
12  20  38  667  520  348  2  -2  
12  20  38  675  520  348  2  -2  
12  20  38  684  520  348  2  -2  
12  20  38  693  520  348  2  -2  
12  20  38  701  520  348  2  -2  
12  20  38  709  520  348  2  -2  
12  20  38  718  520  348  2  -2  
12  20  38  725  520  348  2  -2  
12  20  38  734  520  348  2  -2  
12  20  38  743  520  348  2  -2  
12  20  38  752  520  348  2  -2  
12  20  38  759  520  348  2  -2  
12  20  38  767  520  348  2  -2  
12  20  38  775  520  348  2  -2  
12  20  38  784  520  348  2  -2  
12  20  38  793  520  348  2  -2  
12  20  38  802  520  348  2  -2  
12  20  38  810  520  348  2  -2  
12  20  38  817  519  349  2  -2  
12  20  39  826  516  350  2  -2  
12  20  39  835  514  350  2  -2  
12  20  39  843  510  351  2  -2  
12  20  39  852  506  351  2  -2  
12  20  39  859  501  351  2  -2  
12  20  39  867  496  351  2  -2  
12  20  39  875  489  351  2  -2  
12  20  39  885  482  351  2  -2  
12  20  39  893  474  351  2  -2  
12  20  39  900  466  351  2  -2  
12  20  39  910  459  351  2  -2  
12  20  39  918  447  351  2  -2  
12  20  39  925  437  351  2  -2  
12  20  39  934  429  351  2  -2  
12  20  39  943  422  351  2  -2  
12  20  39  952  412  351  2  -2  
12  20  39  959  407  351  2  -2  
12  20  39  968  400  351  2  -2  
12  20  39  975  390  351  2  -2  
12  20  39  984  390  351  2  -2  
12  20  39  994  382  351  2  -2  
12  20  39  1002  377  351  2  -2  
12  20  39  1010  375  351  2  -2  
12  20  39  1017  372  351  2  -2  
12  20  39  1026  372  351  2  -2  
12  20  39  1034  371  351  2  -2  
12  20  39  1043  369  351  2  -2  
12  20  39  1052  369  351  2  -2  
12  20  39  1059  368  351  2  -2  
12  20  39  1068  367  351  2  -2  
12  20  39  1076  367  351  2  -2  
12  20  39  1084  365  351  2  -2  
12  20  39  1093  363  351  2  -2  
12  20  39  1101  363  351  2  -2  
12  20  39  1108  360  350  2  -2  
12  20  39  1116  360  349  3  -2  
12  20  39  1124  360  349  3  -2  
12  20  39  1134  360  349  3  -2  
12  20  39  1141  360  349  3  -2  
12  20  39  1150  360  349  3  -2  
12  20  39  1159  360  349  3  -2  
12  20  39  1166  360  349  3  -2  
12  20  39  1175  360  349  3  -2  
12  20  39  1185  360  349  3  -2  
12  20  39  1192  360  349  3  -2  
12  20  39  1201  360  349  3  -2  
12  20  39  1209  360  349  3  -2  
12  20  39  1217  359  349  3  -2  
12  20  39  1225  357  349  3  -2  
12  20  39  1233  356  349  3  -2  
12  20  39  1242  355  349  3  -2  
12  20  39  1250  354  349  3  -2  
12  20  39  1259  353  349  3  -2  
12  20  39  1267  352  349  3  -2  
12  20  39  1275  351  349  3  -2  
12  20  39  1283  350  349  3  -2  
12  20  39  1292  349  349  3  -2  
12  20  39  1301  349  349  3  -2  
12  20  39  1309  348  349  3  -2  
12  20  39  1316  348  349  3  -2  
12  20  39  1326  348  349  3  -2  
12  20  39  1334  346  349  3  -2  
12  20  39  1342  346  349  3  -2  
12  20  39  1351  346  349  3  -2  
12  20  39  1358  346  349  3  -2  
12  20  39  1367  346  349  3  -2  
12  20  39  1376  346  349  3  -2  
12  20  39  1383  346  349  3  -2  
12  20  39  1392  346  349  3  -2  
12  20  39  1401  346  349  3  -2  
12  20  39  1408  346  349  3  -2  
12  20  39  1417  346  349  3  -2  
12  20  39  1426  346  349  3  -2  
12  20  39  1433  346  349  3  -2  
12  20  39  1443  346  349  3  -2  
12  20  39  1450  346  349  3  -2  
12  20  39  1459  346  349  3  -2  
12  20  39  1466  346  349  3  -2  
12  20  39  1475  346  349  3  -2  
12  20  39  1483  348  349  3  -2  
12  20  39  1492  350  349  3  -2  
12  20  39  1501  353  349  3  -2  
12  20  39  1509  358  348  3  -2  
12  20  39  1517  365  348  3  -2  
12  20  39  1525  372  348  3  -2  
12  20  39  1533  382  348  3  -2  
12  20  39  1543  392  348  3  -2  
12  20  39  1550  404  348  3  -2  
12  20  39  1558  415  348  3  -2  
12  20  39  1568  425  348  3  -2  
12  20  39  1576  442  348  3  -2  
12  20  39  1584  449  348  3  -2  
12  20  39  1593  454  348  3  -2  
12  20  39  1602  457  348  3  -2  
12  20  39  1609  461  348  3  -2  
12  20  39  1617  463  348  3  -2  
12  20  39  1626  466  348  3  -2  
12  20  39  1638  469  348  3  -2  
12  20  39  1647  470  348  3  -2  
12  20  39  1655  473  348  3  -2  
12  20  39  1664  474  348  3  -2  
12  20  39  1670  479  347  3  -2  
12  20  39  1681  479  347  3  -2  
12  20  39  1687  481  347  3  -2  
12  20  39  1696  481  347  3  -2  
12  20  39  1704  482  347  3  -2  
12  20  39  1714  482  347  3  -2  
12  20  39  1719  482  347  3  -2  
12  20  39  1730  482  347  3  -2  
12  20  39  1737  482  347  3  -2  
12  20  39  1747  482  347  3  -2  
12  20  39  1753  482  347  3  -2  
12  20  39  1764  484  347  3  -2  
12  20  39  1771  484  347  3  -2  
12  20  39  1780  486  346  3  -2  
12  20  39  1787  487  345  3  -2  
12  20  39  1796  488  345  3  -2  
12  20  39  1803  489  345  3  -2  
12  20  39  1814  490  345  3  -2  
12  20  40  1819  490  345  3  -2  
12  20  40  1830  493  345  3  -2  
12  20  40  1836  493  345  3  -2  
12  20  40  1846  494  344  3  -2  
12  20  40  1854  494  344  3  -2  
12  20  40  1864  496  344  3  -2  
12  20  40  1869  497  344  3  -2  
12  20  40  1880  497  344  3  -2  
12  20  40  1886  501  344  3  -2  
12  20  40  1897  501  344  3  -2  
12  20  40  1904  504  344  3  -2  
12  20  40  1914  508  344  3  -2  
12  20  40  1921  509  344  3  -2  
12  20  40  1930  512  344  4  -2  
12  20  40  1937  515  344  4  -2  
12  20  40  1947  517  344  4  -2  
12  20  40  1953  519  344  4  -2  
12  20  40  1964  522  344  4  -2  
12  20  40  1969  522  344  4  -2  
12  20  40  1980  523  344  4  -2  
12  20  40  1987  525  344  4  -2  
12  20  40  1997  525  344  4  -2  
12  20  40  2004  525  344  4  -2  
12  20  40  2014  525  344  4  -2  
12  20  40  2021  526  344  4  -2  
12  20  40  2030  527  344  4  -2  
12  20  40  2038  527  344  4  -2  
12  20  40  2048  528  344  4  -2  
12  20  40  2055  529  344  4  -2  
12  20  40  2065  529  344  4  -2  
12  20  40  2073  529  344  4  -2  
12  20  40  2081  529  344  4  -2  
12  20  40  2088  529  344  4  -2  
12  20  40  2097  529  344  4  -2  
12  20  40  2106  529  344  4  -2  
12  20  40  2114  529  344  4  -2  
12  20  40  2123  529  344  4  -2  
12  20  40  2131  529  344  4  -2  
12  20  40  2138  529  344  4  -2  
12  20  40  2147  529  344  4  -2  
12  20  40  2155  529  344  4  -2  
12  20  40  2165  529  344  4  -2  
12  20  40  2173  529  344  4  -2  
12  20  40  2182  529  344  4  -2  
12  20  40  2188  529  344  4  -2  
12  20  40  2198  528  344  4  -2  
12  20  40  2207  527  344  4  -2  
12  20  40  2216  525  345  4  -2  
12  20  40  2224  522  346  4  -2  
12  20  40  2232  521  346  4  -2  
12  20  40  2239  519  346  4  -2  
12  20  40  2248  519  346  4  -2  
12  20  40  2257  517  346  4  -2  
12  20  40  2266  513  346  4  -2  
12  20  40  2274  509  346  4  -2  
12  20  40  2282  504  346  4  -2  
12  20  40  2291  499  346  4  -2  
12  20  40  2299  494  346  4  -2  
12  20  40  2307  489  346  4  -2  
12  20  40  2314  482  346  4  -2  
12  20  40  2323  475  346  4  -2  
12  20  40  2332  470  346  4  -2  
12  20  40  2340  465  346  4  -2  
12  20  40  2349  460  346  4  -2  
12  20  40  2356  455  346  4  -2  
12  20  40  2366  452  346  4  -2  
12  20  40  2374  448  346  4  -2  
12  20  40  2382  446  346  4  -2  
12  20  40  2389  442  346  4  -2  
12  20  40  2398  439  346  4  -2  
12  20  40  2407  438  346  4  -2  
12  20  40  2416  434  346  4  -2  
12  20  40  2424  425  346  4  -2  
12  20  40  2432  425  346  4  -2  
12  20  40  2441  419  346  4  -2  
12  20  40  2447  414  346  4  -2  
12  20  40  2457  414  346  4  -2  
12  20  40  2466  408  346  4  -2  
12  20  40  2474  403  346  4  -2  
12  20  40  2482  400  346  4  -2  
12  20  40  2490  396  346  4  -2  
12  20  40  2498  391  346  4  -2  
12  20  40  2507  385  345  4  -2  
