11  1  23  0  368  294  1  -2  
11  1  23  8  368  294  1  -2  
11  1  23  16  368  294  1  -2  
11  1  23  25  368  294  1  -2  
11  1  23  33  368  294  1  -2  
11  1  23  42  368  294  1  -2  
11  1  23  50  368  294  1  -2  
11  1  23  58  367  295  1  -2  
11  1  23  68  367  295  1  -2  
11  1  23  75  367  295  1  -2  
11  1  23  84  367  295  1  -2  
11  1  23  91  367  295  1  -2  
11  1  23  100  367  295  1  -2  
11  1  23  109  367  295  1  -2  
11  1  23  117  374  296  1  -2  
11  1  23  125  383  298  1  -2  
11  1  23  134  392  299  1  -2  
11  1  23  142  402  300  1  -2  
11  1  23  150  410  300  1  -2  
11  1  23  158  420  300  1  -2  
11  1  23  167  428  303  1  -2  
11  1  23  175  438  303  1  -2  
11  1  23  185  451  304  1  -2  
11  1  23  192  466  305  1  -2  
11  1  23  200  483  309  1  -2  
11  1  23  208  501  311  2  -2  
11  1  23  218  515  312  2  -2  
11  1  23  226  528  314  2  -2  
11  1  23  234  535  314  2  -2  
11  1  23  242  538  314  2  -2  
11  1  23  250  538  314  2  -2  
11  1  23  259  538  314  2  -2  
11  1  23  268  538  314  2  -2  
11  1  23  275  538  314  2  -2  
11  1  23  284  538  314  2  -2  
11  1  23  292  538  314  2  -2  
11  1  23  301  538  314  2  -2  
11  1  24  308  538  314  2  -2  
11  1  24  318  538  314  2  -2  
11  1  24  325  538  314  2  -2  
11  1  24  334  538  314  2  -2  
11  1  24  342  538  314  2  -2  
11  1  24  350  538  314  2  -2  
11  1  24  360  538  314  2  -2  
11  1  24  368  538  314  2  -2  
11  1  24  377  538  314  2  -2  
11  1  24  384  538  314  2  -2  
11  1  24  392  538  314  2  -2  
11  1  24  401  538  314  2  -2  
11  1  24  409  538  314  2  -2  
11  1  24  420  538  314  2  -2  
11  1  24  425  538  314  2  -2  
11  1  24  434  538  314  2  -2  
11  1  24  443  538  314  2  -2  
11  1  24  451  538  315  2  -2  
11  1  24  459  538  315  2  -2  
11  1  24  468  538  315  2  -2  
11  1  24  476  534  316  2  -2  
11  1  24  484  531  316  2  -2  
11  1  24  493  523  316  2  -2  
11  1  24  502  500  316  2  -2  
11  1  24  509  485  316  2  -2  
11  1  24  518  485  316  2  -2  
11  1  24  525  458  321  2  -2  
11  1  24  535  446  323  2  -2  
11  1  24  543  433  324  2  -2  
11  1  24  551  421  325  2  -2  
11  1  24  559  412  328  2  -2  
11  1  24  569  405  328  2  -2  
11  1  24  575  400  329  2  -2  
11  1  24  584  394  330  3  -2  
11  1  24  593  392  330  3  -2  
11  1  24  603  388  331  3  -2  
11  1  24  611  386  331  3  -2  
11  1  24  619  382  331  3  -2  
11  1  24  627  381  331  3  -2  
11  1  24  636  377  333  3  -2  
11  1  24  643  377  333  3  -2  
11  1  24  650  377  333  3  -2  
11  1  24  659  377  333  3  -2  
11  1  24  670  376  333  3  -2  
11  1  24  677  374  333  3  -2  
11  1  24  684  374  333  3  -2  
11  1  24  694  373  333  3  -2  
11  1  24  702  365  333  3  -2  
11  1  24  710  361  333  3  -2  
11  1  24  720  358  333  3  -2  
11  1  24  725  357  333  3  -2  
11  1  24  734  356  333  3  -2  
11  1  24  743  356  333  3  -2  
11  1  24  751  356  333  3  -2  
11  1  24  760  356  333  3  -2  
11  1  24  768  356  333  3  -2  
11  1  24  775  356  333  3  -2  
11  1  24  784  356  333  3  -2  
11  1  24  793  356  333  3  -2  
11  1  24  802  356  333  3  -2  
11  1  24  809  356  333  3  -2  
11  1  24  819  356  333  3  -2  
11  1  24  827  356  333  3  -2  
11  1  24  834  356  333  3  -2  
11  1  24  843  356  333  3  -2  
11  1  24  851  356  333  3  -2  
11  1  24  859  358  333  3  -2  
11  1  24  871  365  334  3  -2  
11  1  24  876  382  336  3  -2  
11  1  24  884  382  336  3  -2  
11  1  24  894  390  336  3  -2  
11  1  24  902  409  339  3  -2  
11  1  24  910  419  339  3  -2  
11  1  24  920  431  339  3  -2  
11  1  24  927  444  339  3  -2  
11  1  24  935  456  339  3  -2  
11  1  24  944  469  339  3  -2  
11  1  24  951  479  339  3  -2  
11  1  24  960  486  339  3  -2  
11  1  24  970  491  339  3  -2  
11  1  24  975  496  340  3  -2  
11  1  24  985  500  340  3  -2  
11  1  24  994  505  340  4  -2  
11  1  24  1002  512  341  4  -2  
11  1  24  1009  519  341  4  -2  
11  1  24  1020  527  341  4  -2  
11  1  24  1027  531  341  4  -2  
11  1  24  1034  534  341  4  -2  
11  1  24  1043  534  341  4  -2  
11  1  24  1052  534  341  4  -2  
11  1  24  1059  534  341  4  -2  
11  1  24  1070  534  341  4  -2  
11  1  24  1076  534  341  4  -2  
11  1  24  1086  534  341  4  -2  
11  1  24  1093  534  341  4  -2  
11  1  24  1102  534  341  4  -2  
11  1  24  1110  534  341  4  -2  
11  1  24  1120  534  341  4  -2  
11  1  24  1127  534  341  4  -2  
11  1  24  1137  534  341  4  -2  
11  1  24  1142  534  341  4  -2  
11  1  24  1155  534  341  4  -2  
11  1  24  1162  534  341  4  -2  
11  1  24  1172  534  341  4  -2  
11  1  24  1178  534  341  4  -2  
11  1  24  1189  534  341  4  -2  
11  1  24  1195  534  341  4  -2  
11  1  24  1206  534  341  4  -2  
11  1  24  1213  530  340  4  -2  
11  1  24  1223  530  340  4  -2  
11  1  24  1230  528  339  4  -2  
11  1  24  1239  526  338  4  -2  
11  1  24  1247  524  336  4  -2  
11  1  24  1256  520  334  4  -2  
11  1  24  1264  515  331  4  -2  
11  1  24  1274  508  327  4  -2  
11  1  24  1283  497  322  4  -2  
11  1  24  1291  487  315  4  -2  
11  1  24  1300  476  311  4  -2  
11  1  25  1308  466  307  4  -2  
11  1  25  1317  462  307  4  -2  
11  1  25  1324  458  305  4  -2  
11  1  25  1334  455  304  4  -2  
11  1  25  1341  450  303  4  -2  
11  1  25  1351  450  303  4  -2  
11  1  25  1359  442  302  4  -2  
11  1  25  1367  438  302  4  -2  
11  1  25  1377  434  300  4  -2  
11  1  25  1384  432  300  4  -2  
11  1  25  1393  430  300  4  -2  
11  1  25  1402  430  300  4  -2  
11  1  25  1410  429  300  4  -2  
11  1  25  1420  428  300  4  -2  
11  1  25  1427  427  299  4  -2  
11  1  25  1437  426  299  4  -2  
11  1  25  1444  422  299  4  -2  
11  1  25  1454  419  298  4  -2  
11  1  25  1462  414  298  4  -2  
11  1  25  1471  414  298  4  -2  
11  1  25  1477  409  296  4  -2  
11  1  25  1485  409  296  4  -2  
11  1  25  1494  409  296  4  -2  
11  1  25  1502  405  296  4  -2  
11  1  25  1510  402  296  4  -2  
11  1  25  1521  401  296  4  -2  
11  1  25  1528  400  296  4  -2  
11  1  25  1537  398  296  4  -2  
11  1  25  1544  398  296  4  -2  
11  1  25  1552  397  296  4  -2  
11  1  25  1560  397  296  4  -2  
11  1  25  1571  397  296  4  -2  
11  1  25  1577  396  296  4  -2  
11  1  25  1585  396  296  4  -2  
11  1  25  1594  395  296  4  -2  
11  1  25  1604  395  296  4  -2  
