10  59  50  0  375  302  1  -2  
10  59  50  10  375  302  1  -2  
10  59  50  16  375  302  1  -2  
10  59  50  25  375  302  1  -2  
10  59  50  31  375  302  1  -2  
10  59  50  42  375  302  1  -2  
10  59  50  49  375  302  1  -2  
10  59  50  60  375  302  1  -2  
10  59  50  66  375  302  1  -2  
10  59  50  75  375  302  1  -2  
10  59  50  83  375  302  1  -2  
10  59  50  92  375  302  1  -2  
10  59  50  99  375  302  1  -2  
10  59  50  109  375  302  1  -2  
10  59  50  116  375  302  1  -2  
10  59  50  125  375  302  1  -2  
10  59  50  133  375  302  1  -2  
10  59  50  142  375  302  1  -2  
10  59  50  149  375  302  1  -2  
10  59  50  159  377  302  1  -2  
10  59  50  166  379  302  1  -2  
10  59  50  176  382  303  1  -2  
10  59  50  181  387  303  1  -2  
10  59  50  191  392  303  1  -2  
10  59  50  198  397  303  1  -2  
10  59  50  207  407  305  1  -2  
10  59  50  215  416  306  1  -2  
10  59  50  222  426  307  1  -2  
10  59  50  232  435  307  1  -2  
10  59  50  241  452  309  1  -2  
10  59  50  249  459  311  1  -2  
10  59  50  259  464  311  1  -2  
10  59  50  265  470  312  1  -2  
10  59  50  274  477  313  1  -2  
10  59  50  282  483  313  1  -2  
10  59  50  292  487  314  1  -2  
10  59  50  300  491  315  1  -2  
10  59  50  309  495  316  2  -2  
10  59  50  315  502  316  2  -2  
10  59  50  326  507  317  2  -2  
10  59  50  331  511  317  2  -2  
10  59  50  342  515  318  2  -2  
10  59  50  350  515  318  2  -2  
10  59  50  358  515  318  2  -2  
10  59  50  366  515  318  2  -2  
10  59  50  376  515  318  2  -2  
10  59  50  382  515  318  2  -2  
10  59  50  392  515  318  2  -2  
10  59  50  400  515  318  2  -2  
10  59  50  409  515  318  2  -2  
10  59  50  415  515  318  2  -2  
10  59  50  424  515  318  2  -2  
10  59  50  431  515  318  2  -2  
10  59  50  442  515  318  2  -2  
10  59  50  449  515  318  2  -2  
10  59  50  459  515  318  2  -2  
10  59  50  465  515  318  2  -2  
10  59  50  476  514  319  2  -2  
10  59  50  483  510  319  2  -2  
10  59  50  493  505  319  2  -2  
10  59  50  500  499  319  2  -2  
10  59  50  509  487  321  2  -2  
10  59  50  516  477  322  2  -2  
10  59  50  524  466  326  2  -2  
10  59  50  532  453  326  2  -2  
10  59  50  542  444  327  2  -2  
10  59  50  550  439  328  2  -2  
10  59  50  559  434  328  2  -2  
10  59  50  566  431  328  2  -2  
10  59  50  576  428  328  2  -2  
10  59  50  582  427  329  2  -2  
10  59  50  593  422  329  2  -2  
10  59  50  601  410  329  2  -2  
10  59  50  611  402  329  2  -2  
10  59  50  616  395  329  3  -2  
10  59  50  626  395  329  3  -2  
10  59  50  633  386  329  3  -2  
10  59  50  643  385  329  3  -2  
10  59  50  650  383  329  3  -2  
10  59  50  660  381  331  3  -2  
10  59  50  667  381  331  3  -2  
10  59  50  676  381  331  3  -2  
10  59  50  683  379  331  3  -2  
10  59  50  693  379  331  3  -2  
10  59  50  701  378  332  3  -2  
10  59  50  710  378  332  3  -2  
10  59  50  717  378  332  3  -2  
10  59  50  727  378  332  3  -2  
10  59  50  732  378  332  3  -2  
10  59  50  743  377  332  3  -2  
10  59  50  750  376  332  3  -2  
10  59  50  759  375  332  3  -2  
10  59  50  766  375  332  3  -2  
10  59  50  776  373  332  3  -2  
10  59  50  783  371  333  3  -2  
10  59  50  793  371  333  3  -2  
10  59  51  801  371  333  3  -2  
10  59  51  810  371  333  3  -2  
10  59  51  816  371  333  3  -2  
10  59  51  827  371  333  3  -2  
10  59  51  833  371  333  3  -2  
10  59  51  843  371  333  3  -2  
10  59  51  850  371  333  3  -2  
10  59  51  859  371  333  3  -2  
10  59  51  866  371  333  3  -2  
10  59  51  876  371  333  3  -2  
10  59  51  883  371  333  3  -2  
10  59  51  895  371  333  3  -2  
10  59  51  900  371  333  3  -2  
10  59  51  910  371  333  3  -2  
10  59  51  916  371  333  3  -2  
10  59  51  926  371  333  3  -2  
10  59  51  933  373  333  3  -2  
10  59  51  943  378  335  3  -2  
10  59  51  951  385  336  3  -2  
10  59  51  961  399  338  3  -2  
10  59  51  967  429  342  3  -2  
10  59  51  977  429  342  3  -2  
10  59  51  983  461  345  3  -2  
10  59  51  993  461  345  3  -2  
10  59  51  1002  477  345  3  -2  
10  59  51  1011  480  345  3  -2  
10  59  51  1018  483  345  3  -2  
10  59  51  1027  486  345  3  -2  
10  59  51  1034  494  346  3  -2  
10  59  51  1044  503  347  3  -2  
10  59  51  1051  516  350  3  -2  
10  59  51  1061  531  351  3  -2  
10  59  51  1067  545  352  3  -2  
10  59  51  1077  553  352  3  -2  
10  59  51  1083  558  352  3  -2  
10  59  51  1093  561  352  3  -2  
10  59  51  1101  561  352  3  -2  
10  59  51  1110  561  352  3  -2  
10  59  51  1118  562  353  3  -2  
10  59  51  1126  562  353  3  -2  
10  59  51  1134  562  353  3  -2  
10  59  51  1143  562  353  3  -2  
10  59  51  1151  562  353  3  -2  
10  59  51  1160  562  353  3  -2  
10  59  51  1167  562  353  3  -2  
10  59  51  1176  562  353  3  -2  
10  59  51  1183  562  353  3  -2  
10  59  51  1193  562  353  3  -2  
10  59  51  1201  562  353  3  -2  
10  59  51  1210  562  353  3  -2  
10  59  51  1217  562  353  3  -2  
10  59  51  1226  562  353  3  -2  
10  59  51  1234  562  353  3  -2  
10  59  51  1244  562  353  3  -2  
10  59  51  1251  561  353  3  -2  
10  59  51  1260  558  353  3  -2  
10  59  51  1268  553  349  3  -2  
10  59  51  1278  548  348  3  -2  
10  59  51  1285  539  346  4  -2  
10  59  51  1295  530  343  4  -2  
10  59  51  1304  523  342  4  -2  
10  59  51  1313  516  338  4  -2  
10  59  51  1321  510  337  4  -2  
10  59  51  1330  499  335  4  -2  
10  59  51  1338  494  332  4  -2  
10  59  51  1346  487  329  4  -2  
10  59  51  1354  478  327  4  -2  
10  59  51  1362  469  324  4  -2  
10  59  51  1371  457  320  4  -2  
10  59  51  1380  445  318  4  -2  
10  59  51  1387  430  313  4  -2  
10  59  51  1395  415  309  4  -2  
10  59  51  1404  401  305  4  -2  
