10  59  25  0  347  305  1  -2  
10  59  25  9  347  305  1  -2  
10  59  25  19  347  305  1  -2  
10  59  25  27  347  305  1  -2  
10  59  25  35  347  305  1  -2  
10  59  25  44  347  305  1  -2  
10  59  25  52  347  305  1  -2  
10  59  25  62  347  305  1  -2  
10  59  25  71  347  305  1  -2  
10  59  25  77  347  305  1  -2  
10  59  25  85  347  305  1  -2  
10  59  25  94  347  305  1  -2  
10  59  25  102  347  305  1  -2  
10  59  25  111  347  305  1  -2  
10  59  25  121  347  305  1  -2  
10  59  25  130  347  305  1  -2  
10  59  25  136  349  304  1  -2  
10  59  25  146  349  304  1  -2  
10  59  25  154  350  304  1  -2  
10  59  25  164  353  304  1  -2  
10  59  25  171  358  302  1  -2  
10  59  25  182  359  302  1  -2  
10  59  25  188  362  301  1  -2  
10  59  25  200  363  301  1  -2  
10  59  25  206  366  301  1  -2  
10  59  25  216  368  301  1  -2  
10  59  25  224  369  301  1  -2  
10  59  25  233  372  301  1  -2  
10  59  25  242  375  301  1  -2  
10  59  25  250  378  301  1  -2  
10  59  25  258  382  301  1  -2  
10  59  25  266  386  301  1  -2  
10  59  25  272  389  301  1  -2  
10  59  25  284  391  301  1  -2  
10  59  25  292  394  301  1  -2  
10  59  25  300  394  301  1  -2  
10  59  25  307  397  301  1  -2  
10  59  25  317  397  301  1  -2  
10  59  25  325  398  301  1  -2  
10  59  25  333  400  301  1  -2  
10  59  25  341  400  301  1  -2  
10  59  25  351  403  301  1  -2  
10  59  25  359  405  301  1  -2  
10  59  25  368  410  301  1  -2  
10  59  25  376  417  301  1  -2  
10  59  25  384  427  301  1  -2  
10  59  25  393  434  301  1  -2  
10  59  25  402  444  301  1  -2  
10  59  25  412  450  302  1  -2  
10  59  25  420  455  303  1  -2  
10  59  25  428  456  303  1  -2  
10  59  25  437  456  303  1  -2  
10  59  25  444  456  303  1  -2  
10  59  25  454  456  303  1  -2  
10  59  25  463  458  303  1  -2  
10  59  25  471  459  304  1  -2  
10  59  25  480  461  306  1  -2  
10  59  25  487  463  306  1  -2  
10  59  25  497  468  307  1  -2  
10  59  25  504  473  308  1  -2  
10  59  25  511  482  312  1  -2  
10  59  25  521  488  313  1  -2  
10  59  25  533  492  314  1  -2  
10  59  25  541  495  314  2  -2  
10  59  25  551  496  314  2  -2  
10  59  25  560  496  314  2  -2  
10  59  25  569  496  314  2  -2  
10  59  25  579  496  314  2  -2  
10  59  25  586  497  314  2  -2  
10  59  25  598  498  314  2  -2  
10  59  25  604  498  314  2  -2  
10  59  25  615  498  314  2  -2  
10  59  25  623  498  314  2  -2  
10  59  25  632  498  314  2  -2  
10  59  25  640  498  314  2  -2  
10  59  25  651  498  314  2  -2  
10  59  25  659  498  314  2  -2  
10  59  25  669  499  315  2  -2  
10  59  25  677  499  315  2  -2  
10  59  25  685  499  315  2  -2  
10  59  25  693  499  315  2  -2  
10  59  25  702  499  315  2  -2  
10  59  25  710  499  316  2  -2  
10  59  25  719  494  316  2  -2  
10  59  26  727  487  316  2  -2  
10  59  26  735  475  317  2  -2  
10  59  26  744  468  317  2  -2  
10  59  26  752  458  319  2  -2  
10  59  26  761  449  320  2  -2  
10  59  26  770  439  322  2  -2  
10  59  26  777  432  324  2  -2  
10  59  26  787  425  325  2  -2  
10  59  26  794  416  325  2  -2  
10  59  26  805  416  325  2  -2  
10  59  26  814  411  326  2  -2  
10  59  26  822  408  326  2  -2  
10  59  26  831  406  327  2  -2  
10  59  26  838  405  327  2  -2  
10  59  26  848  403  327  2  -2  
10  59  26  855  400  327  2  -2  
10  59  26  864  398  327  2  -2  
10  59  26  872  393  327  3  -2  
10  59  26  881  381  327  3  -2  
10  59  26  887  369  326  3  -2  
10  59  26  898  354  324  3  -2  
10  59  26  904  342  322  3  -2  
10  59  26  914  330  320  3  -2  
10  59  26  921  324  320  3  -2  
10  59  26  930  320  320  3  -2  
10  59  26  937  319  320  3  -2  
10  59  26  949  319  320  3  -2  
10  59  26  961  319  320  3  -2  
10  59  26  970  319  320  3  -2  
10  59  26  982  319  320  3  -2  
10  59  26  987  319  320  3  -2  
10  59  26  998  319  320  3  -2  
10  59  26  1006  319  320  3  -2  
10  59  26  1015  319  320  3  -2  
10  59  26  1022  319  320  3  -2  
10  59  26  1033  319  320  3  -2  
10  59  26  1039  319  320  3  -2  
10  59  26  1049  320  320  3  -2  
10  59  26  1058  322  320  3  -2  
10  59  26  1066  326  320  3  -2  
10  59  26  1075  331  321  3  -2  
10  59  26  1084  343  326  3  -2  
10  59  26  1092  345  327  3  -2  
10  59  26  1100  351  328  3  -2  
10  59  26  1108  359  332  3  -2  
10  59  26  1117  368  335  3  -2  
10  59  26  1125  378  335  3  -2  
10  59  26  1133  389  338  3  -2  
10  59  26  1142  402  340  3  -2  
10  59  26  1150  416  343  3  -2  
10  59  26  1158  426  343  3  -2  
10  59  26  1166  433  345  3  -2  
10  59  26  1174  440  346  3  -2  
10  59  26  1183  444  346  3  -2  
10  59  26  1191  446  346  3  -2  
10  59  26  1199  448  347  3  -2  
10  59  26  1208  448  347  3  -2  
10  59  26  1215  448  347  3  -2  
10  59  26  1223  448  347  3  -2  
10  59  26  1232  449  347  3  -2  
10  59  26  1241  449  347  3  -2  
10  59  26  1248  449  347  3  -2  
10  59  26  1257  450  347  3  -2  
10  59  26  1265  450  347  3  -2  
10  59  26  1274  450  347  3  -2  
10  59  26  1283  451  347  3  -2  
10  59  26  1292  451  347  3  -2  
10  59  26  1299  452  347  3  -2  
10  59  26  1309  452  347  3  -2  
10  59  26  1316  454  347  3  -2  
10  59  26  1325  456  346  3  -2  
10  59  26  1333  457  345  3  -2  
10  59  26  1341  458  345  3  -2  
10  59  26  1351  459  345  3  -2  
10  59  26  1359  460  345  3  -2  
10  59  26  1366  460  345  3  -2  
10  59  26  1375  460  345  3  -2  
10  59  26  1383  462  344  3  -2  
10  59  26  1395  465  341  3  -2  
10  59  26  1403  469  339  3  -2  
10  59  26  1414  473  339  3  -2  
10  59  26  1423  475  337  3  -2  
10  59  26  1433  477  337  3  -2  
10  59  26  1442  477  336  3  -2  
10  59  26  1452  477  336  3  -2  
10  59  26  1461  478  336  3  -2  
10  59  26  1469  479  336  3  -2  
10  59  26  1479  480  335  3  -2  
10  59  26  1488  480  335  3  -2  
10  59  26  1497  480  335  3  -2  
10  59  26  1506  480  335  3  -2  
10  59  26  1516  480  335  3  -2  
10  59  26  1525  480  335  3  -2  
10  59  26  1534  481  335  3  -2  
10  59  26  1543  481  335  3  -2  
10  59  26  1552  481  335  3  -2  
10  59  26  1562  481  335  3  -2  
10  59  26  1570  481  335  3  -2  
10  59  26  1580  481  335  3  -2  
10  59  26  1588  481  335  3  -2  
10  59  26  1597  481  335  3  -2  
10  59  26  1604  481  335  3  -2  
10  59  26  1616  481  335  3  -2  
10  59  26  1623  481  335  3  -2  
10  59  26  1633  481  335  3  -2  
10  59  26  1642  481  335  3  -2  
10  59  26  1651  481  335  3  -2  
10  59  26  1659  481  335  3  -2  
10  59  26  1669  481  335  3  -2  
10  59  26  1676  481  335  3  -2  
10  59  26  1685  481  335  3  -2  
10  59  26  1691  481  335  3  -2  
10  59  26  1703  481  335  3  -2  
10  59  26  1713  481  335  3  -2  
10  59  26  1719  481  335  3  -2  
10  59  27  1730  481  335  3  -2  
10  59  27  1737  481  335  3  -2  
10  59  27  1747  481  335  3  -2  
10  59  27  1753  479  335  3  -2  
10  59  27  1764  479  335  3  -2  
10  59  27  1772  472  332  3  -2  
10  59  27  1781  468  332  3  -2  
10  59  27  1788  465  331  3  -2  
10  59  27  1801  462  330  3  -2  
10  59  27  1809  457  328  3  -2  
10  59  27  1819  452  327  3  -2  
10  59  27  1830  445  326  3  -2  
10  59  27  1835  425  319  3  -2  
10  59  27  1846  413  318  3  -2  
10  59  27  1854  409  316  3  -2  
10  59  27  1863  407  316  3  -2  
10  59  27  1870  405  315  3  -2  
10  59  27  1880  404  315  3  -2  
10  59  27  1886  404  315  3  -2  
10  59  27  1896  404  315  3  -2  
10  59  27  1902  404  315  3  -2  
10  59  27  1913  403  315  3  -2  
10  59  27  1921  403  315  3  -2  
10  59  27  1930  401  315  3  -2  
10  59  27  1937  401  315  3  -2  
10  59  27  1949  400  315  3  -2  
10  59  27  1956  397  314  3  -2  
10  59  27  1967  395  314  3  -2  
10  59  27  1976  391  314  3  -2  
10  59  27  1984  388  314  3  -2  
10  59  27  1994  382  314  3  -2  
10  59  27  2003  377  311  3  -2  
10  59  27  2013  373  310  3  -2  
10  59  27  2019  368  310  3  -2  
10  59  27  2029  368  310  3  -2  
10  59  27  2037  368  310  3  -2  
10  59  27  2046  368  310  3  -2  
10  59  27  2053  368  310  3  -2  
10  59  27  2063  368  310  3  -2  
10  59  27  2070  368  310  3  -2  
10  59  27  2079  368  310  3  -2  
10  59  27  2087  368  310  3  -2  
10  59  27  2095  368  310  3  -2  
10  59  27  2102  368  310  3  -2  
10  59  27  2113  368  310  3  -2  
10  59  27  2121  368  310  3  -2  
10  59  27  2131  367  310  3  -2  
10  59  27  2139  367  310  3  -2  
10  59  27  2148  367  310  3  -2  
10  59  27  2154  367  310  3  -2  
10  59  27  2164  367  310  3  -2  
10  59  27  2172  367  310  3  -2  
10  59  27  2182  367  310  3  -2  
10  59  27  2189  367  310  3  -2  
10  59  27  2199  367  310  3  -2  
10  59  27  2204  367  310  3  -2  
10  59  27  2215  367  310  3  -2  
10  59  27  2222  367  310  3  -2  
10  59  27  2232  367  310  3  -2  
10  59  27  2240  367  310  3  -2  
10  59  27  2248  367  310  3  -2  
10  59  27  2254  367  310  3  -2  
10  59  27  2265  367  310  3  -2  
10  59  27  2272  367  310  3  -2  
10  59  27  2282  367  310  3  -2  
10  59  27  2289  367  310  3  -2  
10  59  27  2298  367  310  3  -2  
10  59  27  2306  367  310  3  -2  
10  59  27  2315  367  310  3  -2  
10  59  27  2322  367  310  3  -2  
10  59  27  2332  367  310  3  -2  
10  59  27  2339  367  310  3  -2  
10  59  27  2348  367  310  3  -2  
10  59  27  2356  367  310  3  -2  
10  59  27  2365  367  310  3  -2  
10  59  27  2372  367  310  3  -2  
10  59  27  2382  367  310  3  -2  
10  59  27  2389  367  310  3  -2  
10  59  27  2398  367  310  3  -2  
10  59  27  2406  367  310  3  -2  
10  59  27  2414  367  310  3  -2  
10  59  27  2421  367  310  3  -2  
10  59  27  2431  367  310  3  -2  
10  59  27  2438  367  310  3  -2  
10  59  27  2447  367  310  3  -2  
10  59  27  2454  367  310  3  -2  
10  59  27  2465  367  310  3  -2  
10  59  27  2471  367  310  3  -2  
10  59  27  2481  367  310  3  -2  
10  59  27  2489  366  310  3  -2  
10  59  27  2496  366  310  3  -2  
10  59  27  2505  365  310  3  -2  
10  59  27  2514  364  310  3  -2  
10  59  27  2522  364  310  3  -2  
10  59  27  2531  363  310  3  -2  
10  59  27  2537  363  310  3  -2  
10  59  27  2548  363  310  3  -2  
10  59  27  2556  363  310  3  -2  
10  59  27  2563  363  310  3  -2  
10  59  27  2572  363  310  3  -2  
10  59  27  2581  363  310  3  -2  
10  59  27  2589  363  310  3  -2  
10  59  27  2597  363  310  3  -2  
10  59  27  2605  363  310  3  -2  
10  59  27  2614  363  310  3  -2  
10  59  27  2622  363  310  3  -2  
10  59  27  2631  363  310  3  -2  
10  59  27  2636  363  310  3  -2  
10  59  27  2647  363  310  3  -2  
10  59  27  2655  363  310  3  -2  
10  59  27  2664  363  310  3  -2  
10  59  27  2672  363  310  3  -2  
10  59  27  2681  363  310  3  -2  
10  59  27  2686  363  310  3  -2  
10  59  27  2698  363  310  3  -2  
10  59  27  2704  363  310  3  -2  
10  59  27  2713  363  310  3  -2  
10  59  27  2721  363  310  3  -2  
10  59  28  2731  363  310  3  -2  
10  59  28  2738  363  310  3  -2  
10  59  28  2749  363  310  3  -2  
10  59  28  2755  363  310  3  -2  
10  59  28  2764  363  310  3  -2  
10  59  28  2772  363  310  3  -2  
10  59  28  2781  363  310  3  -2  
10  59  28  2790  363  310  3  -2  
10  59  28  2798  363  310  3  -2  
10  59  28  2806  363  310  3  -2  
10  59  28  2815  363  310  3  -2  
10  59  28  2824  364  310  3  -2  
10  59  28  2832  366  310  3  -2  
10  59  28  2844  369  310  3  -2  
10  59  28  2853  378  310  3  -2  
10  59  28  2865  382  310  3  -2  
10  59  28  2874  383  310  3  -2  
10  59  28  2884  386  310  3  -2  
10  59  28  2892  387  310  3  -2  
10  59  28  2900  387  310  3  -2  
10  59  28  2910  389  310  3  -2  
10  59  28  2916  389  310  3  -2  
10  59  28  2925  389  310  3  -2  
10  59  28  2933  389  310  3  -2  
10  59  28  2942  389  310  3  -2  
10  59  28  2950  389  310  3  -2  
10  59  28  2958  389  310  3  -2  
10  59  28  2965  389  310  3  -2  
10  59  28  2974  389  310  3  -2  
10  59  28  2984  389  310  3  -2  
10  59  28  2992  389  310  3  -2  
10  59  28  3000  389  310  3  -2  
10  59  28  3008  389  310  3  -2  
10  59  28  3016  389  310  3  -2  
10  59  28  3025  389  310  3  -2  
10  59  28  3034  389  310  3  -2  
10  59  28  3042  389  310  3  -2  
10  59  28  3051  389  310  3  -2  
10  59  28  3060  389  310  3  -2  
10  59  28  3067  389  310  3  -2  
10  59  28  3076  389  310  3  -2  
10  59  28  3084  389  310  3  -2  
10  59  28  3092  389  310  3  -2  
10  59  28  3102  389  310  3  -2  
10  59  28  3109  389  310  3  -2  
10  59  28  3117  389  310  3  -2  
10  59  28  3126  389  310  3  -2  
10  59  28  3134  389  310  3  -2  
10  59  28  3142  389  310  3  -2  
10  59  28  3151  389  310  3  -2  
10  59  28  3160  389  310  3  -2  
10  59  28  3168  389  310  3  -2  
10  59  28  3176  389  310  3  -2  
10  59  28  3183  389  310  3  -2  
10  59  28  3193  389  310  3  -2  
10  59  28  3201  389  310  3  -2  
10  59  28  3210  389  310  3  -2  
10  59  28  3217  389  310  3  -2  
10  59  28  3226  389  310  3  -2  
10  59  28  3234  389  310  3  -2  
10  59  28  3242  389  310  3  -2  
10  59  28  3252  389  310  3  -2  
10  59  28  3261  389  310  3  -2  
10  59  28  3267  389  310  3  -2  
10  59  28  3276  389  310  3  -2  
10  59  28  3285  389  310  3  -2  
10  59  28  3295  389  310  3  -2  
10  59  28  3301  389  310  3  -2  
10  59  28  3312  389  310  3  -2  
10  59  28  3317  389  310  3  -2  
10  59  28  3328  389  310  3  -2  
10  59  28  3335  389  310  3  -2  
10  59  28  3345  389  310  3  -2  
10  59  28  3352  389  310  3  -2  
10  59  28  3361  389  310  3  -2  
10  59  28  3368  389  310  3  -2  
10  59  28  3378  389  310  3  -2  
10  59  28  3386  389  310  3  -2  
10  59  28  3395  389  310  3  -2  
10  59  28  3402  389  310  3  -2  
10  59  28  3411  389  310  3  -2  
10  59  28  3417  389  310  3  -2  
10  59  28  3428  389  310  3  -2  
10  59  28  3434  389  310  3  -2  
10  59  28  3445  389  310  3  -2  
10  59  28  3452  389  310  3  -2  
10  59  28  3462  389  310  3  -2  
10  59  28  3468  389  310  3  -2  
10  59  28  3479  389  310  3  -2  
10  59  28  3486  389  310  3  -2  
10  59  28  3495  389  310  3  -2  
10  59  28  3502  389  310  3  -2  
10  59  28  3513  389  310  3  -2  
10  59  28  3519  389  310  3  -2  
10  59  28  3530  389  310  3  -2  
10  59  28  3537  389  310  3  -2  
10  59  28  3546  389  310  3  -2  
10  59  28  3553  389  310  3  -2  
10  59  28  3563  389  310  3  -2  
10  59  28  3570  389  310  3  -2  
10  59  28  3579  389  310  3  -2  
10  59  28  3587  389  310  3  -2  
10  59  28  3597  389  310  3  -2  
