10  59  35  0  388  307  1  -2  
10  59  35  9  388  307  1  -2  
10  59  35  16  388  307  1  -2  
10  59  35  25  388  307  1  -2  
10  59  35  33  388  307  1  -2  
10  59  35  40  388  307  1  -2  
10  59  35  50  388  307  1  -2  
10  59  35  58  388  307  1  -2  
10  59  35  66  388  307  1  -2  
10  59  35  75  388  307  1  -2  
10  59  35  83  388  307  1  -2  
10  59  35  92  388  307  1  -2  
10  59  35  99  388  307  1  -2  
10  59  35  108  388  307  1  -2  
10  59  36  116  388  307  1  -2  
10  59  36  126  388  307  1  -2  
10  59  36  134  388  307  1  -2  
10  59  36  141  388  307  1  -2  
10  59  36  149  388  307  1  -2  
10  59  36  158  388  307  1  -2  
10  59  36  166  388  307  1  -2  
10  59  36  176  389  307  1  -2  
10  59  36  183  390  307  1  -2  
10  59  36  192  394  307  1  -2  
10  59  36  199  400  307  1  -2  
10  59  36  208  411  307  1  -2  
10  59  36  216  421  308  1  -2  
10  59  36  225  430  310  1  -2  
10  59  36  235  438  311  1  -2  
10  59  36  241  446  313  1  -2  
10  59  36  250  446  313  1  -2  
10  59  36  257  449  313  1  -2  
10  59  36  267  452  313  1  -2  
10  59  36  275  459  314  1  -2  
10  59  36  285  474  316  1  -2  
10  59  36  295  483  316  1  -2  
10  59  36  302  492  319  1  -2  
10  59  36  310  497  320  2  -2  
10  59  36  317  499  320  2  -2  
10  59  36  326  499  320  2  -2  
10  59  36  335  499  320  2  -2  
10  59  36  342  501  320  2  -2  
10  59  36  351  501  320  2  -2  
10  59  36  359  501  320  2  -2  
10  59  36  367  501  320  2  -2  
10  59  36  376  501  320  2  -2  
10  59  36  385  501  320  2  -2  
10  59  36  392  501  320  2  -2  
10  59  36  401  501  320  2  -2  
10  59  36  409  501  320  2  -2  
10  59  36  417  501  320  2  -2  
10  59  36  426  501  320  2  -2  
10  59  36  435  501  320  2  -2  
10  59  36  442  501  320  2  -2  
10  59  36  451  501  320  2  -2  
10  59  36  459  501  320  2  -2  
10  59  36  467  501  320  2  -2  
10  59  36  477  501  320  2  -2  
10  59  36  485  501  320  2  -2  
10  59  36  492  501  320  2  -2  
10  59  36  501  501  320  2  -2  
10  59  36  509  501  320  2  -2  
10  59  36  516  501  321  2  -2  
10  59  36  525  501  321  2  -2  
10  59  36  534  501  321  2  -2  
10  59  36  542  501  321  2  -2  
10  59  36  550  501  321  2  -2  
10  59  36  559  501  321  2  -2  
10  59  36  567  499  321  2  -2  
10  59  36  575  494  321  2  -2  
10  59  36  586  487  321  2  -2  
10  59  36  592  481  321  2  -2  
10  59  36  600  471  321  2  -2  
10  59  36  608  462  321  2  -2  
10  59  36  618  454  321  2  -2  
10  59  36  625  447  321  2  -2  
10  59  36  635  444  321  2  -2  
10  59  36  643  440  321  2  -2  
10  59  36  650  436  321  2  -2  
10  59  36  657  434  321  2  -2  
10  59  36  668  434  321  2  -2  
10  59  36  675  427  323  2  -2  
10  59  36  685  424  324  2  -2  
10  59  36  693  421  324  2  -2  
10  59  36  701  418  324  2  -2  
10  59  36  709  414  325  2  -2  
10  59  36  719  408  326  2  -2  
10  59  36  727  403  326  2  -2  
10  59  36  737  398  326  3  -2  
10  59  36  742  396  326  3  -2  
10  59  36  750  393  326  3  -2  
10  59  36  759  392  326  3  -2  
10  59  36  769  390  326  3  -2  
10  59  36  776  386  326  3  -2  
10  59  36  785  384  326  3  -2  
10  59  36  793  379  326  3  -2  
10  59  36  803  374  326  3  -2  
10  59  36  810  366  329  3  -2  
10  59  36  819  365  329  3  -2  
10  59  36  826  365  329  3  -2  
10  59  36  835  365  329  3  -2  
10  59  36  843  365  329  3  -2  
10  59  36  853  364  329  3  -2  
10  59  36  859  364  329  3  -2  
10  59  36  869  364  329  3  -2  
10  59  36  876  364  329  3  -2  
10  59  36  885  364  329  3  -2  
10  59  36  894  364  329  3  -2  
10  59  36  903  364  329  3  -2  
10  59  36  909  364  329  3  -2  
10  59  36  919  364  329  3  -2  
10  59  36  926  364  329  3  -2  
10  59  36  936  364  329  3  -2  
10  59  36  943  364  329  3  -2  
10  59  36  953  364  329  3  -2  
10  59  36  959  364  329  3  -2  
10  59  36  969  364  329  3  -2  
10  59  36  977  364  329  3  -2  
10  59  36  986  364  329  3  -2  
10  59  36  993  364  329  3  -2  
10  59  36  1003  364  329  3  -2  
10  59  36  1009  364  329  3  -2  
10  59  36  1020  364  329  3  -2  
10  59  36  1025  364  329  3  -2  
10  59  36  1037  364  329  3  -2  
10  59  36  1044  369  330  3  -2  
10  59  36  1054  373  331  3  -2  
10  59  36  1060  378  331  3  -2  
10  59  36  1070  385  331  3  -2  
10  59  36  1077  394  334  3  -2  
10  59  36  1086  402  334  3  -2  
10  59  36  1095  409  335  3  -2  
10  59  36  1104  416  336  3  -2  
10  59  37  1111  425  336  3  -2  
10  59  37  1121  430  336  3  -2  
10  59  37  1127  435  337  3  -2  
10  59  37  1137  438  337  3  -2  
10  59  37  1144  440  337  3  -2  
10  59  37  1154  444  337  3  -2  
10  59  37  1160  449  337  3  -2  
10  59  37  1171  454  337  3  -2  
10  59  37  1179  468  339  3  -2  
10  59  37  1188  474  340  3  -2  
10  59  37  1195  477  340  3  -2  
10  59  37  1205  478  340  3  -2  
10  59  37  1211  478  340  3  -2  
10  59  37  1222  479  340  3  -2  
10  59  37  1229  479  340  3  -2  
10  59  37  1239  480  340  3  -2  
10  59  37  1246  482  340  3  -2  
10  59  37  1256  485  340  3  -2  
10  59  37  1262  486  340  3  -2  
10  59  37  1271  490  340  3  -2  
10  59  37  1278  491  340  3  -2  
10  59  37  1288  491  340  3  -2  
10  59  37  1294  491  340  3  -2  
10  59  37  1304  491  340  3  -2  
10  59  37  1311  491  340  3  -2  
10  59  37  1322  491  340  3  -2  
10  59  37  1328  491  340  3  -2  
10  59  37  1338  491  340  3  -2  
10  59  37  1345  491  340  3  -2  
10  59  37  1355  491  340  3  -2  
10  59  37  1363  491  340  3  -2  
10  59  37  1372  491  340  3  -2  
10  59  37  1378  491  340  3  -2  
10  59  37  1388  491  340  3  -2  
10  59  37  1395  491  340  3  -2  
10  59  37  1405  491  340  3  -2  
10  59  37  1413  491  340  3  -2  
10  59  37  1421  491  340  3  -2  
10  59  37  1428  491  340  3  -2  
10  59  37  1438  491  340  3  -2  
10  59  37  1445  491  340  3  -2  
10  59  37  1455  491  340  3  -2  
10  59  37  1461  491  340  3  -2  
10  59  37  1472  491  340  3  -2  
10  59  37  1478  491  340  3  -2  
10  59  37  1489  491  340  3  -2  
10  59  37  1495  491  340  3  -2  
10  59  37  1505  491  340  3  -2  
10  59  37  1513  491  340  3  -2  
10  59  37  1521  491  338  3  -2  
10  59  37  1528  491  336  3  -2  
10  59  37  1538  489  335  3  -2  
10  59  37  1545  483  331  3  -2  
10  59  37  1555  471  325  3  -2  
10  59  37  1563  447  316  3  -2  
10  59  37  1572  432  310  3  -2  
10  59  37  1578  418  307  3  -2  
10  59  37  1588  418  307  3  -2  
10  59  37  1596  404  303  3  -2  
10  59  37  1606  401  303  3  -2  
10  59  37  1611  400  303  3  -2  
10  59  37  1621  399  302  3  -2  
10  59  37  1629  399  302  3  -2  
10  59  37  1639  398  302  3  -2  
10  59  37  1646  398  302  3  -2  
10  59  37  1655  397  302  3  -2  
10  59  37  1663  397  302  3  -2  
10  59  37  1671  397  302  3  -2  
10  59  37  1678  396  302  3  -2  
10  59  37  1688  393  301  3  -2  
10  59  37  1696  393  300  3  -2  
10  59  37  1706  393  300  3  -2  
10  59  37  1713  393  300  3  -2  
10  59  37  1722  392  300  3  -2  
10  59  37  1729  392  300  3  -2  
10  59  37  1739  391  300  3  -2  
10  59  37  1746  390  300  3  -2  
10  59  37  1755  390  300  3  -2  
10  59  37  1762  388  300  3  -2  
10  59  37  1773  388  300  3  -2  
10  59  37  1779  388  300  3  -2  
10  59  37  1788  388  300  3  -2  
10  59  37  1797  388  300  3  -2  
10  59  37  1805  388  300  3  -2  
10  59  37  1812  388  300  3  -2  
10  59  37  1821  388  300  3  -2  
10  59  37  1830  388  300  3  -2  
10  59  37  1838  388  300  3  -2  
10  59  37  1846  388  300  3  -2  
10  59  37  1855  388  300  3  -2  
10  59  37  1862  388  300  3  -2  
10  59  37  1871  388  300  3  -2  
10  59  37  1879  388  300  3  -2  
10  59  37  1888  388  300  3  -2  
10  59  37  1895  388  300  3  -2  
10  59  37  1905  388  300  3  -2  
10  59  37  1913  388  300  3  -2  
10  59  37  1921  388  300  3  -2  
10  59  37  1929  388  300  3  -2  
