10  59  43  0  345  299  1  -2  
10  59  43  8  345  299  1  -2  
10  59  43  16  345  299  1  -2  
10  59  43  24  345  299  1  -2  
10  59  43  33  345  299  1  -2  
10  59  43  42  345  299  1  -2  
10  59  43  50  345  299  1  -2  
10  59  43  60  345  299  1  -2  
10  59  43  69  345  299  1  -2  
10  59  43  76  345  299  1  -2  
10  59  43  85  345  299  1  -2  
10  59  43  93  345  299  1  -2  
10  59  43  102  345  299  1  -2  
10  59  43  110  345  299  1  -2  
10  59  43  118  345  299  1  -2  
10  59  43  127  345  299  1  -2  
10  59  43  135  345  299  1  -2  
10  59  43  143  345  299  1  -2  
10  59  43  152  345  299  1  -2  
10  59  43  159  345  299  1  -2  
10  59  43  168  345  299  1  -2  
10  59  43  177  345  299  1  -2  
10  59  43  185  345  299  1  -2  
10  59  43  193  347  299  1  -2  
10  59  43  202  351  299  1  -2  
10  59  43  211  357  301  1  -2  
10  59  43  220  370  304  1  -2  
10  59  43  227  375  304  1  -2  
10  59  43  235  382  307  1  -2  
10  59  43  243  391  308  1  -2  
10  59  43  264  398  308  1  -2  
10  59  43  272  408  309  1  -2  
10  59  43  282  414  310  1  -2  
10  59  43  288  426  312  1  -2  
10  59  43  298  426  312  1  -2  
10  59  43  305  443  315  1  -2  
10  59  43  315  451  315  1  -2  
10  59  43  322  460  316  1  -2  
10  59  43  332  466  318  1  -2  
10  59  43  338  471  318  1  -2  
10  59  43  349  474  319  1  -2  
10  59  43  355  477  319  1  -2  
10  59  43  365  483  320  1  -2  
10  59  43  371  483  320  1  -2  
10  59  43  382  486  320  1  -2  
10  59  43  388  486  320  1  -2  
10  59  43  398  487  321  1  -2  
10  59  43  405  487  321  1  -2  
10  59  43  416  487  321  1  -2  
10  59  43  423  489  321  1  -2  
10  59  43  433  490  321  1  -2  
10  59  43  440  492  321  1  -2  
10  59  43  450  495  321  2  -2  
10  59  43  460  497  321  2  -2  
10  59  43  468  498  321  2  -2  
10  59  43  477  498  321  2  -2  
10  59  43  485  498  321  2  -2  
10  59  43  495  498  321  2  -2  
10  59  43  503  498  321  2  -2  
10  59  43  513  498  321  2  -2  
10  59  43  520  498  321  2  -2  
10  59  43  531  498  321  2  -2  
10  59  43  538  498  321  2  -2  
10  59  43  549  498  321  2  -2  
10  59  43  556  498  321  2  -2  
10  59  43  565  498  321  2  -2  
10  59  43  573  498  321  2  -2  
10  59  43  583  498  321  2  -2  
10  59  43  591  498  321  2  -2  
10  59  43  600  498  321  2  -2  
10  59  43  608  498  321  2  -2  
10  59  43  616  497  321  2  -2  
10  59  43  627  494  321  2  -2  
10  59  43  635  487  323  2  -2  
10  59  43  644  483  323  2  -2  
10  59  43  653  479  324  2  -2  
10  59  43  662  474  324  2  -2  
10  59  43  671  469  325  2  -2  
10  59  43  679  462  325  2  -2  
10  59  43  687  453  326  2  -2  
10  59  43  697  450  328  2  -2  
10  59  43  704  445  328  2  -2  
10  59  43  714  440  328  2  -2  
10  59  43  720  423  328  2  -2  
10  59  43  730  423  328  2  -2  
10  59  43  737  403  328  2  -2  
10  59  43  747  403  328  2  -2  
10  59  43  755  380  328  3  -2  
10  59  43  765  373  328  3  -2  
10  59  43  770  368  328  3  -2  
10  59  43  780  365  329  3  -2  
10  59  43  788  363  329  3  -2  
10  59  43  797  360  329  3  -2  
10  59  43  804  359  329  3  -2  
10  59  43  813  359  329  3  -2  
10  59  43  821  357  329  3  -2  
10  59  43  831  356  329  3  -2  
10  59  43  836  355  330  3  -2  
10  59  43  847  352  330  3  -2  
10  59  43  853  348  331  3  -2  
10  59  43  864  344  333  3  -2  
10  59  43  871  341  333  3  -2  
10  59  44  882  338  334  3  -2  
10  59  44  887  337  334  3  -2  
10  59  44  898  337  334  3  -2  
10  59  44  906  336  334  3  -2  
10  59  44  915  336  334  3  -2  
10  59  44  925  336  334  3  -2  
10  59  44  934  336  334  3  -2  
10  59  44  943  336  334  3  -2  
10  59  44  952  336  334  3  -2  
10  59  44  960  336  334  3  -2  
10  59  44  969  336  334  3  -2  
10  59  44  979  336  334  3  -2  
10  59  44  987  336  334  3  -2  
10  59  44  996  336  334  3  -2  
10  59  44  1004  336  334  3  -2  
10  59  44  1015  336  334  3  -2  
10  59  44  1023  336  334  3  -2  
10  59  44  1033  336  334  3  -2  
10  59  44  1042  336  334  3  -2  
10  59  44  1050  336  334  3  -2  
10  59  44  1058  338  335  3  -2  
10  59  44  1065  341  335  3  -2  
10  59  44  1075  341  335  3  -2  
10  59  44  1083  353  336  3  -2  
10  59  44  1092  360  338  3  -2  
10  59  44  1101  364  339  3  -2  
10  59  44  1107  371  339  3  -2  
10  59  44  1116  376  339  3  -2  
10  59  44  1124  385  340  3  -2  
10  59  44  1133  393  340  3  -2  
10  59  44  1141  403  340  3  -2  
10  59  44  1149  413  342  3  -2  
10  59  44  1157  425  342  3  -2  
10  59  44  1167  436  344  3  -2  
10  59  44  1176  444  344  3  -2  
10  59  44  1186  449  344  3  -2  
10  59  44  1196  458  344  3  -2  
10  59  44  1205  462  344  3  -2  
10  59  44  1216  463  344  3  -2  
10  59  44  1224  467  344  3  -2  
10  59  44  1232  471  344  3  -2  
10  59  44  1240  473  344  3  -2  
10  59  44  1248  477  344  3  -2  
10  59  44  1257  481  344  3  -2  
10  59  44  1265  485  344  3  -2  
10  59  44  1273  486  344  3  -2  
10  59  44  1282  487  344  3  -2  
10  59  44  1291  489  344  3  -2  
10  59  44  1299  489  344  3  -2  
10  59  44  1307  490  344  3  -2  
10  59  44  1316  491  344  3  -2  
10  59  44  1323  494  345  3  -2  
10  59  44  1332  494  345  3  -2  
10  59  44  1340  498  345  3  -2  
10  59  44  1349  499  345  3  -2  
10  59  44  1357  502  345  3  -2  
10  59  44  1365  503  345  3  -2  
10  59  44  1373  503  345  3  -2  
10  59  44  1382  503  345  3  -2  
10  59  44  1391  503  345  3  -2  
10  59  44  1398  503  345  3  -2  
10  59  44  1406  503  345  3  -2  
10  59  44  1414  503  345  3  -2  
10  59  44  1425  503  345  3  -2  
10  59  44  1432  503  345  3  -2  
10  59  44  1440  503  345  3  -2  
10  59  44  1449  503  345  3  -2  
10  59  44  1456  503  345  3  -2  
10  59  44  1465  503  345  3  -2  
10  59  44  1473  503  345  3  -2  
10  59  44  1483  503  345  3  -2  
10  59  44  1491  504  345  3  -2  
10  59  44  1498  504  343  3  -2  
10  59  44  1506  500  339  3  -2  
10  59  44  1516  492  334  3  -2  
10  59  44  1524  483  331  3  -2  
10  59  44  1533  474  327  3  -2  
10  59  44  1541  467  325  3  -2  
10  59  44  1549  460  322  3  -2  
10  59  44  1558  456  321  3  -2  
10  59  44  1565  453  321  3  -2  
10  59  44  1575  448  320  3  -2  
10  59  44  1583  445  320  3  -2  
10  59  44  1591  441  319  3  -2  
10  59  44  1599  439  319  3  -2  
10  59  44  1607  434  317  3  -2  
10  59  44  1616  433  317  3  -2  
10  59  44  1623  431  317  3  -2  
10  59  44  1633  427  316  3  -2  
10  59  44  1642  424  316  3  -2  
10  59  44  1649  411  315  3  -2  
10  59  44  1658  411  315  3  -2  
10  59  44  1667  404  315  3  -2  
10  59  44  1675  390  314  3  -2  
10  59  44  1684  386  314  3  -2  
10  59  44  1692  384  314  3  -2  
10  59  44  1700  382  314  3  -2  
10  59  44  1709  381  314  3  -2  
10  59  44  1717  380  314  3  -2  
10  59  44  1725  378  314  3  -2  
10  59  44  1735  378  314  3  -2  
10  59  44  1743  376  314  3  -2  
10  59  44  1750  375  314  3  -2  
10  59  44  1759  375  314  3  -2  
10  59  44  1767  375  314  3  -2  
10  59  44  1776  375  314  3  -2  
10  59  44  1784  375  314  3  -2  
10  59  44  1792  375  314  3  -2  
10  59  44  1801  375  314  3  -2  
10  59  44  1808  375  314  3  -2  
10  59  44  1818  375  314  3  -2  
10  59  44  1825  375  314  3  -2  
10  59  44  1834  375  314  3  -2  
10  59  44  1842  374  314  3  -2  
10  59  44  1851  372  314  3  -2  
10  59  44  1859  372  314  3  -2  
10  59  44  1867  372  314  3  -2  
10  59  44  1875  372  314  3  -2  
10  59  45  1884  372  314  3  -2  
10  59  45  1892  371  314  3  -2  
10  59  45  1901  371  314  3  -2  
10  59  45  1909  371  314  3  -2  
10  59  45  1917  371  314  3  -2  
10  59  45  1925  371  314  3  -2  
10  59  45  1934  371  314  3  -2  
10  59  45  1943  371  314  3  -2  
10  59  45  1950  371  314  3  -2  
10  59  45  1959  371  314  3  -2  
10  59  45  1968  371  314  3  -2  
10  59  45  1978  371  314  3  -2  
10  59  45  1984  371  314  3  -2  
10  59  45  1992  371  314  3  -2  
10  59  45  2000  371  314  3  -2  
10  59  45  2009  371  314  3  -2  
10  59  45  2018  371  314  3  -2  
10  59  45  2026  371  314  3  -2  
10  59  45  2035  371  314  3  -2  
10  59  45  2045  371  314  3  -2  
