16  6  11  0  363  303  1  -2  
16  6  11  8  363  303  1  -2  
16  6  11  15  363  303  1  -2  
16  6  11  25  363  303  1  -2  
16  6  11  32  363  303  1  -2  
16  6  11  40  363  303  1  -2  
16  6  11  49  363  303  1  -2  
16  6  11  57  363  304  1  -2  
16  6  11  65  363  304  1  -2  
16  6  11  73  363  304  1  -2  
16  6  11  82  363  304  1  -2  
16  6  11  91  363  304  1  -2  
16  6  11  99  363  304  1  -2  
16  6  11  108  363  304  1  -2  
16  6  11  115  363  304  1  -2  
16  6  11  125  363  304  1  -2  
16  6  11  133  363  304  1  -2  
16  6  11  141  363  304  1  -2  
16  6  11  150  363  304  1  -2  
16  6  11  157  363  305  1  -2  
16  6  11  166  363  305  1  -2  
16  6  11  174  363  305  1  -2  
16  6  11  183  363  305  1  -2  
16  6  11  194  364  306  1  -2  
16  6  11  200  365  306  1  -2  
16  6  11  209  367  307  1  -2  
16  6  11  218  369  307  1  -2  
16  6  11  228  372  309  1  -2  
16  6  11  234  376  309  1  -2  
16  6  11  242  376  309  1  -2  
16  6  11  251  381  310  1  -2  
16  6  11  259  385  310  1  -2  
16  6  11  267  390  310  1  -2  
16  6  11  278  395  310  1  -2  
16  6  11  286  399  310  1  -2  
16  6  11  295  404  310  1  -2  
16  6  11  301  407  310  1  -2  
16  6  11  312  410  310  1  -2  
16  6  11  319  414  310  1  -2  
16  6  11  329  419  311  1  -2  
16  6  11  336  426  312  1  -2  
16  6  11  346  431  312  1  -2  
16  6  11  353  437  312  1  -2  
16  6  11  362  442  312  1  -2  
16  6  11  369  445  312  1  -2  
16  6  11  378  449  312  1  -2  
16  6  11  387  451  312  1  -2  
16  6  11  398  452  312  1  -2  
16  6  11  403  455  312  1  -2  
16  6  11  413  455  312  1  -2  
16  6  11  421  462  314  1  -2  
16  6  11  431  467  315  1  -2  
16  6  11  438  474  316  1  -2  
16  6  11  448  475  316  1  -2  
16  6  11  455  477  316  1  -2  
16  6  11  464  477  316  1  -2  
16  6  11  471  477  316  1  -2  
16  6  11  481  477  316  1  -2  
16  6  11  488  477  316  1  -2  
16  6  11  497  477  316  1  -2  
16  6  11  504  478  316  1  -2  
16  6  11  515  479  316  1  -2  
16  6  11  520  479  316  1  -2  
16  6  12  531  482  316  1  -2  
16  6  12  537  482  317  1  -2  
16  6  12  548  486  317  1  -2  
16  6  12  556  487  317  1  -2  
16  6  12  564  489  317  1  -2  
16  6  12  570  489  317  1  -2  
16  6  12  581  489  317  1  -2  
16  6  12  588  489  317  1  -2  
16  6  12  599  490  317  1  -2  
16  6  12  604  491  317  1  -2  
16  6  12  615  494  317  1  -2  
16  6  12  621  495  318  2  -2  
16  6  12  630  495  318  2  -2  
16  6  12  638  495  318  2  -2  
16  6  12  647  495  318  2  -2  
16  6  12  655  495  318  2  -2  
16  6  12  664  495  318  2  -2  
16  6  12  672  495  318  2  -2  
16  6  12  681  495  318  2  -2  
16  6  12  687  496  318  2  -2  
16  6  12  698  498  318  2  -2  
16  6  12  704  498  318  2  -2  
16  6  12  714  498  318  2  -2  
16  6  12  721  498  318  2  -2  
16  6  12  730  498  318  2  -2  
16  6  12  738  498  318  2  -2  
16  6  12  747  498  318  2  -2  
16  6  12  753  498  318  2  -2  
16  6  12  763  498  318  2  -2  
16  6  12  770  502  318  2  -2  
16  6  12  780  502  318  2  -2  
16  6  12  786  506  318  2  -2  
16  6  12  797  506  318  2  -2  
16  6  12  803  507  318  2  -2  
16  6  12  813  507  318  2  -2  
16  6  12  819  507  318  2  -2  
16  6  12  829  507  318  2  -2  
16  6  12  838  507  318  2  -2  
16  6  12  846  508  318  2  -2  
16  6  12  855  508  318  2  -2  
16  6  12  863  508  318  2  -2  
16  6  12  870  508  318  2  -2  
16  6  12  880  508  318  2  -2  
16  6  12  888  508  318  2  -2  
16  6  12  898  508  318  2  -2  
16  6  12  906  508  318  2  -2  
16  6  12  915  508  318  2  -2  
16  6  12  923  509  318  2  -2  
16  6  12  931  512  318  2  -2  
16  6  12  939  513  318  2  -2  
16  6  12  949  514  318  2  -2  
16  6  12  957  515  318  2  -2  
16  6  12  966  515  318  2  -2  
16  6  12  974  515  318  2  -2  
16  6  12  982  515  318  2  -2  
16  6  12  990  515  318  2  -2  
16  6  12  999  515  318  2  -2  
16  6  12  1007  515  318  2  -2  
16  6  12  1016  515  318  2  -2  
16  6  12  1024  515  318  2  -2  
16  6  12  1033  515  318  2  -2  
16  6  12  1041  515  318  2  -2  
16  6  12  1050  515  318  2  -2  
16  6  12  1058  515  318  2  -2  
16  6  12  1067  515  318  2  -2  
16  6  12  1075  515  318  2  -2  
16  6  12  1081  515  318  2  -2  
16  6  12  1091  515  318  2  -2  
16  6  12  1099  515  318  2  -2  
16  6  12  1108  515  318  2  -2  
16  6  12  1117  513  317  2  -2  
16  6  12  1125  510  315  2  -2  
16  6  12  1134  505  314  2  -2  
16  6  12  1143  498  313  2  -2  
16  6  12  1151  488  311  2  -2  
16  6  12  1159  476  309  2  -2  
16  6  12  1167  464  309  2  -2  
16  6  12  1175  453  309  2  -2  
16  6  12  1184  444  309  2  -2  
16  6  12  1192  434  309  2  -2  
16  6  12  1201  426  309  2  -2  
16  6  12  1209  417  309  2  -2  
16  6  12  1217  411  309  2  -2  
16  6  12  1225  404  309  2  -2  
16  6  12  1233  395  307  3  -2  
16  6  12  1241  387  307  3  -2  
16  6  12  1250  378  307  3  -2  
16  6  12  1259  372  307  3  -2  
16  6  12  1267  363  307  3  -2  
16  6  12  1275  357  307  3  -2  
16  6  12  1285  357  307  3  -2  
16  6  12  1295  355  307  3  -2  
16  6  12  1304  355  307  3  -2  
16  6  12  1313  355  307  3  -2  
16  6  12  1321  355  307  3  -2  
16  6  12  1332  355  307  3  -2  
16  6  12  1341  355  307  3  -2  
16  6  12  1350  355  307  3  -2  
16  6  12  1360  355  307  3  -2  
16  6  12  1367  355  307  3  -2  
16  6  12  1377  355  307  3  -2  
16  6  12  1385  357  307  3  -2  
16  6  12  1395  366  307  3  -2  
16  6  12  1401  392  307  3  -2  
16  6  12  1412  392  307  3  -2  
16  6  12  1418  425  307  3  -2  
16  6  12  1430  425  307  3  -2  
16  6  12  1436  462  307  3  -2  
16  6  12  1446  482  307  3  -2  
16  6  12  1453  503  307  4  -2  
16  6  12  1464  514  307  4  -2  
16  6  12  1469  519  307  4  -2  
16  6  12  1480  519  307  4  -2  
16  6  12  1486  519  307  4  -2  
16  6  12  1496  519  307  4  -2  
16  6  12  1503  519  307  4  -2  
16  6  12  1513  519  307  4  -2  
16  6  12  1520  519  307  4  -2  
16  6  13  1529  519  307  4  -2  
16  6  13  1537  519  307  4  -2  
16  6  13  1547  519  307  4  -2  
16  6  13  1553  519  307  4  -2  
16  6  13  1562  519  307  4  -2  
16  6  13  1570  519  307  4  -2  
16  6  13  1579  519  307  4  -2  
16  6  13  1587  519  307  4  -2  
16  6  13  1598  519  307  4  -2  
16  6  13  1603  519  307  4  -2  
16  6  13  1613  519  307  4  -2  
16  6  13  1621  519  307  4  -2  
16  6  13  1630  518  307  4  -2  
16  6  13  1638  518  307  4  -2  
16  6  13  1646  518  307  4  -2  
16  6  13  1655  518  307  4  -2  
16  6  13  1663  517  307  4  -2  
16  6  13  1671  517  307  4  -2  
16  6  13  1680  516  307  4  -2  
16  6  13  1688  516  307  4  -2  
16  6  13  1697  516  307  4  -2  
16  6  13  1705  516  307  4  -2  
16  6  13  1713  516  307  4  -2  
16  6  13  1721  516  307  4  -2  
16  6  13  1730  516  307  4  -2  
16  6  13  1737  516  307  4  -2  
16  6  13  1747  516  307  4  -2  
16  6  13  1754  516  307  4  -2  
16  6  13  1763  516  307  4  -2  
16  6  13  1772  516  307  4  -2  
16  6  13  1786  514  307  4  -2  
16  6  13  1795  510  307  4  -2  
16  6  13  1803  505  307  4  -2  
16  6  13  1814  496  306  4  -2  
16  6  13  1823  473  305  4  -2  
16  6  13  1831  460  305  4  -2  
16  6  13  1840  443  305  4  -2  
16  6  13  1849  428  305  4  -2  
16  6  13  1857  412  305  4  -2  
16  6  13  1867  397  305  5  -2  
16  6  13  1874  383  305  5  -2  
16  6  13  1883  372  305  5  -2  
16  6  13  1891  365  305  5  -2  
16  6  13  1900  357  305  5  -2  
16  6  13  1908  349  305  5  -2  
16  6  13  1917  348  305  5  -2  
16  6  13  1925  345  305  5  -2  
16  6  13  1933  345  305  5  -2  
16  6  13  1943  345  305  5  -2  
16  6  13  1952  345  305  5  -2  
16  6  13  1961  345  305  5  -2  
16  6  13  1969  345  305  5  -2  
16  6  13  1979  345  305  5  -2  
16  6  13  1985  344  305  5  -2  
16  6  13  1995  343  305  5  -2  
16  6  13  2003  339  305  5  -2  
16  6  13  2012  339  305  5  -2  
16  6  13  2020  335  305  5  -2  
16  6  13  2030  334  305  5  -2  
16  6  13  2036  334  305  5  -2  
16  6  13  2046  334  305  5  -2  
16  6  13  2053  334  305  5  -2  
16  6  13  2063  334  305  5  -2  
16  6  13  2070  334  305  5  -2  
16  6  13  2080  334  305  5  -2  
16  6  13  2087  334  305  5  -2  
16  6  13  2096  334  305  5  -2  
16  6  13  2102  334  305  5  -2  
16  6  13  2113  334  305  5  -2  
16  6  13  2119  334  305  5  -2  
16  6  13  2130  334  305  5  -2  
16  6  13  2137  334  305  5  -2  
16  6  13  2146  334  305  5  -2  
16  6  13  2154  334  305  5  -2  
16  6  13  2163  334  305  5  -2  
16  6  13  2170  334  305  5  -2  
16  6  13  2179  334  305  5  -2  
16  6  13  2187  334  305  5  -2  
16  6  13  2197  334  305  5  -2  
16  6  13  2204  334  305  5  -2  
16  6  13  2213  334  305  5  -2  
16  6  13  2221  334  305  5  -2  
16  6  13  2230  334  305  5  -2  
16  6  13  2237  334  305  5  -2  
16  6  13  2246  334  305  5  -2  
16  6  13  2254  334  305  5  -2  
16  6  13  2263  334  305  5  -2  
16  6  13  2271  334  305  5  -2  
16  6  13  2280  334  305  5  -2  
16  6  13  2287  334  305  5  -2  
16  6  13  2296  334  305  5  -2  
16  6  13  2303  334  305  5  -2  
16  6  13  2312  334  305  5  -2  
16  6  13  2319  334  305  5  -2  
16  6  13  2329  334  305  5  -2  
16  6  13  2335  334  305  5  -2  
16  6  13  2346  334  305  5  -2  
16  6  13  2353  334  305  5  -2  
16  6  13  2362  334  305  5  -2  
16  6  13  2371  334  305  5  -2  
16  6  13  2379  334  305  5  -2  
16  6  13  2387  334  305  5  -2  
16  6  13  2395  334  305  5  -2  
16  6  13  2404  334  305  5  -2  
16  6  13  2412  334  305  5  -2  
16  6  13  2421  334  305  5  -2  
16  6  13  2429  334  305  5  -2  
16  6  13  2437  334  305  5  -2  
16  6  13  2446  334  305  5  -2  
16  6  13  2453  334  305  5  -2  
16  6  13  2462  334  305  5  -2  
16  6  13  2470  334  305  5  -2  
16  6  13  2479  334  305  5  -2  
16  6  13  2487  334  305  5  -2  
16  6  13  2495  334  305  5  -2  
16  6  13  2504  334  305  5  -2  
16  6  13  2514  334  305  5  -2  
16  6  13  2521  334  305  5  -2  
16  6  14  2529  334  305  5  -2  
16  6  14  2539  334  305  5  -2  
16  6  14  2547  334  305  5  -2  
16  6  14  2555  334  305  5  -2  
16  6  14  2564  334  305  5  -2  
16  6  14  2572  334  305  5  -2  
16  6  14  2581  334  305  5  -2  
16  6  14  2589  334  305  5  -2  
