16  6  39  0  354  292  1  -2  
16  6  39  8  354  292  1  -2  
16  6  39  16  354  292  1  -2  
16  6  39  25  354  292  1  -2  
16  6  39  33  354  292  1  -2  
16  6  39  41  354  292  1  -2  
16  6  39  50  354  292  1  -2  
16  6  39  58  354  292  1  -2  
16  6  39  66  354  292  1  -2  
16  6  39  76  354  292  1  -2  
16  6  39  83  354  292  1  -2  
16  6  39  91  354  292  1  -2  
16  6  39  99  354  292  1  -2  
16  6  39  108  354  292  1  -2  
16  6  39  116  354  292  1  -2  
16  6  39  126  354  292  1  -2  
16  6  39  133  354  292  1  -2  
16  6  39  141  353  292  1  -2  
16  6  39  150  353  292  1  -2  
16  6  39  158  354  293  1  -2  
16  6  39  167  360  293  1  -2  
16  6  39  176  369  294  1  -2  
16  6  39  183  379  297  1  -2  
16  6  39  193  394  298  1  -2  
16  6  39  201  428  304  1  -2  
16  6  39  210  444  305  1  -2  
16  6  39  218  461  306  1  -2  
16  6  39  226  476  311  1  -2  
16  6  39  235  488  312  1  -2  
16  6  39  242  497  313  2  -2  
16  6  39  251  502  313  2  -2  
16  6  39  259  506  314  2  -2  
16  6  39  267  506  314  2  -2  
16  6  39  273  506  314  2  -2  
16  6  39  285  508  314  2  -2  
16  6  39  292  509  314  2  -2  
16  6  39  300  510  314  2  -2  
16  6  39  308  512  314  2  -2  
16  6  39  317  515  315  2  -2  
16  6  39  326  517  317  2  -2  
16  6  39  333  521  317  2  -2  
16  6  39  341  524  317  2  -2  
16  6  39  349  526  317  2  -2  
16  6  39  358  527  317  2  -2  
16  6  39  369  527  317  2  -2  
16  6  39  376  529  318  2  -2  
16  6  39  383  529  318  2  -2  
16  6  39  390  529  318  2  -2  
16  6  39  400  529  318  2  -2  
16  6  39  408  529  318  2  -2  
16  6  39  416  529  318  2  -2  
16  6  39  426  529  318  2  -2  
16  6  39  433  529  318  2  -2  
16  6  39  441  529  318  2  -2  
16  6  39  451  529  318  2  -2  
16  6  39  459  529  318  2  -2  
16  6  39  468  529  318  2  -2  
16  6  39  476  529  318  2  -2  
16  6  39  485  529  318  2  -2  
16  6  39  493  529  318  2  -2  
16  6  39  504  529  318  2  -2  
16  6  39  509  529  318  2  -2  
16  6  39  518  529  318  2  -2  
16  6  39  526  529  318  2  -2  
16  6  39  536  529  318  2  -2  
16  6  39  542  529  318  2  -2  
16  6  39  552  529  318  2  -2  
16  6  39  559  529  318  2  -2  
16  6  39  569  529  318  2  -2  
16  6  39  576  529  318  2  -2  
16  6  39  586  529  318  2  -2  
16  6  39  592  529  318  2  -2  
16  6  39  602  529  318  2  -2  
16  6  39  610  529  318  2  -2  
16  6  39  620  529  318  2  -2  
16  6  39  626  529  318  2  -2  
16  6  39  636  529  318  2  -2  
16  6  39  642  529  318  2  -2  
16  6  39  653  529  318  2  -2  
16  6  39  659  527  318  2  -2  
16  6  39  668  526  318  2  -2  
16  6  39  676  523  318  2  -2  
16  6  39  684  521  318  2  -2  
16  6  39  692  518  318  2  -2  
16  6  39  703  511  318  2  -2  
16  6  39  710  501  318  2  -2  
16  6  39  720  488  318  2  -2  
16  6  39  728  475  318  2  -2  
16  6  39  737  461  318  2  -2  
16  6  39  745  461  318  2  -2  
16  6  39  754  461  318  2  -2  
16  6  39  762  461  318  2  -2  
16  6  39  771  461  318  2  -2  
16  6  39  778  408  318  2  -2  
16  6  39  789  401  318  2  -2  
16  6  39  796  394  318  3  -2  
16  6  39  805  389  318  3  -2  
16  6  39  811  384  318  3  -2  
16  6  39  822  381  318  3  -2  
16  6  39  828  380  318  3  -2  
16  6  39  838  380  318  3  -2  
16  6  39  843  380  318  3  -2  
16  6  39  855  380  318  3  -2  
16  6  39  862  380  318  3  -2  
16  6  39  871  380  318  3  -2  
16  6  39  877  380  318  3  -2  
16  6  39  888  380  318  3  -2  
16  6  39  896  380  318  3  -2  
16  6  39  905  380  318  3  -2  
16  6  39  910  380  318  3  -2  
16  6  39  920  380  318  3  -2  
16  6  39  927  380  318  3  -2  
16  6  39  937  380  318  3  -2  
16  6  39  944  380  318  3  -2  
16  6  39  954  380  318  3  -2  
16  6  39  959  380  318  3  -2  
16  6  39  970  380  318  3  -2  
16  6  39  977  380  318  3  -2  
16  6  39  987  380  318  3  -2  
16  6  39  995  380  318  3  -2  
16  6  40  1004  380  318  3  -2  
16  6  40  1010  380  318  3  -2  
16  6  40  1020  380  318  3  -2  
16  6  40  1027  380  318  3  -2  
16  6  40  1037  380  318  3  -2  
16  6  40  1045  380  318  3  -2  
16  6  40  1054  380  318  3  -2  
16  6  40  1060  380  318  3  -2  
16  6  40  1070  380  318  3  -2  
16  6  40  1076  380  318  3  -2  
16  6  40  1087  380  318  3  -2  
16  6  40  1095  380  318  3  -2  
16  6  40  1104  380  318  3  -2  
16  6  40  1110  380  318  3  -2  
16  6  40  1120  380  318  3  -2  
16  6  40  1127  380  318  3  -2  
16  6  40  1137  380  318  3  -2  
16  6  40  1145  380  318  3  -2  
16  6  40  1154  380  318  3  -2  
16  6  40  1160  380  318  3  -2  
16  6  40  1170  380  318  3  -2  
16  6  40  1177  380  318  3  -2  
16  6  40  1188  380  318  3  -2  
16  6  40  1195  380  318  3  -2  
16  6  40  1204  380  318  3  -2  
16  6  40  1211  380  318  3  -2  
16  6  40  1220  380  318  3  -2  
16  6  40  1227  380  318  3  -2  
16  6  40  1237  380  318  3  -2  
16  6  40  1245  380  318  3  -2  
16  6  40  1254  380  318  3  -2  
16  6  40  1260  380  318  3  -2  
16  6  40  1270  380  318  3  -2  
16  6  40  1277  380  318  3  -2  
16  6  40  1287  380  318  3  -2  
16  6  40  1295  380  318  3  -2  
16  6  40  1304  380  318  3  -2  
16  6  40  1310  380  318  3  -2  
16  6  40  1320  380  318  3  -2  
16  6  40  1328  380  318  3  -2  
16  6  40  1337  380  318  3  -2  
16  6  40  1345  380  318  3  -2  
16  6  40  1354  380  318  3  -2  
16  6  40  1360  380  318  3  -2  
16  6  40  1370  380  318  3  -2  
16  6  40  1377  380  318  3  -2  
16  6  40  1387  380  318  3  -2  
16  6  40  1395  380  318  3  -2  
16  6  40  1404  380  318  3  -2  
16  6  40  1411  380  318  3  -2  
16  6  40  1420  380  318  3  -2  
16  6  40  1427  380  318  3  -2  
16  6  40  1437  380  318  3  -2  
16  6  40  1445  380  318  3  -2  
16  6  40  1453  380  318  3  -2  
16  6  40  1461  380  318  3  -2  
16  6  40  1470  380  318  3  -2  
16  6  40  1478  380  318  3  -2  
16  6  40  1487  380  318  3  -2  
16  6  40  1495  380  318  3  -2  
16  6  40  1504  380  318  3  -2  
16  6  40  1511  380  318  3  -2  
16  6  40  1520  380  318  3  -2  
16  6  40  1527  380  318  3  -2  
16  6  40  1537  380  318  3  -2  
16  6  40  1544  380  318  3  -2  
16  6  40  1553  380  318  3  -2  
16  6  40  1561  380  318  3  -2  
16  6  40  1570  380  318  3  -2  
16  6  40  1577  380  318  3  -2  
16  6  40  1587  380  318  3  -2  
16  6  40  1595  380  318  3  -2  
16  6  40  1604  380  318  3  -2  
16  6  40  1611  380  318  3  -2  
16  6  40  1620  380  318  3  -2  
16  6  40  1626  380  318  3  -2  
16  6  40  1637  380  318  3  -2  
16  6  40  1645  380  318  3  -2  
16  6  40  1654  380  318  3  -2  
16  6  40  1662  380  318  3  -2  
16  6  40  1669  380  318  3  -2  
16  6  40  1676  380  318  3  -2  
16  6  40  1687  380  318  3  -2  
16  6  40  1695  380  318  3  -2  
16  6  40  1704  380  318  3  -2  
16  6  40  1712  380  318  3  -2  
16  6  40  1720  380  318  3  -2  
16  6  40  1728  380  318  3  -2  
16  6  40  1737  380  318  3  -2  
16  6  40  1745  380  318  3  -2  
16  6  40  1753  380  318  3  -2  
16  6  40  1761  380  318  3  -2  
16  6  40  1770  380  318  3  -2  
16  6  40  1777  380  318  3  -2  
16  6  40  1787  380  318  3  -2  
16  6  40  1795  380  318  3  -2  
16  6  40  1803  380  318  3  -2  
16  6  40  1811  380  318  3  -2  
16  6  40  1820  380  318  3  -2  
16  6  40  1827  380  318  3  -2  
16  6  40  1837  380  318  3  -2  
16  6  40  1845  380  318  3  -2  
16  6  40  1853  380  318  3  -2  
16  6  40  1861  380  318  3  -2  
16  6  40  1870  380  318  3  -2  
16  6  40  1877  380  318  3  -2  
16  6  40  1887  380  318  3  -2  
16  6  40  1895  380  318  3  -2  
16  6  40  1904  380  318  3  -2  
16  6  40  1912  380  318  3  -2  
16  6  40  1920  380  318  3  -2  
16  6  40  1927  380  318  3  -2  
16  6  40  1937  380  318  3  -2  
16  6  40  1945  380  318  3  -2  
16  6  40  1954  380  318  3  -2  
16  6  40  1961  380  318  3  -2  
16  6  40  1970  380  318  3  -2  
16  6  40  1978  380  318  3  -2  
16  6  40  1987  380  318  3  -2  
16  6  40  1996  382  318  3  -2  
16  6  41  2004  390  318  3  -2  
16  6  41  2011  403  318  3  -2  
16  6  41  2019  419  319  3  -2  
16  6  41  2028  436  319  3  -2  
16  6  41  2037  456  319  3  -2  
16  6  41  2045  474  319  3  -2  
16  6  41  2053  489  319  3  -2  
16  6  41  2061  501  319  4  -2  
16  6  41  2069  511  319  4  -2  
16  6  41  2078  516  319  4  -2  
16  6  41  2086  519  319  4  -2  
16  6  41  2096  520  319  4  -2  
16  6  41  2104  521  319  4  -2  
16  6  41  2111  521  319  4  -2  
16  6  41  2120  521  319  4  -2  
16  6  41  2129  521  319  4  -2  
16  6  41  2137  521  319  4  -2  
16  6  41  2145  521  319  4  -2  
16  6  41  2153  521  319  4  -2  
16  6  41  2161  521  319  4  -2  
16  6  41  2171  521  319  4  -2  
16  6  41  2178  521  319  4  -2  
16  6  41  2187  521  319  4  -2  
16  6  41  2195  521  319  4  -2  
16  6  41  2204  521  319  4  -2  
16  6  41  2211  521  319  4  -2  
16  6  41  2219  521  319  4  -2  
16  6  41  2227  521  319  4  -2  
16  6  41  2237  521  319  4  -2  
16  6  41  2246  521  319  4  -2  
16  6  41  2254  521  319  4  -2  
16  6  41  2261  521  319  4  -2  
16  6  41  2270  521  319  4  -2  
16  6  41  2279  521  319  4  -2  
16  6  41  2287  518  319  4  -2  
16  6  41  2295  509  319  4  -2  
16  6  41  2304  498  319  4  -2  
16  6  41  2311  484  319  4  -2  
16  6  41  2320  469  319  4  -2  
16  6  41  2329  451  319  4  -2  
16  6  41  2337  421  319  4  -2  
16  6  41  2346  406  322  4  -2  
16  6  41  2355  395  323  5  -2  
16  6  41  2361  383  324  5  -2  
16  6  41  2370  376  326  5  -2  
16  6  41  2379  371  326  5  -2  
16  6  41  2387  365  328  5  -2  
16  6  41  2395  361  328  5  -2  
16  6  41  2405  357  328  5  -2  
16  6  41  2412  356  328  5  -2  
16  6  41  2421  353  328  5  -2  
16  6  41  2429  353  328  5  -2  
16  6  41  2437  353  328  5  -2  
16  6  41  2446  353  328  5  -2  
16  6  41  2455  353  328  5  -2  
16  6  41  2462  353  328  5  -2  
16  6  41  2470  353  328  5  -2  
16  6  41  2479  353  328  5  -2  
16  6  41  2488  353  328  5  -2  
16  6  41  2496  353  328  5  -2  
16  6  41  2507  353  328  5  -2  
16  6  41  2517  353  328  5  -2  
16  6  41  2526  353  328  5  -2  
16  6  41  2536  353  328  5  -2  
16  6  41  2545  353  328  5  -2  
16  6  41  2555  353  328  5  -2  
16  6  41  2565  353  328  5  -2  
16  6  41  2573  353  328  5  -2  
16  6  41  2582  353  328  5  -2  
16  6  41  2590  353  328  5  -2  
16  6  41  2601  353  328  5  -2  
16  6  41  2609  353  328  5  -2  
16  6  41  2619  353  328  5  -2  
16  6  41  2627  353  328  5  -2  
16  6  41  2638  353  328  5  -2  
16  6  41  2647  353  328  5  -2  
16  6  41  2655  353  328  5  -2  
16  6  41  2664  353  328  5  -2  
16  6  41  2673  353  328  5  -2  
16  6  41  2682  353  328  5  -2  
16  6  41  2690  353  328  5  -2  
16  6  41  2701  353  328  5  -2  
16  6  41  2709  353  328  5  -2  
16  6  41  2719  353  328  5  -2  
16  6  41  2728  353  328  5  -2  
16  6  41  2737  353  328  5  -2  
16  6  41  2746  353  328  5  -2  
16  6  41  2755  353  328  5  -2  
16  6  41  2764  353  328  5  -2  
16  6  41  2774  353  328  5  -2  
16  6  41  2784  353  328  5  -2  
16  6  41  2791  353  328  5  -2  
16  6  41  2803  353  328  5  -2  
16  6  41  2810  353  328  5  -2  
16  6  41  2820  353  328  5  -2  
16  6  41  2830  353  328  5  -2  
16  6  41  2838  353  328  5  -2  
16  6  41  2848  353  328  5  -2  
16  6  41  2858  353  328  5  -2  
16  6  41  2868  353  328  5  -2  
16  6  41  2876  353  328  5  -2  
16  6  41  2886  353  328  5  -2  
16  6  41  2894  353  328  5  -2  
16  6  41  2905  353  328  5  -2  
16  6  41  2916  353  328  5  -2  
16  6  41  2923  353  328  5  -2  
16  6  41  2935  353  328  5  -2  
16  6  41  2944  353  328  5  -2  
16  6  41  2956  353  328  5  -2  
16  6  41  2963  353  328  5  -2  
16  6  41  2974  353  328  5  -2  
16  6  41  2984  353  328  5  -2  
16  6  41  2993  353  328  5  -2  
16  6  42  3003  353  328  5  -2  
16  6  42  3012  353  328  5  -2  
16  6  42  3021  353  328  5  -2  
16  6  42  3031  353  328  5  -2  
16  6  42  3041  353  328  5  -2  
16  6  42  3052  353  328  5  -2  
16  6  42  3060  353  328  5  -2  
16  6  42  3070  353  328  5  -2  
