11  1  16  0  377  294  1  -2  
11  1  16  10  377  294  1  -2  
11  1  16  17  377  294  1  -2  
11  1  16  25  377  294  1  -2  
11  1  16  34  377  294  1  -2  
11  1  16  42  377  294  1  -2  
11  1  16  50  377  294  1  -2  
11  1  16  60  377  294  1  -2  
11  1  16  67  377  294  1  -2  
11  1  16  75  377  294  1  -2  
11  1  16  84  377  294  1  -2  
11  1  16  92  377  294  1  -2  
11  1  16  100  377  294  1  -2  
11  1  16  109  377  294  1  -2  
11  1  16  117  377  294  1  -2  
11  1  16  125  377  294  1  -2  
11  1  16  134  377  294  1  -2  
11  1  16  142  377  294  1  -2  
11  1  16  150  379  294  1  -2  
11  1  16  159  387  295  1  -2  
11  1  16  167  397  298  1  -2  
11  1  16  175  411  299  1  -2  
11  1  16  184  423  300  1  -2  
11  1  16  192  440  304  1  -2  
11  1  16  200  448  304  1  -2  
11  1  16  210  457  304  1  -2  
11  1  16  219  465  305  1  -2  
11  1  16  225  472  306  1  -2  
11  1  16  234  478  306  1  -2  
11  1  16  243  480  307  1  -2  
11  1  16  251  481  307  1  -2  
11  1  16  259  482  307  1  -2  
11  1  16  266  484  307  1  -2  
11  1  16  275  485  307  1  -2  
11  1  16  283  487  307  1  -2  
11  1  16  291  488  307  1  -2  
11  1  16  299  489  307  1  -2  
11  1  16  309  490  308  1  -2  
11  1  16  316  491  309  1  -2  
11  1  16  325  492  309  1  -2  
11  1  16  333  493  309  1  -2  
11  1  16  341  496  309  2  -2  
11  1  16  349  496  309  2  -2  
11  1  16  359  498  310  2  -2  
11  1  16  368  499  310  2  -2  
11  1  16  375  499  310  2  -2  
11  1  16  383  499  310  2  -2  
11  1  16  391  499  310  2  -2  
11  1  16  399  499  310  2  -2  
11  1  16  409  499  310  2  -2  
11  1  16  416  499  310  2  -2  
11  1  16  425  499  310  2  -2  
11  1  16  433  499  310  2  -2  
11  1  16  441  499  310  2  -2  
11  1  16  450  499  310  2  -2  
11  1  16  459  499  310  2  -2  
11  1  16  467  499  310  2  -2  
11  1  16  475  499  310  2  -2  
11  1  16  483  499  310  2  -2  
11  1  16  491  499  310  2  -2  
11  1  16  500  499  310  2  -2  
11  1  16  509  499  310  2  -2  
11  1  16  517  499  310  2  -2  
11  1  16  525  499  310  2  -2  
11  1  16  533  499  310  2  -2  
11  1  16  541  499  310  2  -2  
11  1  16  550  499  310  2  -2  
11  1  17  559  499  310  2  -2  
11  1  17  566  499  310  2  -2  
11  1  17  576  499  310  2  -2  
11  1  17  584  499  310  2  -2  
11  1  17  591  499  310  2  -2  
11  1  17  600  499  310  2  -2  
11  1  17  609  499  310  2  -2  
11  1  17  618  499  310  2  -2  
11  1  17  625  499  310  2  -2  
11  1  17  633  499  310  2  -2  
11  1  17  641  499  310  2  -2  
11  1  17  651  499  310  2  -2  
11  1  17  659  495  310  2  -2  
11  1  17  666  490  310  2  -2  
11  1  17  675  485  311  2  -2  
11  1  17  683  481  311  2  -2  
11  1  17  691  477  312  2  -2  
11  1  17  700  474  312  2  -2  
11  1  17  711  470  314  2  -2  
11  1  17  717  467  314  2  -2  
11  1  17  725  462  314  2  -2  
11  1  17  733  458  315  2  -2  
11  1  17  742  452  316  2  -2  
11  1  17  750  450  316  2  -2  
11  1  17  759  445  317  2  -2  
11  1  17  768  436  319  2  -2  
11  1  17  775  424  320  2  -2  
11  1  17  783  421  320  2  -2  
11  1  17  791  418  321  2  -2  
11  1  17  800  416  321  2  -2  
11  1  17  811  413  322  2  -2  
11  1  17  818  410  324  2  -2  
11  1  17  825  408  325  2  -2  
11  1  17  834  406  325  2  -2  
11  1  17  842  404  326  2  -2  
11  1  17  850  404  326  2  -2  
11  1  17  859  401  327  2  -2  
11  1  17  868  400  327  2  -2  
11  1  17  875  398  327  2  -2  
11  1  17  882  395  327  3  -2  
11  1  17  892  390  329  3  -2  
11  1  17  900  386  329  3  -2  
11  1  17  909  381  329  3  -2  
11  1  17  917  376  329  3  -2  
11  1  17  925  369  329  3  -2  
11  1  17  933  365  331  3  -2  
11  1  17  941  362  331  3  -2  
11  1  17  950  360  332  3  -2  
11  1  17  962  358  332  3  -2  
11  1  17  967  357  332  3  -2  
11  1  17  975  357  332  3  -2  
11  1  17  984  356  333  3  -2  
11  1  17  995  356  333  3  -2  
11  1  17  1002  355  333  3  -2  
11  1  17  1011  355  333  3  -2  
11  1  17  1018  354  333  3  -2  
11  1  17  1026  354  333  3  -2  
11  1  17  1034  353  333  3  -2  
11  1  17  1042  352  333  3  -2  
11  1  17  1051  351  334  3  -2  
11  1  17  1060  349  334  3  -2  
11  1  17  1067  349  334  3  -2  
11  1  17  1078  347  334  3  -2  
11  1  17  1084  347  334  3  -2  
11  1  17  1094  347  334  3  -2  
11  1  17  1101  347  334  3  -2  
11  1  17  1111  347  334  3  -2  
11  1  17  1118  347  334  3  -2  
11  1  17  1127  347  334  3  -2  
11  1  17  1135  347  334  3  -2  
11  1  17  1144  347  334  3  -2  
11  1  17  1151  347  334  3  -2  
11  1  17  1160  347  334  3  -2  
11  1  17  1167  347  334  3  -2  
11  1  17  1175  347  334  3  -2  
11  1  17  1184  347  334  3  -2  
11  1  17  1195  347  334  3  -2  
11  1  17  1201  347  334  3  -2  
11  1  17  1211  347  334  3  -2  
11  1  17  1217  347  334  3  -2  
11  1  17  1226  347  334  3  -2  
11  1  17  1234  347  334  3  -2  
11  1  17  1243  347  334  3  -2  
11  1  17  1251  347  334  3  -2  
11  1  17  1260  347  334  3  -2  
11  1  17  1269  347  334  3  -2  
11  1  17  1278  347  334  3  -2  
11  1  17  1284  347  334  3  -2  
11  1  17  1293  347  334  3  -2  
11  1  17  1301  347  334  3  -2  
11  1  17  1311  347  334  3  -2  
11  1  17  1317  347  334  3  -2  
11  1  17  1328  355  335  3  -2  
11  1  17  1335  385  340  3  -2  
11  1  17  1345  385  340  3  -2  
11  1  17  1351  418  340  3  -2  
11  1  17  1361  418  340  3  -2  
11  1  17  1369  445  340  3  -2  
11  1  17  1378  458  340  3  -2  
11  1  17  1383  468  340  3  -2  
11  1  17  1395  468  340  3  -2  
11  1  17  1402  483  340  3  -2  
11  1  17  1411  487  340  3  -2  
11  1  17  1419  490  340  3  -2  
11  1  17  1428  491  340  3  -2  
11  1  17  1434  498  340  3  -2  
11  1  17  1444  501  340  3  -2  
11  1  17  1451  506  340  4  -2  
11  1  17  1461  512  339  4  -2  
11  1  17  1469  516  339  4  -2  
11  1  17  1478  517  338  4  -2  
11  1  17  1485  517  338  4  -2  
11  1  17  1495  519  338  4  -2  
11  1  17  1501  520  338  4  -2  
11  1  17  1512  520  338  4  -2  
11  1  17  1519  522  338  4  -2  
11  1  17  1528  522  338  4  -2  
11  1  17  1535  523  338  4  -2  
11  1  17  1545  523  338  4  -2  
11  1  17  1552  527  338  4  -2  
11  1  18  1562  529  338  4  -2  
11  1  18  1569  531  338  4  -2  
11  1  18  1578  531  338  4  -2  
11  1  18  1584  531  338  4  -2  
11  1  18  1595  531  338  4  -2  
11  1  18  1601  531  338  4  -2  
11  1  18  1611  531  338  4  -2  
11  1  18  1618  531  338  4  -2  
11  1  18  1628  531  338  4  -2  
11  1  18  1633  531  338  4  -2  
11  1  18  1644  531  338  4  -2  
11  1  18  1652  531  338  4  -2  
11  1  18  1662  531  338  4  -2  
11  1  18  1669  531  338  4  -2  
11  1  18  1678  531  338  4  -2  
11  1  18  1683  531  338  4  -2  
11  1  18  1695  531  338  4  -2  
11  1  18  1701  531  338  4  -2  
11  1  18  1712  531  338  4  -2  
11  1  18  1719  531  338  4  -2  
11  1  18  1729  531  338  4  -2  
11  1  18  1736  531  338  4  -2  
11  1  18  1746  531  338  4  -2  
11  1  18  1752  531  338  4  -2  
11  1  18  1762  531  338  4  -2  
11  1  18  1769  531  338  4  -2  
11  1  18  1779  531  338  4  -2  
11  1  18  1786  531  338  4  -2  
11  1  18  1796  531  338  4  -2  
11  1  18  1802  531  338  4  -2  
11  1  18  1812  531  338  4  -2  
11  1  18  1819  531  338  4  -2  
11  1  18  1829  531  338  4  -2  
11  1  18  1836  531  337  4  -2  
11  1  18  1846  529  335  4  -2  
11  1  18  1853  524  333  4  -2  
11  1  18  1863  518  331  4  -2  
11  1  18  1871  509  327  4  -2  
11  1  18  1880  496  323  4  -2  
11  1  18  1886  468  316  4  -2  
11  1  18  1896  468  316  4  -2  
11  1  18  1902  451  314  4  -2  
11  1  18  1913  451  314  4  -2  
11  1  18  1921  448  314  4  -2  
11  1  18  1930  446  313  4  -2  
11  1  18  1937  446  312  4  -2  
11  1  18  1947  446  312  4  -2  
11  1  18  1954  444  312  4  -2  
11  1  18  1964  442  312  4  -2  
11  1  18  1970  439  311  4  -2  
11  1  18  1980  435  311  4  -2  
11  1  18  1986  428  309  4  -2  
11  1  18  1997  423  309  4  -2  
11  1  18  2002  418  307  4  -2  
11  1  18  2012  416  307  4  -2  
11  1  18  2019  414  307  4  -2  
11  1  18  2029  414  307  4  -2  
11  1  18  2035  414  307  4  -2  
11  1  18  2045  414  307  4  -2  
11  1  18  2052  414  307  4  -2  
11  1  18  2062  414  307  4  -2  
11  1  18  2069  414  307  4  -2  
11  1  18  2078  414  307  4  -2  
11  1  18  2085  414  307  4  -2  
11  1  18  2095  414  307  4  -2  
11  1  18  2101  413  307  4  -2  
11  1  18  2113  413  307  4  -2  
11  1  18  2120  413  307  4  -2  
11  1  18  2129  413  307  4  -2  
11  1  18  2135  411  306  4  -2  
11  1  18  2145  411  306  4  -2  
11  1  18  2153  410  306  4  -2  
11  1  18  2162  408  306  4  -2  
11  1  18  2170  405  305  4  -2  
11  1  18  2179  404  305  4  -2  
11  1  18  2187  402  304  4  -2  
11  1  18  2195  401  304  4  -2  
11  1  18  2202  400  304  4  -2  
