12  20  23  0  328  322  1  -2  
12  20  23  6  328  322  1  -2  
12  20  23  16  328  322  1  -2  
12  20  23  23  328  322  1  -2  
12  20  23  32  328  322  1  -2  
12  20  23  40  328  322  1  -2  
12  20  23  49  328  322  1  -2  
12  20  23  56  328  322  1  -2  
12  20  23  67  328  322  1  -2  
12  20  23  72  328  322  1  -2  
12  20  23  81  328  322  1  -2  
12  20  23  88  328  322  1  -2  
12  20  23  99  328  322  1  -2  
12  20  23  105  328  322  1  -2  
12  20  23  115  328  322  1  -2  
12  20  23  122  328  322  1  -2  
12  20  23  132  328  322  1  -2  
12  20  23  139  332  322  1  -2  
12  20  23  149  332  322  1  -2  
12  20  23  155  338  322  1  -2  
12  20  23  165  338  322  1  -2  
12  20  23  172  347  322  1  -2  
12  20  23  182  352  322  1  -2  
12  20  23  189  353  322  1  -2  
12  20  23  199  358  322  1  -2  
12  20  23  205  362  322  1  -2  
12  20  23  216  366  322  1  -2  
12  20  23  224  369  322  1  -2  
12  20  23  233  376  322  1  -2  
12  20  23  239  379  322  1  -2  
12  20  23  249  386  322  1  -2  
12  20  23  256  391  322  1  -2  
12  20  23  266  399  322  1  -2  
12  20  23  273  408  322  1  -2  
12  20  23  282  416  322  1  -2  
12  20  23  289  426  322  1  -2  
12  20  23  299  433  322  1  -2  
12  20  23  305  442  322  1  -2  
12  20  23  317  450  322  1  -2  
12  20  23  324  462  322  1  -2  
12  20  23  333  467  323  1  -2  
12  20  23  339  473  324  1  -2  
12  20  23  350  476  324  1  -2  
12  20  23  356  479  324  1  -2  
12  20  23  367  483  324  1  -2  
12  20  23  372  487  324  1  -2  
12  20  23  383  490  324  1  -2  
12  20  23  389  492  324  1  -2  
12  20  23  399  496  324  2  -2  
12  20  23  406  497  325  2  -2  
12  20  23  416  500  325  2  -2  
12  20  23  423  502  325  2  -2  
12  20  23  432  504  325  2  -2  
12  20  23  439  506  325  2  -2  
12  20  23  449  508  325  2  -2  
12  20  23  456  508  325  2  -2  
12  20  23  466  509  325  2  -2  
12  20  24  473  510  325  2  -2  
12  20  24  483  510  325  2  -2  
12  20  24  489  511  325  2  -2  
12  20  24  499  511  325  2  -2  
12  20  24  506  511  325  2  -2  
12  20  24  516  512  325  2  -2  
12  20  24  523  513  325  2  -2  
12  20  24  532  513  325  2  -2  
12  20  24  539  513  325  2  -2  
12  20  24  549  513  325  2  -2  
12  20  24  556  513  325  2  -2  
12  20  24  567  513  325  2  -2  
12  20  24  574  513  325  2  -2  
12  20  24  582  513  325  2  -2  
12  20  24  591  513  325  2  -2  
12  20  24  599  513  325  2  -2  
12  20  24  606  513  325  2  -2  
12  20  24  616  513  325  2  -2  
12  20  24  623  513  325  2  -2  
12  20  24  633  513  325  2  -2  
12  20  24  641  513  325  2  -2  
12  20  24  651  513  325  2  -2  
12  20  24  658  513  325  2  -2  
12  20  24  668  513  325  2  -2  
12  20  24  677  513  325  2  -2  
12  20  24  685  513  325  2  -2  
12  20  24  694  513  325  2  -2  
12  20  24  702  513  325  2  -2  
12  20  24  711  513  325  2  -2  
12  20  24  720  514  326  2  -2  
12  20  24  730  513  328  2  -2  
12  20  24  737  509  330  2  -2  
12  20  24  748  502  333  2  -2  
12  20  24  756  483  335  2  -2  
12  20  24  765  473  338  2  -2  
12  20  24  773  458  339  2  -2  
12  20  24  784  443  339  2  -2  
12  20  24  792  430  339  2  -2  
12  20  24  801  420  339  2  -2  
12  20  24  809  408  339  2  -2  
12  20  24  817  401  339  2  -2  
12  20  24  826  393  339  2  -2  
12  20  24  834  390  339  3  -2  
12  20  24  842  385  339  3  -2  
12  20  24  851  381  339  3  -2  
12  20  24  859  379  339  3  -2  
12  20  24  867  376  339  3  -2  
12  20  24  876  372  339  3  -2  
12  20  24  886  361  339  3  -2  
12  20  24  894  357  339  3  -2  
12  20  24  904  352  339  3  -2  
12  20  24  914  348  339  3  -2  
12  20  24  921  347  339  3  -2  
12  20  24  930  344  339  3  -2  
12  20  24  937  343  339  3  -2  
12  20  24  945  343  339  3  -2  
12  20  24  954  343  339  3  -2  
12  20  24  964  341  339  3  -2  
12  20  24  969  341  339  3  -2  
12  20  24  979  341  339  3  -2  
12  20  24  987  340  339  3  -2  
12  20  24  997  337  339  3  -2  
12  20  24  1003  336  339  3  -2  
12  20  24  1014  336  339  3  -2  
12  20  24  1020  335  339  3  -2  
12  20  24  1029  335  339  3  -2  
12  20  24  1036  335  339  3  -2  
12  20  24  1044  335  339  3  -2  
12  20  24  1054  335  339  3  -2  
12  20  24  1064  335  339  3  -2  
12  20  24  1070  335  339  3  -2  
12  20  24  1079  335  339  3  -2  
12  20  24  1088  334  339  3  -2  
12  20  24  1097  334  339  3  -2  
12  20  24  1104  333  339  3  -2  
12  20  24  1114  333  339  3  -2  
12  20  24  1120  332  339  3  -2  
12  20  24  1129  332  339  3  -2  
12  20  24  1137  332  339  3  -2  
12  20  24  1147  332  339  3  -2  
12  20  24  1154  332  339  3  -2  
12  20  24  1164  332  339  3  -2  
12  20  24  1170  332  339  3  -2  
12  20  24  1180  332  339  3  -2  
12  20  24  1187  332  339  3  -2  
12  20  24  1197  332  339  3  -2  
12  20  24  1204  332  339  3  -2  
12  20  24  1214  332  339  3  -2  
12  20  24  1220  332  339  3  -2  
12  20  24  1229  332  339  3  -2  
12  20  24  1238  332  339  3  -2  
12  20  24  1247  332  339  3  -2  
12  20  24  1255  332  339  3  -2  
12  20  24  1264  332  339  3  -2  
12  20  24  1270  332  339  3  -2  
12  20  24  1280  332  339  3  -2  
12  20  24  1288  334  339  3  -2  
12  20  24  1297  337  339  3  -2  
12  20  24  1303  342  339  3  -2  
12  20  24  1314  349  339  3  -2  
12  20  24  1322  358  339  3  -2  
12  20  24  1330  366  339  3  -2  
12  20  24  1337  379  339  3  -2  
12  20  24  1348  393  337  3  -2  
12  20  24  1355  420  335  3  -2  
12  20  24  1364  420  335  3  -2  
12  20  24  1371  447  331  3  -2  
12  20  24  1381  447  331  3  -2  
12  20  24  1389  465  329  3  -2  
12  20  24  1398  472  329  3  -2  
12  20  24  1405  477  329  3  -2  
12  20  24  1414  481  329  3  -2  
12  20  24  1420  484  329  3  -2  
12  20  24  1431  485  329  3  -2  
12  20  24  1439  488  329  3  -2  
12  20  24  1448  490  329  3  -2  
12  20  24  1456  490  329  3  -2  
12  20  24  1465  493  329  3  -2  
12  20  25  1472  494  329  3  -2  
12  20  25  1481  496  329  3  -2  
12  20  25  1487  496  329  3  -2  
12  20  25  1498  497  329  4  -2  
12  20  25  1505  497  329  4  -2  
12  20  25  1515  497  329  4  -2  
12  20  25  1522  497  329  4  -2  
12  20  25  1532  497  329  4  -2  
12  20  25  1538  497  329  4  -2  
12  20  25  1548  497  329  4  -2  
12  20  25  1555  497  329  4  -2  
12  20  25  1566  497  329  4  -2  
12  20  25  1573  497  329  4  -2  
12  20  25  1582  497  329  4  -2  
12  20  25  1589  497  329  4  -2  
12  20  25  1599  497  329  4  -2  
12  20  25  1606  498  329  4  -2  
12  20  25  1616  499  329  4  -2  
12  20  25  1623  499  329  4  -2  
12  20  25  1633  500  329  4  -2  
12  20  25  1640  500  329  4  -2  
12  20  25  1649  500  329  4  -2  
12  20  25  1656  501  329  4  -2  
12  20  25  1666  501  329  4  -2  
12  20  25  1674  501  329  4  -2  
12  20  25  1682  502  329  4  -2  
12  20  25  1688  503  328  4  -2  
12  20  25  1699  504  328  4  -2  
12  20  25  1707  505  328  4  -2  
12  20  25  1716  505  328  4  -2  
12  20  25  1724  508  328  4  -2  
12  20  25  1732  508  328  4  -2  
12  20  25  1740  508  328  4  -2  
12  20  25  1750  509  328  4  -2  
12  20  25  1758  510  328  4  -2  
12  20  25  1766  511  328  4  -2  
12  20  25  1774  512  328  4  -2  
12  20  25  1782  512  328  4  -2  
12  20  25  1791  513  328  4  -2  
12  20  25  1799  514  328  4  -2  
12  20  25  1807  514  328  4  -2  
12  20  25  1815  514  328  4  -2  
12  20  25  1823  514  328  4  -2  
12  20  25  1831  515  328  4  -2  
12  20  25  1839  515  328  4  -2  
12  20  25  1848  515  328  4  -2  
12  20  25  1856  515  328  4  -2  
12  20  25  1865  515  328  4  -2  
12  20  25  1873  515  328  4  -2  
12  20  25  1882  515  328  4  -2  
12  20  25  1889  515  328  4  -2  
12  20  25  1898  515  328  4  -2  
12  20  25  1905  515  328  4  -2  
12  20  25  1915  515  328  4  -2  
12  20  25  1924  515  328  4  -2  
12  20  25  1931  515  328  4  -2  
12  20  25  1940  515  328  4  -2  
12  20  25  1948  512  328  4  -2  
12  20  25  1957  508  328  4  -2  
12  20  25  1965  502  328  4  -2  
12  20  25  1973  493  328  4  -2  
12  20  25  1981  483  328  4  -2  
12  20  25  1990  470  326  4  -2  
12  20  25  1999  458  326  4  -2  
12  20  25  2006  443  326  4  -2  
12  20  25  2016  432  326  4  -2  
12  20  25  2023  422  326  4  -2  
12  20  25  2031  413  325  4  -2  
12  20  25  2039  406  325  4  -2  
12  20  25  2048  401  323  4  -2  
