11  1  2  0  372  297  1  -2  
11  1  2  10  372  297  1  -2  
11  1  2  16  372  297  1  -2  
11  1  2  25  372  297  1  -2  
11  1  2  33  372  297  1  -2  
11  1  2  43  372  297  1  -2  
11  1  2  50  372  297  1  -2  
11  1  2  60  372  297  1  -2  
11  1  2  66  372  297  1  -2  
11  1  2  76  372  297  1  -2  
11  1  2  84  372  297  1  -2  
11  1  2  94  372  297  1  -2  
11  1  2  100  372  297  1  -2  
11  1  2  110  372  297  1  -2  
11  1  2  117  372  297  1  -2  
11  1  2  125  372  297  1  -2  
11  1  2  132  372  297  1  -2  
11  1  2  141  380  297  1  -2  
11  1  2  149  391  297  1  -2  
11  1  2  160  408  297  1  -2  
11  1  2  165  445  299  1  -2  
11  1  2  176  445  299  1  -2  
11  1  2  182  478  299  1  -2  
11  1  2  192  493  299  1  -2  
11  1  2  201  503  299  2  -2  
11  1  2  210  510  299  2  -2  
11  1  2  216  512  299  2  -2  
11  1  2  226  514  299  2  -2  
11  1  2  232  518  299  2  -2  
11  1  2  242  523  299  2  -2  
11  1  2  250  530  300  2  -2  
11  1  2  260  537  302  2  -2  
11  1  2  268  548  303  2  -2  
11  1  2  278  554  303  2  -2  
11  1  2  283  560  305  2  -2  
11  1  2  293  563  305  2  -2  
11  1  2  299  564  306  2  -2  
11  1  2  310  564  306  2  -2  
11  1  2  316  564  306  2  -2  
11  1  2  328  564  306  2  -2  
11  1  2  333  564  306  2  -2  
11  1  2  343  564  306  2  -2  
11  1  2  350  564  306  2  -2  
11  1  3  360  564  306  2  -2  
11  1  3  366  564  306  2  -2  
11  1  3  377  564  306  2  -2  
11  1  3  383  564  306  2  -2  
11  1  3  393  564  306  2  -2  
11  1  3  400  564  306  2  -2  
11  1  3  411  564  306  2  -2  
11  1  3  417  564  306  2  -2  
11  1  3  427  564  306  2  -2  
11  1  3  433  564  306  2  -2  
11  1  3  443  564  306  2  -2  
11  1  3  452  564  306  2  -2  
11  1  3  462  564  306  2  -2  
11  1  3  470  564  306  2  -2  
11  1  3  479  564  307  2  -2  
11  1  3  488  564  307  2  -2  
11  1  3  497  561  307  2  -2  
11  1  3  506  557  307  2  -2  
11  1  3  514  550  307  2  -2  
11  1  3  524  539  307  2  -2  
11  1  3  534  527  307  2  -2  
11  1  3  543  515  307  2  -2  
11  1  3  551  490  310  2  -2  
11  1  3  562  480  310  2  -2  
11  1  3  570  471  314  2  -2  
11  1  3  580  463  316  2  -2  
11  1  3  588  456  317  2  -2  
11  1  3  596  450  320  2  -2  
11  1  3  606  447  320  2  -2  
11  1  3  615  446  320  2  -2  
11  1  3  625  442  320  2  -2  
11  1  3  632  438  320  2  -2  
11  1  3  643  433  320  2  -2  
11  1  3  651  427  322  2  -2  
11  1  3  662  422  322  2  -2  
11  1  3  670  414  325  2  -2  
11  1  3  679  414  325  2  -2  
11  1  3  688  410  326  2  -2  
11  1  3  696  407  326  2  -2  
11  1  3  705  406  326  2  -2  
11  1  3  713  406  327  2  -2  
11  1  3  723  404  327  2  -2  
11  1  3  731  403  327  2  -2  
11  1  3  742  403  327  2  -2  
11  1  3  750  402  327  2  -2  
11  1  3  760  399  327  2  -2  
11  1  3  768  398  327  2  -2  
11  1  3  778  396  327  3  -2  
11  1  3  785  396  327  3  -2  
11  1  3  794  395  327  3  -2  
11  1  3  802  394  327  3  -2  
11  1  3  812  393  327  3  -2  
11  1  3  821  391  327  3  -2  
11  1  3  830  391  327  3  -2  
11  1  3  838  388  327  3  -2  
11  1  3  848  387  327  3  -2  
11  1  3  858  385  327  3  -2  
11  1  3  866  384  327  3  -2  
11  1  3  878  383  327  3  -2  
11  1  3  884  381  327  3  -2  
11  1  3  894  381  327  3  -2  
11  1  3  902  380  327  3  -2  
11  1  3  913  379  327  3  -2  
11  1  3  922  377  327  3  -2  
11  1  3  931  375  327  3  -2  
11  1  3  942  375  327  3  -2  
11  1  3  951  374  327  3  -2  
11  1  3  961  373  327  3  -2  
11  1  3  970  373  327  3  -2  
11  1  3  979  372  327  3  -2  
11  1  3  988  372  327  3  -2  
11  1  3  997  372  327  3  -2  
11  1  3  1005  372  327  3  -2  
11  1  3  1014  372  327  3  -2  
11  1  3  1022  372  327  3  -2  
11  1  3  1033  372  327  3  -2  
11  1  3  1043  372  327  3  -2  
11  1  3  1050  372  327  3  -2  
11  1  3  1062  372  327  3  -2  
11  1  3  1070  372  327  3  -2  
11  1  3  1080  372  327  3  -2  
11  1  3  1090  372  327  3  -2  
11  1  3  1098  372  327  3  -2  
11  1  3  1107  372  327  3  -2  
11  1  3  1116  372  327  3  -2  
11  1  3  1125  372  327  3  -2  
11  1  3  1134  372  327  3  -2  
11  1  3  1145  372  327  3  -2  
11  1  3  1153  372  327  3  -2  
11  1  3  1162  372  327  3  -2  
11  1  3  1171  372  327  3  -2  
11  1  3  1180  372  327  3  -2  
11  1  3  1191  372  327  3  -2  
11  1  3  1198  372  327  3  -2  
11  1  3  1209  372  327  3  -2  
11  1  3  1217  372  327  3  -2  
11  1  3  1228  372  327  3  -2  
11  1  3  1235  372  327  3  -2  
11  1  3  1244  374  327  3  -2  
11  1  3  1253  383  327  3  -2  
11  1  3  1263  391  327  3  -2  
11  1  3  1272  410  330  3  -2  
11  1  3  1281  415  331  3  -2  
11  1  3  1289  421  331  3  -2  
11  1  3  1298  424  332  3  -2  
11  1  3  1305  430  332  3  -2  
11  1  3  1313  435  332  3  -2  
11  1  3  1323  441  332  3  -2  
11  1  3  1331  452  332  3  -2  
11  1  3  1340  460  332  3  -2  
11  1  3  1348  468  332  3  -2  
11  1  4  1356  477  333  3  -2  
11  1  4  1364  482  333  3  -2  
11  1  4  1373  487  333  3  -2  
11  1  4  1381  491  333  3  -2  
11  1  4  1391  493  333  3  -2  
11  1  4  1398  496  333  3  -2  
11  1  4  1409  499  333  4  -2  
11  1  4  1416  500  333  4  -2  
11  1  4  1424  503  333  4  -2  
11  1  4  1433  504  333  4  -2  
11  1  4  1441  504  333  4  -2  
11  1  4  1450  505  333  4  -2  
11  1  4  1458  506  333  4  -2  
11  1  4  1464  507  333  4  -2  
11  1  4  1475  508  333  4  -2  
11  1  4  1482  509  333  4  -2  
11  1  4  1492  510  333  4  -2  
11  1  4  1499  512  333  4  -2  
11  1  4  1508  515  333  4  -2  
11  1  4  1514  520  333  4  -2  
11  1  4  1525  526  333  4  -2  
11  1  4  1532  529  333  4  -2  
11  1  4  1541  531  333  4  -2  
11  1  4  1549  532  333  4  -2  
11  1  4  1559  532  333  4  -2  
11  1  4  1566  532  333  4  -2  
11  1  4  1577  532  333  4  -2  
11  1  4  1582  532  333  4  -2  
11  1  4  1592  532  333  4  -2  
11  1  4  1599  532  333  4  -2  
11  1  4  1609  532  333  4  -2  
11  1  4  1617  532  333  4  -2  
11  1  4  1627  532  333  4  -2  
11  1  4  1632  532  333  4  -2  
11  1  4  1643  532  333  4  -2  
11  1  4  1651  532  333  4  -2  
11  1  4  1661  532  333  4  -2  
11  1  4  1670  532  333  4  -2  
11  1  4  1679  532  333  4  -2  
11  1  4  1687  532  333  4  -2  
11  1  4  1695  532  333  4  -2  
11  1  4  1703  532  333  4  -2  
11  1  4  1712  532  333  4  -2  
11  1  4  1720  532  333  4  -2  
11  1  4  1729  532  333  4  -2  
11  1  4  1737  532  333  4  -2  
11  1  4  1744  532  333  4  -2  
11  1  4  1753  532  333  4  -2  
11  1  4  1763  532  333  4  -2  
11  1  4  1769  532  333  4  -2  
11  1  4  1779  532  333  4  -2  
11  1  4  1786  532  333  4  -2  
11  1  4  1794  532  333  4  -2  
11  1  4  1802  530  333  4  -2  
11  1  4  1811  520  333  4  -2  
11  1  4  1819  506  329  4  -2  
11  1  4  1829  487  324  4  -2  
11  1  4  1837  470  322  4  -2  
11  1  4  1846  453  320  4  -2  
11  1  4  1853  440  319  4  -2  
11  1  4  1861  428  316  4  -2  
11  1  4  1869  424  315  4  -2  
11  1  4  1878  424  315  4  -2  
11  1  4  1886  424  315  4  -2  
11  1  4  1894  424  315  4  -2  
11  1  4  1902  424  315  4  -2  
11  1  4  1910  424  315  4  -2  
11  1  4  1920  424  315  4  -2  
11  1  4  1928  424  315  4  -2  
11  1  4  1936  424  315  4  -2  
11  1  4  1943  424  315  4  -2  
11  1  4  1951  424  315  4  -2  
11  1  4  1960  424  315  4  -2  
11  1  4  1970  424  315  4  -2  
11  1  4  1978  424  315  4  -2  
11  1  4  1986  424  315  4  -2  
11  1  4  1995  424  315  4  -2  
11  1  4  2002  423  315  4  -2  
11  1  4  2012  420  315  4  -2  
11  1  4  2019  417  315  4  -2  
11  1  4  2028  414  314  4  -2  
11  1  4  2036  410  313  4  -2  
11  1  4  2043  406  312  4  -2  
11  1  4  2052  406  312  4  -2  
11  1  4  2062  406  312  4  -2  
11  1  4  2068  405  311  4  -2  
11  1  4  2078  405  311  4  -2  
11  1  4  2086  403  309  4  -2  
11  1  4  2095  403  309  4  -2  
11  1  4  2103  403  309  4  -2  
11  1  4  2112  401  309  4  -2  
11  1  4  2120  400  308  4  -2  
11  1  4  2128  400  308  4  -2  
11  1  4  2138  400  308  4  -2  
