11  0  55  0  387  290  1  -2  
11  0  55  8  387  290  1  -2  
11  0  55  16  387  290  1  -2  
11  0  55  25  387  290  1  -2  
11  0  55  33  387  290  1  -2  
11  0  55  41  387  290  1  -2  
11  0  55  51  387  290  1  -2  
11  0  55  57  387  290  1  -2  
11  0  55  65  387  290  1  -2  
11  0  55  73  387  290  1  -2  
11  0  55  82  387  290  1  -2  
11  0  55  90  387  290  1  -2  
11  0  55  100  387  290  1  -2  
11  0  55  113  387  290  1  -2  
11  0  55  118  387  290  1  -2  
11  0  55  129  387  290  1  -2  
11  0  55  135  387  290  1  -2  
11  0  55  146  387  290  1  -2  
11  0  55  152  387  290  1  -2  
11  0  55  162  391  292  1  -2  
11  0  55  170  397  293  1  -2  
11  0  55  179  402  293  1  -2  
11  0  55  185  407  293  1  -2  
11  0  55  196  412  294  1  -2  
11  0  55  203  419  295  1  -2  
11  0  55  212  430  298  1  -2  
11  0  55  218  440  299  1  -2  
11  0  55  229  450  300  1  -2  
11  0  55  236  460  300  1  -2  
11  0  55  246  469  301  1  -2  
11  0  55  253  474  304  1  -2  
11  0  55  263  477  304  1  -2  
11  0  56  270  478  304  1  -2  
11  0  56  279  478  304  1  -2  
11  0  56  286  478  304  1  -2  
11  0  56  296  478  304  1  -2  
11  0  56  303  478  304  1  -2  
11  0  56  312  478  304  1  -2  
11  0  56  319  478  304  1  -2  
11  0  56  329  478  304  1  -2  
11  0  56  336  478  304  1  -2  
11  0  56  344  478  304  1  -2  
11  0  56  352  478  304  1  -2  
11  0  56  363  478  304  1  -2  
11  0  56  370  478  304  1  -2  
11  0  56  379  478  304  1  -2  
11  0  56  386  478  304  1  -2  
11  0  56  397  478  304  1  -2  
11  0  56  402  478  304  1  -2  
11  0  56  412  478  304  1  -2  
11  0  56  420  478  304  1  -2  
11  0  56  429  478  304  1  -2  
11  0  56  436  478  304  1  -2  
11  0  56  446  478  304  1  -2  
11  0  56  453  478  304  1  -2  
11  0  56  462  478  304  1  -2  
11  0  56  470  478  304  1  -2  
11  0  56  480  478  304  1  -2  
11  0  56  486  482  305  1  -2  
11  0  56  496  487  305  1  -2  
11  0  56  503  494  306  1  -2  
11  0  56  513  501  307  2  -2  
11  0  56  520  507  307  2  -2  
11  0  56  531  509  307  2  -2  
11  0  56  537  509  307  2  -2  
11  0  56  547  509  307  2  -2  
11  0  56  555  509  307  2  -2  
11  0  56  563  509  307  2  -2  
11  0  56  571  509  307  2  -2  
11  0  56  580  509  307  2  -2  
11  0  56  587  509  307  2  -2  
11  0  56  596  509  307  2  -2  
11  0  56  604  509  307  2  -2  
11  0  56  613  509  307  2  -2  
11  0  56  621  509  307  2  -2  
11  0  56  629  509  307  2  -2  
11  0  56  638  510  308  2  -2  
11  0  56  645  510  308  2  -2  
11  0  56  653  510  308  2  -2  
11  0  56  663  510  308  2  -2  
11  0  56  671  501  309  2  -2  
11  0  56  680  496  310  2  -2  
11  0  56  689  489  311  2  -2  
11  0  56  696  482  311  2  -2  
11  0  56  704  476  316  2  -2  
11  0  56  713  473  319  2  -2  
11  0  56  721  470  321  2  -2  
11  0  56  730  466  324  2  -2  
11  0  56  738  465  325  2  -2  
11  0  56  747  464  326  2  -2  
11  0  56  754  463  326  2  -2  
11  0  56  763  462  328  2  -2  
11  0  56  771  462  328  2  -2  
11  0  56  780  461  328  2  -2  
11  0  56  787  458  328  2  -2  
11  0  56  796  453  328  2  -2  
11  0  56  805  446  328  2  -2  
11  0  56  812  441  329  2  -2  
11  0  56  822  432  330  2  -2  
11  0  56  830  424  330  2  -2  
11  0  56  837  419  331  2  -2  
11  0  56  846  415  331  2  -2  
11  0  56  854  412  333  2  -2  
11  0  56  863  411  333  2  -2  
11  0  56  871  411  333  2  -2  
11  0  56  880  411  333  2  -2  
11  0  56  887  411  333  2  -2  
11  0  56  896  411  333  2  -2  
11  0  56  904  411  333  2  -2  
11  0  56  913  411  333  2  -2  
11  0  56  921  411  333  2  -2  
11  0  56  931  411  333  2  -2  
11  0  56  939  411  333  2  -2  
11  0  56  946  411  333  2  -2  
11  0  56  954  411  333  2  -2  
11  0  56  962  411  333  2  -2  
11  0  56  971  411  333  2  -2  
11  0  56  980  411  333  2  -2  
11  0  56  988  411  333  2  -2  
11  0  56  997  411  333  2  -2  
11  0  56  1005  411  333  2  -2  
11  0  56  1012  411  333  2  -2  
11  0  56  1022  411  333  2  -2  
11  0  56  1030  411  333  2  -2  
11  0  56  1040  411  333  2  -2  
11  0  56  1047  407  333  2  -2  
11  0  56  1056  405  333  2  -2  
11  0  56  1063  400  333  2  -2  
11  0  56  1072  395  333  3  -2  
11  0  56  1081  391  333  3  -2  
11  0  56  1090  386  333  3  -2  
11  0  56  1097  380  334  3  -2  
11  0  56  1105  377  334  3  -2  
11  0  56  1114  373  335  3  -2  
11  0  56  1122  370  335  3  -2  
11  0  56  1131  369  335  3  -2  
11  0  56  1139  368  335  3  -2  
11  0  56  1149  368  335  3  -2  
11  0  56  1156  368  335  3  -2  
11  0  56  1165  368  335  3  -2  
11  0  56  1173  368  335  3  -2  
11  0  56  1181  367  336  3  -2  
11  0  56  1189  367  336  3  -2  
11  0  56  1196  367  336  3  -2  
11  0  56  1206  367  336  3  -2  
11  0  56  1215  367  336  3  -2  
11  0  56  1223  367  336  3  -2  
11  0  56  1231  367  336  3  -2  
11  0  56  1240  367  336  3  -2  
11  0  56  1246  367  336  3  -2  
11  0  56  1256  367  336  3  -2  
11  0  56  1264  367  336  3  -2  
11  0  57  1273  367  336  3  -2  
11  0  57  1281  367  336  3  -2  
11  0  57  1291  367  336  3  -2  
11  0  57  1299  367  336  3  -2  
11  0  57  1309  367  336  3  -2  
11  0  57  1315  367  336  3  -2  
11  0  57  1323  367  336  3  -2  
11  0  57  1331  367  336  3  -2  
11  0  57  1341  367  336  3  -2  
11  0  57  1350  367  336  3  -2  
11  0  57  1357  367  336  3  -2  
11  0  57  1366  367  336  3  -2  
11  0  57  1374  367  336  3  -2  
11  0  57  1383  367  336  3  -2  
11  0  57  1391  367  336  3  -2  
11  0  57  1400  367  336  3  -2  
11  0  57  1407  367  336  3  -2  
11  0  57  1415  368  336  3  -2  
11  0  57  1425  374  338  3  -2  
11  0  57  1433  375  338  3  -2  
11  0  57  1441  380  338  3  -2  
11  0  57  1450  383  338  3  -2  
11  0  57  1457  387  339  3  -2  
11  0  57  1465  397  339  3  -2  
11  0  57  1474  409  340  3  -2  
11  0  57  1482  425  342  3  -2  
11  0  57  1491  442  344  3  -2  
11  0  57  1500  460  344  3  -2  
11  0  57  1507  475  344  3  -2  
11  0  57  1516  487  344  3  -2  
11  0  57  1524  495  344  3  -2  
11  0  57  1532  499  344  3  -2  
11  0  57  1542  502  344  3  -2  
11  0  57  1550  502  344  3  -2  
11  0  57  1560  502  344  3  -2  
11  0  57  1565  506  344  3  -2  
11  0  57  1575  506  344  3  -2  
11  0  57  1584  513  344  4  -2  
11  0  57  1592  536  344  4  -2  
11  0  57  1599  546  344  4  -2  
11  0  57  1607  546  344  4  -2  
11  0  57  1615  560  344  4  -2  
11  0  57  1627  561  344  4  -2  
11  0  57  1632  561  344  4  -2  
11  0  57  1642  561  344  4  -2  
11  0  57  1649  561  344  4  -2  
11  0  57  1657  561  344  4  -2  
11  0  57  1666  561  344  4  -2  
11  0  57  1675  561  344  4  -2  
11  0  57  1681  561  344  4  -2  
11  0  57  1693  561  344  4  -2  
11  0  57  1700  561  344  4  -2  
11  0  57  1711  561  344  4  -2  
11  0  57  1716  561  344  4  -2  
11  0  57  1724  561  344  4  -2  
11  0  57  1732  561  344  4  -2  
11  0  57  1742  561  344  4  -2  
11  0  57  1748  561  344  4  -2  
11  0  57  1760  561  344  4  -2  
11  0  57  1766  561  344  4  -2  
11  0  57  1777  561  344  4  -2  
11  0  57  1783  561  344  4  -2  
11  0  57  1793  561  344  4  -2  
11  0  57  1799  561  344  4  -2  
11  0  57  1810  561  344  4  -2  
11  0  57  1814  561  344  4  -2  
11  0  57  1826  561  344  4  -2  
11  0  57  1832  561  344  4  -2  
11  0  57  1841  561  344  4  -2  
11  0  57  1849  561  344  4  -2  
11  0  57  1859  561  344  4  -2  
11  0  57  1865  561  344  4  -2  
11  0  57  1874  561  344  4  -2  
11  0  57  1882  561  344  4  -2  
11  0  57  1891  561  344  4  -2  
11  0  57  1899  561  344  4  -2  
11  0  57  1909  558  343  4  -2  
11  0  57  1916  548  339  4  -2  
11  0  57  1926  534  333  4  -2  
11  0  57  1932  507  327  4  -2  
11  0  57  1942  507  327  4  -2  
11  0  57  1949  495  325  4  -2  
11  0  57  1959  483  324  4  -2  
11  0  57  1967  463  323  4  -2  
11  0  57  1976  452  320  4  -2  
11  0  57  1984  444  320  4  -2  
11  0  57  1993  432  317  4  -2  
11  0  57  2000  420  316  4  -2  
11  0  57  2009  412  315  4  -2  
11  0  57  2016  408  314  4  -2  
11  0  57  2025  404  313  4  -2  
11  0  57  2032  403  313  4  -2  
11  0  57  2042  403  313  4  -2  
11  0  57  2050  403  313  4  -2  
11  0  57  2059  403  313  4  -2  
11  0  57  2066  403  313  4  -2  
11  0  57  2075  403  313  4  -2  
11  0  57  2082  403  313  4  -2  
11  0  57  2092  403  313  4  -2  
11  0  57  2098  403  313  4  -2  
11  0  57  2109  403  313  4  -2  
11  0  57  2115  403  313  4  -2  
11  0  57  2126  403  313  4  -2  
11  0  57  2133  403  313  4  -2  
11  0  57  2143  403  313  4  -2  
11  0  57  2151  403  313  4  -2  
11  0  57  2160  403  313  4  -2  
11  0  57  2166  403  313  4  -2  
11  0  57  2176  403  313  4  -2  
11  0  57  2182  403  313  4  -2  
11  0  57  2192  403  313  4  -2  
11  0  57  2199  403  313  4  -2  
11  0  57  2209  403  313  4  -2  
11  0  57  2216  403  313  4  -2  
11  0  57  2226  403  313  4  -2  
11  0  57  2232  403  313  4  -2  
11  0  57  2243  403  313  4  -2  
11  0  57  2250  403  313  4  -2  
11  0  57  2260  403  313  4  -2  
