12  20  10  0  351  318  1  -2  
12  20  10  10  351  318  1  -2  
12  20  10  16  351  318  1  -2  
12  20  10  25  351  318  1  -2  
12  20  10  34  351  318  1  -2  
12  20  10  42  351  318  1  -2  
12  20  10  50  351  318  1  -2  
12  20  10  60  351  318  1  -2  
12  20  10  66  351  318  1  -2  
12  20  10  75  351  318  1  -2  
12  20  10  83  351  318  1  -2  
12  20  10  92  351  318  1  -2  
12  20  10  100  351  318  1  -2  
12  20  10  110  351  318  1  -2  
12  20  10  115  351  318  1  -2  
12  20  10  127  351  318  1  -2  
12  20  10  133  351  318  1  -2  
12  20  10  142  351  318  1  -2  
12  20  10  149  351  318  1  -2  
12  20  10  160  351  318  1  -2  
12  20  10  166  351  318  1  -2  
12  20  10  175  353  318  1  -2  
12  20  10  182  355  317  1  -2  
12  20  10  192  357  316  1  -2  
12  20  10  200  360  315  1  -2  
12  20  10  210  363  315  1  -2  
12  20  10  217  367  314  1  -2  
12  20  10  227  371  313  1  -2  
12  20  10  233  376  311  1  -2  
12  20  10  242  380  311  1  -2  
12  20  10  250  384  310  1  -2  
12  20  10  260  388  310  1  -2  
12  20  10  266  398  310  1  -2  
12  20  10  277  398  310  1  -2  
12  20  10  284  408  310  1  -2  
12  20  10  292  413  310  1  -2  
12  20  10  300  418  310  1  -2  
12  20  10  310  424  310  1  -2  
12  20  10  316  429  310  1  -2  
12  20  10  326  433  311  1  -2  
12  20  10  333  436  311  1  -2  
12  20  10  343  438  311  1  -2  
12  20  10  350  441  312  1  -2  
12  20  10  360  443  312  1  -2  
12  20  10  368  445  312  1  -2  
12  20  10  377  449  313  1  -2  
12  20  10  384  452  313  1  -2  
12  20  10  394  456  315  1  -2  
12  20  10  400  459  315  1  -2  
12  20  10  410  461  315  1  -2  
12  20  10  416  466  316  1  -2  
12  20  10  427  470  316  1  -2  
12  20  10  434  475  317  1  -2  
12  20  10  444  479  317  1  -2  
12  20  10  450  485  317  1  -2  
12  20  10  460  485  317  1  -2  
12  20  10  468  493  317  1  -2  
12  20  10  477  493  317  1  -2  
12  20  10  484  498  318  2  -2  
12  20  10  494  502  318  2  -2  
12  20  10  500  503  318  2  -2  
12  20  10  510  506  320  2  -2  
12  20  10  516  509  320  2  -2  
12  20  10  525  512  320  2  -2  
12  20  10  533  514  320  2  -2  
12  20  10  544  516  320  2  -2  
12  20  10  550  520  320  2  -2  
12  20  10  560  521  320  2  -2  
12  20  10  567  524  320  2  -2  
12  20  10  575  525  320  2  -2  
12  20  10  583  527  320  2  -2  
12  20  10  592  528  320  2  -2  
12  20  10  600  528  320  2  -2  
12  20  10  610  531  320  2  -2  
12  20  10  616  531  320  2  -2  
12  20  10  627  532  320  2  -2  
12  20  10  634  532  320  2  -2  
12  20  10  642  532  320  2  -2  
12  20  10  650  532  320  2  -2  
12  20  10  660  532  320  2  -2  
12  20  10  667  532  320  2  -2  
12  20  10  675  532  320  2  -2  
12  20  10  683  532  320  2  -2  
12  20  10  694  532  320  2  -2  
12  20  10  700  532  320  2  -2  
12  20  10  710  532  320  2  -2  
12  20  10  716  532  320  2  -2  
12  20  10  727  532  320  2  -2  
12  20  10  734  532  320  2  -2  
12  20  10  744  532  320  2  -2  
12  20  10  750  532  320  2  -2  
12  20  10  761  532  321  2  -2  
12  20  10  767  526  324  2  -2  
12  20  10  777  523  326  2  -2  
12  20  10  784  518  329  2  -2  
12  20  10  792  513  331  2  -2  
12  20  10  801  507  332  2  -2  
12  20  10  811  500  333  2  -2  
12  20  10  819  495  333  2  -2  
12  20  10  827  488  335  2  -2  
12  20  10  835  481  335  2  -2  
12  20  10  844  476  335  2  -2  
12  20  10  850  468  335  2  -2  
12  20  10  860  462  335  2  -2  
12  20  10  868  449  335  2  -2  
12  20  10  877  449  335  2  -2  
12  20  10  884  430  334  2  -2  
12  20  10  894  423  334  2  -2  
12  20  10  901  413  334  2  -2  
12  20  10  911  405  334  2  -2  
12  20  10  918  398  334  2  -2  
12  20  10  928  394  334  3  -2  
12  20  10  934  389  334  3  -2  
12  20  11  944  387  334  3  -2  
12  20  11  951  385  333  3  -2  
12  20  11  961  383  333  3  -2  
12  20  11  966  382  333  3  -2  
12  20  11  977  380  332  3  -2  
12  20  11  984  379  331  3  -2  
12  20  11  993  379  331  3  -2  
12  20  11  1000  377  331  3  -2  
12  20  11  1010  375  331  3  -2  
12  20  11  1017  374  331  3  -2  
12  20  11  1027  373  331  3  -2  
12  20  11  1034  371  331  3  -2  
12  20  11  1044  370  331  3  -2  
12  20  11  1051  369  331  3  -2  
12  20  11  1061  368  331  3  -2  
12  20  11  1067  367  331  3  -2  
12  20  11  1077  367  331  3  -2  
12  20  11  1084  367  331  3  -2  
12  20  11  1095  367  331  3  -2  
12  20  11  1102  366  331  3  -2  
12  20  11  1111  366  331  3  -2  
12  20  11  1121  366  331  3  -2  
12  20  11  1132  366  331  3  -2  
12  20  11  1138  366  331  3  -2  
12  20  11  1148  366  331  3  -2  
12  20  11  1155  366  331  3  -2  
12  20  11  1164  366  331  3  -2  
12  20  11  1171  366  331  3  -2  
12  20  11  1181  366  331  3  -2  
12  20  11  1192  366  331  3  -2  
12  20  11  1199  366  331  3  -2  
12  20  11  1210  366  331  3  -2  
12  20  11  1217  366  331  3  -2  
12  20  11  1228  366  331  3  -2  
12  20  11  1235  366  331  3  -2  
12  20  11  1245  366  331  3  -2  
12  20  11  1253  366  331  3  -2  
12  20  11  1263  366  331  3  -2  
12  20  11  1271  366  331  3  -2  
12  20  11  1280  366  331  3  -2  
12  20  11  1289  366  331  3  -2  
12  20  11  1299  367  331  3  -2  
12  20  11  1307  372  331  3  -2  
12  20  11  1317  377  331  3  -2  
12  20  11  1327  391  331  3  -2  
12  20  11  1334  399  331  3  -2  
12  20  11  1343  406  331  3  -2  
12  20  11  1353  416  331  3  -2  
12  20  11  1361  423  331  3  -2  
12  20  11  1371  433  331  3  -2  
12  20  11  1382  441  331  3  -2  
12  20  11  1391  459  331  3  -2  
12  20  11  1400  468  331  3  -2  
12  20  11  1409  478  331  3  -2  
12  20  11  1416  485  331  3  -2  
12  20  11  1425  490  331  3  -2  
12  20  11  1433  497  331  3  -2  
12  20  11  1444  500  331  4  -2  
12  20  11  1451  507  332  4  -2  
12  20  11  1461  509  332  4  -2  
12  20  11  1469  509  332  4  -2  
12  20  11  1479  512  332  4  -2  
12  20  11  1488  513  332  4  -2  
12  20  11  1496  516  332  4  -2  
12  20  11  1505  517  332  4  -2  
12  20  11  1514  520  332  4  -2  
12  20  11  1522  522  332  4  -2  
12  20  11  1531  524  332  4  -2  
12  20  11  1541  526  332  4  -2  
12  20  11  1549  529  332  4  -2  
12  20  11  1559  531  332  4  -2  
12  20  11  1567  532  332  4  -2  
12  20  11  1577  533  332  4  -2  
12  20  11  1584  533  332  4  -2  
12  20  11  1594  534  332  4  -2  
12  20  11  1602  534  332  4  -2  
12  20  11  1612  534  332  4  -2  
12  20  11  1621  534  332  4  -2  
12  20  11  1631  534  332  4  -2  
12  20  11  1640  534  332  4  -2  
12  20  11  1648  534  332  4  -2  
12  20  11  1658  534  332  4  -2  
12  20  11  1666  534  332  4  -2  
12  20  11  1676  534  332  4  -2  
12  20  11  1685  534  332  4  -2  
12  20  11  1694  534  332  4  -2  
12  20  11  1703  534  332  4  -2  
12  20  11  1714  534  332  4  -2  
12  20  11  1724  534  332  4  -2  
12  20  11  1732  530  333  4  -2  
12  20  11  1742  524  333  4  -2  
12  20  11  1750  519  333  4  -2  
12  20  11  1760  512  333  4  -2  
12  20  11  1768  506  333  4  -2  
12  20  11  1778  497  333  4  -2  
12  20  11  1787  488  335  4  -2  
12  20  11  1796  483  335  4  -2  
12  20  11  1808  468  337  4  -2  
12  20  11  1816  463  337  4  -2  
12  20  11  1827  456  337  4  -2  
12  20  11  1835  452  337  4  -2  
12  20  11  1845  447  337  4  -2  
12  20  11  1854  440  337  4  -2  
12  20  11  1863  434  337  4  -2  
12  20  11  1872  429  337  4  -2  
12  20  11  1882  420  335  4  -2  
12  20  11  1894  413  334  4  -2  
12  20  11  1902  400  334  4  -2  
12  20  11  1913  395  334  4  -2  
