16  8  13  0  355  310  1  -2  
16  8  13  11  355  310  1  -2  
16  8  13  16  355  310  1  -2  
16  8  13  26  355  310  1  -2  
16  8  13  34  355  310  1  -2  
16  8  13  43  355  310  1  -2  
16  8  13  51  355  310  1  -2  
16  8  13  59  355  310  1  -2  
16  8  13  67  355  310  1  -2  
16  8  13  77  355  310  1  -2  
16  8  13  84  355  310  1  -2  
16  8  13  93  355  310  1  -2  
16  8  13  100  355  310  1  -2  
16  8  13  111  355  310  1  -2  
16  8  13  117  355  310  1  -2  
16  8  13  126  355  310  1  -2  
16  8  13  134  355  310  1  -2  
16  8  13  143  355  310  1  -2  
16  8  13  150  355  310  1  -2  
16  8  13  160  355  310  1  -2  
16  8  13  167  355  310  1  -2  
16  8  13  178  355  310  1  -2  
16  8  13  184  357  310  1  -2  
16  8  13  193  357  310  1  -2  
16  8  13  200  365  310  1  -2  
16  8  13  210  365  310  1  -2  
16  8  13  217  379  310  1  -2  
16  8  13  227  387  310  1  -2  
16  8  13  235  396  310  1  -2  
16  8  13  244  404  310  1  -2  
16  8  13  251  413  310  1  -2  
16  8  13  261  418  310  1  -2  
16  8  13  268  425  310  1  -2  
16  8  13  278  430  310  1  -2  
16  8  13  285  436  310  1  -2  
16  8  13  293  445  310  1  -2  
16  8  13  301  452  310  1  -2  
16  8  13  310  458  310  1  -2  
16  8  13  318  470  310  1  -2  
16  8  13  326  482  310  1  -2  
16  8  13  334  493  310  1  -2  
16  8  13  343  505  310  2  -2  
16  8  13  351  518  310  2  -2  
16  8  13  361  530  310  2  -2  
16  8  13  369  547  310  2  -2  
16  8  13  378  548  310  2  -2  
16  8  13  384  551  310  2  -2  
16  8  13  392  551  310  2  -2  
16  8  13  400  551  310  2  -2  
16  8  13  410  551  310  2  -2  
16  8  13  416  551  310  2  -2  
16  8  13  427  551  310  2  -2  
16  8  13  433  551  310  2  -2  
16  8  13  442  551  310  2  -2  
16  8  13  450  551  310  2  -2  
16  8  13  461  551  310  2  -2  
16  8  13  468  551  310  2  -2  
16  8  13  477  551  310  2  -2  
16  8  13  484  551  310  2  -2  
16  8  13  494  551  310  2  -2  
16  8  13  499  551  310  2  -2  
16  8  14  509  551  310  2  -2  
16  8  14  516  551  310  2  -2  
16  8  14  525  551  310  2  -2  
16  8  14  533  551  310  2  -2  
16  8  14  542  551  310  2  -2  
16  8  14  550  551  310  2  -2  
16  8  14  560  551  310  2  -2  
16  8  14  568  551  310  2  -2  
16  8  14  577  551  310  2  -2  
16  8  14  583  551  310  2  -2  
16  8  14  592  551  310  2  -2  
16  8  14  600  551  310  2  -2  
16  8  14  609  551  310  2  -2  
16  8  14  616  551  310  2  -2  
16  8  14  625  551  310  2  -2  
16  8  14  633  551  310  2  -2  
16  8  14  642  551  310  2  -2  
16  8  14  650  551  310  2  -2  
16  8  14  660  551  310  2  -2  
16  8  14  668  551  310  2  -2  
16  8  14  677  551  310  2  -2  
16  8  14  685  551  310  2  -2  
16  8  14  693  551  310  2  -2  
16  8  14  700  551  310  2  -2  
16  8  14  711  551  310  2  -2  
16  8  14  718  548  310  2  -2  
16  8  14  727  546  310  2  -2  
16  8  14  734  543  310  2  -2  
16  8  14  742  539  310  2  -2  
16  8  14  750  538  310  2  -2  
16  8  14  760  535  310  2  -2  
16  8  14  768  534  310  2  -2  
16  8  14  778  531  310  2  -2  
16  8  14  785  530  310  2  -2  
16  8  14  794  526  310  2  -2  
16  8  14  800  521  310  2  -2  
16  8  14  811  517  310  2  -2  
16  8  14  818  512  310  2  -2  
16  8  14  827  507  310  2  -2  
16  8  14  834  504  310  2  -2  
16  8  14  844  501  310  2  -2  
16  8  14  850  497  310  2  -2  
16  8  14  860  495  310  2  -2  
16  8  14  868  493  310  2  -2  
16  8  14  877  489  310  2  -2  
16  8  14  884  486  310  2  -2  
16  8  14  894  482  310  2  -2  
16  8  14  901  477  310  2  -2  
16  8  14  922  460  310  2  -2  
16  8  14  931  455  310  2  -2  
16  8  14  939  450  310  2  -2  
16  8  14  948  446  310  2  -2  
16  8  14  955  443  310  2  -2  
16  8  14  964  439  310  2  -2  
16  8  14  973  436  310  2  -2  
16  8  14  981  433  310  2  -2  
16  8  14  989  430  310  2  -2  
16  8  14  998  427  310  2  -2  
16  8  14  1006  424  310  2  -2  
16  8  14  1014  421  310  2  -2  
16  8  14  1021  418  310  2  -2  
16  8  14  1030  413  310  2  -2  
16  8  14  1041  408  310  2  -2  
16  8  14  1049  399  310  3  -2  
16  8  14  1057  395  309  3  -2  
16  8  14  1064  391  309  3  -2  
16  8  14  1072  390  309  3  -2  
16  8  14  1079  388  309  3  -2  
16  8  14  1091  388  309  3  -2  
16  8  14  1098  385  309  3  -2  
16  8  14  1106  385  309  3  -2  
16  8  14  1114  385  309  3  -2  
16  8  14  1121  385  309  3  -2  
16  8  14  1130  383  309  3  -2  
16  8  14  1141  383  309  3  -2  
16  8  14  1147  383  309  3  -2  
16  8  14  1157  382  309  3  -2  
16  8  14  1164  381  309  3  -2  
16  8  14  1172  378  309  3  -2  
16  8  14  1180  377  309  3  -2  
16  8  14  1191  375  309  3  -2  
16  8  14  1199  373  309  3  -2  
16  8  14  1207  373  309  3  -2  
16  8  14  1214  372  309  3  -2  
16  8  14  1222  372  309  3  -2  
16  8  14  1230  372  309  3  -2  
16  8  14  1239  372  309  3  -2  
16  8  14  1247  372  309  3  -2  
16  8  14  1258  372  309  3  -2  
16  8  14  1265  372  309  3  -2  
16  8  14  1272  372  309  3  -2  
16  8  14  1280  372  309  3  -2  
16  8  14  1291  372  309  3  -2  
16  8  14  1299  372  309  3  -2  
16  8  14  1309  372  309  3  -2  
16  8  14  1314  372  309  3  -2  
16  8  14  1322  372  309  3  -2  
16  8  14  1331  372  309  3  -2  
16  8  14  1341  372  309  3  -2  
16  8  14  1348  372  309  3  -2  
16  8  14  1357  372  309  3  -2  
16  8  14  1364  372  309  3  -2  
16  8  14  1375  372  309  3  -2  
16  8  14  1380  372  309  3  -2  
16  8  14  1389  372  309  3  -2  
16  8  14  1398  374  309  3  -2  
16  8  14  1407  379  309  3  -2  
16  8  14  1415  384  309  3  -2  
16  8  14  1425  389  309  3  -2  
16  8  14  1431  397  309  3  -2  
16  8  14  1440  404  309  3  -2  
16  8  14  1448  413  309  3  -2  
16  8  14  1458  431  309  3  -2  
16  8  14  1464  438  309  3  -2  
16  8  14  1475  445  309  3  -2  
16  8  14  1482  453  309  3  -2  
16  8  14  1491  458  309  3  -2  
16  8  14  1499  461  309  3  -2  
16  8  15  1508  465  309  3  -2  
16  8  15  1514  468  309  3  -2  
16  8  15  1523  472  309  3  -2  
16  8  15  1532  475  309  3  -2  
16  8  15  1541  477  309  3  -2  
16  8  15  1548  480  309  3  -2  
16  8  15  1558  484  309  3  -2  
16  8  15  1565  488  309  3  -2  
16  8  15  1574  491  309  3  -2  
16  8  15  1582  495  309  4  -2  
16  8  15  1590  500  309  4  -2  
16  8  15  1598  503  309  4  -2  
16  8  15  1607  505  309  4  -2  
16  8  15  1614  509  309  4  -2  
16  8  15  1625  511  310  4  -2  
16  8  15  1631  515  310  4  -2  
16  8  15  1641  515  310  4  -2  
16  8  15  1649  520  311  4  -2  
16  8  15  1658  520  311  4  -2  
16  8  15  1665  523  311  4  -2  
16  8  15  1674  524  311  4  -2  
16  8  15  1681  524  311  4  -2  
16  8  15  1693  524  311  4  -2  
16  8  15  1700  526  311  4  -2  
16  8  15  1711  526  311  4  -2  
16  8  15  1717  528  311  4  -2  
16  8  15  1726  531  311  4  -2  
16  8  15  1733  532  311  4  -2  
16  8  15  1744  536  311  4  -2  
16  8  15  1750  540  311  4  -2  
16  8  15  1761  541  311  4  -2  
16  8  15  1767  545  311  4  -2  
16  8  15  1777  545  311  4  -2  
16  8  15  1783  545  311  4  -2  
16  8  15  1793  545  311  4  -2  
16  8  15  1801  545  311  4  -2  
16  8  15  1811  545  311  4  -2  
16  8  15  1818  545  311  4  -2  
16  8  15  1827  545  311  4  -2  
16  8  15  1834  545  311  4  -2  
16  8  15  1843  547  311  4  -2  
16  8  15  1851  548  311  4  -2  
16  8  15  1861  548  311  4  -2  
16  8  15  1867  548  311  4  -2  
16  8  15  1876  549  311  4  -2  
16  8  15  1884  549  311  4  -2  
16  8  15  1894  549  311  4  -2  
16  8  15  1901  549  311  4  -2  
16  8  15  1911  549  311  4  -2  
16  8  15  1918  549  311  4  -2  
16  8  15  1927  549  311  4  -2  
16  8  15  1934  549  311  4  -2  
16  8  15  1943  549  311  4  -2  
16  8  15  1951  549  311  4  -2  
16  8  15  1961  549  311  4  -2  
16  8  15  1968  549  311  4  -2  
16  8  15  1977  549  311  4  -2  
16  8  15  1985  549  311  4  -2  
16  8  15  1993  548  311  4  -2  
16  8  15  2001  543  311  4  -2  
16  8  15  2011  538  311  4  -2  
16  8  15  2017  532  311  4  -2  
16  8  15  2027  526  311  4  -2  
16  8  15  2035  520  311  4  -2  
16  8  15  2044  515  311  4  -2  
16  8  15  2051  510  311  4  -2  
16  8  15  2061  505  311  4  -2  
16  8  15  2069  501  311  4  -2  
16  8  15  2077  496  311  4  -2  
16  8  15  2085  491  311  4  -2  
16  8  15  2093  486  311  4  -2  
16  8  15  2101  479  311  4  -2  
16  8  15  2111  474  311  4  -2  
16  8  15  2118  467  311  4  -2  
16  8  15  2127  460  311  4  -2  
16  8  15  2133  455  311  4  -2  
16  8  15  2142  450  311  4  -2  
16  8  15  2150  445  311  4  -2  
16  8  15  2160  438  311  4  -2  
16  8  15  2168  429  311  4  -2  
16  8  15  2176  427  311  4  -2  
16  8  15  2184  423  311  4  -2  
16  8  15  2193  419  311  4  -2  
16  8  15  2200  416  311  4  -2  
16  8  15  2210  414  311  4  -2  
16  8  15  2217  411  311  4  -2  
16  8  15  2226  411  311  4  -2  
16  8  15  2234  410  311  4  -2  
16  8  15  2243  409  311  4  -2  
16  8  15  2250  408  311  4  -2  
16  8  15  2260  407  311  4  -2  
16  8  15  2268  405  311  4  -2  
16  8  15  2276  403  311  4  -2  
16  8  15  2284  401  311  4  -2  
16  8  15  2293  398  311  5  -2  
16  8  15  2300  397  311  5  -2  
16  8  15  2310  394  311  5  -2  
16  8  15  2316  394  311  5  -2  
16  8  15  2326  393  311  5  -2  
16  8  15  2333  391  311  5  -2  
16  8  15  2342  391  311  5  -2  
16  8  15  2350  391  311  5  -2  
16  8  15  2360  390  311  5  -2  
16  8  15  2366  388  311  5  -2  
16  8  15  2376  388  311  5  -2  
16  8  15  2382  386  311  5  -2  
16  8  15  2392  386  311  5  -2  
16  8  15  2400  386  311  5  -2  
16  8  15  2409  386  311  5  -2  
16  8  15  2417  386  311  5  -2  
16  8  15  2426  386  311  5  -2  
16  8  15  2432  386  311  5  -2  
16  8  15  2442  386  311  5  -2  
16  8  15  2450  386  311  5  -2  
16  8  15  2459  386  311  5  -2  
16  8  15  2466  386  311  5  -2  
16  8  15  2475  386  311  5  -2  
16  8  15  2482  386  311  5  -2  
16  8  15  2492  386  311  5  -2  
16  8  15  2501  386  311  5  -2  
16  8  16  2510  386  311  5  -2  
16  8  16  2518  386  311  5  -2  
16  8  16  2526  386  311  5  -2  
16  8  16  2534  386  311  5  -2  
16  8  16  2543  386  311  5  -2  
16  8  16  2550  386  311  5  -2  
16  8  16  2560  386  311  5  -2  
16  8  16  2567  386  311  5  -2  
16  8  16  2578  386  311  5  -2  
16  8  16  2585  386  311  5  -2  
16  8  16  2595  386  311  5  -2  
16  8  16  2604  386  311  5  -2  
16  8  16  2613  386  311  5  -2  
16  8  16  2624  386  311  5  -2  
16  8  16  2629  386  311  5  -2  
16  8  16  2640  386  311  5  -2  
16  8  16  2648  386  311  5  -2  
16  8  16  2657  386  311  5  -2  
16  8  16  2663  386  311  5  -2  
16  8  16  2672  386  311  5  -2  
16  8  16  2680  386  311  5  -2  
16  8  16  2688  386  311  5  -2  
16  8  16  2697  386  311  5  -2  
16  8  16  2705  386  311  5  -2  
16  8  16  2713  386  311  5  -2  
16  8  16  2723  386  311  5  -2  
16  8  16  2730  386  311  5  -2  
16  8  16  2739  386  311  5  -2  
16  8  16  2745  386  311  5  -2  
16  8  16  2755  386  311  5  -2  
16  8  16  2763  386  311  5  -2  
16  8  16  2773  386  311  5  -2  
16  8  16  2780  386  311  5  -2  
16  8  16  2789  386  311  5  -2  
16  8  16  2797  386  311  5  -2  
16  8  16  2805  386  311  5  -2  
16  8  16  2814  386  311  5  -2  
16  8  16  2821  386  311  5  -2  
16  8  16  2830  386  311  5  -2  
16  8  16  2838  386  311  5  -2  
16  8  16  2847  386  311  5  -2  
16  8  16  2855  386  311  5  -2  
16  8  16  2864  386  311  5  -2  
16  8  16  2873  386  311  5  -2  
16  8  16  2880  386  311  5  -2  
16  8  16  2888  386  311  5  -2  
16  8  16  2897  386  311  5  -2  
16  8  16  2905  386  311  5  -2  
16  8  16  2914  386  311  5  -2  
16  8  16  2921  386  311  5  -2  
16  8  16  2930  386  311  5  -2  
16  8  16  2940  386  311  5  -2  
16  8  16  2948  386  311  5  -2  
16  8  16  2957  386  311  5  -2  
16  8  16  2963  386  311  5  -2  
16  8  16  2973  386  311  5  -2  
16  8  16  2980  386  311  5  -2  
16  8  16  2989  386  311  5  -2  
16  8  16  2995  386  311  5  -2  
