16  7  34  0  352  292  1  -2  
16  7  34  7  352  292  1  -2  
16  7  34  17  352  292  1  -2  
16  7  34  25  352  292  1  -2  
16  7  34  33  352  292  1  -2  
16  7  34  40  352  292  1  -2  
16  7  34  49  352  292  1  -2  
16  7  34  58  352  292  1  -2  
16  7  34  65  352  292  1  -2  
16  7  34  75  352  292  1  -2  
16  7  34  83  352  292  1  -2  
16  7  34  92  352  292  1  -2  
16  7  34  100  352  292  1  -2  
16  7  34  107  352  292  1  -2  
16  7  34  116  352  292  1  -2  
16  7  34  125  352  292  1  -2  
16  7  34  133  352  292  1  -2  
16  7  34  142  352  292  1  -2  
16  7  34  150  352  292  1  -2  
16  7  34  158  352  292  1  -2  
16  7  34  167  352  292  1  -2  
16  7  34  175  352  292  1  -2  
16  7  34  183  352  292  1  -2  
16  7  34  191  352  292  1  -2  
16  7  34  199  352  292  1  -2  
16  7  34  208  352  292  1  -2  
16  7  34  216  352  292  1  -2  
16  7  34  225  356  292  1  -2  
16  7  34  234  375  297  1  -2  
16  7  34  243  385  297  1  -2  
16  7  34  250  397  301  1  -2  
16  7  34  259  409  302  1  -2  
16  7  34  267  421  302  1  -2  
16  7  34  275  432  305  1  -2  
16  7  34  284  441  305  1  -2  
16  7  34  293  448  305  1  -2  
16  7  34  300  460  309  1  -2  
16  7  34  309  467  310  1  -2  
16  7  34  317  475  310  1  -2  
16  7  34  326  487  311  1  -2  
16  7  34  335  497  314  2  -2  
16  7  34  342  504  315  2  -2  
16  7  34  351  514  315  2  -2  
16  7  34  360  520  317  2  -2  
16  7  34  368  522  317  2  -2  
16  7  34  376  524  317  2  -2  
16  7  34  384  525  317  2  -2  
16  7  34  392  526  317  2  -2  
16  7  34  401  526  317  2  -2  
16  7  34  409  526  317  2  -2  
16  7  34  418  528  317  2  -2  
16  7  34  426  530  319  2  -2  
16  7  34  435  533  319  2  -2  
16  7  34  444  535  320  2  -2  
16  7  34  451  536  320  2  -2  
16  7  34  459  536  320  2  -2  
16  7  34  467  536  320  2  -2  
16  7  34  476  536  320  2  -2  
16  7  34  484  536  320  2  -2  
16  7  34  491  536  320  2  -2  
16  7  34  501  536  320  2  -2  
16  7  34  509  536  320  2  -2  
16  7  34  517  536  320  2  -2  
16  7  34  526  536  320  2  -2  
16  7  34  535  536  320  2  -2  
16  7  34  544  536  320  2  -2  
16  7  34  551  536  320  2  -2  
16  7  34  559  536  320  2  -2  
16  7  34  569  536  320  2  -2  
16  7  34  578  536  320  2  -2  
16  7  34  585  536  320  2  -2  
16  7  34  594  536  320  2  -2  
16  7  34  601  535  320  2  -2  
16  7  34  610  534  320  2  -2  
16  7  34  618  533  320  2  -2  
16  7  34  626  531  320  2  -2  
16  7  34  635  529  320  2  -2  
16  7  34  644  526  320  2  -2  
16  7  34  652  522  320  2  -2  
16  7  34  660  517  320  2  -2  
16  7  34  668  510  320  2  -2  
16  7  34  676  505  320  2  -2  
16  7  34  685  498  320  2  -2  
16  7  34  693  488  320  2  -2  
16  7  34  701  480  320  2  -2  
16  7  34  710  470  320  2  -2  
16  7  34  718  461  320  2  -2  
16  7  34  726  451  318  2  -2  
16  7  34  736  444  318  2  -2  
16  7  34  743  437  318  2  -2  
16  7  34  751  432  318  2  -2  
16  7  34  760  430  318  2  -2  
16  7  34  768  427  318  2  -2  
16  7  34  776  424  318  2  -2  
16  7  34  785  423  318  2  -2  
16  7  34  793  420  318  2  -2  
16  7  34  801  415  318  2  -2  
16  7  35  809  411  318  2  -2  
16  7  35  818  407  318  2  -2  
16  7  35  828  402  318  2  -2  
16  7  35  837  397  318  3  -2  
16  7  35  845  392  318  3  -2  
16  7  35  851  387  318  3  -2  
16  7  35  860  384  318  3  -2  
16  7  35  868  380  318  3  -2  
16  7  35  876  380  318  3  -2  
16  7  35  885  377  318  3  -2  
16  7  35  892  376  318  3  -2  
16  7  35  904  376  318  3  -2  
16  7  35  909  376  318  3  -2  
16  7  35  918  376  318  3  -2  
16  7  35  925  376  318  3  -2  
16  7  35  935  374  318  3  -2  
16  7  35  944  374  318  3  -2  
16  7  35  951  374  318  3  -2  
16  7  35  959  374  318  3  -2  
16  7  35  971  374  318  3  -2  
16  7  35  978  374  318  3  -2  
16  7  35  988  374  318  3  -2  
16  7  35  995  374  318  3  -2  
16  7  35  1004  374  318  3  -2  
16  7  35  1011  374  318  3  -2  
16  7  35  1020  374  318  3  -2  
16  7  35  1027  374  318  3  -2  
16  7  35  1035  374  318  3  -2  
16  7  35  1045  374  318  3  -2  
16  7  35  1054  374  318  3  -2  
16  7  35  1060  374  318  3  -2  
16  7  35  1071  374  318  3  -2  
16  7  35  1078  374  318  3  -2  
16  7  35  1088  374  318  3  -2  
16  7  35  1095  374  318  3  -2  
16  7  35  1104  374  318  3  -2  
16  7  35  1109  374  318  3  -2  
16  7  35  1121  374  318  3  -2  
16  7  35  1128  374  318  3  -2  
16  7  35  1136  374  318  3  -2  
16  7  35  1145  374  318  3  -2  
16  7  35  1154  374  318  3  -2  
16  7  35  1161  374  318  3  -2  
16  7  35  1170  374  318  3  -2  
16  7  35  1178  374  318  3  -2  
16  7  35  1186  374  318  3  -2  
16  7  35  1195  374  318  3  -2  
16  7  35  1204  374  318  3  -2  
16  7  35  1210  374  318  3  -2  
16  7  35  1221  374  318  3  -2  
16  7  35  1229  374  318  3  -2  
16  7  35  1238  374  318  3  -2  
16  7  35  1245  374  318  3  -2  
16  7  35  1254  374  318  3  -2  
16  7  35  1262  374  318  3  -2  
16  7  35  1271  374  318  3  -2  
16  7  35  1278  374  318  3  -2  
16  7  35  1286  374  318  3  -2  
16  7  35  1295  374  318  3  -2  
16  7  35  1304  374  318  3  -2  
16  7  35  1311  374  318  3  -2  
16  7  35  1321  374  318  3  -2  
16  7  35  1328  374  318  3  -2  
16  7  35  1338  374  318  3  -2  
16  7  35  1345  374  318  3  -2  
16  7  35  1353  374  318  3  -2  
16  7  35  1360  374  318  3  -2  
16  7  35  1371  374  318  3  -2  
16  7  35  1378  374  318  3  -2  
16  7  35  1388  374  318  3  -2  
16  7  35  1395  374  318  3  -2  
16  7  35  1404  374  318  3  -2  
16  7  35  1412  374  318  3  -2  
16  7  35  1421  374  318  3  -2  
16  7  35  1427  374  318  3  -2  
16  7  35  1437  374  318  3  -2  
16  7  35  1445  374  318  3  -2  
16  7  35  1454  374  318  3  -2  
16  7  35  1461  374  318  3  -2  
16  7  35  1470  374  318  3  -2  
16  7  35  1477  374  318  3  -2  
16  7  35  1487  374  318  3  -2  
16  7  35  1494  374  318  3  -2  
16  7  35  1503  374  318  3  -2  
16  7  35  1509  374  318  3  -2  
16  7  35  1520  374  318  3  -2  
16  7  35  1526  374  318  3  -2  
16  7  35  1536  374  318  3  -2  
16  7  35  1544  374  318  3  -2  
16  7  35  1553  374  318  3  -2  
16  7  35  1560  374  318  3  -2  
16  7  35  1570  374  318  3  -2  
16  7  35  1579  374  318  3  -2  
16  7  35  1588  376  318  3  -2  
16  7  35  1594  382  317  3  -2  
16  7  35  1604  389  317  3  -2  
16  7  35  1611  399  317  3  -2  
16  7  35  1622  412  317  3  -2  
16  7  35  1629  426  317  3  -2  
16  7  35  1639  436  317  3  -2  
16  7  35  1648  447  317  3  -2  
16  7  35  1658  459  317  3  -2  
16  7  35  1666  476  317  3  -2  
16  7  35  1675  483  317  3  -2  
16  7  35  1683  489  317  3  -2  
16  7  35  1692  495  317  4  -2  
16  7  35  1703  498  317  4  -2  
16  7  35  1711  503  317  4  -2  
16  7  35  1721  506  317  4  -2  
16  7  35  1728  512  317  4  -2  
16  7  35  1738  512  317  4  -2  
16  7  35  1745  519  317  4  -2  
16  7  35  1757  521  317  4  -2  
16  7  35  1764  522  317  4  -2  
16  7  35  1773  523  317  4  -2  
16  7  35  1781  523  317  4  -2  
16  7  35  1788  523  317  4  -2  
16  7  35  1796  523  317  4  -2  
16  7  35  1805  523  317  4  -2  
16  7  36  1814  523  317  4  -2  
16  7  36  1824  523  317  4  -2  
16  7  36  1832  523  317  4  -2  
16  7  36  1841  523  317  4  -2  
16  7  36  1850  523  317  4  -2  
16  7  36  1859  523  317  4  -2  
16  7  36  1869  523  317  4  -2  
16  7  36  1877  523  317  4  -2  
16  7  36  1887  523  317  4  -2  
16  7  36  1895  523  317  4  -2  
16  7  36  1904  523  317  4  -2  
16  7  36  1912  523  317  4  -2  
16  7  36  1922  523  317  4  -2  
16  7  36  1928  523  317  4  -2  
16  7  36  1939  523  317  4  -2  
16  7  36  1946  522  317  4  -2  
16  7  36  1956  521  317  4  -2  
16  7  36  1963  517  317  4  -2  
16  7  36  1973  515  317  4  -2  
16  7  36  1981  510  317  4  -2  
16  7  36  1991  507  317  4  -2  
16  7  36  2000  502  317  4  -2  
16  7  36  2009  492  317  4  -2  
16  7  36  2019  473  317  4  -2  
16  7  36  2028  462  317  4  -2  
16  7  36  2038  449  317  4  -2  
16  7  36  2047  434  317  4  -2  
16  7  36  2056  422  317  4  -2  
16  7  36  2065  412  317  4  -2  
16  7  36  2074  389  317  5  -2  
16  7  36  2084  383  317  5  -2  
16  7  36  2093  377  317  5  -2  
16  7  36  2103  370  317  5  -2  
16  7  36  2110  366  317  5  -2  
16  7  36  2120  363  317  5  -2  
16  7  36  2127  362  317  5  -2  
16  7  36  2136  361  317  5  -2  
16  7  36  2144  360  317  5  -2  
16  7  36  2153  360  317  5  -2  
16  7  36  2160  360  317  5  -2  
16  7  36  2170  359  317  5  -2  
16  7  36  2176  359  317  5  -2  
16  7  36  2186  359  317  5  -2  
16  7  36  2193  358  317  5  -2  
16  7  36  2203  358  317  5  -2  
16  7  36  2210  358  317  5  -2  
16  7  36  2219  358  317  5  -2  
16  7  36  2226  358  317  5  -2  
16  7  36  2237  358  317  5  -2  
16  7  36  2244  358  317  5  -2  
16  7  36  2253  358  317  5  -2  
16  7  36  2259  358  317  5  -2  
16  7  36  2270  358  317  5  -2  
16  7  36  2276  358  317  5  -2  
16  7  36  2287  358  317  5  -2  
16  7  36  2293  358  317  5  -2  
16  7  36  2303  358  317  5  -2  
16  7  36  2311  358  317  5  -2  
16  7  36  2319  358  317  5  -2  
16  7  36  2328  358  317  5  -2  
16  7  36  2337  358  317  5  -2  
16  7  36  2344  358  317  5  -2  
16  7  36  2353  358  317  5  -2  
16  7  36  2361  358  317  5  -2  
16  7  36  2369  358  317  5  -2  
16  7  36  2377  358  317  5  -2  
16  7  36  2387  358  317  5  -2  
16  7  36  2394  358  317  5  -2  
16  7  36  2403  358  317  5  -2  
16  7  36  2410  358  317  5  -2  
16  7  36  2420  358  317  5  -2  
16  7  36  2427  358  317  5  -2  
16  7  36  2437  358  317  5  -2  
16  7  36  2444  358  317  5  -2  
16  7  36  2453  358  317  5  -2  
16  7  36  2459  358  317  5  -2  
16  7  36  2470  358  317  5  -2  
16  7  36  2477  358  317  5  -2  
16  7  36  2487  358  317  5  -2  
16  7  36  2494  358  317  5  -2  
16  7  36  2503  358  317  5  -2  
16  7  36  2511  358  317  5  -2  
16  7  36  2519  358  317  5  -2  
16  7  36  2527  358  317  5  -2  
16  7  36  2537  358  317  5  -2  
16  7  36  2544  358  317  5  -2  
16  7  36  2553  358  317  5  -2  
16  7  36  2560  358  317  5  -2  
16  7  36  2570  358  317  5  -2  
16  7  36  2578  358  317  5  -2  
16  7  36  2587  358  317  5  -2  
16  7  36  2594  358  317  5  -2  
16  7  36  2604  358  317  5  -2  
16  7  36  2619  358  317  5  -2  
16  7  36  2629  358  317  5  -2  
16  7  36  2639  358  317  5  -2  
16  7  36  2649  358  317  5  -2  
16  7  36  2658  358  317  5  -2  
16  7  36  2666  358  317  5  -2  
16  7  36  2674  358  317  5  -2  
16  7  36  2681  358  317  5  -2  
16  7  36  2690  358  317  5  -2  
16  7  36  2698  358  317  5  -2  
16  7  36  2706  358  317  5  -2  
16  7  36  2716  358  317  5  -2  
