11  0  49  0  359  288  1  -2  
11  0  49  8  359  288  1  -2  
11  0  49  16  359  288  1  -2  
11  0  49  25  359  288  1  -2  
11  0  49  32  359  288  1  -2  
11  0  49  42  359  288  1  -2  
11  0  49  50  359  288  1  -2  
11  0  49  58  359  288  1  -2  
11  0  49  66  359  288  1  -2  
11  0  49  75  359  288  1  -2  
11  0  49  84  359  288  1  -2  
11  0  49  92  359  288  1  -2  
11  0  49  99  359  288  1  -2  
11  0  49  109  359  288  1  -2  
11  0  49  116  359  288  1  -2  
11  0  49  125  359  288  1  -2  
11  0  49  132  359  288  1  -2  
11  0  49  142  359  288  1  -2  
11  0  49  150  359  288  1  -2  
11  0  49  158  359  288  1  -2  
11  0  49  166  364  288  1  -2  
11  0  49  175  374  288  1  -2  
11  0  49  183  386  288  1  -2  
11  0  49  192  401  288  1  -2  
11  0  49  201  426  288  1  -2  
11  0  49  209  436  288  1  -2  
11  0  49  216  446  288  1  -2  
11  0  49  225  454  288  1  -2  
11  0  49  233  459  288  1  -2  
11  0  49  242  462  288  1  -2  
11  0  49  250  464  288  1  -2  
11  0  49  258  464  288  1  -2  
11  0  49  266  464  288  1  -2  
11  0  49  275  464  288  1  -2  
11  0  49  282  464  288  1  -2  
11  0  49  292  464  288  1  -2  
11  0  49  299  464  288  1  -2  
11  0  49  308  464  288  1  -2  
11  0  49  316  464  288  1  -2  
11  0  49  325  465  288  1  -2  
11  0  49  334  465  288  1  -2  
11  0  49  342  465  288  1  -2  
11  0  49  349  466  288  1  -2  
11  0  49  358  467  288  1  -2  
11  0  49  366  467  288  1  -2  
11  0  49  375  467  288  1  -2  
11  0  49  383  469  288  1  -2  
11  0  49  392  470  288  1  -2  
11  0  49  400  474  288  1  -2  
11  0  49  408  487  288  1  -2  
11  0  49  416  487  288  1  -2  
11  0  49  425  501  288  1  -2  
11  0  49  433  503  288  1  -2  
11  0  49  442  506  288  1  -2  
11  0  49  449  506  288  1  -2  
11  0  49  458  506  288  1  -2  
11  0  49  467  506  288  1  -2  
11  0  49  475  506  288  1  -2  
11  0  49  483  506  288  1  -2  
11  0  49  492  506  288  1  -2  
11  0  49  501  506  288  1  -2  
11  0  49  508  507  288  2  -2  
11  0  49  517  507  288  2  -2  
11  0  49  525  508  288  2  -2  
11  0  49  533  508  288  2  -2  
11  0  49  542  508  288  2  -2  
11  0  49  551  508  288  2  -2  
11  0  49  558  508  288  2  -2  
11  0  49  566  508  288  2  -2  
11  0  49  575  508  288  2  -2  
11  0  49  583  508  288  2  -2  
11  0  49  592  508  288  2  -2  
11  0  49  599  508  288  2  -2  
11  0  49  609  508  288  2  -2  
11  0  49  616  508  288  2  -2  
11  0  49  625  508  288  2  -2  
11  0  49  634  508  288  2  -2  
11  0  49  642  508  288  2  -2  
11  0  49  651  508  288  2  -2  
11  0  49  657  508  288  2  -2  
11  0  49  668  508  288  2  -2  
11  0  49  675  508  288  2  -2  
11  0  49  683  508  288  2  -2  
11  0  49  692  508  288  2  -2  
11  0  49  701  508  288  2  -2  
11  0  49  708  508  288  2  -2  
11  0  49  717  508  288  2  -2  
11  0  49  725  508  288  2  -2  
11  0  49  734  506  288  2  -2  
11  0  49  745  502  288  2  -2  
11  0  49  753  497  288  2  -2  
11  0  49  762  496  289  2  -2  
11  0  49  770  493  290  2  -2  
11  0  49  777  491  291  2  -2  
11  0  49  786  488  291  2  -2  
11  0  49  795  486  293  2  -2  
11  0  49  807  479  294  2  -2  
11  0  49  813  472  296  2  -2  
11  0  49  823  460  300  2  -2  
11  0  49  831  453  301  2  -2  
11  0  49  840  449  302  2  -2  
11  0  49  847  445  305  2  -2  
11  0  49  857  443  306  2  -2  
11  0  49  863  439  309  2  -2  
11  0  49  873  439  309  2  -2  
11  0  49  880  435  310  2  -2  
11  0  49  888  435  310  2  -2  
11  0  49  896  429  314  2  -2  
11  0  49  906  428  314  2  -2  
11  0  49  913  428  314  2  -2  
11  0  49  923  428  314  2  -2  
11  0  49  931  427  314  2  -2  
11  0  49  940  426  314  2  -2  
11  0  49  946  426  314  2  -2  
11  0  49  955  426  314  2  -2  
11  0  49  963  426  314  2  -2  
11  0  49  973  426  314  2  -2  
11  0  49  978  424  314  2  -2  
11  0  50  990  422  314  2  -2  
11  0  50  995  417  315  2  -2  
11  0  50  1005  415  315  2  -2  
11  0  50  1013  412  316  2  -2  
11  0  50  1021  411  316  2  -2  
11  0  50  1028  409  316  2  -2  
11  0  50  1039  407  318  2  -2  
11  0  50  1046  407  318  2  -2  
11  0  50  1055  405  319  2  -2  
11  0  50  1063  403  319  2  -2  
11  0  50  1073  400  319  2  -2  
11  0  50  1078  394  320  3  -2  
11  0  50  1091  394  320  3  -2  
11  0  50  1096  389  321  3  -2  
11  0  50  1107  389  321  3  -2  
11  0  50  1113  380  321  3  -2  
11  0  50  1123  376  323  3  -2  
11  0  50  1128  371  323  3  -2  
11  0  50  1141  371  323  3  -2  
11  0  50  1147  369  323  3  -2  
11  0  50  1155  369  323  3  -2  
11  0  50  1164  369  323  3  -2  
11  0  50  1173  369  323  3  -2  
11  0  50  1181  369  323  3  -2  
11  0  50  1191  369  323  3  -2  
11  0  50  1196  369  323  3  -2  
11  0  50  1207  369  323  3  -2  
11  0  50  1213  369  323  3  -2  
11  0  50  1223  369  323  3  -2  
11  0  50  1231  369  323  3  -2  
11  0  50  1241  369  323  3  -2  
11  0  50  1248  369  323  3  -2  
11  0  50  1258  369  323  3  -2  
11  0  50  1263  369  323  3  -2  
11  0  50  1274  369  323  3  -2  
11  0  50  1282  369  323  3  -2  
11  0  50  1291  369  323  3  -2  
11  0  50  1299  369  323  3  -2  
11  0  50  1308  370  323  3  -2  
11  0  50  1314  371  323  3  -2  
11  0  50  1325  374  323  3  -2  
11  0  50  1332  378  323  3  -2  
11  0  50  1342  383  323  3  -2  
11  0  50  1348  385  323  3  -2  
11  0  50  1358  389  323  3  -2  
11  0  50  1364  393  323  3  -2  
11  0  50  1375  394  323  3  -2  
11  0  50  1382  399  323  3  -2  
11  0  50  1392  411  323  3  -2  
11  0  50  1398  424  323  3  -2  
11  0  50  1408  443  323  3  -2  
11  0  50  1415  463  323  3  -2  
11  0  50  1426  483  323  3  -2  
11  0  50  1432  508  323  4  -2  
11  0  50  1442  508  323  4  -2  
11  0  50  1449  513  323  4  -2  
11  0  50  1458  513  323  4  -2  
11  0  50  1466  515  323  4  -2  
11  0  50  1475  516  323  4  -2  
11  0  50  1483  517  323  4  -2  
11  0  50  1492  520  323  4  -2  
11  0  50  1499  521  323  4  -2  
11  0  50  1508  523  323  4  -2  
11  0  50  1516  526  323  4  -2  
11  0  50  1525  528  323  4  -2  
11  0  50  1533  528  323  4  -2  
11  0  50  1542  529  323  4  -2  
11  0  50  1549  529  323  4  -2  
11  0  50  1557  529  323  4  -2  
11  0  50  1564  529  323  4  -2  
11  0  50  1574  529  323  4  -2  
11  0  50  1582  529  323  4  -2  
11  0  50  1591  529  323  4  -2  
11  0  50  1599  529  323  4  -2  
11  0  50  1606  529  322  4  -2  
11  0  50  1615  528  322  4  -2  
11  0  50  1624  528  322  4  -2  
11  0  50  1632  526  322  4  -2  
11  0  50  1641  526  322  4  -2  
11  0  50  1649  526  321  4  -2  
11  0  50  1657  526  321  4  -2  
11  0  50  1665  526  321  4  -2  
11  0  50  1674  526  321  4  -2  
11  0  50  1682  526  321  4  -2  
11  0  50  1691  526  321  4  -2  
11  0  50  1698  526  321  4  -2  
11  0  50  1707  526  321  4  -2  
11  0  50  1715  526  321  4  -2  
11  0  50  1725  523  320  4  -2  
11  0  50  1732  522  319  4  -2  
11  0  50  1741  517  319  4  -2  
11  0  50  1748  509  317  4  -2  
11  0  50  1757  501  314  4  -2  
11  0  50  1766  493  312  4  -2  
11  0  50  1773  488  312  4  -2  
11  0  50  1783  483  311  4  -2  
11  0  50  1791  477  308  4  -2  
11  0  50  1798  472  307  4  -2  
11  0  50  1807  465  307  4  -2  
11  0  50  1813  456  306  4  -2  
11  0  50  1824  444  305  4  -2  
11  0  50  1832  424  301  4  -2  
11  0  50  1841  415  300  4  -2  
11  0  50  1849  408  298  4  -2  
11  0  50  1858  402  298  4  -2  
