12  20  2  0  356  322  1  -2  
12  20  2  8  356  322  1  -2  
12  20  2  16  356  322  1  -2  
12  20  2  26  356  322  1  -2  
12  20  2  34  356  322  1  -2  
12  20  2  42  356  322  1  -2  
12  20  2  50  356  322  1  -2  
12  20  2  58  357  322  1  -2  
12  20  2  66  358  321  1  -2  
12  20  2  75  360  319  1  -2  
12  20  2  86  362  319  1  -2  
12  20  2  92  370  318  1  -2  
12  20  2  100  370  318  1  -2  
12  20  2  109  373  318  1  -2  
12  20  2  116  382  318  1  -2  
12  20  2  124  382  318  1  -2  
12  20  2  136  393  318  1  -2  
12  20  2  142  399  318  1  -2  
12  20  2  150  406  318  1  -2  
12  20  2  159  411  318  1  -2  
12  20  2  167  420  316  1  -2  
12  20  2  176  424  316  1  -2  
12  20  2  183  427  316  1  -2  
12  20  2  192  431  316  1  -2  
12  20  2  200  434  316  1  -2  
12  20  2  208  436  316  1  -2  
12  20  2  216  440  316  1  -2  
12  20  2  225  441  316  1  -2  
12  20  2  236  444  316  1  -2  
12  20  2  242  445  316  1  -2  
12  20  2  250  446  316  1  -2  
12  20  2  259  447  316  1  -2  
12  20  2  267  447  316  1  -2  
12  20  3  276  448  316  1  -2  
12  20  3  285  448  316  1  -2  
12  20  3  292  450  316  1  -2  
12  20  3  300  450  316  1  -2  
12  20  3  307  451  316  1  -2  
12  20  3  317  451  316  1  -2  
12  20  3  326  456  316  1  -2  
12  20  3  336  457  316  1  -2  
12  20  3  342  459  316  1  -2  
12  20  3  350  460  316  1  -2  
12  20  3  359  464  316  1  -2  
12  20  3  371  467  316  1  -2  
12  20  3  376  468  316  1  -2  
12  20  3  385  471  316  1  -2  
12  20  3  393  472  316  1  -2  
12  20  3  402  473  316  1  -2  
12  20  3  409  475  316  1  -2  
12  20  3  417  475  316  1  -2  
12  20  3  426  475  316  1  -2  
12  20  3  437  476  316  1  -2  
12  20  3  443  477  316  1  -2  
12  20  3  452  477  316  1  -2  
12  20  3  459  477  316  1  -2  
12  20  3  467  479  316  1  -2  
12  20  3  477  479  316  1  -2  
12  20  3  487  480  316  1  -2  
12  20  3  492  481  316  1  -2  
12  20  3  502  481  316  1  -2  
12  20  3  509  484  316  1  -2  
12  20  3  519  484  316  1  -2  
12  20  3  527  484  316  1  -2  
12  20  3  535  484  316  1  -2  
12  20  3  543  484  316  1  -2  
12  20  3  553  484  316  1  -2  
12  20  3  560  484  316  1  -2  
12  20  3  569  484  316  1  -2  
12  20  3  577  484  316  1  -2  
12  20  3  587  486  316  1  -2  
12  20  3  593  487  317  1  -2  
12  20  3  602  487  317  1  -2  
12  20  3  610  487  318  1  -2  
12  20  3  619  487  318  1  -2  
12  20  3  627  487  318  1  -2  
12  20  3  636  487  318  1  -2  
12  20  3  643  487  318  1  -2  
12  20  3  653  487  318  1  -2  
12  20  3  660  487  318  1  -2  
12  20  3  669  487  318  1  -2  
12  20  3  677  487  318  1  -2  
12  20  3  685  487  318  1  -2  
12  20  3  694  487  320  1  -2  
12  20  3  702  486  322  1  -2  
12  20  3  710  483  324  1  -2  
12  20  3  719  479  327  1  -2  
12  20  3  727  476  329  1  -2  
12  20  3  737  469  332  1  -2  
12  20  3  743  467  333  1  -2  
12  20  3  752  461  335  1  -2  
12  20  3  760  456  337  1  -2  
12  20  3  769  450  338  1  -2  
12  20  3  777  445  338  1  -2  
12  20  3  785  440  338  1  -2  
12  20  3  793  435  338  1  -2  
12  20  3  803  431  338  1  -2  
12  20  3  811  430  338  1  -2  
12  20  3  821  426  338  1  -2  
12  20  3  827  421  338  1  -2  
12  20  3  836  421  338  1  -2  
12  20  3  843  421  338  1  -2  
12  20  3  853  417  338  1  -2  
12  20  3  860  412  338  1  -2  
12  20  3  870  412  338  1  -2  
12  20  3  877  403  337  1  -2  
12  20  3  887  400  337  1  -2  
12  20  3  895  397  337  1  -2  
12  20  3  904  394  337  1  -2  
12  20  3  910  389  337  1  -2  
12  20  3  921  386  337  1  -2  
12  20  3  927  383  337  1  -2  
12  20  3  936  380  337  1  -2  
12  20  3  943  377  337  1  -2  
12  20  3  954  374  337  1  -2  
12  20  3  960  372  337  1  -2  
12  20  3  969  370  337  1  -2  
12  20  3  977  367  337  1  -2  
12  20  3  987  366  337  1  -2  
12  20  3  993  363  337  1  -2  
12  20  3  1004  362  337  1  -2  
12  20  3  1010  360  337  1  -2  
12  20  3  1019  358  337  1  -2  
12  20  3  1027  358  337  1  -2  
12  20  3  1036  355  337  1  -2  
12  20  3  1043  355  337  1  -2  
12  20  3  1054  353  336  1  -2  
12  20  3  1060  351  336  1  -2  
12  20  3  1070  351  336  1  -2  
12  20  3  1078  347  336  1  -2  
12  20  3  1087  345  334  1  -2  
12  20  3  1095  343  334  1  -2  
12  20  3  1104  341  334  1  -2  
12  20  3  1111  339  334  1  -2  
12  20  3  1120  338  334  1  -2  
12  20  3  1127  337  333  1  -2  
12  20  3  1137  336  333  1  -2  
12  20  3  1143  335  333  1  -2  
12  20  3  1154  335  333  1  -2  
12  20  3  1160  335  333  1  -2  
12  20  3  1170  335  333  1  -2  
12  20  3  1178  335  333  1  -2  
12  20  3  1187  335  333  1  -2  
12  20  3  1193  335  333  1  -2  
12  20  3  1202  334  333  1  -2  
12  20  3  1210  332  333  1  -2  
12  20  3  1221  332  333  1  -2  
12  20  3  1227  332  333  1  -2  
12  20  3  1236  332  333  1  -2  
12  20  3  1243  331  333  1  -2  
12  20  3  1253  331  333  1  -2  
12  20  3  1260  331  333  1  -2  
12  20  3  1270  331  333  1  -2  
12  20  4  1277  330  333  1  -2  
12  20  4  1287  330  333  1  -2  
12  20  4  1293  330  333  1  -2  
12  20  4  1303  330  333  1  -2  
12  20  4  1310  330  333  1  -2  
12  20  4  1320  329  333  1  -2  
12  20  4  1328  329  333  1  -2  
12  20  4  1336  328  333  1  -2  
12  20  4  1345  327  332  1  -2  
12  20  4  1355  327  332  1  -2  
12  20  4  1362  327  332  1  -2  
12  20  4  1371  327  332  1  -2  
12  20  4  1377  327  332  1  -2  
12  20  4  1388  327  332  1  -2  
12  20  4  1394  327  332  1  -2  
12  20  4  1404  327  332  1  -2  
12  20  4  1410  327  332  1  -2  
12  20  4  1420  327  332  1  -2  
12  20  4  1427  327  332  1  -2  
12  20  4  1437  327  332  1  -2  
12  20  4  1443  327  332  1  -2  
12  20  4  1454  327  332  1  -2  
12  20  4  1460  327  332  1  -2  
12  20  4  1471  327  332  1  -2  
12  20  4  1477  327  332  1  -2  
12  20  4  1487  327  332  1  -2  
12  20  4  1495  327  332  1  -2  
12  20  4  1504  327  332  1  -2  
12  20  4  1511  327  332  1  -2  
12  20  4  1521  329  330  1  -2  
12  20  4  1528  334  330  1  -2  
12  20  4  1538  339  329  1  -2  
12  20  4  1546  344  329  1  -2  
12  20  4  1555  350  328  1  -2  
12  20  4  1561  355  328  1  -2  
12  20  4  1569  360  328  1  -2  
12  20  4  1578  364  328  1  -2  
12  20  4  1589  370  328  1  -2  
12  20  4  1594  375  328  1  -2  
12  20  4  1604  384  328  1  -2  
12  20  4  1610  391  328  1  -2  
12  20  4  1621  397  328  1  -2  
12  20  4  1628  413  328  1  -2  
12  20  4  1639  413  328  1  -2  
12  20  4  1646  428  328  1  -2  
12  20  4  1655  436  328  1  -2  
12  20  4  1661  443  328  1  -2  
12  20  4  1670  448  327  1  -2  
12  20  4  1678  454  327  1  -2  
12  20  4  1687  457  327  1  -2  
12  20  4  1695  460  327  1  -2  
12  20  4  1705  464  325  1  -2  
12  20  4  1713  467  325  1  -2  
12  20  4  1722  469  324  1  -2  
12  20  4  1731  472  324  1  -2  
12  20  4  1738  475  324  1  -2  
12  20  4  1747  477  323  1  -2  
12  20  4  1756  480  323  1  -2  
12  20  4  1764  482  323  1  -2  
12  20  4  1773  484  322  1  -2  
12  20  4  1781  487  322  1  -2  
12  20  4  1789  488  322  1  -2  
12  20  4  1798  489  322  1  -2  
12  20  4  1806  490  322  1  -2  
12  20  4  1813  492  322  1  -2  
12  20  4  1823  494  322  1  -2  
12  20  4  1830  494  322  1  -2  
12  20  4  1839  494  322  1  -2  
12  20  4  1846  496  322  2  -2  
12  20  4  1856  496  322  2  -2  
12  20  4  1863  496  322  2  -2  
12  20  4  1872  496  322  2  -2  
12  20  4  1879  496  322  2  -2  
12  20  4  1888  496  322  2  -2  
12  20  4  1898  497  322  2  -2  
12  20  4  1906  497  322  2  -2  
12  20  4  1913  500  322  2  -2  
12  20  4  1923  500  322  2  -2  
12  20  4  1931  502  322  2  -2  
12  20  4  1938  505  322  2  -2  
12  20  4  1946  506  322  2  -2  
12  20  4  1956  509  322  2  -2  
12  20  4  1963  510  322  2  -2  
12  20  4  1972  510  322  2  -2  
12  20  4  1980  512  322  2  -2  
12  20  4  1989  512  322  2  -2  
12  20  4  1997  512  322  2  -2  
12  20  4  2006  512  322  2  -2  
12  20  4  2013  512  322  2  -2  
12  20  4  2022  512  322  2  -2  
12  20  4  2030  512  322  2  -2  
12  20  4  2039  512  322  2  -2  
12  20  4  2047  512  322  2  -2  
12  20  4  2056  512  322  2  -2  
12  20  4  2064  512  322  2  -2  
12  20  4  2073  512  322  2  -2  
12  20  4  2080  512  322  2  -2  
12  20  4  2089  512  322  2  -2  
12  20  4  2097  512  322  2  -2  
12  20  4  2106  512  322  2  -2  
12  20  4  2114  511  324  2  -2  
12  20  4  2122  509  324  2  -2  
12  20  4  2131  506  324  2  -2  
12  20  4  2139  506  324  2  -2  
12  20  4  2148  503  324  2  -2  
12  20  4  2156  500  324  2  -2  
12  20  4  2165  495  324  2  -2  
12  20  4  2173  483  324  2  -2  
12  20  4  2180  475  324  2  -2  
12  20  4  2190  468  324  2  -2  
12  20  4  2198  460  324  2  -2  
12  20  4  2206  451  324  2  -2  
12  20  4  2215  445  324  2  -2  
12  20  4  2223  438  324  2  -2  
12  20  4  2231  433  324  2  -2  
12  20  4  2239  428  324  2  -2  
12  20  4  2248  424  324  2  -2  
12  20  4  2256  420  323  2  -2  
12  20  4  2263  415  323  2  -2  
12  20  5  2273  412  323  2  -2  
12  20  5  2280  407  323  2  -2  
12  20  5  2289  400  321  2  -2  
12  20  5  2297  396  321  3  -2  
12  20  5  2306  390  321  3  -2  
12  20  5  2315  383  321  3  -2  
12  20  5  2324  378  321  3  -2  
12  20  5  2331  373  321  3  -2  
12  20  5  2339  369  321  3  -2  
12  20  5  2347  366  321  3  -2  
12  20  5  2356  363  321  3  -2  
12  20  5  2366  361  321  3  -2  
12  20  5  2374  358  321  3  -2  
12  20  5  2383  355  321  3  -2  
12  20  5  2391  354  321  3  -2  
12  20  5  2401  353  321  3  -2  
12  20  5  2408  350  321  3  -2  
12  20  5  2418  347  321  3  -2  
12  20  5  2425  345  321  3  -2  
12  20  5  2433  343  321  3  -2  
12  20  5  2441  342  321  3  -2  
12  20  5  2449  341  321  3  -2  
12  20  5  2457  341  321  3  -2  
12  20  5  2467  341  321  3  -2  
12  20  5  2473  341  321  3  -2  
12  20  5  2483  341  321  3  -2  
12  20  5  2490  341  321  3  -2  
12  20  5  2499  341  321  3  -2  
12  20  5  2506  341  321  3  -2  
12  20  5  2518  341  321  3  -2  
12  20  5  2524  341  321  3  -2  
12  20  5  2533  341  321  3  -2  
12  20  5  2540  341  321  3  -2  
12  20  5  2551  341  321  3  -2  
12  20  5  2558  341  321  3  -2  
12  20  5  2567  341  321  3  -2  
12  20  5  2573  341  321  3  -2  
12  20  5  2583  341  321  3  -2  
12  20  5  2590  341  321  3  -2  
12  20  5  2601  341  321  3  -2  
12  20  5  2607  341  321  3  -2  
12  20  5  2617  341  321  3  -2  
