12  19  10  0  380  309  1  -2  
12  19  10  7  380  309  1  -2  
12  19  10  18  380  309  1  -2  
12  19  10  25  380  309  1  -2  
12  19  10  35  380  309  1  -2  
12  19  10  44  380  309  1  -2  
12  19  10  53  380  309  1  -2  
12  19  10  61  380  309  1  -2  
12  19  10  71  380  309  1  -2  
12  19  10  79  380  309  1  -2  
12  19  10  89  380  309  1  -2  
12  19  10  101  380  309  1  -2  
12  19  10  110  381  309  1  -2  
12  19  10  121  384  309  1  -2  
12  19  10  130  385  309  1  -2  
12  19  10  140  388  309  1  -2  
12  19  10  151  389  309  1  -2  
12  19  10  160  397  309  1  -2  
12  19  10  170  401  309  1  -2  
12  19  10  179  403  309  1  -2  
12  19  10  188  408  309  1  -2  
12  19  10  202  412  309  1  -2  
12  19  10  210  422  309  1  -2  
12  19  10  220  426  309  1  -2  
12  19  10  229  430  309  1  -2  
12  19  10  237  434  309  1  -2  
12  19  10  248  434  309  1  -2  
12  19  10  257  437  309  1  -2  
12  19  10  268  439  309  1  -2  
12  19  10  276  439  309  1  -2  
12  19  10  285  441  309  1  -2  
12  19  10  294  446  309  1  -2  
12  19  10  302  448  309  1  -2  
12  19  10  309  452  309  1  -2  
12  19  10  318  453  309  1  -2  
12  19  10  327  458  309  1  -2  
12  19  10  335  463  309  1  -2  
12  19  10  344  467  309  1  -2  
12  19  10  352  472  309  1  -2  
12  19  10  360  476  309  1  -2  
12  19  10  370  481  309  1  -2  
12  19  10  377  485  309  1  -2  
12  19  10  385  488  309  1  -2  
12  19  10  394  493  309  1  -2  
12  19  10  403  499  310  2  -2  
12  19  10  410  503  310  2  -2  
12  19  10  419  510  311  2  -2  
12  19  10  426  516  311  2  -2  
12  19  10  435  523  312  2  -2  
12  19  10  443  529  312  2  -2  
12  19  10  453  536  312  2  -2  
12  19  10  462  547  314  2  -2  
12  19  10  470  552  314  2  -2  
12  19  10  479  558  316  2  -2  
12  19  10  487  560  316  2  -2  
12  19  10  498  562  316  2  -2  
12  19  10  506  564  317  2  -2  
12  19  10  515  565  317  2  -2  
12  19  10  522  566  317  2  -2  
12  19  10  533  566  317  2  -2  
12  19  10  539  566  317  2  -2  
12  19  10  551  566  317  2  -2  
12  19  10  559  566  317  2  -2  
12  19  10  567  566  317  2  -2  
12  19  10  575  566  317  2  -2  
12  19  10  585  566  317  2  -2  
12  19  10  593  566  317  2  -2  
12  19  10  600  566  317  2  -2  
12  19  10  609  566  317  2  -2  
12  19  10  617  566  317  2  -2  
12  19  10  625  566  317  2  -2  
12  19  10  634  566  317  2  -2  
12  19  10  641  567  318  2  -2  
12  19  10  650  567  318  2  -2  
12  19  10  659  566  320  2  -2  
12  19  10  667  565  320  2  -2  
12  19  10  675  564  322  2  -2  
12  19  10  684  561  325  2  -2  
12  19  10  691  559  326  2  -2  
12  19  10  700  558  326  2  -2  
12  19  10  709  556  328  2  -2  
12  19  10  717  551  330  2  -2  
12  19  10  725  550  331  2  -2  
12  19  10  734  548  331  2  -2  
12  19  10  743  544  331  2  -2  
12  19  10  751  542  333  2  -2  
12  19  10  759  538  333  2  -2  
12  19  10  767  534  334  2  -2  
12  19  10  775  527  336  2  -2  
12  19  10  784  521  338  2  -2  
12  19  10  791  516  339  2  -2  
12  19  10  802  512  340  2  -2  
12  19  10  809  506  341  2  -2  
12  19  10  817  505  341  2  -2  
12  19  10  825  501  341  2  -2  
12  19  10  834  500  341  2  -2  
12  19  10  843  499  341  2  -2  
12  19  10  850  498  341  2  -2  
12  19  10  858  497  341  2  -2  
12  19  10  867  497  341  2  -2  
12  19  10  875  495  341  2  -2  
12  19  11  884  494  341  2  -2  
12  19  11  893  493  341  2  -2  
12  19  11  900  490  342  2  -2  
12  19  11  909  487  343  2  -2  
12  19  11  918  482  344  2  -2  
12  19  11  925  480  345  2  -2  
12  19  11  934  478  345  2  -2  
12  19  11  943  476  345  2  -2  
12  19  11  950  476  345  2  -2  
12  19  11  959  474  346  2  -2  
12  19  11  967  473  346  2  -2  
12  19  11  977  470  346  2  -2  
12  19  11  984  468  346  2  -2  
12  19  11  993  465  346  2  -2  
12  19  11  1000  463  346  2  -2  
12  19  11  1009  458  348  2  -2  
12  19  11  1017  454  348  2  -2  
12  19  11  1026  449  348  2  -2  
12  19  11  1035  445  348  2  -2  
12  19  11  1043  442  348  2  -2  
12  19  11  1052  439  348  2  -2  
12  19  11  1062  436  348  2  -2  
12  19  11  1070  433  348  2  -2  
12  19  11  1077  432  348  2  -2  
12  19  11  1086  431  348  2  -2  
12  19  11  1094  429  348  2  -2  
12  19  11  1104  429  348  2  -2  
12  19  11  1111  427  348  2  -2  
12  19  11  1119  425  348  2  -2  
12  19  11  1128  424  348  2  -2  
12  19  11  1137  420  348  2  -2  
12  19  11  1145  418  348  2  -2  
12  19  11  1153  416  348  2  -2  
12  19  11  1161  414  347  2  -2  
12  19  11  1170  410  346  2  -2  
12  19  11  1178  410  346  2  -2  
12  19  11  1187  409  346  2  -2  
12  19  11  1195  407  345  2  -2  
12  19  11  1204  407  345  2  -2  
12  19  11  1211  407  345  2  -2  
12  19  11  1221  407  345  2  -2  
12  19  11  1231  407  345  2  -2  
12  19  11  1240  407  345  2  -2  
12  19  11  1251  407  345  2  -2  
12  19  11  1258  407  345  2  -2  
12  19  11  1269  407  345  2  -2  
12  19  11  1278  407  345  2  -2  
12  19  11  1288  407  345  2  -2  
12  19  11  1299  407  345  2  -2  
12  19  11  1308  407  345  2  -2  
12  19  11  1319  407  345  2  -2  
12  19  11  1328  407  345  2  -2  
12  19  11  1336  407  345  2  -2  
12  19  11  1345  407  345  2  -2  
12  19  11  1354  407  345  2  -2  
12  19  11  1365  407  345  2  -2  
12  19  11  1373  407  345  2  -2  
12  19  11  1381  407  345  2  -2  
12  19  11  1389  407  345  2  -2  
12  19  11  1397  406  344  2  -2  
12  19  11  1406  406  344  2  -2  
12  19  11  1417  406  344  2  -2  
12  19  11  1422  406  344  2  -2  
12  19  11  1431  406  344  2  -2  
12  19  11  1438  406  344  2  -2  
12  19  11  1448  406  344  2  -2  
12  19  11  1455  406  344  2  -2  
12  19  11  1465  406  344  2  -2  
12  19  11  1473  406  344  2  -2  
12  19  11  1483  406  344  2  -2  
12  19  11  1489  406  344  2  -2  
12  19  11  1499  406  344  2  -2  
12  19  11  1507  406  344  2  -2  
12  19  11  1518  406  344  2  -2  
12  19  11  1525  406  344  2  -2  
12  19  11  1535  406  344  2  -2  
12  19  11  1543  406  344  2  -2  
12  19  11  1550  406  344  2  -2  
12  19  11  1558  406  344  2  -2  
12  19  11  1567  406  344  2  -2  
12  19  11  1575  406  344  2  -2  
12  19  11  1584  406  344  2  -2  
12  19  11  1591  406  344  2  -2  
12  19  11  1600  406  344  2  -2  
12  19  11  1608  406  344  2  -2  
12  19  11  1617  406  344  2  -2  
12  19  11  1625  406  344  2  -2  
12  19  11  1634  404  344  2  -2  
12  19  11  1641  404  344  2  -2  
12  19  11  1650  404  344  2  -2  
12  19  11  1658  402  343  2  -2  
12  19  11  1667  402  343  2  -2  
12  19  11  1675  402  343  2  -2  
12  19  11  1684  400  343  2  -2  
12  19  11  1692  399  343  2  -2  
12  19  11  1700  398  343  2  -2  
12  19  11  1709  395  342  2  -2  
12  19  11  1717  395  342  2  -2  
12  19  11  1726  394  341  2  -2  
12  19  11  1733  393  340  2  -2  
12  19  11  1743  393  340  2  -2  
12  19  11  1751  393  339  2  -2  
12  19  11  1758  393  339  2  -2  
12  19  11  1767  393  339  2  -2  
12  19  11  1775  393  337  2  -2  
12  19  11  1784  393  337  2  -2  
12  19  11  1793  393  337  2  -2  
12  19  11  1800  393  337  2  -2  
12  19  11  1809  393  337  2  -2  
12  19  11  1817  393  337  2  -2  
12  19  11  1826  393  337  2  -2  
12  19  11  1833  393  337  2  -2  
12  19  11  1843  393  337  2  -2  
12  19  11  1850  393  337  2  -2  
12  19  11  1858  393  337  2  -2  
12  19  11  1867  391  336  3  -2  
12  19  11  1875  391  336  3  -2  
12  19  12  1884  391  336  3  -2  
12  19  12  1891  389  335  3  -2  
12  19  12  1900  389  334  3  -2  
12  19  12  1908  387  332  3  -2  
12  19  12  1917  386  332  3  -2  
12  19  12  1925  386  331  3  -2  
12  19  12  1934  385  330  3  -2  
12  19  12  1942  383  328  3  -2  
12  19  12  1949  383  327  3  -2  
12  19  12  1958  383  327  3  -2  
12  19  12  1967  383  327  3  -2  
12  19  12  1977  383  327  3  -2  
12  19  12  1984  383  327  3  -2  
12  19  12  1992  383  327  3  -2  
12  19  12  2001  383  327  3  -2  
12  19  12  2010  383  327  3  -2  
12  19  12  2017  383  327  3  -2  
12  19  12  2025  383  327  3  -2  
12  19  12  2034  383  327  3  -2  
12  19  12  2042  383  327  3  -2  
12  19  12  2050  383  327  3  -2  
12  19  12  2059  383  327  3  -2  
12  19  12  2068  383  327  3  -2  
12  19  12  2076  383  327  3  -2  
12  19  12  2084  383  327  3  -2  
12  19  12  2092  383  327  3  -2  
12  19  12  2100  383  327  3  -2  
12  19  12  2109  383  327  3  -2  
12  19  12  2119  383  327  3  -2  
12  19  12  2126  383  327  3  -2  
12  19  12  2135  383  327  3  -2  
12  19  12  2144  383  327  3  -2  
12  19  12  2152  383  326  3  -2  
12  19  12  2160  383  326  3  -2  
12  19  12  2168  383  326  3  -2  
12  19  12  2177  383  326  3  -2  
12  19  12  2186  383  326  3  -2  
12  19  12  2194  383  326  3  -2  
12  19  12  2201  383  325  3  -2  
12  19  12  2210  383  325  3  -2  
12  19  12  2218  384  324  3  -2  
12  19  12  2227  386  324  3  -2  
12  19  12  2235  390  322  3  -2  
12  19  12  2245  392  322  3  -2  
12  19  12  2253  400  319  3  -2  
12  19  12  2261  402  319  3  -2  
12  19  12  2270  406  319  3  -2  
12  19  12  2278  409  319  3  -2  
12  19  12  2287  411  318  3  -2  
12  19  12  2296  413  318  3  -2  
12  19  12  2304  415  318  3  -2  
12  19  12  2315  419  318  3  -2  
12  19  12  2322  420  318  3  -2  
12  19  12  2334  424  318  3  -2  
12  19  12  2341  433  318  3  -2  
12  19  12  2350  438  316  3  -2  
12  19  12  2358  443  315  3  -2  
12  19  12  2366  448  315  3  -2  
12  19  12  2374  452  315  3  -2  
12  19  12  2383  455  315  3  -2  
12  19  12  2391  459  315  3  -2  
12  19  12  2399  462  315  3  -2  
12  19  12  2407  464  315  3  -2  
12  19  12  2416  468  315  3  -2  
12  19  12  2424  470  315  3  -2  
12  19  12  2433  473  315  3  -2  
12  19  12  2440  477  315  3  -2  
12  19  12  2449  482  315  3  -2  
12  19  12  2457  486  315  3  -2  
12  19  12  2465  489  315  3  -2  
12  19  12  2474  494  315  3  -2  
12  19  12  2483  500  315  4  -2  
12  19  12  2491  502  315  4  -2  
12  19  12  2499  507  315  4  -2  
12  19  12  2507  512  315  4  -2  
12  19  12  2515  516  315  4  -2  
12  19  12  2524  521  315  4  -2  
12  19  12  2533  524  315  4  -2  
12  19  12  2541  530  315  4  -2  
12  19  12  2548  534  316  4  -2  
12  19  12  2557  534  316  4  -2  
12  19  12  2565  535  316  4  -2  
12  19  12  2574  538  317  4  -2  
12  19  12  2583  538  317  4  -2  
12  19  12  2591  539  318  4  -2  
12  19  12  2598  540  319  4  -2  
12  19  12  2607  540  319  4  -2  
12  19  12  2615  540  319  4  -2  
12  19  12  2625  540  319  4  -2  
12  19  12  2632  540  319  4  -2  
12  19  12  2643  540  320  4  -2  
12  19  12  2650  539  322  4  -2  
12  19  12  2658  538  322  4  -2  
12  19  12  2667  538  322  4  -2  
12  19  12  2675  538  322  4  -2  
12  19  12  2684  538  322  4  -2  
12  19  12  2691  538  322  4  -2  
12  19  12  2700  538  322  4  -2  
12  19  12  2709  538  322  4  -2  
12  19  12  2717  538  322  4  -2  
12  19  12  2725  538  322  4  -2  
12  19  12  2734  538  323  4  -2  
12  19  12  2743  538  323  4  -2  
12  19  12  2751  538  323  4  -2  
12  19  12  2758  538  323  4  -2  
12  19  12  2768  538  323  4  -2  
12  19  12  2777  538  323  4  -2  
12  19  12  2786  538  323  4  -2  
12  19  12  2797  538  323  4  -2  
12  19  12  2805  538  323  4  -2  
12  19  12  2815  538  323  4  -2  
12  19  12  2823  537  324  4  -2  
12  19  12  2833  536  324  4  -2  
12  19  12  2841  535  324  4  -2  
12  19  12  2851  534  324  4  -2  
12  19  12  2858  530  324  4  -2  
12  19  12  2868  526  324  4  -2  
12  19  12  2877  523  324  4  -2  
12  19  13  2886  511  325  4  -2  
12  19  13  2896  506  325  4  -2  
12  19  13  2905  500  327  4  -2  
12  19  13  2912  495  328  4  -2  
12  19  13  2919  490  328  4  -2  
12  19  13  2930  486  328  4  -2  
12  19  13  2936  481  328  4  -2  
12  19  13  2946  479  328  4  -2  
12  19  13  2954  474  328  4  -2  
12  19  13  2963  467  326  4  -2  
12  19  13  2970  462  326  4  -2  
12  19  13  2980  455  326  4  -2  
12  19  13  2987  446  325  4  -2  
12  19  13  2997  441  325  4  -2  
12  19  13  3003  431  325  4  -2  
12  19  13  3013  431  325  4  -2  
12  19  13  3021  424  325  4  -2  
12  19  13  3031  421  325  4  -2  
12  19  13  3037  421  325  4  -2  
12  19  13  3047  420  325  4  -2  
12  19  13  3054  418  325  4  -2  
12  19  13  3064  418  325  4  -2  
12  19  13  3071  418  325  4  -2  
12  19  13  3081  418  325  4  -2  
12  19  13  3089  417  325  4  -2  
12  19  13  3098  415  325  4  -2  
12  19  13  3107  414  325  4  -2  
12  19  13  3115  413  325  4  -2  
12  19  13  3123  411  325  4  -2  
12  19  13  3132  410  325  4  -2  
12  19  13  3138  409  325  4  -2  
12  19  13  3147  409  325  4  -2  
12  19  13  3155  407  325  4  -2  
12  19  13  3165  406  325  4  -2  
12  19  13  3173  405  325  4  -2  
12  19  13  3182  403  325  4  -2  
12  19  13  3189  403  325  4  -2  
12  19  13  3198  403  325  4  -2  
12  19  13  3206  402  325  4  -2  
12  19  13  3215  401  325  4  -2  
12  19  13  3223  401  325  4  -2  
12  19  13  3232  400  325  4  -2  
