10  59  57  0  358  310  1  -2  
10  59  57  9  358  310  1  -2  
10  59  57  17  358  310  1  -2  
10  59  57  26  358  310  1  -2  
10  59  57  34  358  310  1  -2  
10  59  57  42  358  310  1  -2  
10  59  57  50  358  310  1  -2  
10  59  57  59  358  310  1  -2  
10  59  57  68  358  310  1  -2  
10  59  57  75  358  310  1  -2  
10  59  57  83  358  310  1  -2  
10  59  57  93  358  310  1  -2  
10  59  57  98  358  310  1  -2  
10  59  57  108  358  310  1  -2  
10  59  57  117  358  310  1  -2  
10  59  57  124  358  310  1  -2  
10  59  57  132  358  310  1  -2  
10  59  57  141  358  310  1  -2  
10  59  57  149  358  310  1  -2  
10  59  57  158  358  310  1  -2  
10  59  57  166  358  310  1  -2  
10  59  57  176  358  310  1  -2  
10  59  57  184  358  310  1  -2  
10  59  57  191  358  310  1  -2  
10  59  57  199  358  310  1  -2  
10  59  57  208  358  310  1  -2  
10  59  57  216  358  310  1  -2  
10  59  57  225  358  310  1  -2  
10  59  57  233  358  310  1  -2  
10  59  57  242  358  310  1  -2  
10  59  57  249  358  310  1  -2  
10  59  57  259  358  310  1  -2  
10  59  57  266  358  310  1  -2  
10  59  57  275  358  310  1  -2  
10  59  57  283  358  310  1  -2  
10  59  57  291  358  310  1  -2  
10  59  57  299  361  310  1  -2  
10  59  57  308  362  310  1  -2  
10  59  57  317  366  310  1  -2  
10  59  57  324  367  310  1  -2  
10  59  57  333  367  310  1  -2  
10  59  57  341  368  310  1  -2  
10  59  57  350  368  310  1  -2  
10  59  57  358  369  310  1  -2  
10  59  57  368  370  310  1  -2  
10  59  57  375  372  310  1  -2  
10  59  57  383  375  310  1  -2  
10  59  57  392  379  310  1  -2  
10  59  57  400  382  310  1  -2  
10  59  57  409  384  310  1  -2  
10  59  57  417  386  310  1  -2  
10  59  57  425  386  310  1  -2  
10  59  57  433  386  310  1  -2  
10  59  57  442  386  310  1  -2  
10  59  57  451  386  310  1  -2  
10  59  57  459  386  310  1  -2  
10  59  57  468  386  310  1  -2  
10  59  57  476  386  310  1  -2  
10  59  57  484  386  310  1  -2  
10  59  57  491  386  310  1  -2  
10  59  57  500  386  310  1  -2  
10  59  57  509  386  310  1  -2  
10  59  57  518  386  310  1  -2  
10  59  57  525  386  310  1  -2  
10  59  57  534  386  310  1  -2  
10  59  57  543  386  310  1  -2  
10  59  57  551  386  310  1  -2  
10  59  57  559  386  310  1  -2  
10  59  57  567  386  310  1  -2  
10  59  57  575  386  310  1  -2  
10  59  57  584  386  310  1  -2  
10  59  57  591  387  310  1  -2  
10  59  57  600  390  310  1  -2  
10  59  57  609  394  310  1  -2  
10  59  57  617  397  310  1  -2  
10  59  57  626  400  310  1  -2  
10  59  57  633  404  310  1  -2  
10  59  57  642  408  310  1  -2  
10  59  57  651  413  310  1  -2  
10  59  57  659  418  310  1  -2  
10  59  57  668  425  310  1  -2  
10  59  57  677  430  310  1  -2  
10  59  57  684  436  310  1  -2  
10  59  57  694  436  310  1  -2  
10  59  57  701  441  310  1  -2  
10  59  57  709  444  310  1  -2  
10  59  57  718  448  311  1  -2  
10  59  57  727  454  311  1  -2  
10  59  57  734  461  312  1  -2  
10  59  57  743  469  313  1  -2  
10  59  57  751  473  313  1  -2  
10  59  57  759  477  313  1  -2  
10  59  57  767  478  314  1  -2  
10  59  57  777  478  314  1  -2  
10  59  58  784  478  314  1  -2  
10  59  58  793  478  314  1  -2  
10  59  58  801  479  314  1  -2  
10  59  58  809  481  314  1  -2  
10  59  58  818  486  314  1  -2  
10  59  58  826  494  314  1  -2  
10  59  58  834  503  316  2  -2  
10  59  58  842  510  318  2  -2  
10  59  58  851  517  318  2  -2  
10  59  58  860  518  318  2  -2  
10  59  58  869  518  318  2  -2  
10  59  58  878  518  318  2  -2  
10  59  58  885  518  318  2  -2  
10  59  58  892  518  318  2  -2  
10  59  58  901  518  318  2  -2  
10  59  58  910  518  318  2  -2  
10  59  58  919  518  318  2  -2  
10  59  58  926  518  318  2  -2  
10  59  58  935  518  318  2  -2  
10  59  58  944  518  318  2  -2  
10  59  58  951  518  318  2  -2  
10  59  58  960  518  318  2  -2  
10  59  58  969  518  318  2  -2  
10  59  58  977  518  318  2  -2  
10  59  58  985  518  318  2  -2  
10  59  58  994  518  318  2  -2  
10  59  58  1001  518  318  2  -2  
10  59  58  1010  518  318  2  -2  
10  59  58  1019  518  318  2  -2  
10  59  58  1026  517  318  2  -2  
10  59  58  1035  517  318  2  -2  
10  59  58  1043  516  318  2  -2  
10  59  58  1051  516  318  2  -2  
10  59  58  1059  516  318  2  -2  
10  59  58  1071  516  318  2  -2  
10  59  58  1079  516  318  2  -2  
10  59  58  1088  516  318  2  -2  
10  59  58  1094  516  318  2  -2  
10  59  58  1104  516  318  2  -2  
10  59  58  1111  516  318  2  -2  
10  59  58  1122  515  319  2  -2  
10  59  58  1129  515  319  2  -2  
10  59  58  1137  515  319  2  -2  
10  59  58  1143  515  319  2  -2  
10  59  58  1154  515  319  2  -2  
10  59  58  1161  515  319  2  -2  
10  59  58  1171  515  319  2  -2  
10  59  58  1179  515  319  2  -2  
10  59  58  1187  515  319  2  -2  
10  59  58  1194  515  319  2  -2  
10  59  58  1204  515  319  2  -2  
10  59  58  1211  515  319  2  -2  
10  59  58  1222  513  319  2  -2  
10  59  58  1229  509  319  2  -2  
10  59  58  1238  508  319  2  -2  
10  59  58  1244  506  320  2  -2  
10  59  58  1255  506  320  2  -2  
10  59  58  1261  501  324  2  -2  
10  59  58  1272  498  325  2  -2  
10  59  58  1279  495  326  2  -2  
10  59  58  1288  492  327  2  -2  
10  59  58  1295  488  328  2  -2  
10  59  58  1304  479  331  2  -2  
10  59  58  1311  472  332  2  -2  
10  59  58  1321  465  333  2  -2  
10  59  58  1329  463  333  2  -2  
10  59  58  1338  461  333  2  -2  
10  59  58  1344  458  333  2  -2  
10  59  58  1354  457  333  2  -2  
10  59  58  1361  453  333  2  -2  
10  59  58  1370  448  333  2  -2  
10  59  58  1379  440  333  2  -2  
10  59  58  1389  430  333  2  -2  
10  59  58  1395  414  333  2  -2  
10  59  58  1404  414  333  2  -2  
10  59  58  1411  411  333  2  -2  
10  59  58  1422  407  334  2  -2  
10  59  58  1429  401  336  2  -2  
10  59  58  1438  401  336  2  -2  
10  59  58  1443  398  336  2  -2  
10  59  58  1455  398  336  2  -2  
10  59  58  1461  394  337  2  -2  
10  59  58  1472  393  337  2  -2  
10  59  58  1480  392  337  3  -2  
10  59  58  1490  391  337  3  -2  
10  59  58  1498  390  337  3  -2  
10  59  58  1507  387  337  3  -2  
10  59  58  1512  382  338  3  -2  
10  59  58  1524  378  338  3  -2  
10  59  58  1530  370  338  3  -2  
10  59  58  1541  364  338  3  -2  
10  59  58  1546  358  338  3  -2  
10  59  58  1558  355  338  3  -2  
10  59  58  1563  354  338  3  -2  
10  59  58  1574  354  338  3  -2  
10  59  58  1580  352  338  3  -2  
10  59  58  1591  352  338  3  -2  
10  59  58  1597  352  338  3  -2  
10  59  58  1607  352  338  3  -2  
10  59  58  1615  352  338  3  -2  
10  59  58  1624  351  338  3  -2  
10  59  58  1631  350  338  3  -2  
10  59  58  1641  350  338  3  -2  
10  59  58  1648  350  338  3  -2  
10  59  58  1657  349  338  3  -2  
10  59  58  1663  349  338  3  -2  
10  59  58  1673  349  338  3  -2  
10  59  58  1679  349  338  3  -2  
10  59  58  1691  349  338  3  -2  
10  59  58  1698  349  338  3  -2  
10  59  58  1707  349  338  3  -2  
10  59  58  1715  349  338  3  -2  
10  59  58  1724  349  338  3  -2  
10  59  58  1730  349  338  3  -2  
10  59  58  1741  349  338  3  -2  
10  59  58  1748  349  338  3  -2  
10  59  58  1757  349  338  3  -2  
10  59  58  1764  349  338  3  -2  
10  59  58  1773  349  338  3  -2  
10  59  58  1780  349  338  3  -2  
10  59  59  1791  349  338  3  -2  
10  59  59  1798  349  338  3  -2  
10  59  59  1807  349  338  3  -2  
10  59  59  1814  349  338  3  -2  
10  59  59  1825  349  338  3  -2  
10  59  59  1831  349  338  3  -2  
10  59  59  1840  349  338  3  -2  
10  59  59  1847  349  338  3  -2  
10  59  59  1856  349  338  3  -2  
10  59  59  1863  349  338  3  -2  
10  59  59  1873  351  338  3  -2  
10  59  59  1880  355  338  3  -2  
10  59  59  1891  360  338  3  -2  
10  59  59  1897  366  338  3  -2  
10  59  59  1906  377  339  3  -2  
10  59  59  1914  387  342  3  -2  
10  59  59  1922  399  343  3  -2  
10  59  59  1930  407  343  3  -2  
10  59  59  1940  417  344  3  -2  
10  59  59  1948  424  344  3  -2  
10  59  59  1956  431  344  3  -2  
10  59  59  1962  440  344  3  -2  
10  59  59  1973  440  344  3  -2  
10  59  59  1981  445  344  3  -2  
10  59  59  1990  447  344  3  -2  
10  59  59  1998  449  344  3  -2  
10  59  59  2006  453  344  3  -2  
10  59  59  2015  457  344  3  -2  
10  59  59  2023  463  344  3  -2  
10  59  59  2031  468  344  3  -2  
10  59  59  2040  472  345  3  -2  
10  59  59  2048  474  345  3  -2  
10  59  59  2056  477  345  3  -2  
10  59  59  2064  478  345  3  -2  
10  59  59  2073  480  345  3  -2  
10  59  59  2080  480  345  3  -2  
10  59  59  2090  482  345  3  -2  
10  59  59  2098  484  345  3  -2  
10  59  59  2106  484  345  3  -2  
10  59  59  2113  485  345  3  -2  
10  59  59  2123  486  345  3  -2  
10  59  59  2131  487  345  3  -2  
10  59  59  2139  489  345  3  -2  
10  59  59  2148  491  345  3  -2  
10  59  59  2156  495  345  3  -2  
10  59  59  2164  495  345  3  -2  
10  59  59  2172  495  345  3  -2  
10  59  59  2180  495  345  3  -2  
10  59  59  2190  495  345  3  -2  
10  59  59  2198  495  345  3  -2  
10  59  59  2206  495  345  3  -2  
10  59  59  2214  495  345  3  -2  
10  59  59  2222  495  345  3  -2  
10  59  59  2231  495  345  3  -2  
10  59  59  2239  495  345  3  -2  
10  59  59  2248  495  345  3  -2  
10  59  59  2256  495  345  3  -2  
10  59  59  2266  495  345  3  -2  
10  59  59  2273  495  345  3  -2  
10  59  59  2283  495  345  3  -2  
10  59  59  2290  495  345  3  -2  
10  59  59  2298  495  345  3  -2  
10  59  59  2308  495  345  3  -2  
10  59  59  2317  495  345  3  -2  
10  59  59  2324  495  345  3  -2  
10  59  59  2333  495  345  3  -2  
10  59  59  2341  495  345  3  -2  
10  59  59  2349  495  345  3  -2  
10  59  59  2358  495  345  3  -2  
10  59  59  2367  495  345  3  -2  
10  59  59  2376  495  345  3  -2  
10  59  59  2383  495  345  3  -2  
10  59  59  2392  496  345  3  -2  
10  59  59  2401  496  345  3  -2  
10  59  59  2409  497  345  3  -2  
10  59  59  2417  498  345  3  -2  
10  59  59  2426  499  345  3  -2  
10  59  59  2433  500  345  3  -2  
10  59  59  2442  501  345  3  -2  
10  59  59  2449  501  345  3  -2  
10  59  59  2458  501  345  3  -2  
10  59  59  2466  501  345  3  -2  
10  59  59  2475  501  345  3  -2  
10  59  59  2484  501  345  3  -2  
10  59  59  2491  501  345  3  -2  
10  59  59  2500  501  345  3  -2  
10  59  59  2509  503  345  3  -2  
10  59  59  2517  503  345  3  -2  
10  59  59  2526  504  345  3  -2  
10  59  59  2538  504  345  3  -2  
10  59  59  2545  504  345  3  -2  
10  59  59  2554  504  345  3  -2  
10  59  59  2561  504  345  3  -2  
10  59  59  2571  504  345  3  -2  
10  59  59  2578  504  345  3  -2  
10  59  59  2590  504  345  3  -2  
10  59  59  2595  504  345  3  -2  
10  59  59  2605  504  345  3  -2  
10  59  59  2612  504  345  3  -2  
10  59  59  2622  504  345  3  -2  
10  59  59  2631  504  345  3  -2  
10  59  59  2640  504  345  3  -2  
10  59  59  2649  504  345  3  -2  
10  59  59  2656  504  345  3  -2  
10  59  59  2664  504  345  3  -2  
10  59  59  2672  504  345  3  -2  
10  59  59  2680  498  343  3  -2  
10  59  59  2690  479  341  3  -2  
10  59  59  2697  454  339  3  -2  
10  59  59  2705  424  333  3  -2  
10  59  59  2715  399  330  3  -2  
10  59  59  2725  384  330  3  -2  
10  59  59  2734  362  330  3  -2  
10  59  59  2743  357  330  3  -2  
10  59  59  2753  354  328  3  -2  
10  59  59  2762  353  328  3  -2  
10  59  59  2772  353  328  3  -2  
10  59  59  2779  351  327  3  -2  
11  0  0  2790  351  327  3  -2  
11  0  0  2799  349  327  3  -2  
11  0  0  2808  344  323  3  -2  
11  0  0  2817  336  321  3  -2  
11  0  0  2824  323  314  3  -2  
11  0  0  2832  309  310  3  -2  
11  0  0  2841  295  307  3  -2  
11  0  0  2850  286  303  3  -2  
11  0  0  2859  282  302  3  -2  
11  0  0  2866  282  302  3  -2  
11  0  0  2875  282  302  3  -2  
11  0  0  2886  282  302  3  -2  
11  0  0  2892  280  302  3  -2  
11  0  0  2901  280  302  3  -2  
11  0  0  2909  280  302  3  -2  
11  0  0  2919  280  302  3  -2  
11  0  0  2927  280  302  3  -2  
11  0  0  2935  280  302  3  -2  
11  0  0  2944  280  302  3  -2  
11  0  0  2950  280  302  3  -2  
11  0  0  2959  280  302  3  -2  
11  0  0  2969  280  302  3  -2  
11  0  0  2976  280  302  3  -2  
11  0  0  2985  280  302  3  -2  
11  0  0  2994  280  302  3  -2  
11  0  0  3003  280  302  3  -2  
11  0  0  3010  280  302  3  -2  
11  0  0  3019  280  302  3  -2  
11  0  0  3027  280  302  3  -2  
11  0  0  3035  280  302  3  -2  
11  0  0  3042  280  302  3  -2  
11  0  0  3053  280  302  3  -2  
11  0  0  3061  280  302  3  -2  
11  0  0  3072  280  302  3  -2  
11  0  0  3081  280  302  3  -2  
11  0  0  3091  280  302  3  -2  
11  0  0  3101  280  302  3  -2  
11  0  0  3110  280  302  3  -2  
11  0  0  3120  280  302  3  -2  
11  0  0  3129  280  302  3  -2  
11  0  0  3139  280  302  3  -2  
11  0  0  3146  280  302  3  -2  
11  0  0  3156  280  302  3  -2  
11  0  0  3165  280  302  3  -2  
11  0  0  3173  280  302  3  -2  
11  0  0  3185  280  302  3  -2  
11  0  0  3193  280  302  3  -2  
11  0  0  3205  280  302  3  -2  
11  0  0  3213  280  302  3  -2  
11  0  0  3224  280  302  3  -2  
11  0  0  3232  280  302  3  -2  
11  0  0  3241  280  302  3  -2  
11  0  0  3250  280  302  3  -2  
11  0  0  3259  280  302  3  -2  
11  0  0  3265  280  302  3  -2  
11  0  0  3275  280  302  3  -2  
11  0  0  3283  280  302  3  -2  
11  0  0  3292  280  302  3  -2  
11  0  0  3300  280  302  3  -2  
11  0  0  3309  280  302  3  -2  
11  0  0  3316  280  302  3  -2  
11  0  0  3325  280  302  3  -2  
11  0  0  3333  280  302  3  -2  
11  0  0  3342  280  302  3  -2  
11  0  0  3350  280  302  3  -2  
11  0  0  3358  280  302  3  -2  
11  0  0  3366  280  302  3  -2  
11  0  0  3375  280  302  3  -2  
