16  7  11  0  358  306  1  -2  
16  7  11  8  358  306  1  -2  
16  7  11  16  358  306  1  -2  
16  7  11  24  358  306  1  -2  
16  7  11  33  358  306  1  -2  
16  7  11  44  358  306  1  -2  
16  7  11  49  358  306  1  -2  
16  7  11  58  358  306  1  -2  
16  7  11  67  358  306  1  -2  
16  7  11  77  358  306  1  -2  
16  7  11  84  358  306  1  -2  
16  7  11  91  358  306  1  -2  
16  7  11  100  358  306  1  -2  
16  7  11  108  358  306  1  -2  
16  7  11  117  358  306  1  -2  
16  7  11  124  358  306  1  -2  
16  7  11  133  358  306  1  -2  
16  7  11  142  358  306  1  -2  
16  7  11  150  358  306  1  -2  
16  7  11  158  358  306  1  -2  
16  7  11  168  358  306  1  -2  
16  7  11  176  358  306  1  -2  
16  7  11  183  360  305  1  -2  
16  7  11  193  365  305  1  -2  
16  7  11  201  372  305  1  -2  
16  7  11  208  384  308  1  -2  
16  7  11  217  394  309  1  -2  
16  7  11  226  410  309  1  -2  
16  7  11  234  427  309  1  -2  
16  7  11  243  445  310  1  -2  
16  7  11  250  462  310  1  -2  
16  7  11  260  478  310  1  -2  
16  7  11  268  491  310  1  -2  
16  7  11  278  502  312  2  -2  
16  7  11  284  512  314  2  -2  
16  7  11  292  516  314  2  -2  
16  7  11  300  518  314  2  -2  
16  7  11  308  520  314  2  -2  
16  7  11  318  522  314  2  -2  
16  7  11  327  522  314  2  -2  
16  7  11  334  530  314  2  -2  
16  7  11  343  534  315  2  -2  
16  7  11  350  539  315  2  -2  
16  7  11  358  541  316  2  -2  
16  7  11  368  543  316  2  -2  
16  7  11  375  544  316  2  -2  
16  7  11  383  544  316  2  -2  
16  7  11  393  544  316  2  -2  
16  7  11  400  544  316  2  -2  
16  7  11  408  544  316  2  -2  
16  7  11  418  544  316  2  -2  
16  7  11  424  544  316  2  -2  
16  7  11  435  544  316  2  -2  
16  7  11  443  544  316  2  -2  
16  7  11  451  544  316  2  -2  
16  7  11  458  544  316  2  -2  
16  7  11  468  544  316  2  -2  
16  7  11  478  544  316  2  -2  
16  7  11  486  544  316  2  -2  
16  7  11  497  544  316  2  -2  
16  7  11  505  544  316  2  -2  
16  7  11  515  544  316  2  -2  
16  7  11  523  544  316  2  -2  
16  7  11  532  544  316  2  -2  
16  7  12  542  544  316  2  -2  
16  7  12  551  544  316  2  -2  
16  7  12  561  544  316  2  -2  
16  7  12  569  544  316  2  -2  
16  7  12  579  544  316  2  -2  
16  7  12  587  544  316  2  -2  
16  7  12  597  544  316  2  -2  
16  7  12  603  544  316  2  -2  
16  7  12  613  544  316  2  -2  
16  7  12  619  544  316  2  -2  
16  7  12  629  544  316  2  -2  
16  7  12  637  544  316  2  -2  
16  7  12  647  544  316  2  -2  
16  7  12  653  544  316  2  -2  
16  7  12  663  544  316  2  -2  
16  7  12  670  544  316  2  -2  
16  7  12  680  544  316  2  -2  
16  7  12  687  544  316  2  -2  
16  7  12  697  544  316  2  -2  
16  7  12  703  544  316  2  -2  
16  7  12  713  544  316  2  -2  
16  7  12  719  544  316  2  -2  
16  7  12  729  544  316  2  -2  
16  7  12  737  544  316  2  -2  
16  7  12  747  544  316  2  -2  
16  7  12  753  544  316  2  -2  
16  7  12  763  544  316  2  -2  
16  7  12  768  544  316  2  -2  
16  7  12  780  544  316  2  -2  
16  7  12  786  544  316  2  -2  
16  7  12  796  544  316  2  -2  
16  7  12  803  544  316  2  -2  
16  7  12  813  544  316  2  -2  
16  7  12  819  543  316  2  -2  
16  7  12  830  541  317  2  -2  
16  7  12  837  538  317  2  -2  
16  7  12  847  538  317  2  -2  
16  7  12  853  532  317  2  -2  
16  7  12  863  532  317  2  -2  
16  7  12  870  527  317  2  -2  
16  7  12  880  527  317  2  -2  
16  7  12  887  520  317  2  -2  
16  7  12  897  517  317  2  -2  
16  7  12  904  513  317  2  -2  
16  7  12  913  510  317  2  -2  
16  7  12  919  506  317  2  -2  
16  7  12  930  503  317  2  -2  
16  7  12  937  498  317  2  -2  
16  7  12  947  490  317  2  -2  
16  7  12  953  485  317  2  -2  
16  7  12  963  478  317  2  -2  
16  7  12  969  469  317  2  -2  
16  7  12  980  464  317  2  -2  
16  7  12  987  457  317  2  -2  
16  7  12  997  451  317  2  -2  
16  7  12  1003  448  317  2  -2  
16  7  12  1013  445  317  2  -2  
16  7  12  1019  442  317  2  -2  
16  7  12  1030  439  317  2  -2  
16  7  12  1037  434  317  2  -2  
16  7  12  1047  430  317  2  -2  
16  7  12  1055  417  317  2  -2  
16  7  12  1062  410  317  2  -2  
16  7  12  1071  404  317  2  -2  
16  7  12  1080  400  317  2  -2  
16  7  12  1089  397  317  3  -2  
16  7  12  1096  393  317  3  -2  
16  7  12  1103  393  317  3  -2  
16  7  12  1113  391  317  3  -2  
16  7  12  1121  390  317  3  -2  
16  7  12  1130  389  317  3  -2  
16  7  12  1138  386  317  3  -2  
16  7  12  1146  386  317  3  -2  
16  7  12  1154  385  317  3  -2  
16  7  12  1162  384  317  3  -2  
16  7  12  1171  384  317  3  -2  
16  7  12  1180  383  317  3  -2  
16  7  12  1188  382  317  3  -2  
16  7  12  1196  379  317  3  -2  
16  7  12  1204  378  317  3  -2  
16  7  12  1213  377  317  3  -2  
16  7  12  1220  375  317  3  -2  
16  7  12  1229  375  317  3  -2  
16  7  12  1238  375  317  3  -2  
16  7  12  1246  375  317  3  -2  
16  7  12  1253  375  317  3  -2  
16  7  12  1262  375  317  3  -2  
16  7  12  1271  375  317  3  -2  
16  7  12  1280  375  317  3  -2  
16  7  12  1288  375  317  3  -2  
16  7  12  1296  375  317  3  -2  
16  7  12  1304  375  317  3  -2  
16  7  12  1312  375  317  3  -2  
16  7  12  1322  375  317  3  -2  
16  7  12  1329  375  317  3  -2  
16  7  12  1338  375  317  3  -2  
16  7  12  1346  375  317  3  -2  
16  7  12  1354  375  317  3  -2  
16  7  12  1362  375  317  3  -2  
16  7  12  1370  375  317  3  -2  
16  7  12  1380  375  317  3  -2  
16  7  12  1388  375  317  3  -2  
16  7  12  1396  375  317  3  -2  
16  7  12  1404  375  317  3  -2  
16  7  12  1412  375  317  3  -2  
16  7  12  1422  375  317  3  -2  
16  7  12  1429  375  317  3  -2  
16  7  12  1439  376  317  3  -2  
16  7  12  1449  393  317  3  -2  
16  7  12  1458  403  317  3  -2  
16  7  12  1467  417  317  3  -2  
16  7  12  1478  430  317  3  -2  
16  7  12  1486  443  317  3  -2  
16  7  12  1497  456  317  3  -2  
16  7  12  1505  483  317  3  -2  
16  7  12  1515  493  317  3  -2  
16  7  12  1525  501  317  4  -2  
16  7  12  1534  507  317  4  -2  
16  7  13  1545  508  317  4  -2  
16  7  13  1552  510  317  4  -2  
16  7  13  1560  510  317  4  -2  
16  7  13  1568  510  317  4  -2  
16  7  13  1579  510  317  4  -2  
16  7  13  1584  512  317  4  -2  
16  7  13  1595  515  317  4  -2  
16  7  13  1602  518  317  4  -2  
16  7  13  1612  521  317  4  -2  
16  7  13  1618  524  317  4  -2  
16  7  13  1629  525  317  4  -2  
16  7  13  1634  528  317  4  -2  
16  7  13  1645  529  317  4  -2  
16  7  13  1652  529  317  4  -2  
16  7  13  1661  529  317  4  -2  
16  7  13  1668  529  317  4  -2  
16  7  13  1679  529  317  4  -2  
16  7  13  1686  529  317  4  -2  
16  7  13  1695  529  317  4  -2  
16  7  13  1703  529  317  4  -2  
16  7  13  1712  529  317  4  -2  
16  7  13  1718  529  317  4  -2  
16  7  13  1729  529  317  4  -2  
16  7  13  1737  529  317  4  -2  
16  7  13  1745  529  317  4  -2  
16  7  13  1752  529  317  4  -2  
16  7  13  1762  529  317  4  -2  
16  7  13  1768  529  317  4  -2  
16  7  13  1779  529  317  4  -2  
16  7  13  1786  529  317  4  -2  
16  7  13  1795  529  317  4  -2  
16  7  13  1801  529  317  4  -2  
16  7  13  1812  529  317  4  -2  
16  7  13  1818  529  317  4  -2  
16  7  13  1829  529  317  4  -2  
16  7  13  1836  529  317  4  -2  
16  7  13  1845  529  317  4  -2  
16  7  13  1851  529  317  4  -2  
16  7  13  1861  529  317  4  -2  
16  7  13  1869  529  317  4  -2  
16  7  13  1878  529  317  4  -2  
16  7  13  1886  529  317  4  -2  
16  7  13  1895  526  317  4  -2  
16  7  13  1902  518  317  4  -2  
16  7  13  1912  506  317  4  -2  
16  7  13  1919  496  317  4  -2  
16  7  13  1929  484  317  4  -2  
16  7  13  1936  474  317  4  -2  
16  7  13  1945  464  317  4  -2  
16  7  13  1953  454  317  4  -2  
16  7  13  1962  443  317  4  -2  
16  7  13  1969  436  317  4  -2  
16  7  13  1980  429  317  4  -2  
16  7  13  1986  424  317  4  -2  
16  7  13  1994  419  317  4  -2  
16  7  13  2002  415  317  4  -2  
16  7  13  2012  412  317  4  -2  
16  7  13  2019  410  317  4  -2  
16  7  13  2029  407  317  4  -2  
16  7  13  2036  404  317  4  -2  
16  7  13  2046  401  317  4  -2  
16  7  13  2054  389  317  5  -2  
16  7  13  2062  380  319  5  -2  
16  7  13  2070  373  319  5  -2  
16  7  13  2079  373  319  5  -2  
16  7  13  2087  368  320  5  -2  
16  7  13  2095  367  320  5  -2  
16  7  13  2102  366  320  5  -2  
16  7  13  2112  366  320  5  -2  
16  7  13  2120  365  320  5  -2  
16  7  13  2128  365  320  5  -2  
16  7  13  2137  365  320  5  -2  
16  7  13  2144  365  320  5  -2  
16  7  13  2152  365  320  5  -2  
16  7  13  2161  365  320  5  -2  
16  7  13  2170  365  320  5  -2  
16  7  13  2178  365  320  5  -2  
16  7  13  2187  365  320  5  -2  
16  7  13  2195  365  320  5  -2  
16  7  13  2203  365  320  5  -2  
16  7  13  2211  365  320  5  -2  
16  7  13  2220  365  320  5  -2  
16  7  13  2228  365  320  5  -2  
16  7  13  2237  365  320  5  -2  
16  7  13  2244  365  320  5  -2  
16  7  13  2253  365  320  5  -2  
16  7  13  2261  365  320  5  -2  
16  7  13  2271  365  320  5  -2  
16  7  13  2278  365  320  5  -2  
16  7  13  2287  365  320  5  -2  
16  7  13  2295  365  320  5  -2  
16  7  13  2303  365  320  5  -2  
16  7  13  2312  365  320  5  -2  
16  7  13  2320  365  320  5  -2  
16  7  13  2328  365  320  5  -2  
16  7  13  2337  365  320  5  -2  
16  7  13  2345  365  320  5  -2  
16  7  13  2354  365  320  5  -2  
16  7  13  2361  365  320  5  -2  
16  7  13  2372  365  320  5  -2  
16  7  13  2381  365  320  5  -2  
16  7  13  2390  365  320  5  -2  
16  7  13  2399  365  320  5  -2  
16  7  13  2410  365  320  5  -2  
16  7  13  2417  365  320  5  -2  
16  7  13  2428  365  320  5  -2  
16  7  13  2436  365  320  5  -2  
16  7  13  2446  365  320  5  -2  
16  7  13  2453  365  320  5  -2  
16  7  13  2463  365  320  5  -2  
16  7  13  2472  365  320  5  -2  
16  7  13  2480  365  320  5  -2  
16  7  13  2489  365  320  5  -2  
16  7  13  2497  365  320  5  -2  
16  7  13  2505  365  320  5  -2  
16  7  13  2513  365  320  5  -2  
16  7  13  2522  365  320  5  -2  
16  7  13  2531  365  320  5  -2  
16  7  13  2539  365  320  5  -2  
16  7  14  2548  365  320  5  -2  
16  7  14  2554  365  320  5  -2  
16  7  14  2563  365  320  5  -2  
16  7  14  2572  365  320  5  -2  
16  7  14  2580  365  320  5  -2  
16  7  14  2589  365  320  5  -2  
16  7  14  2597  365  320  5  -2  
16  7  14  2605  365  320  5  -2  
16  7  14  2613  365  320  5  -2  
16  7  14  2622  365  320  5  -2  
16  7  14  2631  365  320  5  -2  
16  7  14  2639  365  320  5  -2  
16  7  14  2647  365  320  5  -2  
16  7  14  2655  365  320  5  -2  
16  7  14  2664  365  320  5  -2  
16  7  14  2672  365  320  5  -2  
