12  19  34  0  377  331  1  -2  
12  19  34  6  377  331  1  -2  
12  19  34  16  377  331  1  -2  
12  19  34  24  377  331  1  -2  
12  19  34  32  377  331  1  -2  
12  19  34  41  377  331  1  -2  
12  19  34  50  377  331  1  -2  
12  19  34  57  377  331  1  -2  
12  19  34  66  377  331  1  -2  
12  19  34  72  377  331  1  -2  
12  19  34  82  377  331  1  -2  
12  19  34  91  377  331  1  -2  
12  19  34  99  377  331  1  -2  
12  19  34  108  377  330  1  -2  
12  19  34  115  377  330  1  -2  
12  19  34  124  378  330  1  -2  
12  19  34  133  380  329  1  -2  
12  19  34  141  380  329  1  -2  
12  19  34  150  386  328  1  -2  
12  19  34  160  389  328  1  -2  
12  19  34  168  392  328  1  -2  
12  19  34  178  396  327  1  -2  
12  19  34  185  403  327  1  -2  
12  19  34  194  408  326  1  -2  
12  19  34  201  413  326  1  -2  
12  19  34  211  423  326  1  -2  
12  19  34  218  430  326  1  -2  
12  19  34  227  437  323  1  -2  
12  19  34  236  447  323  1  -2  
12  19  34  246  454  322  1  -2  
12  19  34  253  467  321  1  -2  
12  19  34  261  467  321  1  -2  
12  19  34  271  474  320  1  -2  
12  19  34  279  478  320  1  -2  
12  19  34  286  480  320  1  -2  
12  19  34  297  483  320  1  -2  
12  19  34  303  487  320  1  -2  
12  19  34  312  490  320  1  -2  
12  19  34  321  493  320  1  -2  
12  19  34  329  497  320  2  -2  
12  19  34  337  502  320  2  -2  
12  19  34  346  507  320  2  -2  
12  19  34  353  514  318  2  -2  
12  19  34  361  520  318  2  -2  
12  19  34  369  525  318  2  -2  
12  19  34  378  530  318  2  -2  
12  19  34  386  534  318  2  -2  
12  19  34  394  535  317  2  -2  
12  19  34  404  537  317  2  -2  
12  19  34  413  537  317  2  -2  
12  19  34  422  537  317  2  -2  
12  19  34  432  537  317  2  -2  
12  19  34  441  537  317  2  -2  
12  19  34  450  537  317  2  -2  
12  19  34  459  537  317  2  -2  
12  19  34  468  537  317  2  -2  
12  19  34  477  537  317  2  -2  
12  19  34  486  537  317  2  -2  
12  19  34  494  537  317  2  -2  
12  19  34  504  537  317  2  -2  
12  19  34  512  537  317  2  -2  
12  19  34  520  537  317  2  -2  
12  19  34  530  537  317  2  -2  
12  19  34  537  537  317  2  -2  
12  19  34  546  537  317  2  -2  
12  19  34  552  535  319  2  -2  
12  19  34  562  535  319  2  -2  
12  19  34  569  534  320  2  -2  
12  19  34  580  534  320  2  -2  
12  19  34  588  534  320  2  -2  
12  19  34  597  533  323  2  -2  
12  19  34  602  532  324  2  -2  
12  19  34  612  532  324  2  -2  
12  19  34  620  531  325  2  -2  
12  19  34  628  530  326  2  -2  
12  19  34  636  530  326  2  -2  
12  19  34  646  530  327  2  -2  
12  19  34  652  527  329  2  -2  
12  19  34  661  526  330  2  -2  
12  19  34  670  524  331  2  -2  
12  19  34  679  521  333  2  -2  
12  19  34  685  519  334  2  -2  
12  19  34  696  518  334  2  -2  
12  19  34  703  517  335  2  -2  
12  19  34  712  517  335  2  -2  
12  19  34  720  517  335  2  -2  
12  19  34  729  515  335  2  -2  
12  19  35  736  515  335  2  -2  
12  19  35  745  515  335  2  -2  
12  19  35  753  515  335  2  -2  
12  19  35  763  514  335  2  -2  
12  19  35  769  513  335  2  -2  
12  19  35  780  511  335  2  -2  
12  19  35  786  509  335  2  -2  
12  19  35  796  506  335  2  -2  
12  19  35  803  500  335  2  -2  
12  19  35  813  500  335  2  -2  
12  19  35  820  493  335  2  -2  
12  19  35  829  493  335  2  -2  
12  19  35  837  491  335  2  -2  
12  19  35  846  484  337  2  -2  
12  19  35  852  483  337  2  -2  
12  19  35  863  483  337  2  -2  
12  19  35  870  475  337  2  -2  
12  19  35  880  471  337  2  -2  
12  19  35  886  465  337  2  -2  
12  19  35  896  458  337  2  -2  
12  19  35  902  451  337  2  -2  
12  19  35  912  444  336  2  -2  
12  19  35  920  434  336  2  -2  
12  19  35  929  429  336  2  -2  
12  19  35  936  424  335  2  -2  
12  19  35  946  419  335  2  -2  
12  19  35  952  413  332  2  -2  
12  19  35  962  409  332  2  -2  
12  19  35  970  407  332  2  -2  
12  19  35  980  404  332  2  -2  
12  19  35  987  402  331  2  -2  
12  19  35  997  399  331  2  -2  
12  19  35  1003  394  331  3  -2  
12  19  35  1013  394  331  3  -2  
12  19  35  1020  387  331  3  -2  
12  19  35  1030  387  331  3  -2  
12  19  35  1036  381  331  3  -2  
12  19  35  1047  381  331  3  -2  
12  19  35  1053  375  331  3  -2  
12  19  35  1064  372  331  3  -2  
12  19  35  1071  369  330  3  -2  
12  19  35  1080  368  330  3  -2  
12  19  35  1086  367  330  3  -2  
12  19  35  1097  365  328  3  -2  
12  19  35  1103  364  328  3  -2  
12  19  35  1112  363  328  3  -2  
12  19  35  1120  362  328  3  -2  
12  19  35  1130  361  328  3  -2  
12  19  35  1136  361  328  3  -2  
12  19  35  1147  360  328  3  -2  
12  19  35  1154  360  328  3  -2  
12  19  35  1162  360  327  3  -2  
12  19  35  1170  360  327  3  -2  
12  19  35  1181  360  327  3  -2  
12  19  35  1186  360  327  3  -2  
12  19  35  1197  360  327  3  -2  
12  19  35  1203  360  327  3  -2  
12  19  35  1212  360  327  3  -2  
12  19  35  1221  360  327  3  -2  
12  19  35  1230  360  327  3  -2  
12  19  35  1237  360  327  3  -2  
12  19  35  1247  360  327  3  -2  
12  19  35  1255  360  327  3  -2  
12  19  35  1264  360  327  3  -2  
12  19  35  1271  360  327  3  -2  
12  19  35  1282  360  327  3  -2  
12  19  35  1289  360  327  3  -2  
12  19  35  1299  360  327  3  -2  
12  19  35  1306  360  327  3  -2  
12  19  35  1316  360  327  3  -2  
12  19  35  1325  360  327  3  -2  
12  19  35  1334  360  327  3  -2  
12  19  35  1344  360  327  3  -2  
12  19  35  1352  360  327  3  -2  
12  19  35  1363  360  327  3  -2  
12  19  35  1369  360  327  3  -2  
12  19  35  1381  360  327  3  -2  
12  19  35  1388  360  327  3  -2  
12  19  35  1398  360  327  3  -2  
12  19  35  1404  360  327  3  -2  
12  19  35  1414  360  327  3  -2  
12  19  35  1421  360  327  3  -2  
12  19  35  1431  360  327  3  -2  
12  19  35  1439  360  327  3  -2  
12  19  35  1448  360  327  3  -2  
12  19  35  1455  360  327  3  -2  
12  19  35  1464  360  327  3  -2  
12  19  35  1471  360  326  3  -2  
12  19  35  1482  363  325  3  -2  
12  19  35  1489  365  324  3  -2  
12  19  35  1498  369  323  3  -2  
12  19  35  1506  374  323  3  -2  
12  19  35  1514  381  322  3  -2  
12  19  35  1521  388  322  3  -2  
12  19  35  1531  398  320  3  -2  
12  19  35  1539  405  318  3  -2  
12  19  35  1548  411  317  3  -2  
12  19  35  1554  421  317  3  -2  
12  19  35  1564  426  317  3  -2  
12  19  35  1571  431  317  3  -2  
12  19  35  1581  435  317  3  -2  
12  19  35  1589  441  317  3  -2  
12  19  35  1597  444  317  3  -2  
12  19  35  1603  445  317  3  -2  
12  19  35  1614  445  317  3  -2  
12  19  35  1621  450  317  3  -2  
12  19  35  1632  452  318  3  -2  
12  19  35  1639  454  318  3  -2  
12  19  35  1647  457  318  3  -2  
12  19  35  1654  457  318  3  -2  
12  19  35  1664  459  318  3  -2  
12  19  35  1672  461  319  3  -2  
12  19  35  1682  463  319  3  -2  
12  19  35  1688  465  319  3  -2  
12  19  35  1698  468  319  3  -2  
12  19  35  1705  471  320  3  -2  
12  19  35  1714  474  320  3  -2  
12  19  35  1721  476  322  3  -2  
12  19  35  1732  480  322  3  -2  
12  19  36  1739  481  323  3  -2  
12  19  36  1748  485  323  3  -2  
12  19  36  1757  489  324  3  -2  
12  19  36  1766  494  325  3  -2  
12  19  36  1774  501  327  4  -2  
12  19  36  1782  505  327  4  -2  
12  19  36  1791  509  327  4  -2  
12  19  36  1799  510  328  4  -2  
12  19  36  1806  513  328  4  -2  
12  19  36  1816  515  328  4  -2  
12  19  36  1824  517  328  4  -2  
12  19  36  1833  518  328  4  -2  
12  19  36  1841  521  328  4  -2  
12  19  36  1849  523  329  4  -2  
12  19  36  1856  526  329  4  -2  
12  19  36  1865  527  329  4  -2  
12  19  36  1873  530  329  4  -2  
12  19  36  1882  532  329  4  -2  
12  19  36  1891  534  329  4  -2  
12  19  36  1898  535  329  4  -2  
12  19  36  1907  535  329  4  -2  
12  19  36  1915  535  329  4  -2  
12  19  36  1925  535  329  4  -2  
12  19  36  1933  535  329  4  -2  
12  19  36  1941  535  329  4  -2  
12  19  36  1950  535  329  4  -2  
12  19  36  1959  535  329  4  -2  
12  19  36  1966  535  329  4  -2  
12  19  36  1974  535  329  4  -2  
12  19  36  1983  535  329  4  -2  
12  19  36  1992  535  329  4  -2  
12  19  36  2000  535  329  4  -2  
12  19  36  2008  535  329  4  -2  
12  19  36  2016  535  329  4  -2  
12  19  36  2024  535  329  4  -2  
12  19  36  2034  535  329  4  -2  
12  19  36  2041  535  329  4  -2  
12  19  36  2050  535  329  4  -2  
12  19  36  2059  535  329  4  -2  
12  19  36  2066  535  329  4  -2  
12  19  36  2075  535  329  4  -2  
12  19  36  2083  535  329  4  -2  
12  19  36  2091  535  329  4  -2  
12  19  36  2100  535  329  4  -2  
12  19  36  2111  535  329  4  -2  
12  19  36  2119  536  332  4  -2  
12  19  36  2130  534  335  4  -2  
12  19  36  2139  533  336  4  -2  
12  19  36  2149  530  337  4  -2  
12  19  36  2156  527  338  4  -2  
12  19  36  2165  524  339  4  -2  
12  19  36  2175  519  342  4  -2  
12  19  36  2184  510  342  4  -2  
12  19  36  2192  505  343  4  -2  
12  19  36  2201  500  343  4  -2  
12  19  36  2210  494  343  4  -2  
12  19  36  2216  491  343  4  -2  
12  19  36  2226  486  343  4  -2  
12  19  36  2234  482  343  4  -2  
12  19  36  2242  480  343  4  -2  
12  19  36  2252  477  343  4  -2  
12  19  36  2259  473  345  4  -2  
12  19  36  2267  470  345  4  -2  
12  19  36  2274  467  345  4  -2  
12  19  36  2283  464  345  4  -2  
12  19  36  2291  461  345  4  -2  
12  19  36  2300  457  345  4  -2  
12  19  36  2308  450  345  4  -2  
12  19  36  2317  450  345  4  -2  
12  19  36  2325  443  345  4  -2  
12  19  36  2334  440  345  4  -2  
12  19  36  2342  439  345  4  -2  
12  19  36  2350  436  345  4  -2  
12  19  36  2358  435  345  4  -2  
12  19  36  2366  432  345  4  -2  
12  19  36  2375  430  345  4  -2  
12  19  36  2382  430  345  4  -2  
12  19  36  2391  427  345  4  -2  
12  19  36  2400  426  345  4  -2  
12  19  36  2408  423  345  4  -2  
12  19  36  2417  421  345  4  -2  
12  19  36  2425  420  345  4  -2  
12  19  36  2433  418  344  4  -2  
12  19  36  2441  414  343  4  -2  
12  19  36  2450  411  342  4  -2  
12  19  36  2458  410  341  4  -2  
12  19  36  2466  406  341  4  -2  
12  19  36  2475  404  340  4  -2  
12  19  36  2483  401  339  4  -2  
12  19  36  2492  400  339  4  -2  
12  19  36  2502  397  339  4  -2  
12  19  36  2509  393  337  4  -2  
12  19  37  3188  497  328  6  -2  
12  19  37  3196  497  328  6  -2  
12  19  37  3204  497  328  6  -2  
12  19  37  3213  498  328  6  -2  
12  19  37  3221  498  328  6  -2  
12  19  37  3231  499  328  6  -2  
12  19  37  3238  499  328  6  -2  
12  19  37  3246  500  328  6  -2  
12  19  37  3254  500  328  6  -2  
12  19  37  3263  500  328  6  -2  
12  19  37  3271  501  328  6  -2  
12  19  37  3280  501  328  6  -2  
12  19  37  3288  501  328  6  -2  
12  19  37  3296  501  328  6  -2  
12  19  37  3304  501  328  6  -2  
12  19  37  3313  501  328  6  -2  
12  19  37  3321  501  328  6  -2  
12  19  37  3329  501  328  6  -2  
12  19  37  3338  501  328  6  -2  
12  19  37  3346  501  328  6  -2  
12  19  37  3355  501  328  6  -2  
12  19  37  3363  501  328  6  -2  
12  19  37  3371  501  328  6  -2  
12  19  37  3379  501  328  6  -2  
12  19  37  3388  501  328  6  -2  
12  19  37  3396  501  328  6  -2  
12  19  37  3404  501  328  6  -2  
12  19  37  3413  501  328  6  -2  
12  19  37  3421  500  330  6  -2  
12  19  37  3430  500  330  6  -2  
12  19  37  3438  500  330  6  -2  
12  19  37  3447  500  330  6  -2  
12  19  37  3455  500  330  6  -2  
12  19  37  3464  500  330  6  -2  
12  19  37  3471  500  330  6  -2  
12  19  37  3480  500  330  6  -2  
12  19  37  3488  500  330  6  -2  
12  19  37  3496  500  330  6  -2  
12  19  37  3504  500  330  6  -2  
12  19  37  3514  500  330  6  -2  
12  19  37  3521  500  330  6  -2  
12  19  37  3530  500  330  6  -2  
12  19  37  3538  500  330  6  -2  
12  19  37  3546  500  330  6  -2  
12  19  37  3555  500  331  6  -2  
12  19  37  3563  499  331  6  -2  
12  19  37  3571  497  332  6  -2  
12  19  37  3579  494  333  6  -2  
12  19  37  3588  491  333  6  -2  
12  19  37  3596  484  335  6  -2  
12  19  37  3604  478  335  6  -2  
12  19  37  3613  469  337  6  -2  
12  19  37  3621  447  339  6  -2  
12  19  37  3629  437  342  6  -2  
12  19  37  3638  427  342  6  -2  
12  19  37  3646  420  343  6  -2  
12  19  37  3655  416  343  6  -2  
12  19  37  3663  412  343  6  -2  
12  19  37  3671  411  343  6  -2  
12  19  37  3679  410  343  6  -2  
12  19  37  3688  409  343  6  -2  
12  19  37  3696  408  343  6  -2  
12  19  37  3704  408  343  6  -2  
12  19  37  3713  408  342  6  -2  
12  19  37  3721  407  342  6  -2  
12  19  37  3730  406  342  6  -2  
12  19  38  3737  405  342  6  -2  
12  19  38  3746  403  342  6  -2  
12  19  38  3755  403  342  6  -2  
12  19  38  3763  400  342  6  -2  
12  19  38  3772  399  342  6  -2  
12  19  38  3780  399  342  6  -2  
12  19  38  3788  396  342  6  -2  
12  19  38  3797  396  342  6  -2  
12  19  38  3805  396  342  6  -2  
12  19  38  3814  396  342  6  -2  
12  19  38  3822  394  342  6  -2  
12  19  38  3830  393  342  6  -2  
12  19  38  3839  393  342  6  -2  
12  19  38  3847  392  342  6  -2  
12  19  38  3855  391  342  6  -2  
12  19  38  3864  390  342  6  -2  
12  19  38  3872  388  342  6  -2  
12  19  38  3880  388  342  6  -2  
12  19  38  3889  387  342  7  -2  
12  19  38  3897  386  342  7  -2  
12  19  38  3906  386  342  7  -2  
12  19  38  3913  386  342  7  -2  
12  19  38  3923  386  342  7  -2  
12  19  38  3933  386  342  7  -2  
12  19  38  3940  385  341  7  -2  
12  19  38  3948  385  341  7  -2  
12  19  38  3957  385  341  7  -2  
12  19  38  3965  385  341  7  -2  
