16  7  3  0  357  294  1  -2  
16  7  3  8  357  294  1  -2  
16  7  3  15  357  294  1  -2  
16  7  3  24  357  294  1  -2  
16  7  3  32  357  294  1  -2  
16  7  3  41  357  294  1  -2  
16  7  3  49  357  294  1  -2  
16  7  3  58  357  294  1  -2  
16  7  3  65  357  294  1  -2  
16  7  3  74  357  294  1  -2  
16  7  3  82  357  294  1  -2  
16  7  3  92  357  294  1  -2  
16  7  3  99  357  294  1  -2  
16  7  3  107  357  294  1  -2  
16  7  3  115  357  294  1  -2  
16  7  3  124  357  294  1  -2  
16  7  3  131  357  294  1  -2  
16  7  3  141  357  294  1  -2  
16  7  4  149  357  294  1  -2  
16  7  4  157  357  294  1  -2  
16  7  4  165  357  294  1  -2  
16  7  4  174  357  294  1  -2  
16  7  4  182  357  294  1  -2  
16  7  4  192  357  294  1  -2  
16  7  4  198  361  294  1  -2  
16  7  4  207  368  294  1  -2  
16  7  4  215  378  294  1  -2  
16  7  4  224  390  297  1  -2  
16  7  4  232  398  298  1  -2  
16  7  4  242  407  298  1  -2  
16  7  4  248  422  299  1  -2  
16  7  4  259  422  299  1  -2  
16  7  4  268  429  299  1  -2  
16  7  4  276  431  300  1  -2  
16  7  4  284  432  300  1  -2  
16  7  4  292  434  300  1  -2  
16  7  4  300  435  300  1  -2  
16  7  4  308  438  300  1  -2  
16  7  4  317  441  300  1  -2  
16  7  4  325  446  302  1  -2  
16  7  4  333  450  302  1  -2  
16  7  4  342  457  303  1  -2  
16  7  4  351  462  305  1  -2  
16  7  4  358  470  305  1  -2  
16  7  4  367  476  306  1  -2  
16  7  4  374  482  308  1  -2  
16  7  4  383  487  308  1  -2  
16  7  4  391  489  309  1  -2  
16  7  4  401  493  309  1  -2  
16  7  4  409  497  310  2  -2  
16  7  4  416  504  310  2  -2  
16  7  4  424  509  311  2  -2  
16  7  4  433  514  311  2  -2  
16  7  4  442  520  313  2  -2  
16  7  4  450  531  314  2  -2  
16  7  4  458  533  315  2  -2  
16  7  4  465  536  315  2  -2  
16  7  4  474  539  315  2  -2  
16  7  4  482  542  315  2  -2  
16  7  4  491  544  316  2  -2  
16  7  4  500  547  316  2  -2  
16  7  4  507  547  316  2  -2  
16  7  4  516  547  316  2  -2  
16  7  4  525  547  316  2  -2  
16  7  4  532  547  316  2  -2  
16  7  4  541  547  316  2  -2  
16  7  4  550  547  316  2  -2  
16  7  4  558  547  316  2  -2  
16  7  4  566  547  316  2  -2  
16  7  4  575  547  316  2  -2  
16  7  4  582  547  316  2  -2  
16  7  4  591  547  316  2  -2  
16  7  4  600  547  316  2  -2  
16  7  4  608  547  316  2  -2  
16  7  4  616  547  316  2  -2  
16  7  4  625  547  316  2  -2  
16  7  4  633  547  316  2  -2  
16  7  4  641  547  316  2  -2  
16  7  4  651  547  316  2  -2  
16  7  4  660  545  316  2  -2  
16  7  4  671  544  316  2  -2  
16  7  4  677  543  316  2  -2  
16  7  4  688  540  316  2  -2  
16  7  4  696  540  316  2  -2  
16  7  4  705  537  316  2  -2  
16  7  4  713  532  316  2  -2  
16  7  4  722  528  316  2  -2  
16  7  4  729  523  318  2  -2  
16  7  4  739  516  318  2  -2  
16  7  4  746  506  318  2  -2  
16  7  4  755  494  318  2  -2  
16  7  4  763  483  318  2  -2  
16  7  4  773  469  318  2  -2  
16  7  4  780  454  318  2  -2  
16  7  4  791  441  318  2  -2  
16  7  4  796  428  318  2  -2  
16  7  4  806  416  318  2  -2  
16  7  4  813  405  318  2  -2  
16  7  4  824  396  318  3  -2  
16  7  4  831  388  318  3  -2  
16  7  4  841  385  318  3  -2  
16  7  4  847  382  318  3  -2  
16  7  4  857  381  318  3  -2  
16  7  4  864  377  318  3  -2  
16  7  4  873  377  318  3  -2  
16  7  4  881  370  319  3  -2  
16  7  4  890  368  319  3  -2  
16  7  4  898  365  319  3  -2  
16  7  4  907  361  319  3  -2  
16  7  4  913  358  319  3  -2  
16  7  4  923  356  319  3  -2  
16  7  4  931  355  319  3  -2  
16  7  4  940  355  319  3  -2  
16  7  4  947  355  319  3  -2  
16  7  4  956  355  319  3  -2  
16  7  4  963  355  319  3  -2  
16  7  4  973  355  319  3  -2  
16  7  4  980  355  319  3  -2  
16  7  4  990  355  319  3  -2  
16  7  4  997  355  319  3  -2  
16  7  4  1006  355  319  3  -2  
16  7  4  1013  355  319  3  -2  
16  7  4  1024  355  319  3  -2  
16  7  4  1031  355  319  3  -2  
16  7  4  1040  355  319  3  -2  
16  7  4  1047  355  319  3  -2  
16  7  4  1056  355  319  3  -2  
16  7  4  1063  355  319  3  -2  
16  7  4  1074  355  319  3  -2  
16  7  4  1080  355  319  3  -2  
16  7  4  1090  355  319  3  -2  
16  7  4  1097  355  319  3  -2  
16  7  4  1107  355  319  3  -2  
16  7  4  1113  355  319  3  -2  
16  7  4  1123  355  319  3  -2  
16  7  4  1131  355  319  3  -2  
16  7  4  1140  355  319  3  -2  
16  7  5  1147  355  319  3  -2  
16  7  5  1156  355  319  3  -2  
16  7  5  1163  355  319  3  -2  
16  7  5  1173  355  319  3  -2  
16  7  5  1181  355  319  3  -2  
16  7  5  1190  355  319  3  -2  
16  7  5  1197  355  319  3  -2  
16  7  5  1206  355  319  3  -2  
16  7  5  1214  355  319  3  -2  
16  7  5  1223  355  319  3  -2  
16  7  5  1231  355  319  3  -2  
16  7  5  1240  355  319  3  -2  
16  7  5  1248  355  319  3  -2  
16  7  5  1257  355  319  3  -2  
16  7  5  1265  355  319  3  -2  
16  7  5  1274  355  319  3  -2  
16  7  5  1281  355  319  3  -2  
16  7  5  1291  355  319  3  -2  
16  7  5  1299  355  319  3  -2  
16  7  5  1306  355  319  3  -2  
16  7  5  1316  355  319  3  -2  
16  7  5  1323  355  319  3  -2  
16  7  5  1333  355  319  3  -2  
16  7  5  1341  355  319  3  -2  
16  7  5  1349  355  319  3  -2  
16  7  5  1356  355  319  3  -2  
16  7  5  1365  355  319  3  -2  
16  7  5  1373  355  319  3  -2  
16  7  5  1381  355  319  3  -2  
16  7  5  1390  355  319  3  -2  
16  7  5  1399  355  319  3  -2  
16  7  5  1406  355  319  3  -2  
16  7  5  1417  355  319  3  -2  
16  7  5  1425  355  319  3  -2  
16  7  5  1435  355  319  3  -2  
16  7  5  1444  355  319  3  -2  
16  7  5  1451  355  319  3  -2  
16  7  5  1460  355  319  3  -2  
16  7  5  1469  355  319  3  -2  
16  7  5  1476  355  319  3  -2  
16  7  5  1486  355  319  3  -2  
16  7  5  1494  355  319  3  -2  
16  7  5  1502  355  319  3  -2  
16  7  5  1512  355  319  3  -2  
16  7  5  1520  355  319  3  -2  
16  7  5  1527  355  319  3  -2  
16  7  5  1536  355  319  3  -2  
16  7  5  1543  355  319  3  -2  
16  7  5  1554  355  319  3  -2  
16  7  5  1560  355  319  3  -2  
16  7  5  1571  355  319  3  -2  
16  7  5  1577  355  319  3  -2  
16  7  5  1586  355  319  3  -2  
16  7  5  1594  355  319  3  -2  
16  7  5  1604  355  319  3  -2  
16  7  5  1611  355  319  3  -2  
16  7  5  1620  355  319  3  -2  
16  7  5  1628  355  319  3  -2  
16  7  5  1637  358  319  3  -2  
16  7  5  1646  361  319  3  -2  
16  7  5  1654  364  319  3  -2  
16  7  5  1662  369  319  3  -2  
16  7  5  1673  372  319  3  -2  
16  7  5  1680  374  319  3  -2  
16  7  5  1689  379  319  3  -2  
16  7  5  1696  389  319  3  -2  
16  7  5  1707  389  319  3  -2  
16  7  5  1713  407  319  3  -2  
16  7  5  1723  407  319  3  -2  
16  7  5  1731  427  319  3  -2  
16  7  5  1741  439  319  3  -2  
16  7  5  1748  451  319  3  -2  
16  7  5  1758  459  319  3  -2  
16  7  5  1766  469  319  3  -2  
16  7  5  1776  476  319  3  -2  
16  7  5  1785  483  319  3  -2  
16  7  5  1795  488  319  3  -2  
16  7  5  1804  495  319  4  -2  
16  7  5  1812  497  319  4  -2  
16  7  5  1821  500  319  4  -2  
16  7  5  1828  501  319  4  -2  
16  7  5  1838  503  319  4  -2  
16  7  5  1844  504  319  4  -2  
16  7  5  1853  507  319  4  -2  
16  7  5  1861  508  319  4  -2  
16  7  5  1871  511  320  4  -2  
16  7  5  1879  514  320  4  -2  
16  7  5  1888  518  320  4  -2  
16  7  5  1894  523  320  4  -2  
16  7  5  1903  525  320  4  -2  
16  7  5  1912  526  320  4  -2  
16  7  5  1921  526  320  4  -2  
16  7  5  1928  526  320  4  -2  
16  7  5  1936  526  320  4  -2  
16  7  5  1943  526  320  4  -2  
16  7  5  1953  526  320  4  -2  
16  7  5  1961  526  320  4  -2  
16  7  5  1971  526  320  4  -2  
16  7  5  1976  526  320  4  -2  
16  7  5  1987  526  320  4  -2  
16  7  5  1994  526  320  4  -2  
16  7  5  2004  526  320  4  -2  
16  7  5  2011  526  320  4  -2  
16  7  5  2021  526  320  4  -2  
16  7  5  2029  526  320  4  -2  
16  7  5  2038  526  320  4  -2  
16  7  5  2046  526  320  4  -2  
16  7  5  2055  526  320  4  -2  
16  7  5  2061  526  320  4  -2  
16  7  5  2071  526  320  4  -2  
16  7  5  2078  526  320  4  -2  
16  7  5  2088  526  320  4  -2  
16  7  5  2094  526  320  4  -2  
16  7  5  2105  526  320  4  -2  
16  7  5  2112  522  321  4  -2  
16  7  5  2121  517  321  4  -2  
16  7  5  2129  510  321  4  -2  
16  7  5  2138  499  321  4  -2  
16  7  6  2145  472  321  4  -2  
16  7  6  2155  472  321  4  -2  
16  7  6  2163  444  321  4  -2  
16  7  6  2173  431  321  4  -2  
16  7  6  2179  418  321  4  -2  
16  7  6  2190  406  321  4  -2  
16  7  6  2195  394  321  5  -2  
16  7  6  2205  384  321  5  -2  
16  7  6  2212  374  321  5  -2  
16  7  6  2222  369  321  5  -2  
16  7  6  2228  365  321  5  -2  
16  7  6  2239  363  321  5  -2  
16  7  6  2246  360  321  5  -2  
16  7  6  2255  359  321  5  -2  
16  7  6  2264  359  321  5  -2  
16  7  6  2275  358  321  5  -2  
16  7  6  2282  356  321  5  -2  
16  7  6  2291  356  321  5  -2  
16  7  6  2299  355  321  5  -2  
16  7  6  2308  355  321  5  -2  
16  7  6  2316  355  321  5  -2  
16  7  6  2324  355  321  5  -2  
16  7  6  2332  355  321  5  -2  
16  7  6  2342  355  321  5  -2  
16  7  6  2350  355  321  5  -2  
16  7  6  2357  355  321  5  -2  
16  7  6  2365  355  321  5  -2  
16  7  6  2374  355  321  5  -2  
16  7  6  2383  355  321  5  -2  
16  7  6  2391  355  321  5  -2  
16  7  6  2400  355  321  5  -2  
16  7  6  2409  355  321  5  -2  
16  7  6  2417  355  321  5  -2  
16  7  6  2424  355  321  5  -2  
16  7  6  2433  355  321  5  -2  
16  7  6  2441  355  321  5  -2  
16  7  6  2451  355  321  5  -2  
16  7  6  2458  355  321  5  -2  
16  7  6  2467  355  321  5  -2  
16  7  6  2476  355  321  5  -2  
16  7  6  2484  355  321  5  -2  
16  7  6  2493  355  321  5  -2  
16  7  6  2502  355  321  5  -2  
16  7  6  2508  355  321  5  -2  
16  7  6  2518  355  321  5  -2  
16  7  6  2525  355  321  5  -2  
16  7  6  2534  355  321  5  -2  
16  7  6  2542  355  321  5  -2  
16  7  6  2551  355  321  5  -2  
16  7  6  2559  355  321  5  -2  
16  7  6  2567  355  321  5  -2  
16  7  6  2575  355  321  5  -2  
16  7  6  2584  355  321  5  -2  
16  7  6  2591  355  321  5  -2  
16  7  6  2602  355  321  5  -2  
16  7  6  2610  355  321  5  -2  
16  7  6  2619  355  321  5  -2  
16  7  6  2625  355  321  5  -2  
16  7  6  2633  355  321  5  -2  
16  7  6  2642  355  321  5  -2  
16  7  6  2652  355  321  5  -2  
16  7  6  2659  355  321  5  -2  
16  7  6  2667  355  321  5  -2  
16  7  6  2676  355  321  5  -2  
16  7  6  2684  355  321  5  -2  
16  7  6  2692  355  321  5  -2  
16  7  6  2702  355  321  5  -2  
16  7  6  2710  355  321  5  -2  
16  7  6  2719  355  321  5  -2  
16  7  6  2726  355  321  5  -2  
16  7  6  2734  355  321  5  -2  
16  7  6  2742  355  321  5  -2  
16  7  6  2752  355  321  5  -2  
16  7  6  2759  355  321  5  -2  
16  7  6  2770  355  321  5  -2  
16  7  6  2775  355  321  5  -2  
16  7  6  2786  355  321  5  -2  
16  7  6  2794  355  321  5  -2  
16  7  6  2803  355  321  5  -2  
16  7  6  2810  355  321  5  -2  
16  7  6  2819  355  321  5  -2  
16  7  6  2827  355  321  5  -2  
16  7  6  2836  355  321  5  -2  
16  7  6  2843  355  321  5  -2  
16  7  6  2853  355  321  5  -2  
16  7  6  2860  355  321  5  -2  
