16  13  3  0  366  320  1  -2  
16  13  3  8  366  320  1  -2  
16  13  3  17  366  320  1  -2  
16  13  3  24  366  320  1  -2  
16  13  4  33  366  320  1  -2  
16  13  4  42  366  320  1  -2  
16  13  4  50  366  320  1  -2  
16  13  4  58  366  320  1  -2  
16  13  4  66  366  320  1  -2  
16  13  4  76  366  320  1  -2  
16  13  4  83  366  320  1  -2  
16  13  4  92  366  320  1  -2  
16  13  4  99  366  320  1  -2  
16  13  4  108  366  320  1  -2  
16  13  4  116  366  320  1  -2  
16  13  4  125  366  320  1  -2  
16  13  4  132  366  320  1  -2  
16  13  4  141  366  320  1  -2  
16  13  4  150  366  320  1  -2  
16  13  4  157  366  320  1  -2  
16  13  4  166  366  320  1  -2  
16  13  4  174  366  320  1  -2  
16  13  4  182  366  320  1  -2  
16  13  4  190  366  320  1  -2  
16  13  4  200  366  320  1  -2  
16  13  4  207  366  320  1  -2  
16  13  4  216  366  320  1  -2  
16  13  4  224  366  320  1  -2  
16  13  4  232  366  320  1  -2  
16  13  4  241  366  320  1  -2  
16  13  4  250  366  320  1  -2  
16  13  4  257  366  320  1  -2  
16  13  4  266  366  320  1  -2  
16  13  4  274  366  320  1  -2  
16  13  4  282  366  320  1  -2  
16  13  4  291  366  320  1  -2  
16  13  4  299  366  320  1  -2  
16  13  4  307  366  320  1  -2  
16  13  4  316  366  320  1  -2  
16  13  4  324  366  320  1  -2  
16  13  4  332  366  320  1  -2  
16  13  4  341  366  320  1  -2  
16  13  4  348  366  320  1  -2  
16  13  4  357  366  320  1  -2  
16  13  4  366  368  320  1  -2  
16  13  4  375  371  320  1  -2  
16  13  4  382  375  320  1  -2  
16  13  4  392  379  320  1  -2  
16  13  4  399  382  320  1  -2  
16  13  4  407  385  320  1  -2  
16  13  4  415  390  320  1  -2  
16  13  4  424  395  320  1  -2  
16  13  4  433  402  320  1  -2  
16  13  4  441  407  320  1  -2  
16  13  4  450  416  320  1  -2  
16  13  4  458  423  320  1  -2  
16  13  4  466  429  320  1  -2  
16  13  4  474  436  320  1  -2  
16  13  4  482  445  320  1  -2  
16  13  4  491  451  320  1  -2  
16  13  4  500  468  320  1  -2  
16  13  4  507  477  320  1  -2  
16  13  4  515  483  320  1  -2  
16  13  4  525  492  320  1  -2  
16  13  4  533  498  320  2  -2  
16  13  4  541  504  320  2  -2  
16  13  4  550  505  320  2  -2  
16  13  4  557  508  320  2  -2  
16  13  4  566  508  320  2  -2  
16  13  4  573  509  320  2  -2  
16  13  4  583  509  320  2  -2  
16  13  4  591  509  320  2  -2  
16  13  4  599  509  320  2  -2  
16  13  4  607  509  320  2  -2  
16  13  4  616  511  320  2  -2  
16  13  4  624  512  320  2  -2  
16  13  4  633  513  320  2  -2  
16  13  4  641  516  320  2  -2  
16  13  4  649  516  320  2  -2  
16  13  4  658  517  320  2  -2  
16  13  4  665  518  320  2  -2  
16  13  4  674  518  320  2  -2  
16  13  4  682  518  320  2  -2  
16  13  4  692  518  320  2  -2  
16  13  4  700  519  320  2  -2  
16  13  4  708  519  320  2  -2  
16  13  4  716  519  320  2  -2  
16  13  4  723  519  320  2  -2  
16  13  4  732  519  320  2  -2  
16  13  4  741  519  320  2  -2  
16  13  4  749  519  320  2  -2  
16  13  4  758  519  320  2  -2  
16  13  4  766  519  320  2  -2  
16  13  4  774  520  320  2  -2  
16  13  4  783  520  320  2  -2  
16  13  4  791  520  320  2  -2  
16  13  4  802  520  320  2  -2  
16  13  4  808  520  320  2  -2  
16  13  4  816  520  320  2  -2  
16  13  4  824  520  320  2  -2  
16  13  4  833  520  320  2  -2  
16  13  4  842  520  320  2  -2  
16  13  4  850  520  320  2  -2  
16  13  4  858  520  320  2  -2  
16  13  4  866  520  320  2  -2  
16  13  4  875  520  320  2  -2  
16  13  4  883  520  320  2  -2  
16  13  4  891  520  320  2  -2  
16  13  4  902  520  320  2  -2  
16  13  4  909  519  320  2  -2  
16  13  4  917  519  320  2  -2  
16  13  4  925  516  320  2  -2  
16  13  4  933  514  320  2  -2  
16  13  4  942  510  320  2  -2  
16  13  4  950  507  322  2  -2  
16  13  4  958  504  322  2  -2  
16  13  4  966  501  322  2  -2  
16  13  4  975  498  322  2  -2  
16  13  4  983  494  322  2  -2  
16  13  4  991  491  322  2  -2  
16  13  4  1001  487  322  2  -2  
16  13  4  1008  479  322  2  -2  
16  13  4  1016  471  322  2  -2  
16  13  4  1025  464  322  2  -2  
16  13  5  1033  456  322  2  -2  
16  13  5  1041  449  322  2  -2  
16  13  5  1049  442  322  2  -2  
16  13  5  1058  432  322  2  -2  
16  13  5  1066  425  322  2  -2  
16  13  5  1074  417  324  2  -2  
16  13  5  1084  411  324  2  -2  
16  13  5  1091  404  324  2  -2  
16  13  5  1102  404  324  2  -2  
16  13  5  1109  403  324  2  -2  
16  13  5  1116  403  324  2  -2  
16  13  5  1125  403  324  2  -2  
16  13  5  1133  403  324  2  -2  
16  13  5  1142  402  324  2  -2  
16  13  5  1151  402  324  2  -2  
16  13  5  1157  401  324  2  -2  
16  13  5  1166  400  324  2  -2  
16  13  5  1175  399  324  2  -2  
16  13  5  1182  399  324  2  -2  
16  13  5  1191  398  324  3  -2  
16  13  5  1203  398  324  3  -2  
16  13  5  1208  398  324  3  -2  
16  13  5  1216  398  324  3  -2  
16  13  5  1225  398  324  3  -2  
16  13  5  1233  398  324  3  -2  
16  13  5  1241  398  324  3  -2  
16  13  5  1252  398  324  3  -2  
16  13  5  1258  398  324  3  -2  
16  13  5  1266  397  324  3  -2  
16  13  5  1274  397  324  3  -2  
16  13  5  1283  397  324  3  -2  
16  13  5  1291  397  324  3  -2  
16  13  5  1301  397  324  3  -2  
16  13  5  1308  397  324  3  -2  
16  13  5  1316  397  324  3  -2  
16  13  5  1325  397  324  3  -2  
16  13  5  1334  397  324  3  -2  
16  13  5  1342  397  324  3  -2  
16  13  5  1351  397  324  3  -2  
16  13  5  1357  397  324  3  -2  
16  13  5  1368  397  324  3  -2  
16  13  5  1375  397  324  3  -2  
16  13  5  1382  397  324  3  -2  
16  13  5  1391  397  324  3  -2  
16  13  5  1402  397  324  3  -2  
16  13  5  1409  397  324  3  -2  
16  13  5  1416  397  324  3  -2  
16  13  5  1425  397  324  3  -2  
16  13  5  1432  397  324  3  -2  
16  13  5  1442  397  324  3  -2  
16  13  5  1450  397  324  3  -2  
16  13  5  1458  397  324  3  -2  
16  13  5  1466  397  324  3  -2  
16  13  5  1474  397  324  3  -2  
16  13  5  1483  397  324  3  -2  
16  13  5  1491  397  324  3  -2  
16  13  5  1502  397  324  3  -2  
16  13  5  1508  397  324  3  -2  
16  13  5  1516  397  324  3  -2  
16  13  5  1525  397  324  3  -2  
16  13  5  1533  397  324  3  -2  
16  13  5  1542  397  324  3  -2  
16  13  5  1551  397  324  3  -2  
16  13  5  1558  397  324  3  -2  
16  13  5  1566  397  324  3  -2  
16  13  5  1575  397  324  3  -2  
16  13  5  1584  397  324  3  -2  
16  13  5  1591  397  324  3  -2  
16  13  5  1602  397  324  3  -2  
16  13  5  1609  397  324  3  -2  
16  13  5  1616  397  324  3  -2  
16  13  5  1625  397  324  3  -2  
16  13  5  1633  397  324  3  -2  
16  13  5  1642  397  324  3  -2  
16  13  5  1652  397  324  3  -2  
16  13  5  1659  397  324  3  -2  
16  13  5  1666  397  324  3  -2  
16  13  5  1675  397  324  3  -2  
16  13  5  1683  397  324  3  -2  
16  13  5  1692  397  324  3  -2  
16  13  5  1700  397  324  3  -2  
16  13  5  1708  397  324  3  -2  
16  13  5  1717  397  324  3  -2  
16  13  5  1725  397  324  3  -2  
16  13  5  1736  397  324  3  -2  
16  13  5  1742  397  324  3  -2  
16  13  5  1752  397  324  3  -2  
16  13  5  1758  397  324  3  -2  
16  13  5  1766  397  324  3  -2  
16  13  5  1775  397  324  3  -2  
16  13  5  1783  397  324  3  -2  
16  13  5  1792  397  324  3  -2  
16  13  5  1802  397  324  3  -2  
16  13  5  1808  397  324  3  -2  
16  13  5  1816  397  324  3  -2  
16  13  5  1825  397  324  3  -2  
16  13  5  1836  397  324  3  -2  
16  13  5  1843  397  324  3  -2  
16  13  5  1853  397  324  3  -2  
16  13  5  1861  397  324  3  -2  
16  13  5  1868  397  324  3  -2  
16  13  5  1874  397  324  3  -2  
16  13  5  1885  397  324  3  -2  
16  13  5  1891  397  324  3  -2  
16  13  5  1901  397  324  3  -2  
16  13  5  1909  397  324  3  -2  
16  13  5  1918  397  324  3  -2  
16  13  5  1924  397  324  3  -2  
16  13  5  1933  397  324  3  -2  
16  13  5  1941  397  324  3  -2  
16  13  5  1951  397  324  3  -2  
16  13  5  1958  397  324  3  -2  
16  13  5  1967  397  324  3  -2  
16  13  5  1974  397  324  3  -2  
16  13  5  1985  397  324  3  -2  
16  13  5  1991  397  324  3  -2  
16  13  5  2001  397  324  3  -2  
16  13  5  2008  397  324  3  -2  
16  13  5  2015  397  324  3  -2  
16  13  5  2024  397  324  3  -2  
16  13  6  2035  397  324  3  -2  
16  13  6  2041  397  324  3  -2  
16  13  6  2051  397  324  3  -2  
16  13  6  2058  397  324  3  -2  
16  13  6  2068  397  324  3  -2  
16  13  6  2075  397  324  3  -2  
16  13  6  2082  397  324  3  -2  
16  13  6  2091  397  324  3  -2  
16  13  6  2101  397  324  3  -2  
16  13  6  2109  397  324  3  -2  
16  13  6  2117  397  324  3  -2  
16  13  6  2124  397  324  3  -2  
16  13  6  2135  397  324  3  -2  
16  13  6  2141  397  324  3  -2  
16  13  6  2150  397  324  3  -2  
16  13  6  2158  397  324  3  -2  
16  13  6  2168  397  324  3  -2  
16  13  6  2174  397  324  3  -2  
16  13  6  2185  397  324  3  -2  
16  13  6  2191  397  324  3  -2  
16  13  6  2201  397  324  3  -2  
16  13  6  2208  397  324  3  -2  
16  13  6  2218  397  324  3  -2  
16  13  6  2224  397  324  3  -2  
16  13  6  2235  397  324  3  -2  
16  13  6  2241  397  324  3  -2  
16  13  6  2251  397  324  3  -2  
16  13  6  2257  397  324  3  -2  
16  13  6  2268  397  324  3  -2  
16  13  6  2274  400  324  3  -2  
16  13  6  2285  400  324  3  -2  
16  13  6  2291  404  324  3  -2  
16  13  6  2301  409  324  3  -2  
16  13  6  2309  413  326  3  -2  
16  13  6  2318  420  326  3  -2  
16  13  6  2325  427  328  3  -2  
16  13  6  2335  437  329  3  -2  
16  13  6  2342  446  330  3  -2  
16  13  6  2351  456  333  3  -2  
16  13  6  2358  463  333  3  -2  
16  13  6  2367  470  334  3  -2  
16  13  6  2374  475  334  3  -2  
16  13  6  2385  479  335  3  -2  
16  13  6  2391  481  335  3  -2  
16  13  6  2403  482  335  3  -2  
16  13  6  2408  484  336  3  -2  
16  13  6  2418  484  336  3  -2  
16  13  6  2424  484  336  3  -2  
16  13  6  2435  485  336  3  -2  
16  13  6  2441  487  336  3  -2  
16  13  6  2453  487  336  3  -2  
16  13  6  2458  489  336  3  -2  
16  13  6  2468  489  336  3  -2  
16  13  6  2476  490  336  3  -2  
16  13  6  2484  493  336  3  -2  
16  13  6  2492  493  336  3  -2  
16  13  6  2503  494  336  3  -2  
16  13  6  2510  495  336  3  -2  
16  13  6  2518  497  336  3  -2  
16  13  6  2525  501  338  3  -2  
16  13  6  2535  504  338  4  -2  
16  13  6  2541  507  338  4  -2  
16  13  6  2553  508  338  4  -2  
16  13  6  2558  510  338  4  -2  
16  13  6  2568  510  338  4  -2  
16  13  6  2576  510  338  4  -2  
16  13  6  2585  510  338  4  -2  
16  13  6  2592  510  338  4  -2  
16  13  6  2601  510  338  4  -2  
16  13  6  2608  510  338  4  -2  
16  13  6  2618  510  338  4  -2  
16  13  6  2626  510  338  4  -2  
16  13  6  2633  510  338  4  -2  
16  13  6  2641  510  338  4  -2  
16  13  6  2654  510  338  4  -2  
16  13  6  2659  510  338  4  -2  
16  13  6  2670  510  338  4  -2  
16  13  6  2676  510  338  4  -2  
16  13  6  2686  510  338  4  -2  
16  13  6  2693  510  338  4  -2  
16  13  6  2703  510  338  4  -2  
16  13  6  2710  510  338  4  -2  
16  13  6  2720  510  338  4  -2  
16  13  6  2725  509  339  4  -2  
16  13  6  2737  509  339  4  -2  
16  13  6  2743  509  339  4  -2  
16  13  6  2753  508  340  4  -2  
16  13  6  2760  508  340  4  -2  
16  13  6  2769  508  340  4  -2  
16  13  6  2776  508  340  4  -2  
16  13  6  2786  508  340  4  -2  
16  13  6  2792  507  340  4  -2  
16  13  6  2803  507  340  4  -2  
16  13  6  2811  507  340  4  -2  
16  13  6  2820  505  341  4  -2  
16  13  6  2824  504  341  4  -2  
16  13  6  2836  504  341  4  -2  
16  13  6  2842  503  341  4  -2  
16  13  6  2853  503  341  4  -2  
16  13  6  2861  497  341  4  -2  
16  13  6  2870  492  341  4  -2  
16  13  6  2877  486  341  4  -2  
16  13  6  2886  480  341  4  -2  
16  13  6  2893  473  341  4  -2  
16  13  6  2903  466  341  4  -2  
16  13  6  2911  458  341  4  -2  
16  13  6  2920  451  341  4  -2  
16  13  6  2925  444  341  4  -2  
16  13  6  2936  437  341  4  -2  
16  13  6  2943  427  341  4  -2  
16  13  6  2953  417  341  4  -2  
16  13  6  2960  406  341  4  -2  
16  13  6  2969  394  341  4  -2  
