15  3  52  0  363  322  1  -2  
15  3  52  8  363  322  1  -2  
15  3  52  17  362  323  1  -2  
15  3  52  25  362  323  1  -2  
15  3  52  33  362  323  1  -2  
15  3  52  42  362  323  1  -2  
15  3  52  50  362  323  1  -2  
15  3  52  58  362  323  1  -2  
15  3  52  66  362  323  1  -2  
15  3  52  75  362  323  1  -2  
15  3  52  83  362  323  1  -2  
15  3  52  93  362  323  1  -2  
15  3  52  100  362  324  1  -2  
15  3  52  109  363  325  1  -2  
15  3  52  117  369  326  1  -2  
15  3  52  126  376  329  1  -2  
15  3  52  133  383  329  1  -2  
15  3  52  143  388  330  1  -2  
15  3  52  150  394  330  1  -2  
15  3  52  159  397  330  1  -2  
15  3  52  167  401  330  1  -2  
15  3  52  175  405  330  1  -2  
15  3  52  183  408  330  1  -2  
15  3  52  193  410  329  1  -2  
15  3  52  201  412  329  1  -2  
15  3  52  209  416  329  1  -2  
15  3  52  217  421  328  1  -2  
15  3  52  226  426  328  1  -2  
15  3  52  234  433  327  1  -2  
15  3  52  243  440  327  1  -2  
15  3  52  252  447  327  1  -2  
15  3  52  259  462  327  1  -2  
15  3  52  267  462  327  1  -2  
15  3  52  277  472  327  1  -2  
15  3  52  283  485  327  1  -2  
15  3  52  293  485  327  1  -2  
15  3  52  301  496  327  1  -2  
15  3  52  309  499  327  2  -2  
15  3  52  317  501  327  2  -2  
15  3  52  325  502  327  2  -2  
15  3  52  333  503  327  2  -2  
15  3  52  343  504  327  2  -2  
15  3  52  351  504  327  2  -2  
15  3  52  359  506  327  2  -2  
15  3  52  367  508  327  2  -2  
15  3  52  375  511  327  2  -2  
15  3  52  383  515  327  2  -2  
15  3  52  393  517  327  2  -2  
15  3  52  401  518  327  2  -2  
15  3  52  409  519  327  2  -2  
15  3  52  417  519  327  2  -2  
15  3  52  426  519  327  2  -2  
15  3  52  434  519  327  2  -2  
15  3  52  443  519  327  2  -2  
15  3  52  452  519  327  2  -2  
15  3  52  459  519  327  2  -2  
15  3  52  467  519  327  2  -2  
15  3  52  475  519  327  2  -2  
15  3  52  484  519  327  2  -2  
15  3  52  493  519  327  2  -2  
15  3  52  501  519  327  2  -2  
15  3  52  508  519  327  2  -2  
15  3  52  518  519  327  2  -2  
15  3  52  526  519  327  2  -2  
15  3  52  534  519  327  2  -2  
15  3  52  543  519  327  2  -2  
15  3  52  552  519  327  2  -2  
15  3  52  559  519  327  2  -2  
15  3  52  569  519  327  2  -2  
15  3  52  577  519  327  2  -2  
15  3  52  585  519  327  2  -2  
15  3  52  593  519  327  2  -2  
15  3  52  600  519  327  2  -2  
15  3  52  610  519  327  2  -2  
15  3  52  618  519  327  2  -2  
15  3  52  626  519  327  2  -2  
15  3  52  634  519  327  2  -2  
15  3  52  643  519  327  2  -2  
15  3  53  652  519  327  2  -2  
15  3  53  659  519  327  2  -2  
15  3  53  669  519  327  2  -2  
15  3  53  676  519  327  2  -2  
15  3  53  684  519  327  2  -2  
15  3  53  694  519  327  2  -2  
15  3  53  702  519  327  2  -2  
15  3  53  709  519  327  2  -2  
15  3  53  717  519  327  2  -2  
15  3  53  725  519  327  2  -2  
15  3  53  734  519  327  2  -2  
15  3  53  744  519  327  2  -2  
15  3  53  751  519  327  2  -2  
15  3  53  759  519  327  2  -2  
15  3  53  769  519  327  2  -2  
15  3  53  777  519  327  2  -2  
15  3  53  784  519  327  2  -2  
15  3  53  794  519  327  2  -2  
15  3  53  802  519  327  2  -2  
15  3  53  809  519  327  2  -2  
15  3  53  817  519  327  2  -2  
15  3  53  825  519  327  2  -2  
15  3  53  834  519  327  2  -2  
15  3  53  843  519  327  2  -2  
15  3  53  850  519  327  2  -2  
15  3  53  859  519  327  2  -2  
15  3  53  868  519  327  2  -2  
15  3  53  877  519  327  2  -2  
15  3  53  885  517  327  2  -2  
15  3  53  894  517  327  2  -2  
15  3  53  900  513  327  2  -2  
15  3  53  909  508  327  2  -2  
15  3  53  917  503  325  2  -2  
15  3  53  926  494  325  2  -2  
15  3  53  934  484  323  2  -2  
15  3  53  943  474  323  2  -2  
15  3  53  952  457  323  2  -2  
15  3  53  959  444  323  2  -2  
15  3  53  968  429  323  2  -2  
15  3  53  976  417  323  2  -2  
15  3  53  984  407  323  2  -2  
15  3  53  995  396  323  3  -2  
15  3  53  1001  389  322  3  -2  
15  3  53  1009  379  322  3  -2  
15  3  53  1018  374  322  3  -2  
15  3  53  1026  371  322  3  -2  
15  3  53  1033  368  322  3  -2  
15  3  53  1043  368  322  3  -2  
15  3  53  1051  366  322  3  -2  
15  3  53  1059  366  322  3  -2  
15  3  53  1068  365  322  3  -2  
15  3  53  1077  365  322  3  -2  
15  3  53  1085  365  322  3  -2  
15  3  53  1095  364  322  3  -2  
15  3  53  1101  364  322  3  -2  
15  3  53  1109  362  322  3  -2  
15  3  53  1117  362  322  3  -2  
15  3  53  1126  362  322  3  -2  
15  3  53  1134  362  322  3  -2  
15  3  53  1143  362  322  3  -2  
15  3  53  1151  362  322  3  -2  
15  3  53  1159  362  322  3  -2  
15  3  53  1167  362  322  3  -2  
15  3  53  1177  362  322  3  -2  
15  3  53  1185  362  322  3  -2  
15  3  53  1194  362  322  3  -2  
15  3  53  1201  362  322  3  -2  
15  3  53  1212  362  322  3  -2  
15  3  53  1218  362  322  3  -2  
15  3  53  1227  362  322  3  -2  
15  3  53  1235  362  322  3  -2  
15  3  53  1244  362  322  3  -2  
15  3  53  1250  362  322  3  -2  
15  3  53  1261  362  322  3  -2  
15  3  53  1267  362  322  3  -2  
15  3  53  1275  362  322  3  -2  
15  3  53  1283  362  322  3  -2  
15  3  53  1294  362  322  3  -2  
15  3  53  1302  362  322  3  -2  
15  3  53  1309  365  322  3  -2  
15  3  53  1318  368  322  3  -2  
15  3  53  1325  375  322  3  -2  
15  3  53  1333  387  324  3  -2  
15  3  53  1342  400  324  3  -2  
15  3  53  1352  419  327  3  -2  
15  3  53  1358  439  327  3  -2  
15  3  53  1366  461  328  3  -2  
15  3  53  1378  479  328  3  -2  
15  3  53  1383  495  328  3  -2  
15  3  53  1394  507  328  4  -2  
15  3  53  1402  517  328  4  -2  
15  3  53  1408  522  328  4  -2  
15  3  53  1417  525  328  4  -2  
15  3  53  1428  527  328  4  -2  
15  3  53  1433  527  328  4  -2  
15  3  53  1444  527  328  4  -2  
15  3  53  1451  527  328  4  -2  
15  3  53  1460  527  328  4  -2  
15  3  53  1467  527  328  4  -2  
15  3  53  1478  527  328  4  -2  
15  3  53  1485  528  328  4  -2  
15  3  53  1494  528  328  4  -2  
15  3  53  1501  528  328  4  -2  
15  3  53  1510  529  328  4  -2  
15  3  53  1518  529  328  4  -2  
15  3  53  1527  529  328  4  -2  
15  3  53  1535  529  328  4  -2  
15  3  53  1544  529  328  4  -2  
15  3  53  1550  530  328  4  -2  
15  3  53  1560  530  328  4  -2  
15  3  53  1568  529  326  4  -2  
15  3  53  1575  529  326  4  -2  
15  3  53  1585  527  325  4  -2  
15  3  53  1594  527  325  4  -2  
15  3  53  1601  527  325  4  -2  
15  3  53  1609  527  325  4  -2  
15  3  53  1617  527  325  4  -2  
15  3  53  1628  527  325  4  -2  
15  3  53  1635  527  325  4  -2  
15  3  53  1644  527  325  4  -2  
15  3  54  1652  527  325  4  -2  
15  3  54  1661  527  325  4  -2  
15  3  54  1668  527  325  4  -2  
15  3  54  1676  527  325  4  -2  
15  3  54  1684  527  325  4  -2  
15  3  54  1695  527  325  4  -2  
15  3  54  1701  526  325  4  -2  
15  3  54  1709  524  325  4  -2  
15  3  54  1717  523  325  4  -2  
15  3  54  1728  520  325  4  -2  
15  3  54  1734  515  325  4  -2  
15  3  54  1745  510  325  4  -2  
15  3  54  1750  502  325  4  -2  
15  3  54  1761  493  325  4  -2  
15  3  54  1768  481  324  4  -2  
15  3  54  1776  468  324  4  -2  
15  3  54  1784  455  324  4  -2  
15  3  54  1794  440  324  4  -2  
15  3  54  1802  427  324  4  -2  
15  3  54  1811  415  324  4  -2  
15  3  54  1819  405  324  4  -2  
