13  59  13  0  350  323  1  -2  
13  59  13  9  350  323  1  -2  
13  59  13  16  350  323  1  -2  
13  59  13  25  350  323  1  -2  
13  59  13  32  350  323  1  -2  
13  59  13  42  350  323  1  -2  
13  59  13  48  350  323  1  -2  
13  59  13  58  350  323  1  -2  
13  59  13  66  350  323  1  -2  
13  59  13  76  350  323  1  -2  
13  59  13  82  350  323  1  -2  
13  59  13  92  350  323  1  -2  
13  59  13  99  350  323  1  -2  
13  59  13  109  350  323  1  -2  
13  59  13  114  350  323  1  -2  
13  59  13  124  350  323  1  -2  
13  59  13  131  350  323  1  -2  
13  59  13  142  350  323  1  -2  
13  59  13  149  350  323  1  -2  
13  59  13  157  350  323  1  -2  
13  59  13  164  350  323  1  -2  
13  59  13  174  350  323  1  -2  
13  59  13  181  350  323  1  -2  
13  59  13  191  350  323  1  -2  
13  59  13  199  350  323  1  -2  
13  59  13  208  350  323  1  -2  
13  59  13  214  350  323  1  -2  
13  59  13  224  350  323  1  -2  
13  59  13  231  350  323  1  -2  
13  59  13  241  350  323  1  -2  
13  59  13  248  350  323  1  -2  
13  59  13  257  350  323  1  -2  
13  59  13  264  350  323  1  -2  
13  59  13  274  350  323  1  -2  
13  59  13  282  350  323  1  -2  
13  59  13  291  350  323  1  -2  
13  59  13  299  350  323  1  -2  
13  59  13  307  350  323  1  -2  
13  59  13  316  350  323  1  -2  
13  59  13  324  350  323  1  -2  
13  59  13  331  350  323  1  -2  
13  59  13  341  350  323  1  -2  
13  59  14  349  350  323  1  -2  
13  59  14  357  350  323  1  -2  
13  59  14  364  350  323  1  -2  
13  59  14  374  350  323  1  -2  
13  59  14  382  350  323  1  -2  
13  59  14  391  350  323  1  -2  
13  59  14  399  350  323  1  -2  
13  59  14  407  350  323  1  -2  
13  59  14  414  350  323  1  -2  
13  59  14  424  350  323  1  -2  
13  59  14  431  350  323  1  -2  
13  59  14  441  350  323  1  -2  
13  59  14  448  350  323  1  -2  
13  59  14  457  350  323  1  -2  
13  59  14  464  350  323  1  -2  
13  59  14  473  350  323  1  -2  
13  59  14  481  350  323  1  -2  
13  59  14  491  350  323  1  -2  
13  59  14  498  350  323  1  -2  
13  59  14  507  350  323  1  -2  
13  59  14  515  350  323  1  -2  
13  59  14  523  350  323  1  -2  
13  59  14  531  350  323  1  -2  
13  59  14  541  350  323  1  -2  
13  59  14  549  350  323  1  -2  
13  59  14  557  350  323  1  -2  
13  59  14  565  350  323  1  -2  
13  59  14  574  350  323  1  -2  
13  59  14  581  350  323  1  -2  
13  59  14  591  350  323  1  -2  
13  59  14  598  350  323  1  -2  
13  59  14  609  351  323  1  -2  
13  59  14  615  353  323  1  -2  
13  59  14  624  358  323  1  -2  
13  59  14  632  367  323  1  -2  
13  59  14  641  378  323  1  -2  
13  59  14  649  390  323  1  -2  
13  59  14  657  405  323  1  -2  
13  59  14  665  420  323  1  -2  
13  59  14  673  435  323  1  -2  
13  59  14  682  453  323  1  -2  
13  59  14  691  466  323  1  -2  
13  59  14  699  479  323  1  -2  
13  59  14  707  493  323  1  -2  
13  59  14  715  503  323  2  -2  
13  59  14  724  514  323  2  -2  
13  59  14  731  524  323  2  -2  
13  59  14  742  531  323  2  -2  
13  59  14  750  542  323  2  -2  
13  59  14  756  544  323  2  -2  
13  59  14  765  547  323  2  -2  
13  59  14  773  547  323  2  -2  
13  59  14  783  547  323  2  -2  
13  59  14  791  547  323  2  -2  
13  59  14  799  547  323  2  -2  
13  59  14  808  547  323  2  -2  
13  59  14  815  547  323  2  -2  
13  59  14  824  547  323  2  -2  
13  59  14  831  547  323  2  -2  
13  59  14  842  547  323  2  -2  
13  59  14  849  547  323  2  -2  
13  59  14  857  547  323  2  -2  
13  59  14  866  547  323  2  -2  
13  59  14  874  547  323  2  -2  
13  59  14  881  546  323  2  -2  
13  59  14  892  541  323  2  -2  
13  59  14  899  536  323  2  -2  
13  59  14  907  529  323  2  -2  
13  59  14  916  519  323  2  -2  
13  59  14  923  506  323  2  -2  
13  59  14  933  492  323  2  -2  
13  59  14  942  461  323  2  -2  
13  59  14  949  444  323  2  -2  
13  59  14  957  444  323  2  -2  
13  59  14  966  416  323  2  -2  
13  59  14  975  403  323  2  -2  
13  59  14  982  391  323  3  -2  
13  59  14  992  381  323  3  -2  
13  59  14  999  371  323  3  -2  
13  59  14  1009  361  323  3  -2  
13  59  14  1016  354  323  3  -2  
13  59  14  1024  348  323  3  -2  
13  59  14  1032  344  323  3  -2  
13  59  14  1041  340  323  3  -2  
13  59  14  1049  339  323  3  -2  
13  59  14  1059  339  323  3  -2  
13  59  14  1066  339  323  3  -2  
13  59  14  1074  338  322  3  -2  
13  59  14  1083  338  322  3  -2  
13  59  14  1091  338  322  3  -2  
13  59  14  1099  338  322  3  -2  
13  59  14  1107  338  322  3  -2  
13  59  14  1115  338  322  3  -2  
13  59  14  1125  338  322  3  -2  
13  59  14  1133  338  322  3  -2  
13  59  14  1141  338  322  3  -2  
13  59  14  1149  338  322  3  -2  
13  59  14  1159  338  322  3  -2  
13  59  14  1166  338  322  3  -2  
13  59  14  1174  338  322  3  -2  
13  59  14  1183  338  322  3  -2  
13  59  14  1192  338  322  3  -2  
13  59  14  1199  338  322  3  -2  
13  59  14  1208  338  322  3  -2  
13  59  14  1216  338  322  3  -2  
13  59  14  1224  338  322  3  -2  
13  59  14  1233  338  322  3  -2  
13  59  14  1242  338  322  3  -2  
13  59  14  1249  338  322  3  -2  
13  59  14  1258  339  322  3  -2  
13  59  14  1266  342  322  3  -2  
13  59  14  1274  343  322  3  -2  
13  59  14  1283  347  322  3  -2  
13  59  14  1292  349  322  3  -2  
13  59  14  1299  353  322  3  -2  
13  59  14  1309  356  323  3  -2  
13  59  14  1316  358  323  3  -2  
13  59  14  1324  358  323  3  -2  
13  59  14  1332  359  323  3  -2  
13  59  15  1342  360  323  3  -2  
13  59  15  1349  362  324  3  -2  
13  59  15  1359  362  324  3  -2  
13  59  15  1366  362  324  3  -2  
13  59  15  1376  362  324  3  -2  
13  59  15  1382  362  324  3  -2  
13  59  15  1392  362  324  3  -2  
13  59  15  1399  362  324  3  -2  
13  59  15  1409  362  324  3  -2  
13  59  15  1416  362  324  3  -2  
13  59  15  1425  362  324  3  -2  
13  59  15  1433  362  324  3  -2  
13  59  15  1442  362  324  3  -2  
13  59  15  1448  362  324  3  -2  
13  59  15  1458  362  324  3  -2  
13  59  15  1466  362  324  3  -2  
13  59  15  1474  362  324  3  -2  
13  59  15  1483  362  324  3  -2  
13  59  15  1492  362  324  3  -2  
13  59  15  1499  363  324  3  -2  
13  59  15  1509  365  324  3  -2  
13  59  15  1517  378  324  3  -2  
13  59  15  1525  390  324  3  -2  
13  59  15  1533  401  324  3  -2  
13  59  15  1542  416  324  3  -2  
13  59  15  1549  431  324  3  -2  
13  59  15  1558  448  324  3  -2  
13  59  15  1566  463  324  3  -2  
13  59  15  1574  478  324  3  -2  
13  59  15  1584  491  324  3  -2  
13  59  15  1592  504  324  4  -2  
13  59  15  1600  512  324  4  -2  
13  59  15  1608  521  324  4  -2  
13  59  15  1616  525  324  4  -2  
13  59  15  1626  528  324  4  -2  
13  59  15  1633  530  324  4  -2  
13  59  15  1642  533  324  4  -2  
13  59  15  1650  534  324  4  -2  
13  59  15  1658  535  324  4  -2  
13  59  15  1666  537  324  4  -2  
13  59  15  1675  538  324  4  -2  
13  59  15  1683  539  324  4  -2  
13  59  15  1691  540  324  4  -2  
13  59  15  1700  540  324  4  -2  
13  59  15  1708  540  324  4  -2  
13  59  15  1716  540  324  4  -2  
13  59  15  1726  540  324  4  -2  
13  59  15  1733  540  324  4  -2  
13  59  15  1742  540  324  4  -2  
13  59  15  1750  540  324  4  -2  
13  59  15  1758  540  324  4  -2  
13  59  15  1766  540  324  4  -2  
13  59  15  1775  540  324  4  -2  
13  59  15  1783  540  324  4  -2  
13  59  15  1792  540  324  4  -2  
13  59  15  1801  540  324  4  -2  
13  59  15  1809  540  324  4  -2  
13  59  15  1817  540  324  4  -2  
13  59  15  1824  540  324  4  -2  
13  59  15  1833  540  324  4  -2  
13  59  15  1841  540  324  4  -2  
13  59  15  1850  540  324  4  -2  
13  59  15  1857  540  324  4  -2  
13  59  15  1865  540  324  4  -2  
13  59  15  1874  540  324  4  -2  
13  59  15  1882  540  324  4  -2  
13  59  15  1891  540  324  4  -2  
13  59  15  1899  540  324  4  -2  
13  59  15  1907  540  324  4  -2  
13  59  15  1915  540  324  4  -2  
13  59  15  1924  538  324  4  -2  
13  59  15  1932  537  324  4  -2  
13  59  15  1941  537  324  4  -2  
13  59  15  1950  532  324  4  -2  
13  59  15  1957  527  324  4  -2  
13  59  15  1966  522  324  4  -2  
13  59  15  1973  514  324  4  -2  
13  59  15  1982  504  324  4  -2  
13  59  15  1991  492  324  4  -2  
13  59  15  2000  479  324  4  -2  
13  59  15  2008  466  324  4  -2  
13  59  15  2015  452  324  4  -2  
13  59  15  2024  439  322  4  -2  
13  59  15  2032  425  322  4  -2  
13  59  15  2042  412  322  4  -2  
13  59  15  2050  402  322  4  -2  
13  59  15  2058  394  322  5  -2  
13  59  15  2065  387  322  5  -2  
13  59  15  2075  382  322  5  -2  
13  59  15  2083  378  321  5  -2  
13  59  15  2092  377  321  5  -2  
13  59  15  2100  375  321  5  -2  
13  59  15  2107  374  321  5  -2  
13  59  15  2115  373  321  5  -2  
13  59  15  2124  371  321  5  -2  
13  59  15  2132  370  321  5  -2  
13  59  15  2142  370  321  5  -2  
13  59  15  2149  368  321  5  -2  
13  59  15  2157  368  321  5  -2  
13  59  15  2165  367  321  5  -2  
13  59  15  2174  367  321  5  -2  
13  59  15  2182  367  321  5  -2  
13  59  15  2191  367  321  5  -2  
13  59  15  2199  367  321  5  -2  
13  59  15  2207  367  321  5  -2  
13  59  15  2215  367  321  5  -2  
13  59  15  2224  367  321  5  -2  
13  59  15  2232  367  321  5  -2  
13  59  15  2241  367  321  5  -2  
13  59  15  2249  367  321  5  -2  
13  59  15  2257  367  321  5  -2  
13  59  15  2266  367  321  5  -2  
13  59  15  2274  367  321  5  -2  
13  59  15  2283  367  321  5  -2  
13  59  15  2292  367  321  5  -2  
13  59  15  2299  367  321  5  -2  
13  59  15  2307  367  321  5  -2  
13  59  15  2317  367  321  5  -2  
13  59  15  2326  367  321  5  -2  
13  59  15  2333  367  321  5  -2  
13  59  15  2341  367  321  5  -2  
13  59  16  2349  367  321  5  -2  
13  59  16  2357  367  321  5  -2  
13  59  16  2366  367  321  5  -2  
13  59  16  2374  367  321  5  -2  
13  59  16  2382  367  321  5  -2  
13  59  16  2392  367  321  5  -2  
13  59  16  2400  367  321  5  -2  
13  59  16  2407  367  321  5  -2  
13  59  16  2416  367  321  5  -2  
13  59  16  2424  367  321  5  -2  
13  59  16  2433  367  321  5  -2  
13  59  16  2441  367  321  5  -2  
13  59  16  2449  367  321  5  -2  
13  59  16  2457  367  321  5  -2  
13  59  16  2466  367  321  5  -2  
13  59  16  2474  367  321  5  -2  
13  59  16  2483  367  321  5  -2  
13  59  16  2491  367  321  5  -2  
13  59  16  2499  367  321  5  -2  
13  59  16  2507  367  321  5  -2  
13  59  16  2517  367  321  5  -2  
13  59  16  2524  367  321  5  -2  
13  59  16  2533  367  321  5  -2  
13  59  16  2541  367  321  5  -2  
