15  4  6  0  335  329  1  -2  
15  4  6  9  335  329  1  -2  
15  4  6  17  335  329  1  -2  
15  4  6  25  335  329  1  -2  
15  4  6  34  335  329  1  -2  
15  4  6  42  335  329  1  -2  
15  4  6  51  335  329  1  -2  
15  4  6  59  335  329  1  -2  
15  4  6  68  335  329  1  -2  
15  4  6  75  335  329  1  -2  
15  4  6  84  336  330  1  -2  
15  4  6  92  341  330  1  -2  
15  4  6  100  346  330  1  -2  
15  4  6  109  355  330  1  -2  
15  4  6  119  368  330  1  -2  
15  4  6  127  386  330  1  -2  
15  4  6  135  406  330  1  -2  
15  4  6  142  424  330  1  -2  
15  4  6  150  447  330  1  -2  
15  4  6  159  468  330  1  -2  
15  4  6  168  483  330  1  -2  
15  4  6  175  496  330  1  -2  
15  4  6  184  506  328  2  -2  
15  4  6  193  510  327  2  -2  
15  4  6  201  512  326  2  -2  
15  4  6  209  512  326  2  -2  
15  4  6  218  512  326  2  -2  
15  4  6  225  512  326  2  -2  
15  4  6  234  512  326  2  -2  
15  4  6  242  512  326  2  -2  
15  4  6  250  512  326  2  -2  
15  4  6  259  512  326  2  -2  
15  4  6  268  512  326  2  -2  
15  4  6  275  512  326  2  -2  
15  4  6  284  512  326  2  -2  
15  4  6  292  512  326  2  -2  
15  4  6  302  513  326  2  -2  
15  4  6  310  513  326  2  -2  
15  4  6  318  513  326  2  -2  
15  4  6  327  513  326  2  -2  
15  4  6  334  513  326  2  -2  
15  4  6  342  513  326  2  -2  
15  4  6  350  513  326  2  -2  
15  4  6  359  513  326  2  -2  
15  4  6  369  513  326  2  -2  
15  4  6  377  513  326  2  -2  
15  4  6  385  513  326  2  -2  
15  4  6  393  513  326  2  -2  
15  4  6  401  513  326  2  -2  
15  4  6  409  513  326  2  -2  
15  4  6  418  513  326  2  -2  
15  4  6  426  513  326  2  -2  
15  4  6  434  513  326  2  -2  
15  4  6  442  513  326  2  -2  
15  4  6  452  513  326  2  -2  
15  4  6  459  513  326  2  -2  
15  4  6  469  513  326  2  -2  
15  4  6  477  513  326  2  -2  
15  4  6  484  513  326  2  -2  
15  4  6  492  513  326  2  -2  
15  4  6  500  513  326  2  -2  
15  4  6  509  513  326  2  -2  
15  4  6  520  513  326  2  -2  
15  4  6  527  513  326  2  -2  
15  4  6  535  513  326  2  -2  
15  4  6  543  513  326  2  -2  
15  4  6  552  513  326  2  -2  
15  4  6  559  513  326  2  -2  
15  4  6  569  513  326  2  -2  
15  4  6  577  513  326  2  -2  
15  4  6  587  513  326  2  -2  
15  4  6  592  513  326  2  -2  
15  4  6  602  513  326  2  -2  
15  4  6  609  513  326  2  -2  
15  4  6  619  513  326  2  -2  
15  4  6  626  513  326  2  -2  
15  4  6  636  513  326  2  -2  
15  4  6  644  513  326  2  -2  
15  4  6  650  513  326  2  -2  
15  4  6  659  511  326  2  -2  
15  4  6  669  508  326  2  -2  
15  4  6  677  497  326  2  -2  
15  4  6  685  489  326  2  -2  
15  4  6  692  479  326  2  -2  
15  4  6  702  479  326  2  -2  
15  4  6  709  454  326  2  -2  
15  4  6  720  442  327  2  -2  
15  4  6  726  427  327  2  -2  
15  4  6  734  414  327  2  -2  
15  4  6  742  404  327  2  -2  
15  4  6  752  392  327  3  -2  
15  4  6  759  382  327  3  -2  
15  4  6  769  376  327  3  -2  
15  4  6  777  369  327  3  -2  
15  4  6  787  364  327  3  -2  
15  4  6  792  360  327  3  -2  
15  4  6  802  355  327  3  -2  
15  4  6  809  353  327  3  -2  
15  4  6  820  350  327  3  -2  
15  4  6  827  346  327  3  -2  
15  4  6  834  344  327  3  -2  
15  4  6  842  340  327  3  -2  
15  4  6  853  338  327  3  -2  
15  4  6  859  335  327  3  -2  
15  4  6  870  331  327  3  -2  
15  4  6  877  324  329  3  -2  
15  4  6  885  321  330  3  -2  
15  4  6  894  318  330  3  -2  
15  4  6  902  314  330  3  -2  
15  4  6  909  314  330  3  -2  
15  4  6  920  314  330  3  -2  
15  4  6  927  314  330  3  -2  
15  4  6  937  314  330  3  -2  
15  4  6  943  314  330  3  -2  
15  4  7  952  314  330  3  -2  
15  4  7  959  317  331  3  -2  
15  4  7  970  326  331  3  -2  
15  4  7  977  331  331  3  -2  
15  4  7  985  335  331  3  -2  
15  4  7  994  337  331  3  -2  
15  4  7  1002  338  331  3  -2  
15  4  7  1009  338  331  3  -2  
15  4  7  1020  338  331  3  -2  
15  4  7  1027  338  331  3  -2  
15  4  7  1036  338  331  3  -2  
15  4  7  1044  338  331  3  -2  
15  4  7  1054  338  331  3  -2  
15  4  7  1061  338  331  3  -2  
15  4  7  1070  338  331  3  -2  
15  4  7  1077  338  331  3  -2  
15  4  7  1085  338  331  3  -2  
15  4  7  1093  338  331  3  -2  
15  4  7  1103  338  331  3  -2  
15  4  7  1110  338  331  3  -2  
15  4  7  1120  338  331  3  -2  
15  4  7  1127  338  331  3  -2  
15  4  7  1137  338  331  3  -2  
15  4  7  1144  338  331  3  -2  
15  4  7  1153  338  331  3  -2  
15  4  7  1161  338  331  3  -2  
15  4  7  1170  338  331  3  -2  
15  4  7  1177  338  331  3  -2  
15  4  7  1187  338  331  3  -2  
15  4  7  1194  339  331  3  -2  
15  4  7  1202  343  331  3  -2  
15  4  7  1210  348  331  3  -2  
15  4  7  1220  355  331  3  -2  
15  4  7  1228  367  331  3  -2  
15  4  7  1237  382  331  3  -2  
15  4  7  1243  415  331  3  -2  
15  4  7  1253  415  331  3  -2  
15  4  7  1260  435  331  3  -2  
15  4  7  1270  450  331  3  -2  
15  4  7  1277  478  331  3  -2  
15  4  7  1286  491  331  3  -2  
15  4  7  1294  503  331  4  -2  
15  4  7  1303  510  331  4  -2  
15  4  7  1310  513  331  4  -2  
15  4  7  1320  514  331  4  -2  
15  4  7  1328  514  331  4  -2  
15  4  7  1337  514  331  4  -2  
15  4  7  1344  514  331  4  -2  
15  4  7  1353  514  331  4  -2  
15  4  7  1361  514  331  4  -2  
15  4  7  1370  514  331  4  -2  
15  4  7  1377  514  331  4  -2  
15  4  7  1388  516  331  4  -2  
15  4  7  1394  516  331  4  -2  
15  4  7  1404  516  331  4  -2  
15  4  7  1410  516  331  4  -2  
15  4  7  1420  516  331  4  -2  
15  4  7  1428  516  331  4  -2  
15  4  7  1438  516  331  4  -2  
15  4  7  1444  516  331  4  -2  
15  4  7  1454  516  331  4  -2  
15  4  7  1461  517  331  4  -2  
15  4  7  1471  517  331  4  -2  
15  4  7  1477  517  331  4  -2  
15  4  7  1487  517  331  4  -2  
15  4  7  1493  517  331  4  -2  
15  4  7  1504  517  331  4  -2  
15  4  7  1511  517  331  4  -2  
15  4  7  1520  517  331  4  -2  
15  4  7  1528  517  331  4  -2  
15  4  7  1538  517  331  4  -2  
15  4  7  1544  517  331  4  -2  
15  4  7  1554  517  331  4  -2  
15  4  7  1561  517  331  4  -2  
15  4  7  1571  517  331  4  -2  
15  4  7  1578  514  331  4  -2  
15  4  7  1588  511  331  4  -2  
15  4  7  1594  504  331  4  -2  
15  4  7  1603  495  330  4  -2  
15  4  7  1610  485  328  4  -2  
15  4  7  1621  476  328  4  -2  
15  4  7  1627  470  328  4  -2  
15  4  7  1638  459  327  4  -2  
15  4  7  1644  443  327  4  -2  
15  4  7  1655  443  327  4  -2  
15  4  7  1660  423  327  4  -2  
15  4  7  1670  423  327  4  -2  
15  4  7  1676  402  327  4  -2  
