13  59  20  0  363  312  1  -2  
13  59  20  7  363  312  1  -2  
13  59  20  17  363  312  1  -2  
13  59  20  24  363  312  1  -2  
13  59  20  33  363  312  1  -2  
13  59  20  41  363  312  1  -2  
13  59  20  49  363  312  1  -2  
13  59  20  57  363  312  1  -2  
13  59  20  67  363  312  1  -2  
13  59  20  77  363  312  1  -2  
13  59  20  82  363  312  1  -2  
13  59  20  93  363  312  1  -2  
13  59  20  99  363  312  1  -2  
13  59  20  109  363  312  1  -2  
13  59  20  116  363  312  1  -2  
13  59  20  126  363  312  1  -2  
13  59  20  133  363  312  1  -2  
13  59  20  144  363  312  1  -2  
13  59  20  150  363  312  1  -2  
13  59  20  159  363  312  1  -2  
13  59  20  168  363  312  1  -2  
13  59  20  174  363  312  1  -2  
13  59  20  182  363  312  1  -2  
13  59  20  192  363  312  1  -2  
13  59  20  200  363  312  1  -2  
13  59  20  209  363  312  1  -2  
13  59  20  217  363  312  1  -2  
13  59  20  227  363  312  1  -2  
13  59  20  233  363  312  1  -2  
13  59  20  243  363  312  1  -2  
13  59  20  249  363  312  1  -2  
13  59  20  259  363  312  1  -2  
13  59  20  268  363  312  1  -2  
13  59  20  276  363  312  1  -2  
13  59  20  283  363  312  1  -2  
13  59  20  291  363  312  1  -2  
13  59  20  300  363  312  1  -2  
13  59  20  310  363  312  1  -2  
13  59  20  317  363  312  1  -2  
13  59  20  326  363  312  1  -2  
13  59  20  333  363  312  1  -2  
13  59  20  343  363  312  1  -2  
13  59  20  351  363  312  1  -2  
13  59  20  361  363  312  1  -2  
13  59  20  367  372  312  1  -2  
13  59  20  378  372  312  1  -2  
13  59  20  384  390  312  1  -2  
13  59  20  391  405  312  1  -2  
13  59  20  400  405  312  1  -2  
13  59  20  409  433  312  1  -2  
13  59  20  417  447  312  1  -2  
13  59  20  428  461  312  1  -2  
13  59  20  434  473  312  1  -2  
13  59  20  444  483  312  1  -2  
13  59  20  450  490  312  1  -2  
13  59  20  459  495  312  2  -2  
13  59  20  468  497  312  2  -2  
13  59  20  474  498  312  2  -2  
13  59  20  483  499  312  2  -2  
13  59  20  495  499  312  2  -2  
13  59  20  501  499  312  2  -2  
13  59  20  511  500  312  2  -2  
13  59  20  516  500  312  2  -2  
13  59  20  528  500  312  2  -2  
13  59  20  533  504  312  2  -2  
13  59  20  542  504  312  2  -2  
13  59  20  549  504  312  2  -2  
13  59  20  558  504  312  2  -2  
13  59  20  567  504  312  2  -2  
13  59  20  576  504  312  2  -2  
13  59  20  582  504  312  2  -2  
13  59  20  592  504  312  2  -2  
13  59  20  599  504  312  2  -2  
13  59  20  608  504  312  2  -2  
13  59  20  616  504  312  2  -2  
13  59  20  626  504  312  2  -2  
13  59  20  632  504  312  2  -2  
13  59  20  643  504  312  2  -2  
13  59  20  649  504  312  2  -2  
13  59  20  661  504  312  2  -2  
13  59  20  667  504  312  2  -2  
13  59  20  677  504  312  2  -2  
13  59  20  682  504  312  2  -2  
13  59  20  694  504  312  2  -2  
13  59  20  699  504  312  2  -2  
13  59  20  708  504  312  2  -2  
13  59  20  717  504  312  2  -2  
13  59  20  726  504  312  2  -2  
13  59  20  732  504  312  2  -2  
13  59  20  744  504  312  2  -2  
13  59  20  750  504  312  2  -2  
13  59  20  760  504  312  2  -2  
13  59  20  767  504  312  2  -2  
13  59  21  776  504  312  2  -2  
13  59  21  783  504  312  2  -2  
13  59  21  793  504  312  2  -2  
13  59  21  799  504  312  2  -2  
13  59  21  809  504  312  2  -2  
13  59  21  818  504  312  2  -2  
13  59  21  826  504  312  2  -2  
13  59  21  833  504  312  2  -2  
13  59  21  841  504  312  2  -2  
13  59  21  849  504  312  2  -2  
13  59  21  860  504  312  2  -2  
13  59  21  867  504  312  2  -2  
13  59  21  876  504  312  2  -2  
13  59  21  882  504  312  2  -2  
13  59  21  893  504  312  2  -2  
13  59  21  899  504  312  2  -2  
13  59  21  910  503  312  2  -2  
13  59  21  916  503  312  2  -2  
13  59  21  927  502  312  2  -2  
13  59  21  933  502  312  2  -2  
13  59  21  943  501  312  2  -2  
13  59  21  949  500  312  2  -2  
13  59  21  960  500  312  2  -2  
13  59  21  967  499  312  2  -2  
13  59  21  977  496  312  2  -2  
13  59  21  984  493  312  2  -2  
13  59  21  993  490  312  2  -2  
13  59  21  1001  485  312  2  -2  
13  59  21  1011  477  312  2  -2  
13  59  21  1017  470  312  2  -2  
13  59  21  1027  461  312  2  -2  
13  59  21  1034  450  312  2  -2  
13  59  21  1043  438  312  2  -2  
13  59  21  1051  426  312  2  -2  
13  59  21  1060  416  312  2  -2  
13  59  21  1067  405  312  2  -2  
13  59  21  1077  393  312  3  -2  
13  59  21  1083  385  312  3  -2  
13  59  21  1093  375  312  3  -2  
13  59  21  1100  369  312  3  -2  
13  59  21  1110  366  312  3  -2  
13  59  21  1117  364  312  3  -2  
13  59  21  1127  363  312  3  -2  
13  59  21  1133  362  312  3  -2  
13  59  21  1143  362  312  3  -2  
13  59  21  1151  362  312  3  -2  
13  59  21  1160  362  312  3  -2  
13  59  21  1167  362  312  3  -2  
13  59  21  1177  362  312  3  -2  
13  59  21  1182  362  312  3  -2  
13  59  21  1193  362  312  3  -2  
13  59  21  1200  362  312  3  -2  
13  59  21  1210  362  312  3  -2  
13  59  21  1217  362  312  3  -2  
13  59  21  1227  362  312  3  -2  
13  59  21  1233  362  312  3  -2  
13  59  21  1243  362  312  3  -2  
13  59  21  1249  365  312  3  -2  
13  59  21  1260  371  312  3  -2  
13  59  21  1267  381  312  3  -2  
13  59  21  1277  391  312  3  -2  
13  59  21  1284  403  312  3  -2  
13  59  21  1293  416  312  3  -2  
13  59  21  1300  431  312  3  -2  
13  59  21  1310  450  315  3  -2  
13  59  21  1318  465  317  3  -2  
13  59  21  1326  478  317  3  -2  
13  59  21  1335  490  317  3  -2  
13  59  21  1343  499  318  4  -2  
13  59  21  1351  507  318  4  -2  
13  59  21  1360  509  318  4  -2  
13  59  21  1367  512  318  4  -2  
13  59  21  1377  512  318  4  -2  
13  59  21  1384  512  318  4  -2  
13  59  21  1393  512  318  4  -2  
13  59  21  1401  512  318  4  -2  
13  59  21  1410  512  318  4  -2  
13  59  21  1418  512  318  4  -2  
13  59  21  1427  512  318  4  -2  
13  59  21  1435  512  318  4  -2  
13  59  21  1443  512  318  4  -2  
13  59  21  1450  512  318  4  -2  
13  59  21  1460  512  318  4  -2  
13  59  21  1468  512  318  4  -2  
13  59  21  1477  512  318  4  -2  
13  59  21  1483  512  318  4  -2  
13  59  21  1493  512  318  4  -2  
13  59  21  1501  512  318  4  -2  
13  59  21  1510  512  318  4  -2  
13  59  21  1518  512  318  4  -2  
13  59  21  1527  512  318  4  -2  
13  59  21  1533  512  318  4  -2  
13  59  21  1543  512  318  4  -2  
13  59  21  1551  512  318  4  -2  
13  59  21  1560  512  318  4  -2  
13  59  21  1567  512  318  4  -2  
13  59  21  1577  512  318  4  -2  
13  59  21  1584  512  318  4  -2  
13  59  21  1594  510  318  4  -2  
13  59  21  1601  509  318  4  -2  
13  59  21  1611  508  318  4  -2  
13  59  21  1617  504  318  4  -2  
13  59  21  1628  500  318  4  -2  
13  59  21  1635  495  318  4  -2  
13  59  21  1643  489  318  4  -2  
13  59  21  1651  479  318  4  -2  
13  59  21  1660  470  318  4  -2  
13  59  21  1668  459  318  4  -2  
13  59  21  1677  450  318  4  -2  
13  59  21  1684  440  318  4  -2  
13  59  21  1694  432  318  4  -2  
13  59  21  1701  422  318  4  -2  
13  59  21  1710  417  318  4  -2  
13  59  21  1717  410  318  4  -2  
13  59  21  1728  405  318  4  -2  
13  59  21  1734  394  318  5  -2  
13  59  21  1743  394  318  5  -2  
13  59  21  1752  389  318  5  -2  
13  59  21  1761  385  318  5  -2  
13  59  21  1767  384  318  5  -2  
13  59  22  1778  384  318  5  -2  
13  59  22  1784  382  318  5  -2  
13  59  22  1794  382  318  5  -2  
13  59  22  1801  381  318  5  -2  
13  59  22  1810  381  318  5  -2  
13  59  22  1818  380  318  5  -2  
13  59  22  1827  380  318  5  -2  
13  59  22  1834  380  318  5  -2  
13  59  22  1843  380  318  5  -2  
13  59  22  1851  380  318  5  -2  
13  59  22  1860  380  318  5  -2  
13  59  22  1868  380  318  5  -2  
13  59  22  1877  380  318  5  -2  
13  59  22  1885  380  318  5  -2  
13  59  22  1894  380  318  5  -2  
13  59  22  1901  380  318  5  -2  
13  59  22  1910  380  318  5  -2  
13  59  22  1917  380  318  5  -2  
13  59  22  1928  380  318  5  -2  
13  59  22  1934  380  318  5  -2  
13  59  22  1944  380  318  5  -2  
13  59  22  1951  380  318  5  -2  
13  59  22  1961  380  318  5  -2  
13  59  22  1968  380  318  5  -2  
13  59  22  1977  380  318  5  -2  
13  59  22  1985  380  318  5  -2  
13  59  22  1993  380  318  5  -2  
13  59  22  2001  380  318  5  -2  
13  59  22  2010  380  318  5  -2  
13  59  22  2017  380  318  5  -2  
13  59  22  2028  380  318  5  -2  
13  59  22  2034  380  318  5  -2  
13  59  22  2044  380  318  5  -2  
13  59  22  2051  380  318  5  -2  
13  59  22  2060  380  318  5  -2  
13  59  22  2068  380  318  5  -2  
13  59  22  2077  380  318  5  -2  
13  59  22  2085  380  318  5  -2  
13  59  22  2094  380  318  5  -2  
13  59  22  2101  380  318  5  -2  
13  59  22  2110  380  318  5  -2  
13  59  22  2118  380  318  5  -2  
13  59  22  2127  380  318  5  -2  
13  59  22  2135  380  318  5  -2  
13  59  22  2144  380  318  5  -2  
13  59  22  2151  380  318  5  -2  
13  59  22  2160  380  318  5  -2  
13  59  22  2169  380  318  5  -2  
13  59  22  2177  380  318  5  -2  
13  59  22  2185  380  318  5  -2  
13  59  22  2194  380  318  5  -2  
13  59  22  2202  380  318  5  -2  
13  59  22  2210  380  318  5  -2  
13  59  22  2218  380  318  5  -2  
13  59  22  2227  380  318  5  -2  
13  59  22  2235  380  318  5  -2  
13  59  22  2244  380  318  5  -2  
13  59  22  2251  380  318  5  -2  
13  59  22  2260  380  318  5  -2  
13  59  22  2268  380  318  5  -2  
13  59  22  2277  380  318  5  -2  
13  59  22  2283  380  318  5  -2  
13  59  22  2293  380  318  5  -2  
13  59  22  2300  380  318  5  -2  
13  59  22  2310  380  318  5  -2  
13  59  22  2318  380  318  5  -2  
13  59  22  2326  380  318  5  -2  
13  59  22  2333  380  318  5  -2  
13  59  22  2343  380  318  5  -2  
13  59  22  2351  380  318  5  -2  
13  59  22  2360  380  318  5  -2  
13  59  22  2367  380  318  5  -2  
13  59  22  2376  380  318  5  -2  
13  59  22  2384  380  318  5  -2  
13  59  22  2393  380  318  5  -2  
