16  12  36  0  359  316  1  -2  
16  12  36  9  359  316  1  -2  
16  12  36  17  359  316  1  -2  
16  12  36  27  359  316  1  -2  
16  12  36  34  359  316  1  -2  
16  12  36  42  359  316  1  -2  
16  12  36  50  359  316  1  -2  
16  12  36  59  359  316  1  -2  
16  12  36  68  359  316  1  -2  
16  12  36  75  359  316  1  -2  
16  12  36  84  359  316  1  -2  
16  12  36  93  359  316  1  -2  
16  12  36  100  359  316  1  -2  
16  12  36  108  359  316  1  -2  
16  12  36  118  359  316  1  -2  
16  12  36  126  359  316  1  -2  
16  12  36  134  359  316  1  -2  
16  12  36  142  359  316  1  -2  
16  12  36  150  359  316  1  -2  
16  12  36  158  362  316  1  -2  
16  12  36  168  365  316  1  -2  
16  12  36  175  370  316  1  -2  
16  12  36  184  378  316  1  -2  
16  12  36  192  387  316  1  -2  
16  12  36  200  398  316  1  -2  
16  12  36  209  412  316  1  -2  
16  12  36  218  426  316  1  -2  
16  12  36  227  441  316  1  -2  
16  12  36  234  458  316  1  -2  
16  12  36  242  473  316  1  -2  
16  12  36  251  484  316  1  -2  
16  12  36  259  498  316  2  -2  
16  12  36  268  506  316  2  -2  
16  12  36  275  518  316  2  -2  
16  12  36  284  523  316  2  -2  
16  12  36  293  532  316  2  -2  
16  12  36  301  533  316  2  -2  
16  12  36  310  533  316  2  -2  
16  12  36  318  534  316  2  -2  
16  12  36  326  534  316  2  -2  
16  12  36  334  534  316  2  -2  
16  12  36  343  534  316  2  -2  
16  12  36  350  534  316  2  -2  
16  12  36  358  534  316  2  -2  
16  12  36  368  535  316  2  -2  
16  12  36  375  535  316  2  -2  
16  12  36  384  535  316  2  -2  
16  12  36  392  537  316  2  -2  
16  12  36  400  538  316  2  -2  
16  12  36  409  539  316  2  -2  
16  12  36  419  540  316  2  -2  
16  12  36  426  540  316  2  -2  
16  12  36  434  540  316  2  -2  
16  12  36  442  540  316  2  -2  
16  12  36  451  540  316  2  -2  
16  12  36  459  540  316  2  -2  
16  12  36  468  540  316  2  -2  
16  12  36  475  540  316  2  -2  
16  12  36  484  540  316  2  -2  
16  12  36  492  540  316  2  -2  
16  12  36  501  540  316  2  -2  
16  12  36  509  540  316  2  -2  
16  12  36  519  540  316  2  -2  
16  12  36  526  540  316  2  -2  
16  12  36  534  540  316  2  -2  
16  12  36  542  540  316  2  -2  
16  12  36  551  540  316  2  -2  
16  12  36  559  540  316  2  -2  
16  12  36  568  540  316  2  -2  
16  12  36  575  540  316  2  -2  
16  12  36  584  540  316  2  -2  
16  12  36  593  540  316  2  -2  
16  12  36  601  540  316  2  -2  
16  12  36  610  540  316  2  -2  
16  12  36  619  540  316  2  -2  
16  12  36  628  540  316  2  -2  
16  12  36  634  540  316  2  -2  
16  12  36  642  540  316  2  -2  
16  12  36  650  540  316  2  -2  
16  12  36  661  540  316  2  -2  
16  12  36  669  540  316  2  -2  
16  12  36  676  540  316  2  -2  
16  12  37  685  540  316  2  -2  
16  12  37  693  540  316  2  -2  
16  12  37  702  540  316  2  -2  
16  12  37  709  540  316  2  -2  
16  12  37  718  540  316  2  -2  
16  12  37  726  540  316  2  -2  
16  12  37  734  540  316  2  -2  
16  12  37  742  540  316  2  -2  
16  12  37  752  540  316  2  -2  
16  12  37  759  540  316  2  -2  
16  12  37  768  540  316  2  -2  
16  12  37  777  540  316  2  -2  
16  12  37  786  540  316  2  -2  
16  12  37  793  540  316  2  -2  
16  12  37  801  540  316  2  -2  
16  12  37  810  540  316  2  -2  
16  12  37  818  540  317  2  -2  
16  12  37  825  540  317  2  -2  
16  12  37  835  540  317  2  -2  
16  12  37  842  540  317  2  -2  
16  12  37  851  540  317  2  -2  
16  12  37  859  540  317  2  -2  
16  12  37  868  539  318  2  -2  
16  12  37  877  539  318  2  -2  
16  12  37  885  539  318  2  -2  
16  12  37  893  539  318  2  -2  
16  12  37  902  539  318  2  -2  
16  12  37  909  538  319  2  -2  
16  12  37  919  538  319  2  -2  
16  12  37  925  537  319  2  -2  
16  12  37  934  537  319  2  -2  
16  12  37  943  537  319  2  -2  
16  12  37  952  537  319  2  -2  
16  12  37  960  536  319  2  -2  
16  12  37  968  536  319  2  -2  
16  12  37  977  535  320  2  -2  
16  12  37  984  535  320  2  -2  
16  12  37  992  535  321  2  -2  
16  12  37  1001  535  321  2  -2  
16  12  37  1009  534  321  2  -2  
16  12  37  1019  534  321  2  -2  
16  12  37  1026  532  322  2  -2  
16  12  37  1035  532  322  2  -2  
16  12  37  1042  531  322  2  -2  
16  12  37  1051  529  322  2  -2  
16  12  37  1059  526  322  2  -2  
16  12  37  1069  525  322  2  -2  
16  12  37  1077  521  322  2  -2  
16  12  37  1084  518  322  2  -2  
16  12  37  1094  518  322  2  -2  
16  12  37  1102  513  322  2  -2  
16  12  37  1110  509  322  2  -2  
16  12  37  1119  506  322  2  -2  
16  12  37  1127  503  322  2  -2  
16  12  37  1135  499  322  2  -2  
16  12  37  1144  493  322  2  -2  
16  12  37  1154  487  322  2  -2  
16  12  37  1161  480  322  2  -2  
16  12  37  1171  471  321  2  -2  
16  12  37  1178  461  320  2  -2  
16  12  37  1187  449  319  2  -2  
16  12  37  1197  437  318  2  -2  
16  12  37  1208  415  315  2  -2  
16  12  37  1214  407  315  2  -2  
16  12  37  1224  402  315  2  -2  
16  12  37  1232  399  315  3  -2  
16  12  37  1242  398  315  3  -2  
16  12  37  1249  397  314  3  -2  
16  12  37  1258  396  314  3  -2  
16  12  37  1267  395  314  3  -2  
16  12  37  1274  395  314  3  -2  
16  12  37  1283  395  314  3  -2  
16  12  37  1291  395  314  3  -2  
16  12  37  1299  395  314  3  -2  
16  12  37  1308  394  314  3  -2  
16  12  37  1318  394  314  3  -2  
16  12  37  1326  393  313  3  -2  
16  12  37  1335  393  313  3  -2  
16  12  37  1344  393  313  3  -2  
16  12  37  1351  393  313  3  -2  
16  12  37  1361  393  313  3  -2  
16  12  37  1369  393  313  3  -2  
16  12  37  1378  393  313  3  -2  
16  12  37  1389  393  313  3  -2  
16  12  37  1395  393  313  3  -2  
16  12  37  1403  393  313  3  -2  
16  12  37  1412  393  313  3  -2  
16  12  37  1423  393  313  3  -2  
16  12  37  1430  393  313  3  -2  
16  12  37  1440  393  313  3  -2  
16  12  37  1446  393  313  3  -2  
16  12  37  1457  393  313  3  -2  
16  12  37  1462  393  313  3  -2  
16  12  37  1473  393  313  3  -2  
16  12  37  1480  393  313  3  -2  
16  12  37  1490  393  313  3  -2  
16  12  37  1497  393  313  3  -2  
16  12  37  1507  393  313  3  -2  
16  12  37  1513  393  313  3  -2  
16  12  37  1523  393  313  3  -2  
16  12  37  1530  393  313  3  -2  
16  12  37  1540  393  313  3  -2  
16  12  37  1547  393  313  3  -2  
16  12  37  1556  393  313  3  -2  
16  12  37  1562  393  313  3  -2  
16  12  37  1573  393  313  3  -2  
16  12  37  1579  396  313  3  -2  
16  12  37  1590  396  313  3  -2  
16  12  37  1595  408  311  3  -2  
16  12  37  1607  408  311  3  -2  
16  12  37  1614  419  310  3  -2  
16  12  37  1623  426  310  3  -2  
16  12  37  1630  436  309  3  -2  
16  12  37  1640  444  309  3  -2  
16  12  37  1646  454  309  3  -2  
16  12  37  1656  461  309  3  -2  
16  12  37  1662  466  309  3  -2  
16  12  37  1672  470  309  3  -2  
16  12  37  1678  474  309  3  -2  
16  12  38  1689  475  309  3  -2  
16  12  38  1696  475  309  3  -2  
16  12  38  1705  476  309  3  -2  
16  12  38  1712  478  309  3  -2  
16  12  38  1722  479  309  3  -2  
16  12  38  1729  479  309  3  -2  
16  12  38  1739  480  309  3  -2  
16  12  38  1746  482  309  3  -2  
16  12  38  1756  483  309  3  -2  
16  12  38  1762  486  309  3  -2  
16  12  38  1772  486  309  3  -2  
16  12  38  1778  488  310  3  -2  
16  12  38  1791  488  310  3  -2  
16  12  38  1797  489  310  3  -2  
16  12  38  1806  491  310  3  -2  
16  12  38  1813  493  311  3  -2  
16  12  38  1822  494  311  3  -2  
16  12  38  1830  497  311  4  -2  
16  12  38  1839  500  312  4  -2  
16  12  38  1847  504  312  4  -2  
16  12  38  1856  509  312  4  -2  
16  12  38  1863  512  313  4  -2  
16  12  38  1872  514  313  4  -2  
16  12  38  1880  516  313  4  -2  
16  12  38  1889  516  313  4  -2  
16  12  38  1897  517  313  4  -2  
16  12  38  1905  517  313  4  -2  
16  12  38  1913  517  313  4  -2  
16  12  38  1922  517  314  4  -2  
16  12  38  1929  517  314  4  -2  
16  12  38  1939  517  314  4  -2  
16  12  38  1947  517  314  4  -2  
16  12  38  1955  517  314  4  -2  
16  12  38  1962  517  314  4  -2  
16  12  38  1972  517  314  4  -2  
16  12  38  1979  517  314  4  -2  
16  12  38  1989  517  314  4  -2  
16  12  38  1997  517  314  4  -2  
16  12  38  2006  517  314  4  -2  
16  12  38  2012  517  314  4  -2  
16  12  38  2022  517  314  4  -2  
16  12  38  2029  517  314  4  -2  
16  12  38  2039  517  315  4  -2  
16  12  38  2047  517  316  4  -2  
16  12  38  2055  516  316  4  -2  
16  12  38  2063  514  317  4  -2  
16  12  38  2072  511  319  4  -2  
16  12  38  2079  508  319  4  -2  
16  12  38  2089  503  320  4  -2  
16  12  38  2097  498  322  4  -2  
16  12  38  2106  492  323  4  -2  
16  12  38  2113  487  323  4  -2  
16  12  38  2122  482  323  4  -2  
16  12  38  2131  476  325  4  -2  
16  12  38  2139  471  325  4  -2  
16  12  38  2147  464  325  4  -2  
16  12  38  2155  459  325  4  -2  
16  12  38  2164  451  325  4  -2  
16  12  38  2173  442  325  4  -2  
16  12  38  2181  426  325  4  -2  
16  12  38  2189  417  325  4  -2  
16  12  38  2197  406  325  4  -2  
