13  58  53  0  358  318  1  -2  
13  58  53  9  358  318  1  -2  
13  58  53  16  358  318  1  -2  
13  58  53  25  358  318  1  -2  
13  58  53  33  358  318  1  -2  
13  58  53  42  358  318  1  -2  
13  58  53  50  358  318  1  -2  
13  58  53  59  358  318  1  -2  
13  58  53  66  358  318  1  -2  
13  58  53  75  358  318  1  -2  
13  58  53  84  358  318  1  -2  
13  58  53  92  358  318  1  -2  
13  58  53  100  358  318  1  -2  
13  58  53  108  358  318  1  -2  
13  58  53  117  358  318  1  -2  
13  58  53  125  358  318  1  -2  
13  58  53  133  358  318  1  -2  
13  58  53  141  358  318  1  -2  
13  58  53  151  358  318  1  -2  
13  58  53  160  358  318  1  -2  
13  58  53  167  358  318  1  -2  
13  58  53  176  358  318  1  -2  
13  58  53  183  358  318  1  -2  
13  58  53  192  358  318  1  -2  
13  58  53  202  358  318  1  -2  
13  58  53  209  358  318  1  -2  
13  58  53  216  358  318  1  -2  
13  58  53  226  358  318  1  -2  
13  58  53  234  358  318  1  -2  
13  58  53  242  358  318  1  -2  
13  58  53  250  358  318  1  -2  
13  58  53  259  358  318  1  -2  
13  58  53  267  358  318  1  -2  
13  58  53  276  358  318  1  -2  
13  58  53  284  359  318  1  -2  
13  58  53  292  366  318  1  -2  
13  58  53  300  374  318  1  -2  
13  58  53  309  386  318  1  -2  
13  58  53  317  399  318  1  -2  
13  58  53  326  409  318  1  -2  
13  58  53  335  421  318  1  -2  
13  58  53  343  431  318  1  -2  
13  58  53  351  439  318  1  -2  
13  58  53  359  446  318  1  -2  
13  58  53  367  450  318  1  -2  
13  58  53  376  455  318  1  -2  
13  58  53  383  456  318  1  -2  
13  58  53  392  458  318  1  -2  
13  58  53  400  459  318  1  -2  
13  58  53  409  461  318  1  -2  
13  58  53  417  463  318  1  -2  
13  58  53  426  466  318  1  -2  
13  58  53  433  471  318  1  -2  
13  58  53  443  476  318  1  -2  
13  58  53  450  482  318  1  -2  
13  58  53  459  485  318  1  -2  
13  58  53  468  487  318  1  -2  
13  58  53  476  488  318  1  -2  
13  58  53  484  488  318  1  -2  
13  58  53  494  488  318  1  -2  
13  58  53  503  488  318  1  -2  
13  58  53  510  488  318  1  -2  
13  58  53  518  488  318  1  -2  
13  58  53  526  488  318  1  -2  
13  58  53  534  489  318  1  -2  
13  58  53  543  491  318  1  -2  
13  58  53  551  492  318  1  -2  
13  58  53  559  494  319  1  -2  
13  58  53  568  498  319  2  -2  
13  58  53  575  499  319  2  -2  
13  58  53  583  499  319  2  -2  
13  58  53  593  501  320  2  -2  
13  58  53  600  502  320  2  -2  
13  58  53  609  502  320  2  -2  
13  58  53  617  502  320  2  -2  
13  58  53  626  505  320  2  -2  
13  58  53  634  507  321  2  -2  
13  58  53  643  512  321  2  -2  
13  58  53  650  515  322  2  -2  
13  58  54  659  520  322  2  -2  
13  58  54  667  523  322  2  -2  
13  58  54  675  524  323  2  -2  
13  58  54  684  524  323  2  -2  
13  58  54  693  524  323  2  -2  
13  58  54  700  524  323  2  -2  
13  58  54  709  524  323  2  -2  
13  58  54  717  524  323  2  -2  
13  58  54  726  524  323  2  -2  
13  58  54  733  524  323  2  -2  
13  58  54  744  524  323  2  -2  
13  58  54  751  524  323  2  -2  
13  58  54  759  524  323  2  -2  
13  58  54  767  524  323  2  -2  
13  58  54  776  524  323  2  -2  
13  58  54  784  524  323  2  -2  
13  58  54  793  524  323  2  -2  
13  58  54  802  524  323  2  -2  
13  58  54  811  524  323  2  -2  
13  58  54  820  524  323  2  -2  
13  58  54  827  524  323  2  -2  
13  58  54  835  524  323  2  -2  
13  58  54  843  524  323  2  -2  
13  58  54  853  524  323  2  -2  
13  58  54  859  524  323  2  -2  
13  58  54  867  524  323  2  -2  
13  58  54  876  524  323  2  -2  
13  58  54  885  524  323  2  -2  
13  58  54  893  524  323  2  -2  
13  58  54  902  524  323  2  -2  
13  58  54  910  524  323  2  -2  
13  58  54  920  524  323  2  -2  
13  58  54  927  524  323  2  -2  
13  58  54  936  524  323  2  -2  
13  58  54  943  524  323  2  -2  
13  58  54  952  524  323  2  -2  
13  58  54  960  524  323  2  -2  
13  58  54  968  524  323  2  -2  
13  58  54  975  524  323  2  -2  
13  58  54  984  524  323  2  -2  
13  58  54  994  524  323  2  -2  
13  58  54  1003  524  323  2  -2  
13  58  54  1010  524  323  2  -2  
13  58  54  1018  524  323  2  -2  
13  58  54  1026  524  323  2  -2  
13  58  54  1035  524  323  2  -2  
13  58  54  1043  524  323  2  -2  
13  58  54  1052  524  323  2  -2  
13  58  54  1060  524  323  2  -2  
13  58  54  1068  524  323  2  -2  
13  58  54  1076  524  323  2  -2  
13  58  54  1084  524  323  2  -2  
13  58  54  1093  524  323  2  -2  
13  58  54  1102  524  323  2  -2  
13  58  54  1110  524  323  2  -2  
13  58  54  1118  524  323  2  -2  
13  58  54  1125  524  323  2  -2  
13  58  54  1134  524  323  2  -2  
13  58  54  1143  524  323  2  -2  
13  58  54  1151  523  323  2  -2  
13  58  54  1160  520  323  2  -2  
13  58  54  1168  515  323  2  -2  
13  58  54  1176  507  323  2  -2  
13  58  54  1184  500  323  2  -2  
13  58  54  1192  492  323  2  -2  
13  58  54  1202  479  323  2  -2  
13  58  54  1210  462  323  2  -2  
13  58  54  1218  446  323  2  -2  
13  58  54  1226  429  323  2  -2  
13  58  54  1235  412  323  2  -2  
13  58  54  1245  401  323  2  -2  
13  58  54  1253  382  323  3  -2  
13  58  54  1258  377  323  3  -2  
13  58  54  1267  377  323  3  -2  
13  58  54  1276  369  323  3  -2  
13  58  54  1283  367  323  3  -2  
13  58  54  1292  363  323  3  -2  
13  58  54  1299  360  323  3  -2  
13  58  54  1308  358  323  3  -2  
13  58  54  1318  356  323  3  -2  
13  58  54  1325  353  323  3  -2  
13  58  54  1334  353  323  3  -2  
13  58  54  1342  350  323  3  -2  
13  58  54  1350  349  323  3  -2  
13  58  54  1358  345  323  3  -2  
13  58  54  1367  341  323  3  -2  
13  58  54  1375  336  323  3  -2  
13  58  54  1384  331  323  3  -2  
13  58  54  1392  328  323  3  -2  
13  58  54  1400  326  323  3  -2  
13  58  54  1408  325  323  3  -2  
13  58  54  1417  325  323  3  -2  
13  58  54  1425  325  323  3  -2  
13  58  54  1433  325  323  3  -2  
13  58  54  1442  325  323  3  -2  
13  58  54  1451  325  323  3  -2  
13  58  54  1459  325  323  3  -2  
13  58  54  1468  325  323  3  -2  
13  58  54  1475  325  323  3  -2  
13  58  54  1485  325  323  3  -2  
13  58  54  1495  325  323  3  -2  
13  58  54  1505  330  323  3  -2  
13  58  54  1512  342  324  3  -2  
13  58  54  1521  357  326  3  -2  
13  58  54  1529  379  330  3  -2  
13  58  54  1537  404  332  3  -2  
13  58  54  1545  429  336  3  -2  
13  58  54  1555  446  336  3  -2  
13  58  54  1562  480  339  3  -2  
13  58  54  1569  480  339  3  -2  
13  58  54  1578  492  339  3  -2  
13  58  54  1586  499  340  3  -2  
13  58  54  1594  503  340  3  -2  
13  58  54  1603  508  340  4  -2  
13  58  54  1613  511  341  4  -2  
13  58  54  1621  514  341  4  -2  
13  58  54  1628  516  341  4  -2  
13  58  54  1637  518  341  4  -2  
13  58  54  1643  521  341  4  -2  
13  58  55  1653  521  341  4  -2  
13  58  55  1661  521  341  4  -2  
13  58  55  1671  521  341  4  -2  
13  58  55  1676  521  341  4  -2  
13  58  55  1686  521  341  4  -2  
13  58  55  1694  521  341  4  -2  
13  58  55  1705  521  341  4  -2  
13  58  55  1712  521  341  4  -2  
13  58  55  1722  521  341  4  -2  
13  58  55  1729  521  341  4  -2  
13  58  55  1736  521  341  4  -2  
13  58  55  1747  521  341  4  -2  
13  58  55  1757  521  341  4  -2  
13  58  55  1765  521  341  4  -2  
13  58  55  1774  521  341  4  -2  
13  58  55  1782  521  341  4  -2  
13  58  55  1790  521  341  4  -2  
13  58  55  1799  521  341  4  -2  
13  58  55  1807  521  341  4  -2  
13  58  55  1815  521  341  4  -2  
13  58  55  1824  521  341  4  -2  
13  58  55  1833  521  341  4  -2  
13  58  55  1841  521  341  4  -2  
13  58  55  1849  521  341  4  -2  
13  58  55  1857  521  341  4  -2  
13  58  55  1865  521  341  4  -2  
13  58  55  1874  521  341  4  -2  
13  58  55  1882  521  341  4  -2  
13  58  55  1890  521  341  4  -2  
13  58  55  1897  521  341  4  -2  
13  58  55  1907  521  341  4  -2  
13  58  55  1916  521  341  4  -2  
13  58  55  1925  521  341  4  -2  
13  58  55  1932  521  341  4  -2  
13  58  55  1940  521  341  4  -2  
13  58  55  1949  521  341  4  -2  
13  58  55  1956  521  341  4  -2  
13  58  55  1966  521  341  4  -2  
13  58  55  1975  521  341  4  -2  
13  58  55  1982  521  341  4  -2  
13  58  55  1991  518  341  4  -2  
13  58  55  2002  511  341  4  -2  
13  58  55  2010  499  341  4  -2  
13  58  55  2018  486  341  4  -2  
13  58  55  2025  473  341  4  -2  
13  58  55  2034  456  341  4  -2  
13  58  55  2043  440  341  4  -2  
13  58  55  2051  422  341  4  -2  
13  58  55  2060  402  341  4  -2  
13  58  55  2069  367  341  5  -2  
13  58  55  2076  353  338  5  -2  
13  58  55  2084  343  337  5  -2  
13  58  55  2093  334  336  5  -2  
13  58  55  2101  329  336  5  -2  
13  58  55  2109  328  336  5  -2  
13  58  55  2118  328  336  5  -2  
13  58  55  2126  328  336  5  -2  
13  58  55  2136  328  336  5  -2  
13  58  55  2144  328  336  5  -2  
13  58  55  2151  328  336  5  -2  
13  58  55  2160  328  336  5  -2  
13  58  55  2169  328  336  5  -2  
13  58  55  2177  328  336  5  -2  
13  58  55  2183  328  336  5  -2  
13  58  55  2194  328  336  5  -2  
13  58  55  2201  328  336  5  -2  
13  58  55  2209  328  336  5  -2  
13  58  55  2218  328  336  5  -2  
13  58  55  2227  328  336  5  -2  
13  58  55  2234  328  336  5  -2  
13  58  55  2242  328  336  5  -2  
13  58  55  2253  328  336  5  -2  
13  58  55  2259  328  336  5  -2  
13  58  55  2270  328  336  5  -2  
13  58  55  2276  328  336  5  -2  
13  58  55  2284  328  336  5  -2  
13  58  55  2292  328  336  5  -2  
13  58  55  2301  328  336  5  -2  
13  58  55  2309  328  336  5  -2  
13  58  55  2319  328  336  5  -2  
13  58  55  2327  328  336  5  -2  
13  58  55  2335  328  336  5  -2  
13  58  55  2343  328  336  5  -2  
13  58  55  2353  328  336  5  -2  
13  58  55  2359  328  336  5  -2  
13  58  55  2368  328  336  5  -2  
13  58  55  2377  328  336  5  -2  
13  58  55  2384  328  336  5  -2  
13  58  55  2394  328  336  5  -2  
13  58  55  2403  328  336  5  -2  
13  58  55  2411  328  336  5  -2  
13  58  55  2418  328  336  5  -2  
13  58  55  2427  328  336  5  -2  
13  58  55  2436  328  336  5  -2  
