16  12  19  0  355  296  1  -2  
16  12  19  6  355  296  1  -2  
16  12  19  16  355  296  1  -2  
16  12  19  23  355  296  1  -2  
16  12  19  33  355  296  1  -2  
16  12  19  40  355  296  1  -2  
16  12  19  50  355  296  1  -2  
16  12  19  56  355  296  1  -2  
16  12  19  66  355  296  1  -2  
16  12  19  73  355  296  1  -2  
16  12  19  83  355  296  1  -2  
16  12  19  90  355  296  1  -2  
16  12  19  100  355  296  1  -2  
16  12  19  107  355  296  1  -2  
16  12  19  116  355  296  1  -2  
16  12  19  123  355  296  1  -2  
16  12  19  133  355  296  1  -2  
16  12  19  140  355  296  1  -2  
16  12  19  150  355  296  1  -2  
16  12  19  157  355  296  1  -2  
16  12  19  165  355  296  1  -2  
16  12  19  173  355  296  1  -2  
16  12  19  183  355  296  1  -2  
16  12  19  190  355  296  1  -2  
16  12  19  200  355  296  1  -2  
16  12  19  205  355  296  1  -2  
16  12  19  217  355  296  1  -2  
16  12  19  223  357  296  1  -2  
16  12  19  233  359  296  1  -2  
16  12  19  240  362  296  1  -2  
16  12  19  251  366  296  1  -2  
16  12  19  257  371  296  1  -2  
16  12  19  266  376  296  1  -2  
16  12  19  273  383  296  1  -2  
16  12  19  283  390  296  1  -2  
16  12  19  290  400  296  1  -2  
16  12  19  300  407  296  1  -2  
16  12  19  307  418  296  1  -2  
16  12  19  316  427  296  1  -2  
16  12  19  323  437  296  1  -2  
16  12  19  333  445  296  1  -2  
16  12  19  341  463  296  1  -2  
16  12  19  351  472  296  1  -2  
16  12  19  359  480  296  1  -2  
16  12  19  366  487  296  1  -2  
16  12  19  373  492  296  1  -2  
16  12  19  384  492  296  1  -2  
16  12  19  390  497  296  1  -2  
16  12  19  400  497  296  1  -2  
16  12  19  408  497  296  1  -2  
16  12  19  417  497  296  1  -2  
16  12  19  423  497  296  1  -2  
16  12  19  433  497  296  1  -2  
16  12  19  440  497  296  1  -2  
16  12  19  450  497  296  1  -2  
16  12  19  456  499  296  1  -2  
16  12  19  466  499  296  1  -2  
16  12  19  474  501  296  2  -2  
16  12  19  483  501  296  2  -2  
16  12  19  490  504  296  2  -2  
16  12  19  501  505  296  2  -2  
16  12  19  507  508  296  2  -2  
16  12  19  516  508  296  2  -2  
16  12  19  524  508  296  2  -2  
16  12  19  533  508  296  2  -2  
16  12  19  541  509  296  2  -2  
16  12  19  551  509  296  2  -2  
16  12  19  558  509  296  2  -2  
16  12  19  566  509  296  2  -2  
16  12  19  574  509  296  2  -2  
16  12  19  583  510  296  2  -2  
16  12  19  591  511  296  2  -2  
16  12  19  601  511  296  2  -2  
16  12  19  608  513  295  2  -2  
16  12  19  616  514  294  2  -2  
16  12  19  624  515  294  2  -2  
16  12  19  633  516  294  2  -2  
16  12  19  640  517  294  2  -2  
16  12  19  650  518  294  2  -2  
16  12  19  657  518  294  2  -2  
16  12  19  666  518  294  2  -2  
16  12  19  674  518  294  2  -2  
16  12  19  683  518  294  2  -2  
16  12  19  691  518  294  2  -2  
16  12  19  700  518  294  2  -2  
16  12  19  708  518  294  2  -2  
16  12  19  716  518  294  2  -2  
16  12  19  724  518  294  2  -2  
16  12  19  733  518  294  2  -2  
16  12  19  741  518  294  2  -2  
16  12  19  750  518  294  2  -2  
16  12  19  757  518  294  2  -2  
16  12  19  766  518  294  2  -2  
16  12  19  774  518  294  2  -2  
16  12  19  783  518  294  2  -2  
16  12  19  791  518  294  2  -2  
16  12  19  800  518  294  2  -2  
16  12  19  807  518  294  2  -2  
16  12  19  816  518  294  2  -2  
16  12  19  824  518  294  2  -2  
16  12  19  833  518  294  2  -2  
16  12  19  840  518  294  2  -2  
16  12  19  850  518  294  2  -2  
16  12  19  857  518  294  2  -2  
16  12  19  866  518  294  2  -2  
16  12  19  874  518  294  2  -2  
16  12  19  883  518  294  2  -2  
16  12  19  891  518  294  2  -2  
16  12  19  900  518  294  2  -2  
16  12  19  907  518  294  2  -2  
16  12  19  916  518  294  2  -2  
16  12  19  924  518  294  2  -2  
16  12  20  934  518  294  2  -2  
16  12  20  941  518  294  2  -2  
16  12  20  950  518  294  2  -2  
16  12  20  958  518  294  2  -2  
16  12  20  966  518  294  2  -2  
16  12  20  974  518  294  2  -2  
16  12  20  983  518  294  2  -2  
16  12  20  991  518  294  2  -2  
16  12  20  1000  518  294  2  -2  
16  12  20  1009  518  294  2  -2  
16  12  20  1016  518  294  2  -2  
16  12  20  1024  518  294  2  -2  
16  12  20  1033  518  294  2  -2  
16  12  20  1041  518  294  2  -2  
16  12  20  1050  518  294  2  -2  
16  12  20  1059  518  294  2  -2  
16  12  20  1066  518  294  2  -2  
16  12  20  1075  518  294  2  -2  
16  12  20  1083  518  294  2  -2  
16  12  20  1091  518  294  2  -2  
16  12  20  1100  518  294  2  -2  
16  12  20  1107  518  294  2  -2  
16  12  20  1117  518  294  2  -2  
16  12  20  1125  518  294  2  -2  
16  12  20  1133  518  294  2  -2  
16  12  20  1141  518  294  2  -2  
16  12  20  1150  518  294  2  -2  
16  12  20  1159  518  294  2  -2  
16  12  20  1166  518  294  2  -2  
16  12  20  1174  518  294  2  -2  
16  12  20  1183  518  294  2  -2  
16  12  20  1191  518  294  2  -2  
16  12  20  1201  518  294  2  -2  
16  12  20  1209  518  294  2  -2  
16  12  20  1216  519  294  2  -2  
16  12  20  1225  519  294  2  -2  
16  12  20  1233  519  294  2  -2  
16  12  20  1241  519  294  2  -2  
16  12  20  1250  519  296  2  -2  
16  12  20  1259  518  297  2  -2  
16  12  20  1266  518  297  2  -2  
16  12  20  1274  518  297  2  -2  
16  12  20  1283  518  298  2  -2  
16  12  20  1291  518  298  2  -2  
16  12  20  1300  516  299  2  -2  
16  12  20  1309  516  299  2  -2  
16  12  20  1317  514  301  2  -2  
16  12  20  1325  514  301  2  -2  
16  12  20  1333  511  303  2  -2  
16  12  20  1341  511  303  2  -2  
16  12  20  1350  510  303  2  -2  
16  12  20  1359  506  306  2  -2  
16  12  20  1366  505  307  2  -2  
16  12  20  1374  502  308  2  -2  
16  12  20  1383  499  308  2  -2  
16  12  20  1393  494  311  2  -2  
16  12  20  1400  487  311  2  -2  
16  12  20  1409  480  312  2  -2  
16  12  20  1416  468  313  2  -2  
16  12  20  1425  456  316  2  -2  
16  12  20  1433  446  317  2  -2  
16  12  20  1441  434  319  2  -2  
16  12  20  1450  421  320  2  -2  
16  12  20  1458  407  323  2  -2  
16  12  20  1466  394  324  3  -2  
16  12  20  1475  382  325  3  -2  
16  12  20  1483  371  325  3  -2  
16  12  20  1490  361  325  3  -2  
16  12  20  1499  355  325  3  -2  
16  12  20  1508  352  325  3  -2  
16  12  20  1516  349  325  3  -2  
16  12  20  1524  349  325  3  -2  
16  12  20  1532  348  325  3  -2  
16  12  20  1540  348  325  3  -2  
16  12  20  1550  348  325  3  -2  
16  12  20  1558  347  325  3  -2  
16  12  20  1566  347  325  3  -2  
16  12  20  1574  345  325  3  -2  
16  12  20  1582  345  325  3  -2  
16  12  20  1591  345  325  3  -2  
16  12  20  1599  345  325  3  -2  
16  12  20  1608  345  325  3  -2  
16  12  20  1616  345  325  3  -2  
16  12  20  1624  345  325  3  -2  
16  12  20  1633  345  325  3  -2  
16  12  20  1640  345  325  3  -2  
16  12  20  1649  345  325  3  -2  
16  12  20  1658  345  325  3  -2  
16  12  20  1666  345  325  3  -2  
16  12  20  1674  345  325  3  -2  
16  12  20  1683  345  325  3  -2  
16  12  20  1691  345  325  3  -2  
16  12  20  1700  345  325  3  -2  
16  12  20  1708  345  325  3  -2  
16  12  20  1715  345  325  3  -2  
16  12  20  1725  345  325  3  -2  
16  12  20  1732  345  325  3  -2  
16  12  20  1740  345  325  3  -2  
16  12  20  1749  345  325  3  -2  
16  12  20  1759  345  325  3  -2  
16  12  20  1766  345  325  3  -2  
16  12  20  1774  345  325  3  -2  
16  12  20  1783  345  325  3  -2  
16  12  20  1790  345  325  3  -2  
16  12  20  1800  345  325  3  -2  
16  12  20  1808  345  325  3  -2  
16  12  20  1816  345  325  3  -2  
16  12  20  1824  345  325  3  -2  
16  12  20  1833  345  325  3  -2  
16  12  20  1841  345  325  3  -2  
16  12  20  1849  345  325  3  -2  
16  12  20  1858  345  325  3  -2  
16  12  20  1866  345  325  3  -2  
16  12  20  1874  347  325  3  -2  
16  12  20  1884  348  325  3  -2  
16  12  20  1891  349  325  3  -2  
16  12  20  1900  352  325  3  -2  
16  12  20  1908  356  325  3  -2  
16  12  20  1916  364  325  3  -2  
16  12  20  1924  368  324  3  -2  
16  12  21  1933  376  324  3  -2  
16  12  21  1942  393  324  3  -2  
16  12  21  1949  403  324  3  -2  
16  12  21  1958  410  324  3  -2  
16  12  21  1967  417  324  3  -2  
16  12  21  1975  427  324  3  -2  
16  12  21  1982  434  323  3  -2  
16  12  21  1992  442  323  3  -2  
16  12  21  2000  449  323  3  -2  
16  12  21  2009  456  323  3  -2  
16  12  21  2016  459  323  3  -2  
16  12  21  2025  464  323  3  -2  
16  12  21  2033  467  323  3  -2  
16  12  21  2041  472  323  3  -2  
16  12  21  2049  475  323  3  -2  
16  12  21  2059  476  323  3  -2  
16  12  21  2068  478  323  3  -2  
16  12  21  2075  478  323  3  -2  
16  12  21  2084  479  323  3  -2  
16  12  21  2092  479  323  3  -2  
16  12  21  2100  480  323  3  -2  
16  12  21  2108  481  323  3  -2  
16  12  21  2116  482  323  3  -2  
16  12  21  2126  484  323  3  -2  
16  12  21  2133  487  323  3  -2  
16  12  21  2143  488  323  3  -2  
16  12  21  2152  489  323  3  -2  
16  12  21  2160  489  323  3  -2  
16  12  21  2167  489  323  3  -2  
16  12  21  2176  489  323  3  -2  
16  12  21  2184  489  323  3  -2  
16  12  21  2192  489  323  3  -2  
16  12  21  2200  489  323  3  -2  
16  12  21  2209  490  323  3  -2  
16  12  21  2218  490  323  3  -2  
16  12  21  2225  493  323  3  -2  
16  12  21  2234  496  323  4  -2  
16  12  21  2242  499  323  4  -2  
16  12  21  2250  502  323  4  -2  
16  12  21  2261  505  323  4  -2  
16  12  21  2267  507  323  4  -2  
16  12  21  2276  508  323  4  -2  
16  12  21  2285  509  323  4  -2  
16  12  21  2294  510  323  4  -2  
16  12  21  2300  511  323  4  -2  
16  12  21  2309  511  323  4  -2  
16  12  21  2319  512  323  4  -2  
16  12  21  2326  515  323  4  -2  
16  12  21  2334  516  323  4  -2  
16  12  21  2344  519  323  4  -2  
16  12  21  2352  523  323  4  -2  
16  12  21  2360  525  323  4  -2  
16  12  21  2369  529  323  4  -2  
16  12  21  2376  532  323  4  -2  
16  12  21  2384  533  323  4  -2  
16  12  21  2392  533  323  4  -2  
16  12  21  2401  533  323  4  -2  
16  12  21  2412  533  323  4  -2  
16  12  21  2419  533  323  4  -2  
16  12  21  2426  533  323  4  -2  
16  12  21  2435  533  323  4  -2  
16  12  21  2443  533  323  4  -2  
16  12  21  2451  533  323  4  -2  
16  12  21  2460  533  323  4  -2  
16  12  21  2469  533  323  4  -2  
16  12  21  2476  533  323  4  -2  
16  12  21  2486  533  323  4  -2  
16  12  21  2494  532  323  4  -2  
16  12  21  2502  531  323  4  -2  
16  12  21  2510  529  324  4  -2  
16  12  21  2519  528  324  4  -2  
16  12  21  2527  525  324  4  -2  
16  12  21  2537  523  325  4  -2  
16  12  21  2544  521  325  4  -2  
16  12  21  2553  518  325  4  -2  
16  12  21  2562  515  325  4  -2  
16  12  21  2569  512  325  4  -2  
16  12  21  2576  511  325  4  -2  
16  12  21  2585  508  325  4  -2  
16  12  21  2596  505  327  4  -2  
16  12  21  2603  503  327  4  -2  
16  12  21  2613  500  327  4  -2  
16  12  21  2620  499  328  4  -2  
16  12  21  2629  498  328  4  -2  
16  12  21  2636  494  328  4  -2  
16  12  21  2646  490  328  4  -2  
16  12  21  2652  482  328  4  -2  
16  12  21  2662  482  328  4  -2  
16  12  21  2669  469  328  4  -2  
16  12  21  2679  469  328  4  -2  
16  12  21  2687  458  328  4  -2  
16  12  21  2696  453  328  4  -2  
16  12  21  2704  449  327  4  -2  
16  12  21  2713  444  327  4  -2  
16  12  21  2720  438  326  4  -2  
16  12  21  2729  435  326  4  -2  
16  12  21  2737  432  325  4  -2  
16  12  21  2746  428  325  4  -2  
16  12  21  2754  424  325  4  -2  
16  12  21  2763  420  323  4  -2  
16  12  21  2769  416  321  4  -2  
16  12  21  2779  414  321  4  -2  
16  12  21  2787  409  321  4  -2  
16  12  21  2796  405  320  4  -2  
