16  11  45  0  363  320  1  -2  
16  11  45  8  363  320  1  -2  
16  11  45  17  363  320  1  -2  
16  11  45  25  363  320  1  -2  
16  11  45  34  363  320  1  -2  
16  11  45  42  363  320  1  -2  
16  11  45  51  363  320  1  -2  
16  11  45  58  363  320  1  -2  
16  11  45  67  363  320  1  -2  
16  11  45  75  363  320  1  -2  
16  11  45  84  363  320  1  -2  
16  11  45  92  363  320  1  -2  
16  11  45  99  363  320  1  -2  
16  11  45  108  363  320  1  -2  
16  11  45  117  363  320  1  -2  
16  11  45  125  363  320  1  -2  
16  11  45  132  363  320  1  -2  
16  11  45  142  363  320  1  -2  
16  11  45  151  363  320  1  -2  
16  11  45  158  363  320  1  -2  
16  11  45  168  363  320  1  -2  
16  11  45  175  363  320  1  -2  
16  11  45  183  363  320  1  -2  
16  11  45  192  363  320  1  -2  
16  11  45  201  363  320  1  -2  
16  11  45  208  363  320  1  -2  
16  11  45  217  363  320  1  -2  
16  11  45  225  363  320  1  -2  
16  11  45  234  363  319  1  -2  
16  11  45  242  363  319  1  -2  
16  11  45  250  363  319  1  -2  
16  11  45  259  363  318  1  -2  
16  11  45  268  363  318  1  -2  
16  11  45  277  364  318  1  -2  
16  11  45  285  364  318  1  -2  
16  11  45  293  366  316  1  -2  
16  11  45  301  368  316  1  -2  
16  11  45  308  369  315  1  -2  
16  11  45  318  372  315  1  -2  
16  11  45  325  376  314  1  -2  
16  11  45  335  378  313  1  -2  
16  11  45  342  383  311  1  -2  
16  11  45  352  387  310  1  -2  
16  11  45  359  390  310  1  -2  
16  11  45  368  395  310  1  -2  
16  11  45  377  401  309  1  -2  
16  11  45  384  403  309  1  -2  
16  11  45  392  407  309  1  -2  
16  11  45  400  412  309  1  -2  
16  11  45  409  417  309  1  -2  
16  11  45  417  422  309  1  -2  
16  11  45  427  429  309  1  -2  
16  11  45  434  440  309  1  -2  
16  11  45  443  440  309  1  -2  
16  11  45  451  450  309  1  -2  
16  11  45  460  455  309  1  -2  
16  11  45  468  460  309  1  -2  
16  11  45  477  469  309  1  -2  
16  11  45  485  474  309  1  -2  
16  11  45  493  479  309  1  -2  
16  11  45  501  483  309  1  -2  
16  11  45  509  485  309  1  -2  
16  11  45  518  488  309  1  -2  
16  11  45  527  490  309  1  -2  
16  11  45  536  492  309  1  -2  
16  11  45  543  494  309  1  -2  
16  11  45  550  498  309  2  -2  
16  11  45  559  501  309  2  -2  
16  11  45  568  506  309  2  -2  
16  11  45  577  509  309  2  -2  
16  11  45  583  512  309  2  -2  
16  11  45  593  513  309  2  -2  
16  11  45  602  516  309  2  -2  
16  11  45  610  517  309  2  -2  
16  11  45  618  517  309  2  -2  
16  11  45  626  517  309  2  -2  
16  11  45  634  517  309  2  -2  
16  11  45  643  517  309  2  -2  
16  11  45  652  519  309  2  -2  
16  11  45  660  520  309  2  -2  
16  11  45  669  523  309  2  -2  
16  11  45  678  524  309  2  -2  
16  11  45  686  527  309  2  -2  
16  11  45  693  529  309  2  -2  
16  11  45  702  529  309  2  -2  
16  11  45  710  532  309  2  -2  
16  11  45  717  533  309  2  -2  
16  11  46  726  533  309  2  -2  
16  11  46  736  533  309  2  -2  
16  11  46  743  533  309  2  -2  
16  11  46  751  533  309  2  -2  
16  11  46  759  533  309  2  -2  
16  11  46  768  533  309  2  -2  
16  11  46  777  533  309  2  -2  
16  11  46  784  533  309  2  -2  
16  11  46  793  533  309  2  -2  
16  11  46  801  533  309  2  -2  
16  11  46  809  533  309  2  -2  
16  11  46  819  533  309  2  -2  
16  11  46  827  533  309  2  -2  
16  11  46  836  533  309  2  -2  
16  11  46  843  533  309  2  -2  
16  11  46  851  533  309  2  -2  
16  11  46  859  533  309  2  -2  
16  11  46  868  533  309  2  -2  
16  11  46  876  533  309  2  -2  
16  11  46  885  533  309  2  -2  
16  11  46  893  533  309  2  -2  
16  11  46  902  533  309  2  -2  
16  11  46  909  533  309  2  -2  
16  11  46  918  533  309  2  -2  
16  11  46  927  533  309  2  -2  
16  11  46  935  533  309  2  -2  
16  11  46  942  533  309  2  -2  
16  11  46  951  533  309  2  -2  
16  11  46  959  533  309  2  -2  
16  11  46  968  533  309  2  -2  
16  11  46  977  533  309  2  -2  
16  11  46  984  533  309  2  -2  
16  11  46  993  533  309  2  -2  
16  11  46  1001  533  309  2  -2  
16  11  46  1009  533  309  2  -2  
16  11  46  1017  533  309  2  -2  
16  11  46  1027  533  309  2  -2  
16  11  46  1034  533  309  2  -2  
16  11  46  1043  533  309  2  -2  
16  11  46  1051  533  309  2  -2  
16  11  46  1059  533  309  2  -2  
16  11  46  1068  533  309  2  -2  
16  11  46  1077  533  309  2  -2  
16  11  46  1083  533  309  2  -2  
16  11  46  1093  533  309  2  -2  
16  11  46  1101  533  309  2  -2  
16  11  46  1109  533  309  2  -2  
16  11  46  1118  533  309  2  -2  
16  11  46  1130  533  310  2  -2  
16  11  46  1137  533  310  2  -2  
16  11  46  1147  533  310  2  -2  
16  11  46  1154  533  311  2  -2  
16  11  46  1164  533  311  2  -2  
16  11  46  1171  531  311  2  -2  
16  11  46  1179  531  311  2  -2  
16  11  46  1187  531  311  2  -2  
16  11  46  1197  531  311  2  -2  
16  11  46  1204  529  311  2  -2  
16  11  46  1214  529  311  2  -2  
16  11  46  1220  528  311  2  -2  
16  11  46  1229  525  311  2  -2  
16  11  46  1236  524  311  2  -2  
16  11  46  1247  521  311  2  -2  
16  11  46  1253  520  311  2  -2  
16  11  46  1263  516  312  2  -2  
16  11  46  1269  513  312  2  -2  
16  11  46  1279  510  312  2  -2  
16  11  46  1287  506  314  2  -2  
16  11  46  1296  504  314  2  -2  
16  11  46  1303  502  315  2  -2  
16  11  46  1313  498  315  2  -2  
16  11  46  1319  495  315  2  -2  
16  11  46  1331  492  315  2  -2  
16  11  46  1337  484  315  2  -2  
16  11  46  1348  484  315  2  -2  
16  11  46  1354  478  315  2  -2  
16  11  46  1365  474  315  2  -2  
16  11  46  1371  469  315  2  -2  
16  11  46  1381  466  315  2  -2  
16  11  46  1389  461  315  2  -2  
16  11  46  1398  459  315  2  -2  
16  11  46  1405  456  315  2  -2  
16  11  46  1414  454  314  2  -2  
16  11  46  1421  452  314  2  -2  
16  11  46  1431  450  314  2  -2  
16  11  46  1438  448  314  2  -2  
16  11  46  1447  446  314  2  -2  
16  11  46  1456  442  314  2  -2  
16  11  46  1463  439  313  2  -2  
16  11  46  1471  437  313  2  -2  
16  11  46  1481  431  311  2  -2  
16  11  46  1488  428  311  2  -2  
16  11  46  1497  424  311  2  -2  
16  11  46  1506  421  311  2  -2  
16  11  46  1514  419  311  2  -2  
16  11  46  1522  415  310  2  -2  
16  11  46  1530  410  310  2  -2  
16  11  46  1538  410  310  2  -2  
16  11  46  1547  407  309  2  -2  
16  11  46  1556  407  309  2  -2  
16  11  46  1564  403  309  2  -2  
16  11  46  1572  402  309  2  -2  
16  11  46  1581  400  309  2  -2  
16  11  46  1589  397  309  3  -2  
16  11  46  1598  395  309  3  -2  
16  11  46  1606  394  309  3  -2  
16  11  46  1613  393  309  3  -2  
16  11  46  1621  390  309  3  -2  
16  11  46  1631  389  309  3  -2  
16  11  46  1638  388  309  3  -2  
16  11  46  1648  387  309  3  -2  
16  11  46  1656  387  309  3  -2  
16  11  46  1663  386  309  3  -2  
16  11  46  1671  386  309  3  -2  
16  11  46  1680  386  309  3  -2  
16  11  46  1688  386  309  3  -2  
16  11  46  1699  385  309  3  -2  
16  11  46  1707  382  309  3  -2  
16  11  46  1714  381  309  3  -2  
16  11  46  1721  381  309  3  -2  
16  11  47  1730  381  309  3  -2  
16  11  47  1738  379  309  3  -2  
16  11  47  1747  379  309  3  -2  
16  11  47  1756  379  309  3  -2  
16  11  47  1764  379  309  3  -2  
16  11  47  1771  379  309  3  -2  
16  11  47  1780  379  309  3  -2  
16  11  47  1789  379  309  3  -2  
16  11  47  1797  379  309  3  -2  
16  11  47  1806  379  309  3  -2  
16  11  47  1813  379  309  3  -2  
16  11  47  1823  379  309  3  -2  
16  11  47  1831  378  309  3  -2  
16  11  47  1838  378  309  3  -2  
16  11  47  1847  378  309  3  -2  
16  11  47  1856  378  309  3  -2  
16  11  47  1863  378  309  3  -2  
16  11  47  1871  378  309  3  -2  
16  11  47  1881  378  309  3  -2  
16  11  47  1889  378  309  3  -2  
16  11  47  1897  378  309  3  -2  
16  11  47  1906  378  309  3  -2  
16  11  47  1913  378  309  3  -2  
16  11  47  1921  378  309  3  -2  
16  11  47  1930  378  309  3  -2  
16  11  47  1942  378  309  3  -2  
16  11  47  1949  378  309  3  -2  
16  11  47  1959  378  309  3  -2  
16  11  47  1967  378  309  3  -2  
16  11  47  1974  378  309  3  -2  
16  11  47  1983  378  309  3  -2  
16  11  47  1991  378  309  3  -2  
16  11  47  2000  381  309  3  -2  
16  11  47  2007  384  309  3  -2  
16  11  47  2017  388  309  3  -2  
16  11  47  2025  392  309  3  -2  
16  11  47  2032  398  309  3  -2  
16  11  47  2042  403  309  3  -2  
16  11  47  2051  410  309  3  -2  
16  11  47  2057  423  309  3  -2  
16  11  47  2067  423  309  3  -2  
16  11  47  2075  437  309  3  -2  
16  11  47  2084  443  309  3  -2  
16  11  47  2091  454  309  3  -2  
16  11  47  2101  459  309  3  -2  
16  11  47  2108  465  309  3  -2  
16  11  47  2117  472  309  3  -2  
16  11  47  2125  481  309  3  -2  
16  11  47  2134  487  309  3  -2  
16  11  47  2141  496  309  4  -2  
16  11  47  2150  504  309  4  -2  
16  11  47  2158  511  309  4  -2  
16  11  47  2167  516  309  4  -2  
16  11  47  2174  522  310  4  -2  
16  11  47  2183  527  311  4  -2  
16  11  47  2191  531  311  4  -2  
16  11  47  2201  535  311  4  -2  
16  11  47  2208  538  311  4  -2  
16  11  47  2217  538  311  4  -2  
16  11  47  2227  541  311  4  -2  
16  11  47  2233  543  311  4  -2  
16  11  47  2242  543  311  4  -2  
16  11  47  2250  544  311  4  -2  
16  11  47  2258  544  311  4  -2  
16  11  47  2267  544  311  4  -2  
16  11  47  2276  544  311  4  -2  
16  11  47  2283  544  311  4  -2  
16  11  47  2291  544  311  4  -2  
16  11  47  2300  544  311  4  -2  
16  11  47  2308  544  311  4  -2  
16  11  47  2317  544  311  4  -2  
16  11  47  2325  544  311  4  -2  
16  11  47  2333  544  311  4  -2  
16  11  47  2342  544  311  4  -2  
16  11  47  2351  544  311  4  -2  
16  11  47  2360  544  311  4  -2  
16  11  47  2368  544  311  4  -2  
16  11  47  2376  544  311  4  -2  
16  11  47  2386  544  311  4  -2  
16  11  47  2392  544  311  4  -2  
16  11  47  2400  544  311  4  -2  
16  11  47  2408  544  311  4  -2  
16  11  47  2417  544  311  4  -2  
16  11  47  2429  544  311  4  -2  
16  11  47  2435  544  311  4  -2  
16  11  47  2445  544  311  4  -2  
16  11  47  2452  544  311  4  -2  
16  11  47  2462  544  311  4  -2  
16  11  47  2468  544  311  4  -2  
16  11  47  2479  544  311  4  -2  
16  11  47  2486  544  311  4  -2  
16  11  47  2495  544  311  4  -2  
16  11  47  2501  544  311  4  -2  
16  11  47  2512  544  311  4  -2  
16  11  47  2518  544  311  4  -2  
16  11  47  2528  544  311  4  -2  
16  11  47  2535  544  311  4  -2  
16  11  47  2545  544  311  4  -2  
16  11  47  2551  544  311  4  -2  
16  11  47  2561  544  311  4  -2  
16  11  47  2569  544  311  4  -2  
16  11  47  2578  544  311  4  -2  
16  11  47  2585  544  311  4  -2  
16  11  47  2595  544  311  4  -2  
16  11  47  2601  544  311  4  -2  
16  11  47  2611  544  311  4  -2  
16  11  47  2618  544  311  4  -2  
16  11  47  2630  544  311  4  -2  
16  11  47  2636  544  311  4  -2  
16  11  47  2645  544  312  4  -2  
16  11  47  2651  544  312  4  -2  
16  11  47  2663  544  312  4  -2  
16  11  47  2669  544  313  4  -2  
16  11  47  2680  544  313  4  -2  
16  11  47  2687  543  313  4  -2  
16  11  47  2697  542  313  4  -2  
16  11  47  2703  542  313  4  -2  
16  11  47  2713  542  314  4  -2  
16  11  47  2720  542  314  4  -2  
16  11  48  2730  541  315  4  -2  
16  11  48  2737  541  315  4  -2  
16  11  48  2747  539  316  4  -2  
16  11  48  2753  539  316  4  -2  
16  11  48  2763  538  316  4  -2  
16  11  48  2771  536  318  4  -2  
16  11  48  2779  536  318  4  -2  
16  11  48  2787  534  320  4  -2  
16  11  48  2797  532  321  4  -2  
16  11  48  2804  532  322  4  -2  
16  11  48  2813  530  322  4  -2  
16  11  48  2821  528  323  4  -2  
16  11  48  2830  528  323  4  -2  
16  11  48  2838  526  323  4  -2  
16  11  48  2846  525  324  4  -2  
16  11  48  2854  523  324  4  -2  
16  11  48  2863  522  324  4  -2  
16  11  48  2870  521  326  4  -2  
16  11  48  2880  519  326  4  -2  
16  11  48  2888  518  326  4  -2  
16  11  48  2897  516  326  4  -2  
16  11  48  2904  514  326  4  -2  
16  11  48  2913  511  327  4  -2  
16  11  48  2920  511  328  4  -2  
16  11  48  2930  509  328  4  -2  
16  11  48  2938  508  328  4  -2  
16  11  48  2947  506  329  4  -2  
16  11  48  2953  504  330  4  -2  
16  11  48  2962  504  330  4  -2  
16  11  48  2969  499  330  4  -2  
16  11  48  2979  499  330  4  -2  
16  11  48  2986  497  330  4  -2  
16  11  48  2996  497  330  4  -2  
16  11  48  3002  493  330  4  -2  
16  11  48  3013  489  330  4  -2  
16  11  48  3019  489  330  4  -2  
16  11  48  3030  486  330  4  -2  
16  11  48  3037  485  330  4  -2  
16  11  48  3046  482  330  4  -2  
16  11  48  3054  480  330  4  -2  
16  11  48  3062  478  330  4  -2  
16  11  48  3069  474  330  4  -2  
16  11  48  3079  472  330  4  -2  
16  11  48  3085  467  330  4  -2  
16  11  48  3096  464  330  4  -2  
16  11  48  3103  459  330  4  -2  
16  11  48  3112  454  330  4  -2  
16  11  48  3119  448  330  4  -2  
16  11  48  3129  445  330  4  -2  
16  11  48  3138  440  330  4  -2  
16  11  48  3146  429  330  4  -2  
16  11  48  3154  429  330  4  -2  
16  11  48  3162  427  330  4  -2  
16  11  48  3170  420  330  4  -2  
16  11  48  3179  420  330  4  -2  
16  11  48  3186  416  329  4  -2  
16  11  48  3196  416  329  4  -2  
16  11  48  3203  414  329  4  -2  
16  11  48  3212  411  329  4  -2  
16  11  48  3221  410  329  4  -2  
16  11  48  3229  408  329  4  -2  
16  11  48  3237  406  329  4  -2  
16  11  48  3246  406  329  4  -2  
16  11  48  3253  403  329  4  -2  
16  11  48  3262  402  329  4  -2  
16  11  48  3270  400  329  4  -2  
16  11  48  3279  399  329  4  -2  
16  11  48  3287  398  328  4  -2  
