13  58  19  0  363  299  1  -2  
13  58  19  10  363  299  1  -2  
13  58  19  16  363  299  1  -2  
13  58  19  26  363  299  1  -2  
13  58  19  34  363  299  1  -2  
13  58  19  42  363  299  1  -2  
13  58  19  50  363  299  1  -2  
13  58  19  57  363  299  1  -2  
13  58  19  66  363  299  1  -2  
13  58  19  77  363  299  1  -2  
13  58  19  83  363  299  1  -2  
13  58  19  94  363  299  1  -2  
13  58  19  101  363  299  1  -2  
13  58  19  110  363  299  1  -2  
13  58  19  116  363  299  1  -2  
13  58  19  127  363  299  1  -2  
13  58  19  134  363  299  1  -2  
13  58  19  143  363  299  1  -2  
13  58  19  149  363  299  1  -2  
13  58  19  160  363  299  1  -2  
13  58  19  167  363  299  1  -2  
13  58  19  175  363  299  1  -2  
13  58  19  184  363  299  1  -2  
13  58  19  193  363  299  1  -2  
13  58  19  199  363  299  1  -2  
13  58  19  209  363  299  1  -2  
13  58  19  216  363  299  1  -2  
13  58  19  227  363  299  1  -2  
13  58  19  234  363  299  1  -2  
13  58  19  243  363  299  1  -2  
13  58  19  249  363  299  1  -2  
13  58  19  259  363  299  1  -2  
13  58  19  267  363  299  1  -2  
13  58  19  275  363  299  1  -2  
13  58  19  284  363  299  1  -2  
13  58  19  292  363  299  1  -2  
13  58  19  300  363  299  1  -2  
13  58  19  309  363  299  1  -2  
13  58  19  316  363  299  1  -2  
13  58  19  326  363  299  1  -2  
13  58  19  335  363  299  1  -2  
13  58  19  343  363  299  1  -2  
13  58  19  350  363  299  1  -2  
13  58  19  358  363  299  1  -2  
13  58  19  366  363  299  1  -2  
13  58  19  376  363  299  1  -2  
13  58  19  384  363  299  1  -2  
13  58  19  394  363  299  1  -2  
13  58  19  399  363  299  1  -2  
13  58  19  409  363  299  1  -2  
13  58  19  417  363  299  1  -2  
13  58  19  427  363  299  1  -2  
13  58  19  433  363  299  1  -2  
13  58  19  443  363  299  1  -2  
13  58  19  449  363  299  1  -2  
13  58  19  458  363  299  1  -2  
13  58  19  466  363  299  1  -2  
13  58  19  475  363  299  1  -2  
13  58  19  484  363  299  1  -2  
13  58  19  493  363  299  1  -2  
13  58  19  499  368  299  1  -2  
13  58  19  508  368  299  1  -2  
13  58  19  517  374  299  1  -2  
13  58  19  526  382  299  1  -2  
13  58  19  533  401  299  1  -2  
13  58  19  544  401  299  1  -2  
13  58  19  551  419  299  1  -2  
13  58  19  560  431  299  1  -2  
13  58  19  566  441  299  1  -2  
13  58  19  576  454  299  1  -2  
13  58  19  584  466  299  1  -2  
13  58  19  595  478  299  1  -2  
13  58  19  600  486  299  1  -2  
13  58  19  609  494  299  1  -2  
13  58  19  616  501  299  2  -2  
13  58  19  626  503  299  2  -2  
13  58  19  633  504  299  2  -2  
13  58  19  643  504  299  2  -2  
13  58  19  649  504  299  2  -2  
13  58  20  659  504  299  2  -2  
13  58  20  665  504  299  2  -2  
13  58  20  676  504  299  2  -2  
13  58  20  683  504  299  2  -2  
13  58  20  693  504  299  2  -2  
13  58  20  699  504  299  2  -2  
13  58  20  708  504  299  2  -2  
13  58  20  715  506  299  2  -2  
13  58  20  726  507  299  2  -2  
13  58  20  732  510  299  2  -2  
13  58  20  743  510  299  2  -2  
13  58  20  749  514  299  2  -2  
13  58  20  760  514  299  2  -2  
13  58  20  766  515  299  2  -2  
13  58  20  775  515  299  2  -2  
13  58  20  782  515  299  2  -2  
13  58  20  793  515  299  2  -2  
13  58  20  799  515  299  2  -2  
13  58  20  809  515  299  2  -2  
13  58  20  816  515  299  2  -2  
13  58  20  826  515  299  2  -2  
13  58  20  834  515  299  2  -2  
13  58  20  844  515  299  2  -2  
13  58  20  851  515  299  2  -2  
13  58  20  860  514  299  2  -2  
13  58  20  866  514  299  2  -2  
13  58  20  876  513  299  2  -2  
13  58  20  883  511  299  2  -2  
13  58  20  893  511  299  2  -2  
13  58  20  899  509  299  2  -2  
13  58  20  910  507  299  2  -2  
13  58  20  916  498  299  2  -2  
13  58  20  926  498  299  2  -2  
13  58  20  933  486  298  2  -2  
13  58  20  944  486  298  2  -2  
13  58  20  949  467  298  2  -2  
13  58  20  959  459  298  2  -2  
13  58  20  966  445  298  2  -2  
13  58  20  977  434  298  2  -2  
13  58  20  984  422  298  2  -2  
13  58  20  994  411  298  2  -2  
13  58  20  999  402  298  2  -2  
13  58  20  1010  394  298  3  -2  
13  58  20  1018  385  298  3  -2  
13  58  20  1026  382  298  3  -2  
13  58  20  1034  380  298  3  -2  
13  58  20  1043  377  298  3  -2  
13  58  20  1049  377  298  3  -2  
13  58  20  1059  377  298  3  -2  
13  58  20  1066  377  298  3  -2  
13  58  20  1076  377  298  3  -2  
13  58  20  1084  377  298  3  -2  
13  58  20  1094  376  297  3  -2  
13  58  20  1099  375  297  3  -2  
13  58  20  1110  375  297  3  -2  
13  58  20  1116  374  297  3  -2  
13  58  20  1126  374  297  3  -2  
13  58  20  1134  374  297  3  -2  
13  58  20  1143  374  297  3  -2  
13  58  20  1149  374  297  3  -2  
13  58  20  1160  374  297  3  -2  
13  58  20  1166  374  297  3  -2  
13  58  20  1176  374  297  3  -2  
13  58  20  1183  374  297  3  -2  
13  58  20  1193  374  297  3  -2  
13  58  20  1199  374  297  3  -2  
13  58  20  1209  374  297  3  -2  
13  58  20  1216  374  297  3  -2  
13  58  20  1226  374  297  3  -2  
13  58  20  1234  374  297  3  -2  
13  58  20  1243  374  297  3  -2  
13  58  20  1250  374  297  3  -2  
13  58  20  1259  374  297  3  -2  
13  58  20  1266  374  297  3  -2  
13  58  20  1276  374  297  3  -2  
13  58  20  1284  374  297  3  -2  
13  58  20  1293  374  297  3  -2  
13  58  20  1300  374  297  3  -2  
13  58  20  1309  374  297  3  -2  
13  58  20  1316  374  297  3  -2  
13  58  20  1326  374  297  3  -2  
13  58  20  1335  374  297  3  -2  
13  58  20  1345  374  297  3  -2  
13  58  20  1351  374  297  3  -2  
13  58  20  1361  374  297  3  -2  
13  58  20  1367  374  297  3  -2  
13  58  20  1376  374  297  3  -2  
13  58  20  1384  374  297  3  -2  
13  58  20  1393  374  297  3  -2  
13  58  20  1399  374  297  3  -2  
13  58  20  1409  374  297  3  -2  
13  58  20  1417  374  297  3  -2  
13  58  20  1426  374  297  3  -2  
13  58  20  1433  374  297  3  -2  
13  58  20  1444  374  297  3  -2  
13  58  20  1449  374  297  3  -2  
13  58  20  1459  374  297  3  -2  
13  58  20  1467  374  297  3  -2  
13  58  20  1476  374  297  3  -2  
13  58  20  1484  376  297  3  -2  
13  58  20  1494  380  297  3  -2  
13  58  20  1499  389  297  3  -2  
13  58  20  1510  389  297  3  -2  
13  58  20  1517  393  297  3  -2  
13  58  20  1526  398  297  3  -2  
13  58  20  1534  407  297  3  -2  
13  58  20  1544  410  297  3  -2  
13  58  20  1550  415  297  3  -2  
13  58  20  1559  420  297  3  -2  
13  58  20  1567  426  297  3  -2  
13  58  20  1576  434  297  3  -2  
13  58  20  1585  442  297  3  -2  
13  58  20  1594  451  297  3  -2  
13  58  20  1601  458  297  3  -2  
13  58  20  1610  466  297  3  -2  
13  58  20  1617  474  297  3  -2  
13  58  20  1626  481  298  3  -2  
13  58  20  1634  489  300  3  -2  
13  58  20  1643  492  300  3  -2  
13  58  20  1649  496  301  3  -2  
13  58  21  1659  501  301  4  -2  
13  58  21  1667  504  301  4  -2  
13  58  21  1677  505  301  4  -2  
13  58  21  1684  505  301  4  -2  
13  58  21  1693  505  301  4  -2  
13  58  21  1700  505  301  4  -2  
13  58  21  1709  505  301  4  -2  
13  58  21  1716  505  301  4  -2  
13  58  21  1726  505  301  4  -2  
13  58  21  1734  505  301  4  -2  
13  58  21  1744  505  301  4  -2  
13  58  21  1750  505  301  4  -2  
13  58  21  1760  505  301  4  -2  
13  58  21  1767  505  301  4  -2  
13  58  21  1776  505  301  4  -2  
13  58  21  1785  505  301  4  -2  
13  58  21  1793  506  301  4  -2  
13  58  21  1801  506  301  4  -2  
13  58  21  1809  506  301  4  -2  
13  58  21  1816  508  301  4  -2  
13  58  21  1826  508  301  4  -2  
13  58  21  1835  508  301  4  -2  
13  58  21  1844  508  301  4  -2  
13  58  21  1853  509  301  4  -2  
13  58  21  1860  509  301  4  -2  
13  58  21  1868  510  301  4  -2  
13  58  21  1877  510  301  4  -2  
13  58  21  1885  510  301  4  -2  
13  58  21  1894  510  301  4  -2  
13  58  21  1903  510  301  4  -2  
13  58  21  1911  510  301  4  -2  
13  58  21  1919  510  301  4  -2  
13  58  21  1927  510  301  4  -2  
13  58  21  1935  510  301  4  -2  
13  58  21  1945  510  301  4  -2  
13  58  21  1952  511  301  4  -2  
13  58  21  1961  511  301  4  -2  
13  58  21  1969  512  302  4  -2  
13  58  21  1977  513  302  4  -2  
13  58  21  1986  513  302  4  -2  
13  58  21  1994  513  302  4  -2  
13  58  21  2003  513  302  4  -2  
13  58  21  2011  513  302  4  -2  
13  58  21  2019  513  302  4  -2  
13  58  21  2027  513  302  4  -2  
13  58  21  2035  513  302  4  -2  
13  58  21  2044  513  302  4  -2  
13  58  21  2053  513  302  4  -2  
13  58  21  2060  513  302  4  -2  
13  58  21  2069  513  302  4  -2  
13  58  21  2078  513  302  4  -2  
13  58  21  2086  513  302  4  -2  
13  58  21  2095  506  302  4  -2  
13  58  21  2102  501  302  4  -2  
13  58  21  2110  501  302  4  -2  
13  58  21  2119  484  302  4  -2  
13  58  21  2128  478  302  4  -2  
13  58  21  2136  466  302  4  -2  
13  58  21  2144  459  302  4  -2  
13  58  21  2152  448  302  4  -2  
13  58  21  2161  437  302  4  -2  
13  58  21  2168  429  302  4  -2  
13  58  21  2176  419  302  4  -2  
13  58  21  2186  411  302  4  -2  
13  58  21  2195  405  302  4  -2  
13  58  21  2202  399  302  4  -2  
13  58  21  2210  394  302  5  -2  
13  58  21  2218  390  302  5  -2  
13  58  21  2226  386  302  5  -2  
13  58  21  2235  384  302  5  -2  
13  58  21  2243  383  302  5  -2  
13  58  21  2252  383  302  5  -2  
13  58  21  2259  383  302  5  -2  
13  58  21  2267  383  302  5  -2  
13  58  21  2276  383  302  5  -2  
13  58  21  2284  383  302  5  -2  
13  58  21  2293  383  302  5  -2  
13  58  21  2302  383  302  5  -2  
13  58  21  2311  383  302  5  -2  
13  58  21  2317  383  302  5  -2  
13  58  21  2327  383  302  5  -2  
13  58  21  2335  383  302  5  -2  
13  58  21  2344  383  302  5  -2  
13  58  21  2352  383  302  5  -2  
13  58  21  2361  383  302  5  -2  
13  58  21  2367  383  302  5  -2  
13  58  21  2376  383  302  5  -2  
13  58  21  2384  383  302  5  -2  
13  58  21  2393  383  302  5  -2  
13  58  21  2402  383  302  5  -2  
13  58  21  2410  383  302  5  -2  
13  58  21  2418  383  302  5  -2  
13  58  21  2426  383  302  5  -2  
13  58  21  2436  383  302  5  -2  
13  58  21  2444  383  302  5  -2  
13  58  21  2452  383  302  5  -2  
13  58  21  2460  383  302  5  -2  
13  58  21  2470  383  302  5  -2  
13  58  21  2479  383  302  5  -2  
13  58  21  2488  383  302  5  -2  
13  58  21  2497  383  302  5  -2  
13  58  21  2505  383  302  5  -2  
13  58  21  2513  383  302  5  -2  
13  58  21  2520  383  302  5  -2  
13  58  21  2528  383  302  5  -2  
13  58  21  2537  383  302  5  -2  
13  58  21  2548  383  302  5  -2  
13  58  21  2556  383  302  5  -2  
13  58  21  2564  383  302  5  -2  
13  58  21  2576  383  302  5  -2  
13  58  21  2582  383  302  5  -2  
13  58  21  2592  383  302  5  -2  
13  58  21  2600  383  302  5  -2  
13  58  21  2610  383  302  5  -2  
13  58  21  2618  383  302  5  -2  
13  58  21  2627  383  302  5  -2  
13  58  21  2636  383  302  5  -2  
13  58  21  2644  383  302  5  -2  
13  58  21  2653  383  302  5  -2  
13  58  22  2661  383  302  5  -2  
13  58  22  2669  383  302  5  -2  
