13  58  32  0  364  307  1  -2  
13  58  32  8  364  307  1  -2  
13  58  32  17  364  307  1  -2  
13  58  32  25  364  307  1  -2  
13  58  32  33  364  307  1  -2  
13  58  32  42  364  307  1  -2  
13  58  32  50  364  307  1  -2  
13  58  32  59  364  307  1  -2  
13  58  32  66  364  307  1  -2  
13  58  32  75  364  307  1  -2  
13  58  32  84  364  307  1  -2  
13  58  32  92  364  307  1  -2  
13  58  32  100  364  307  1  -2  
13  58  32  109  364  307  1  -2  
13  58  32  117  364  307  1  -2  
13  58  32  125  364  307  1  -2  
13  58  32  133  364  307  1  -2  
13  58  32  143  364  307  1  -2  
13  58  32  151  364  307  1  -2  
13  58  32  158  364  307  1  -2  
13  58  32  167  364  307  1  -2  
13  58  32  175  364  307  1  -2  
13  58  32  184  364  307  1  -2  
13  58  32  192  364  307  1  -2  
13  58  32  200  364  307  1  -2  
13  58  32  209  364  307  1  -2  
13  58  32  217  364  307  1  -2  
13  58  32  225  364  307  1  -2  
13  58  32  233  364  307  1  -2  
13  58  32  243  364  307  1  -2  
13  58  32  251  364  307  1  -2  
13  58  32  259  364  307  1  -2  
13  58  32  269  364  307  1  -2  
13  58  32  276  364  307  1  -2  
13  58  32  284  364  307  1  -2  
13  58  32  292  364  307  1  -2  
13  58  32  304  364  307  1  -2  
13  58  32  309  364  307  1  -2  
13  58  33  319  364  307  1  -2  
13  58  33  325  364  307  1  -2  
13  58  33  335  364  307  1  -2  
13  58  33  343  364  307  1  -2  
13  58  33  350  364  307  1  -2  
13  58  33  360  364  307  1  -2  
13  58  33  369  364  307  1  -2  
13  58  33  376  374  307  1  -2  
13  58  33  384  383  307  1  -2  
13  58  33  393  383  307  1  -2  
13  58  33  403  408  307  1  -2  
13  58  33  409  421  307  1  -2  
13  58  33  419  434  307  1  -2  
13  58  33  427  446  307  1  -2  
13  58  33  436  456  307  1  -2  
13  58  33  443  464  307  1  -2  
13  58  33  453  471  307  1  -2  
13  58  33  459  475  307  1  -2  
13  58  33  470  480  307  1  -2  
13  58  33  476  481  307  1  -2  
13  58  33  485  483  307  1  -2  
13  58  33  493  483  307  1  -2  
13  58  33  501  484  307  1  -2  
13  58  33  509  484  307  1  -2  
13  58  33  519  484  307  1  -2  
13  58  33  526  485  307  1  -2  
13  58  33  535  488  307  1  -2  
13  58  33  543  489  307  1  -2  
13  58  33  554  493  307  1  -2  
13  58  33  561  500  307  2  -2  
13  58  33  570  501  307  2  -2  
13  58  33  576  502  307  2  -2  
13  58  33  585  502  307  2  -2  
13  58  33  593  502  307  2  -2  
13  58  33  600  502  307  2  -2  
13  58  33  609  502  307  2  -2  
13  58  33  619  502  307  2  -2  
13  58  33  625  502  307  2  -2  
13  58  33  638  502  307  2  -2  
13  58  33  643  503  307  2  -2  
13  58  33  652  504  307  2  -2  
13  58  33  660  505  307  2  -2  
13  58  33  668  506  307  2  -2  
13  58  33  676  508  307  2  -2  
13  58  33  685  509  307  2  -2  
13  58  33  693  509  307  2  -2  
13  58  33  703  509  307  2  -2  
13  58  33  709  509  307  2  -2  
13  58  33  719  509  307  2  -2  
13  58  33  726  509  307  2  -2  
13  58  33  735  509  307  2  -2  
13  58  33  743  509  307  2  -2  
13  58  33  753  509  307  2  -2  
13  58  33  759  509  307  2  -2  
13  58  33  768  509  307  2  -2  
13  58  33  776  510  307  2  -2  
13  58  33  785  511  307  2  -2  
13  58  33  793  511  307  2  -2  
13  58  33  803  512  307  2  -2  
13  58  33  810  513  307  2  -2  
13  58  33  822  513  307  2  -2  
13  58  33  827  514  307  2  -2  
13  58  33  836  515  307  2  -2  
13  58  33  844  515  307  2  -2  
13  58  33  854  515  307  2  -2  
13  58  33  861  516  307  2  -2  
13  58  33  871  517  307  2  -2  
13  58  33  877  517  307  2  -2  
13  58  33  886  517  307  2  -2  
13  58  33  895  517  307  2  -2  
13  58  33  904  517  307  2  -2  
13  58  33  910  517  307  2  -2  
13  58  33  919  517  307  2  -2  
13  58  33  927  517  307  2  -2  
13  58  33  938  517  307  2  -2  
13  58  33  944  517  307  2  -2  
13  58  33  952  517  307  2  -2  
13  58  33  960  517  307  2  -2  
13  58  33  971  517  307  2  -2  
13  58  33  977  517  307  2  -2  
13  58  33  986  517  307  2  -2  
13  58  33  994  517  307  2  -2  
13  58  33  1002  517  307  2  -2  
13  58  33  1010  517  307  2  -2  
13  58  33  1020  516  307  2  -2  
13  58  33  1026  511  307  2  -2  
13  58  33  1035  504  307  2  -2  
13  58  33  1043  496  307  2  -2  
13  58  33  1053  487  307  2  -2  
13  58  33  1061  481  307  2  -2  
13  58  33  1071  470  307  2  -2  
13  58  33  1076  464  307  2  -2  
13  58  33  1086  459  307  2  -2  
13  58  33  1092  453  306  2  -2  
13  58  33  1104  449  306  2  -2  
13  58  33  1109  440  303  2  -2  
13  58  33  1120  440  303  2  -2  
13  58  33  1127  429  303  2  -2  
13  58  33  1137  429  303  2  -2  
13  58  33  1143  415  303  2  -2  
13  58  33  1154  408  303  2  -2  
13  58  33  1160  400  303  2  -2  
13  58  33  1169  393  303  3  -2  
13  58  33  1176  388  303  3  -2  
13  58  33  1187  384  303  3  -2  
13  58  33  1193  383  303  3  -2  
13  58  33  1203  381  303  3  -2  
13  58  33  1211  381  303  3  -2  
13  58  33  1220  381  303  3  -2  
13  58  33  1226  381  303  3  -2  
13  58  33  1237  381  303  3  -2  
13  58  33  1243  380  303  3  -2  
13  58  33  1253  380  303  3  -2  
13  58  33  1259  379  303  3  -2  
13  58  33  1269  377  303  3  -2  
13  58  33  1276  377  303  3  -2  
13  58  33  1287  376  303  3  -2  
13  58  33  1293  375  303  3  -2  
13  58  33  1304  375  303  3  -2  
13  58  33  1311  375  303  3  -2  
13  58  34  1321  375  303  3  -2  
13  58  34  1326  375  303  3  -2  
13  58  34  1337  375  303  3  -2  
13  58  34  1343  375  303  3  -2  
13  58  34  1354  375  303  3  -2  
13  58  34  1361  375  303  3  -2  
13  58  34  1370  375  303  3  -2  
13  58  34  1376  375  303  3  -2  
13  58  34  1387  375  303  3  -2  
13  58  34  1394  375  303  3  -2  
13  58  34  1403  375  303  3  -2  
13  58  34  1411  375  303  3  -2  
13  58  34  1420  375  303  3  -2  
13  58  34  1426  375  303  3  -2  
13  58  34  1437  375  303  3  -2  
13  58  34  1443  375  303  3  -2  
13  58  34  1455  375  303  3  -2  
13  58  34  1460  375  303  3  -2  
13  58  34  1470  375  303  3  -2  
13  58  34  1476  375  303  3  -2  
13  58  34  1487  375  303  3  -2  
13  58  34  1493  375  303  3  -2  
13  58  34  1503  375  303  3  -2  
13  58  34  1510  375  303  3  -2  
13  58  34  1520  375  303  3  -2  
13  58  34  1526  375  303  3  -2  
13  58  34  1537  375  303  3  -2  
13  58  34  1542  375  303  3  -2  
13  58  34  1554  375  303  3  -2  
13  58  34  1561  375  303  3  -2  
13  58  34  1571  375  303  3  -2  
13  58  34  1576  375  303  3  -2  
13  58  34  1587  375  303  3  -2  
13  58  34  1593  375  303  3  -2  
13  58  34  1604  375  303  3  -2  
13  58  34  1611  375  303  3  -2  
13  58  34  1620  375  303  3  -2  
13  58  34  1626  375  303  3  -2  
13  58  34  1636  375  303  3  -2  
13  58  34  1643  375  303  3  -2  
13  58  34  1653  375  303  3  -2  
13  58  34  1661  375  303  3  -2  
13  58  34  1670  375  303  3  -2  
13  58  34  1677  375  303  3  -2  
13  58  34  1686  375  303  3  -2  
13  58  34  1694  375  303  3  -2  
13  58  34  1703  375  303  3  -2  
13  58  34  1711  375  303  3  -2  
13  58  34  1720  375  303  3  -2  
13  58  34  1727  375  303  3  -2  
13  58  34  1737  375  303  3  -2  
13  58  34  1743  375  303  3  -2  
13  58  34  1753  375  303  3  -2  
13  58  34  1761  375  303  3  -2  
13  58  34  1770  375  303  3  -2  
13  58  34  1776  375  303  3  -2  
13  58  34  1787  375  303  3  -2  
13  58  34  1794  375  303  3  -2  
13  58  34  1804  375  303  3  -2  
13  58  34  1813  377  303  3  -2  
13  58  34  1823  383  303  3  -2  
13  58  34  1830  388  303  3  -2  
13  58  34  1838  397  303  3  -2  
13  58  34  1847  405  303  3  -2  
13  58  34  1856  415  303  3  -2  
13  58  34  1863  437  303  3  -2  
13  58  34  1872  450  303  3  -2  
13  58  34  1878  463  303  3  -2  
13  58  34  1887  463  303  3  -2  
13  58  34  1896  478  303  3  -2  
13  58  34  1905  508  303  4  -2  
13  58  34  1912  520  303  4  -2  
13  58  34  1922  531  303  4  -2  
13  58  34  1930  543  303  4  -2  
13  58  34  1938  551  303  4  -2  
13  58  34  1945  560  303  4  -2  
13  58  34  1955  566  303  4  -2  
13  58  34  1963  570  303  4  -2  
13  58  34  1970  572  303  4  -2  
13  58  34  1978  572  303  4  -2  
13  58  34  1987  572  303  4  -2  
13  58  34  1995  572  303  4  -2  
13  58  34  2004  572  303  4  -2  
13  58  34  2012  572  303  4  -2  
13  58  34  2023  572  303  4  -2  
13  58  34  2030  572  303  4  -2  
13  58  34  2037  572  303  4  -2  
13  58  34  2046  572  303  4  -2  
13  58  34  2055  572  303  4  -2  
13  58  34  2063  572  303  4  -2  
13  58  34  2071  572  303  4  -2  
13  58  34  2079  572  303  4  -2  
13  58  34  2087  572  303  4  -2  
13  58  34  2095  572  303  4  -2  
13  58  34  2104  572  303  4  -2  
13  58  34  2115  570  303  4  -2  
13  58  34  2123  565  303  4  -2  
13  58  34  2130  561  303  4  -2  
13  58  34  2139  555  303  4  -2  
13  58  34  2146  548  303  4  -2  
13  58  34  2155  539  303  4  -2  
13  58  34  2163  531  303  4  -2  
13  58  34  2173  519  302  4  -2  
13  58  34  2181  506  301  4  -2  
13  58  34  2190  491  301  4  -2  
13  58  34  2197  477  299  4  -2  
13  58  34  2206  464  297  4  -2  
13  58  34  2214  451  297  4  -2  
13  58  34  2222  439  297  4  -2  
13  58  34  2231  427  297  4  -2  
13  58  34  2240  419  297  4  -2  
13  58  34  2247  400  297  4  -2  
13  58  34  2255  400  297  4  -2  
13  58  34  2264  395  297  5  -2  
13  58  34  2273  390  297  5  -2  
13  58  34  2280  381  296  5  -2  
13  58  34  2288  381  296  5  -2  
13  58  34  2297  378  296  5  -2  
13  58  34  2305  378  296  5  -2  
13  58  35  2314  378  296  5  -2  
13  58  35  2322  378  296  5  -2  
13  58  35  2330  378  296  5  -2  
13  58  35  2339  377  295  5  -2  
13  58  35  2346  377  295  5  -2  
13  58  35  2356  377  295  5  -2  
13  58  35  2364  375  295  5  -2  
13  58  35  2372  374  295  5  -2  
13  58  35  2380  373  295  5  -2  
13  58  35  2388  373  295  5  -2  
13  58  35  2397  373  295  5  -2  
13  58  35  2405  373  295  5  -2  
13  58  35  2413  373  295  5  -2  
13  58  35  2422  373  295  5  -2  
13  58  35  2430  373  295  5  -2  
13  58  35  2439  373  295  5  -2  
13  58  35  2447  373  295  5  -2  
13  58  35  2455  373  295  5  -2  
13  58  35  2464  373  295  5  -2  
13  58  35  2472  373  295  5  -2  
13  58  35  2481  373  295  5  -2  
13  58  35  2490  373  295  5  -2  
13  58  35  2497  373  295  5  -2  
13  58  35  2506  373  295  5  -2  
13  58  35  2514  373  295  5  -2  
13  58  35  2522  373  295  5  -2  
13  58  35  2531  373  295  5  -2  
13  58  35  2539  373  295  5  -2  
13  58  35  2547  373  295  5  -2  
13  58  35  2555  373  295  5  -2  
13  58  35  2565  373  295  5  -2  
13  58  35  2573  373  295  5  -2  
13  58  35  2580  373  295  5  -2  
13  58  35  2589  373  295  5  -2  
13  58  35  2597  373  295  5  -2  
13  58  35  2606  373  295  5  -2  
13  58  35  2614  373  295  5  -2  
13  58  35  2622  373  295  5  -2  
13  58  35  2630  373  295  5  -2  
13  58  35  2639  373  295  5  -2  
13  58  35  2647  373  295  5  -2  
13  58  35  2656  373  295  5  -2  
13  58  35  2664  373  295  5  -2  
13  58  35  2672  373  295  5  -2  
