15  3  10  0  359  313  1  -2  
15  3  10  7  359  313  1  -2  
15  3  10  16  359  313  1  -2  
15  3  10  23  359  313  1  -2  
15  3  10  33  359  313  1  -2  
15  3  10  39  359  313  1  -2  
15  3  10  49  359  313  1  -2  
15  3  10  56  359  313  1  -2  
15  3  10  65  359  313  1  -2  
15  3  10  73  359  313  1  -2  
15  3  10  83  359  313  1  -2  
15  3  10  89  359  313  1  -2  
15  3  10  100  359  313  1  -2  
15  3  10  106  361  313  1  -2  
15  3  10  116  361  313  1  -2  
15  3  10  123  379  318  1  -2  
15  3  10  134  390  322  1  -2  
15  3  10  140  403  322  1  -2  
15  3  10  150  413  323  1  -2  
15  3  10  157  427  323  1  -2  
15  3  10  167  438  323  1  -2  
15  3  10  173  452  323  1  -2  
15  3  10  183  465  323  1  -2  
15  3  10  190  475  323  1  -2  
15  3  10  200  485  323  1  -2  
15  3  10  209  495  323  2  -2  
15  3  10  217  507  323  2  -2  
15  3  11  224  515  323  2  -2  
15  3  11  233  523  323  2  -2  
15  3  11  240  530  323  2  -2  
15  3  11  250  534  323  2  -2  
15  3  11  257  537  323  2  -2  
15  3  11  266  537  323  2  -2  
15  3  11  274  537  323  2  -2  
15  3  11  283  537  323  2  -2  
15  3  11  291  537  323  2  -2  
15  3  11  300  537  323  2  -2  
15  3  11  309  537  323  2  -2  
15  3  11  317  537  323  2  -2  
15  3  11  325  537  323  2  -2  
15  3  11  333  537  323  2  -2  
15  3  11  341  537  323  2  -2  
15  3  11  351  537  323  2  -2  
15  3  11  358  537  323  2  -2  
15  3  11  366  537  323  2  -2  
15  3  11  375  537  323  2  -2  
15  3  11  383  537  323  2  -2  
15  3  11  392  535  322  2  -2  
15  3  11  400  535  322  2  -2  
15  3  11  409  535  322  2  -2  
15  3  11  416  535  322  2  -2  
15  3  11  424  535  322  2  -2  
15  3  11  433  535  322  2  -2  
15  3  11  441  535  322  2  -2  
15  3  11  450  535  322  2  -2  
15  3  11  460  535  322  2  -2  
15  3  11  467  535  322  2  -2  
15  3  11  475  535  322  2  -2  
15  3  11  484  535  322  2  -2  
15  3  11  492  535  322  2  -2  
15  3  11  501  535  322  2  -2  
15  3  11  509  535  322  2  -2  
15  3  11  518  535  322  2  -2  
15  3  11  526  535  322  2  -2  
15  3  11  533  535  322  2  -2  
15  3  11  542  535  322  2  -2  
15  3  11  550  535  322  2  -2  
15  3  11  559  535  322  2  -2  
15  3  11  568  535  322  2  -2  
15  3  11  576  535  322  2  -2  
15  3  11  583  535  322  2  -2  
15  3  11  592  535  322  2  -2  
15  3  11  601  532  322  2  -2  
15  3  11  610  529  322  2  -2  
15  3  11  618  526  322  2  -2  
15  3  11  626  523  322  2  -2  
15  3  11  633  522  322  2  -2  
15  3  11  645  519  322  2  -2  
15  3  11  651  515  322  2  -2  
15  3  11  660  511  322  2  -2  
15  3  11  669  506  322  2  -2  
15  3  11  676  503  322  2  -2  
15  3  11  685  497  321  2  -2  
15  3  11  693  490  321  2  -2  
15  3  11  702  486  321  2  -2  
15  3  11  710  483  321  2  -2  
15  3  11  719  480  321  2  -2  
15  3  11  728  477  321  2  -2  
15  3  11  736  476  321  2  -2  
15  3  11  744  475  321  2  -2  
15  3  11  752  473  321  2  -2  
15  3  11  760  471  321  2  -2  
15  3  11  769  467  321  2  -2  
15  3  11  778  463  321  2  -2  
15  3  11  785  458  321  2  -2  
15  3  11  793  451  318  2  -2  
15  3  11  801  444  318  2  -2  
15  3  11  809  439  317  2  -2  
15  3  11  818  432  317  2  -2  
15  3  11  827  424  317  2  -2  
15  3  11  835  405  317  2  -2  
15  3  11  844  399  317  3  -2  
15  3  11  851  390  317  3  -2  
15  3  11  861  385  317  3  -2  
15  3  11  869  380  317  3  -2  
15  3  11  877  377  317  3  -2  
15  3  11  885  377  317  3  -2  
15  3  11  893  375  317  3  -2  
15  3  11  901  375  317  3  -2  
15  3  11  909  375  317  3  -2  
15  3  11  918  375  317  3  -2  
15  3  11  927  375  317  3  -2  
15  3  11  934  375  317  3  -2  
15  3  11  943  375  317  3  -2  
15  3  11  951  375  317  3  -2  
15  3  11  959  373  317  3  -2  
15  3  11  968  373  317  3  -2  
15  3  11  977  369  317  3  -2  
15  3  11  984  366  317  3  -2  
15  3  11  993  363  317  3  -2  
15  3  11  1002  359  317  3  -2  
15  3  11  1010  356  317  3  -2  
15  3  11  1019  356  317  3  -2  
15  3  11  1027  356  317  3  -2  
15  3  11  1034  356  317  3  -2  
15  3  11  1043  355  318  3  -2  
15  3  11  1051  355  318  3  -2  
15  3  11  1060  355  318  3  -2  
15  3  11  1069  355  318  3  -2  
15  3  11  1077  355  318  3  -2  
15  3  11  1084  355  318  3  -2  
15  3  11  1093  355  318  3  -2  
15  3  11  1102  355  318  3  -2  
15  3  11  1111  355  318  3  -2  
15  3  11  1119  355  318  3  -2  
15  3  11  1127  355  318  3  -2  
15  3  11  1134  355  318  3  -2  
15  3  11  1144  355  318  3  -2  
15  3  11  1152  355  318  3  -2  
15  3  11  1160  355  318  3  -2  
15  3  11  1169  356  318  3  -2  
15  3  11  1177  357  319  3  -2  
15  3  11  1185  360  321  3  -2  
15  3  11  1193  364  322  3  -2  
15  3  11  1203  371  324  3  -2  
15  3  11  1211  381  324  3  -2  
15  3  11  1219  391  327  3  -2  
15  3  12  1229  400  327  3  -2  
15  3  12  1234  410  327  3  -2  
15  3  12  1244  418  327  3  -2  
15  3  12  1253  427  327  3  -2  
15  3  12  1261  435  327  3  -2  
15  3  12  1269  443  327  3  -2  
15  3  12  1277  452  327  3  -2  
15  3  12  1285  457  327  3  -2  
15  3  12  1293  462  327  3  -2  
15  3  12  1303  464  327  3  -2  
15  3  12  1310  468  327  3  -2  
15  3  12  1320  468  327  3  -2  
15  3  12  1329  469  327  3  -2  
15  3  12  1335  471  327  3  -2  
15  3  12  1343  473  327  3  -2  
15  3  12  1352  476  327  3  -2  
15  3  12  1362  479  327  3  -2  
15  3  12  1370  486  327  3  -2  
15  3  12  1379  491  327  3  -2  
15  3  12  1387  500  326  4  -2  
15  3  12  1396  501  326  4  -2  
15  3  12  1402  502  326  4  -2  
15  3  12  1411  504  326  4  -2  
15  3  12  1419  505  324  4  -2  
15  3  12  1427  505  324  4  -2  
15  3  12  1435  505  324  4  -2  
15  3  12  1444  505  324  4  -2  
15  3  12  1452  505  324  4  -2  
15  3  12  1462  505  324  4  -2  
15  3  12  1469  505  324  4  -2  
15  3  12  1477  505  324  4  -2  
15  3  12  1485  505  324  4  -2  
15  3  12  1493  505  324  4  -2  
15  3  12  1501  505  324  4  -2  
15  3  12  1511  505  324  4  -2  
15  3  12  1519  505  324  4  -2  
15  3  12  1527  505  324  4  -2  
15  3  12  1533  505  324  4  -2  
15  3  12  1543  505  324  4  -2  
15  3  12  1553  505  324  4  -2  
15  3  12  1561  505  324  4  -2  
15  3  12  1569  505  324  4  -2  
15  3  12  1579  505  324  4  -2  
15  3  12  1587  505  324  4  -2  
15  3  12  1595  505  324  4  -2  
15  3  12  1603  505  324  4  -2  
15  3  12  1613  505  324  4  -2  
15  3  12  1619  505  324  4  -2  
15  3  12  1629  505  324  4  -2  
15  3  12  1636  505  324  4  -2  
15  3  12  1644  505  324  4  -2  
15  3  12  1651  505  324  4  -2  
15  3  12  1661  505  324  4  -2  
15  3  12  1668  505  324  4  -2  
15  3  12  1679  506  323  4  -2  
15  3  12  1685  506  323  4  -2  
15  3  12  1696  506  323  4  -2  
15  3  12  1702  506  323  4  -2  
15  3  12  1710  506  323  4  -2  
15  3  12  1719  506  323  4  -2  
15  3  12  1729  506  322  4  -2  
15  3  12  1737  505  322  4  -2  
15  3  12  1746  501  320  4  -2  
15  3  12  1753  498  319  4  -2  
15  3  12  1763  492  319  4  -2  
15  3  12  1770  477  318  4  -2  
15  3  12  1779  477  318  4  -2  
15  3  12  1785  468  317  4  -2  
15  3  12  1794  462  317  4  -2  
15  3  12  1803  456  317  4  -2  
15  3  12  1811  444  317  4  -2  
15  3  12  1819  438  317  4  -2  
15  3  12  1829  433  317  4  -2  
15  3  12  1836  429  317  4  -2  
15  3  12  1844  424  317  4  -2  
15  3  12  1852  420  317  4  -2  
15  3  12  1863  416  317  4  -2  
15  3  12  1870  413  317  4  -2  
15  3  12  1880  408  317  4  -2  
15  3  12  1887  404  317  4  -2  
15  3  12  1896  400  317  4  -2  
