13  58  39  0  373  294  1  -2  
13  58  39  10  373  294  1  -2  
13  58  39  17  373  294  1  -2  
13  58  39  25  373  294  1  -2  
13  58  39  33  373  294  1  -2  
13  58  39  42  373  294  1  -2  
13  58  39  51  373  294  1  -2  
13  58  39  59  373  294  1  -2  
13  58  39  68  373  294  1  -2  
13  58  39  76  373  294  1  -2  
13  58  39  83  373  294  1  -2  
13  58  39  93  374  294  1  -2  
13  58  39  102  380  294  1  -2  
13  58  39  109  390  294  1  -2  
13  58  39  117  405  294  1  -2  
13  58  39  125  425  294  1  -2  
13  58  39  134  449  294  1  -2  
13  58  39  143  466  294  1  -2  
13  58  39  151  484  294  1  -2  
13  58  39  158  499  294  1  -2  
13  58  39  169  512  294  2  -2  
13  58  39  178  522  294  2  -2  
13  58  39  184  530  294  2  -2  
13  58  39  193  537  294  2  -2  
13  58  39  202  541  294  2  -2  
13  58  39  209  541  294  2  -2  
13  58  39  217  541  294  2  -2  
13  58  39  226  541  294  2  -2  
13  58  39  234  541  294  2  -2  
13  58  39  243  541  294  2  -2  
13  58  39  251  541  294  2  -2  
13  58  39  261  541  294  2  -2  
13  58  39  267  541  294  2  -2  
13  58  39  276  541  294  2  -2  
13  58  39  285  541  294  2  -2  
13  58  39  292  541  294  2  -2  
13  58  39  302  541  294  2  -2  
13  58  39  311  541  294  2  -2  
13  58  39  317  541  294  2  -2  
13  58  39  328  541  294  2  -2  
13  58  39  335  541  294  2  -2  
13  58  39  342  541  294  2  -2  
13  58  39  352  541  294  2  -2  
13  58  39  359  541  294  2  -2  
13  58  39  368  541  294  2  -2  
13  58  39  376  541  294  2  -2  
13  58  39  384  541  294  2  -2  
13  58  39  393  541  294  2  -2  
13  58  39  401  541  294  2  -2  
13  58  39  411  541  294  2  -2  
13  58  39  417  541  294  2  -2  
13  58  39  426  541  294  2  -2  
13  58  39  434  541  294  2  -2  
13  58  39  444  541  294  2  -2  
13  58  39  452  541  294  2  -2  
13  58  39  461  541  294  2  -2  
13  58  39  468  541  294  2  -2  
13  58  39  476  541  294  2  -2  
13  58  39  484  540  294  2  -2  
13  58  39  493  535  294  2  -2  
13  58  39  503  531  294  2  -2  
13  58  39  510  526  294  2  -2  
13  58  39  517  521  294  2  -2  
13  58  39  526  515  294  2  -2  
13  58  39  534  508  294  2  -2  
13  58  39  544  503  294  2  -2  
13  58  39  552  494  294  2  -2  
13  58  39  560  487  294  2  -2  
13  58  40  569  480  294  2  -2  
13  58  40  579  474  294  2  -2  
13  58  40  585  455  290  2  -2  
13  58  40  596  455  290  2  -2  
13  58  40  603  434  287  2  -2  
13  58  40  614  425  285  2  -2  
13  58  40  618  419  285  2  -2  
13  58  40  629  412  285  2  -2  
13  58  40  635  408  285  2  -2  
13  58  40  644  404  285  2  -2  
13  58  40  652  403  285  2  -2  
13  58  40  663  400  285  2  -2  
13  58  40  669  399  284  2  -2  
13  58  40  679  397  284  2  -2  
13  58  40  685  396  284  2  -2  
13  58  40  694  395  284  2  -2  
13  58  40  702  391  283  2  -2  
13  58  40  711  387  283  2  -2  
13  58  40  720  386  282  2  -2  
13  58  40  726  382  282  2  -2  
13  58  40  734  379  282  2  -2  
13  58  40  744  378  282  2  -2  
13  58  40  753  378  282  2  -2  
13  58  40  763  378  282  2  -2  
13  58  40  769  378  282  2  -2  
13  58  40  778  378  282  2  -2  
13  58  40  786  378  282  2  -2  
13  58  40  795  378  282  2  -2  
13  58  40  802  378  282  2  -2  
13  58  40  811  378  282  2  -2  
13  58  40  820  378  282  2  -2  
13  58  40  831  378  282  2  -2  
13  58  40  836  378  282  2  -2  
13  58  40  846  378  282  2  -2  
13  58  40  854  378  282  2  -2  
13  58  40  864  378  282  2  -2  
13  58  40  869  378  282  2  -2  
13  58  40  878  378  282  2  -2  
13  58  40  886  378  282  2  -2  
13  58  40  895  378  282  2  -2  
13  58  40  903  378  282  2  -2  
13  58  40  913  378  282  2  -2  
13  58  40  920  378  282  2  -2  
13  58  40  928  378  282  2  -2  
13  58  40  936  378  282  2  -2  
13  58  40  945  378  282  2  -2  
13  58  40  954  378  282  2  -2  
13  58  40  963  378  282  2  -2  
13  58  40  969  378  282  2  -2  
13  58  40  978  378  282  2  -2  
13  58  40  986  378  282  2  -2  
13  58  40  995  378  282  2  -2  
13  58  40  1004  378  282  2  -2  
13  58  40  1013  378  282  2  -2  
13  58  40  1019  378  282  2  -2  
13  58  40  1028  378  282  2  -2  
13  58  40  1037  378  282  2  -2  
13  58  40  1047  378  282  2  -2  
13  58  40  1053  378  282  2  -2  
13  58  40  1063  378  282  2  -2  
13  58  40  1070  378  282  2  -2  
13  58  40  1080  378  282  2  -2  
13  58  40  1086  378  282  2  -2  
13  58  40  1096  378  282  2  -2  
13  58  40  1103  378  282  2  -2  
13  58  40  1113  378  282  2  -2  
13  58  40  1120  378  282  2  -2  
13  58  40  1128  378  282  2  -2  
13  58  40  1136  378  282  2  -2  
13  58  40  1147  378  282  2  -2  
13  58  40  1153  378  282  2  -2  
13  58  40  1163  378  282  2  -2  
13  58  40  1171  378  282  2  -2  
13  58  40  1179  378  282  2  -2  
13  58  40  1186  378  282  2  -2  
13  58  40  1195  378  282  2  -2  
13  58  40  1203  378  282  2  -2  
13  58  40  1214  378  282  2  -2  
13  58  40  1219  378  282  2  -2  
13  58  40  1228  378  282  2  -2  
13  58  40  1235  378  282  2  -2  
13  58  40  1245  378  282  2  -2  
13  58  40  1252  378  282  2  -2  
13  58  40  1262  378  282  2  -2  
13  58  40  1269  378  282  2  -2  
13  58  40  1277  378  282  2  -2  
13  58  40  1285  378  282  2  -2  
13  58  40  1294  378  282  2  -2  
13  58  40  1302  378  282  2  -2  
13  58  40  1312  378  282  2  -2  
13  58  40  1319  378  282  2  -2  
13  58  40  1329  378  282  2  -2  
13  58  40  1336  378  282  2  -2  
13  58  40  1345  378  282  2  -2  
13  58  40  1353  378  282  2  -2  
13  58  40  1363  378  282  2  -2  
13  58  40  1369  378  282  2  -2  
13  58  40  1379  378  282  2  -2  
13  58  40  1386  375  282  3  -2  
13  58  40  1395  374  282  3  -2  
13  58  40  1402  373  282  3  -2  
13  58  40  1411  373  282  3  -2  
13  58  40  1418  373  282  3  -2  
13  58  40  1429  373  282  3  -2  
13  58  40  1435  373  282  3  -2  
13  58  40  1444  373  282  3  -2  
13  58  40  1452  373  282  3  -2  
13  58  40  1462  373  282  3  -2  
13  58  40  1468  373  282  3  -2  
13  58  40  1479  373  282  3  -2  
13  58  40  1485  373  282  3  -2  
13  58  40  1494  373  282  3  -2  
13  58  40  1502  373  282  3  -2  
13  58  40  1512  373  282  3  -2  
13  58  40  1518  373  282  3  -2  
13  58  40  1528  373  282  3  -2  
13  58  40  1535  373  282  3  -2  
13  58  40  1544  373  282  3  -2  
13  58  40  1552  373  282  3  -2  
13  58  40  1562  373  282  3  -2  
13  58  41  1568  373  282  3  -2  
13  58  41  1579  373  282  3  -2  
13  58  41  1586  373  282  3  -2  
13  58  41  1595  373  282  3  -2  
13  58  41  1602  373  282  3  -2  
13  58  41  1612  373  282  3  -2  
13  58  41  1618  373  282  3  -2  
13  58  41  1629  373  282  3  -2  
13  58  41  1635  370  282  3  -2  
13  58  41  1646  370  282  3  -2  
13  58  41  1652  370  282  3  -2  
13  58  41  1663  370  282  3  -2  
13  58  41  1670  369  282  3  -2  
13  58  41  1679  368  283  3  -2  
13  58  41  1685  367  284  3  -2  
13  58  41  1696  366  284  3  -2  
13  58  41  1703  365  284  3  -2  
13  58  41  1712  365  284  3  -2  
13  58  41  1718  362  284  3  -2  
13  58  41  1729  362  284  3  -2  
13  58  41  1736  362  284  3  -2  
13  58  41  1744  362  284  3  -2  
13  58  41  1752  362  284  3  -2  
13  58  41  1762  362  284  3  -2  
13  58  41  1769  362  284  3  -2  
13  58  41  1779  362  284  3  -2  
13  58  41  1785  362  284  3  -2  
13  58  41  1796  362  284  3  -2  
13  58  41  1803  362  284  3  -2  
13  58  41  1813  362  284  3  -2  
13  58  41  1819  363  284  3  -2  
13  58  41  1829  367  284  3  -2  
13  58  41  1837  373  284  3  -2  
13  58  41  1846  383  284  3  -2  
13  58  41  1854  392  284  3  -2  
13  58  41  1864  402  284  3  -2  
13  58  41  1870  410  284  3  -2  
13  58  41  1879  418  284  3  -2  
13  58  41  1885  425  284  3  -2  
13  58  41  1896  432  284  3  -2  
13  58  41  1903  437  284  3  -2  
13  58  41  1912  444  284  3  -2  
13  58  41  1918  454  284  3  -2  
13  58  41  1929  461  284  3  -2  
13  58  41  1935  468  284  3  -2  
13  58  41  1944  473  286  3  -2  
13  58  41  1953  478  286  3  -2  
13  58  41  1962  481  286  3  -2  
13  58  41  1968  483  288  3  -2  
13  58  41  1980  483  288  3  -2  
13  58  41  1986  484  288  3  -2  
13  58  41  1996  484  288  3  -2  
13  58  41  2003  484  288  3  -2  
13  58  41  2012  484  288  3  -2  
13  58  41  2019  484  288  3  -2  
13  58  41  2029  484  288  3  -2  
13  58  41  2035  484  288  3  -2  
13  58  41  2046  484  288  3  -2  
13  58  41  2052  485  289  3  -2  
13  58  41  2062  485  289  3  -2  
13  58  41  2070  485  289  3  -2  
13  58  41  2079  488  289  3  -2  
13  58  41  2087  489  289  3  -2  
13  58  41  2097  490  289  3  -2  
13  58  41  2103  494  290  3  -2  
13  58  41  2112  497  290  3  -2  
13  58  41  2120  499  293  3  -2  
13  58  41  2130  502  293  4  -2  
13  58  41  2135  506  293  4  -2  
13  58  41  2147  506  293  4  -2  
13  58  41  2154  511  294  4  -2  
13  58  41  2163  514  294  4  -2  
13  58  41  2170  517  295  4  -2  
13  58  41  2179  520  295  4  -2  
13  58  41  2186  521  295  4  -2  
13  58  41  2196  523  295  4  -2  
13  58  41  2202  523  295  4  -2  
13  58  41  2212  523  295  4  -2  
13  58  41  2219  523  295  4  -2  
13  58  41  2229  523  295  4  -2  
13  58  41  2235  523  295  4  -2  
13  58  41  2246  524  295  4  -2  
13  58  41  2254  524  295  4  -2  
13  58  41  2263  525  297  4  -2  
13  58  41  2270  525  297  4  -2  
13  58  41  2279  525  297  4  -2  
13  58  41  2287  527  297  4  -2  
13  58  41  2296  527  297  4  -2  
13  58  41  2303  527  297  4  -2  
13  58  41  2313  527  297  4  -2  
13  58  41  2320  527  297  4  -2  
13  58  41  2329  527  297  4  -2  
13  58  41  2338  527  297  4  -2  
13  58  41  2346  527  297  4  -2  
13  58  41  2354  527  297  4  -2  
13  58  41  2364  527  297  4  -2  
13  58  41  2370  527  297  4  -2  
13  58  41  2380  528  297  4  -2  
13  58  41  2387  528  297  4  -2  
13  58  41  2396  528  297  4  -2  
13  58  41  2404  528  297  4  -2  
13  58  41  2413  528  297  4  -2  
13  58  41  2420  528  297  4  -2  
13  58  41  2429  528  297  4  -2  
13  58  41  2438  529  297  4  -2  
13  58  41  2446  529  297  4  -2  
13  58  41  2453  529  297  4  -2  
13  58  41  2463  529  297  4  -2  
13  58  41  2470  529  297  4  -2  
13  58  41  2479  529  297  4  -2  
13  58  41  2488  529  297  4  -2  
13  58  41  2496  529  297  4  -2  
13  58  41  2504  529  297  4  -2  
13  58  41  2512  529  297  4  -2  
13  58  41  2521  529  298  4  -2  
13  58  41  2529  527  298  4  -2  
13  58  41  2538  524  298  4  -2  
13  58  41  2546  518  299  4  -2  
13  58  41  2554  499  302  4  -2  
13  58  42  2563  499  302  4  -2  
13  58  42  2570  473  302  4  -2  
13  58  42  2580  473  302  4  -2  
13  58  42  2586  439  302  4  -2  
13  58  42  2597  421  302  4  -2  
13  58  42  2606  405  302  4  -2  
13  58  42  2616  393  302  5  -2  
13  58  42  2624  383  302  5  -2  
13  58  42  2633  375  302  5  -2  
13  58  42  2641  372  302  5  -2  
13  58  42  2650  369  302  5  -2  
13  58  42  2660  368  302  5  -2  
13  58  42  2668  368  302  5  -2  
13  58  42  2677  368  302  5  -2  
13  58  42  2684  368  302  5  -2  
13  58  42  2694  368  302  5  -2  
13  58  42  2702  368  302  5  -2  
13  58  42  2712  367  302  5  -2  
13  58  42  2718  367  302  5  -2  
13  58  42  2729  366  302  5  -2  
13  58  42  2736  366  302  5  -2  
13  58  42  2745  365  302  5  -2  
13  58  42  2753  365  302  5  -2  
13  58  42  2764  364  303  5  -2  
13  58  42  2769  364  303  5  -2  
13  58  42  2777  364  303  5  -2  
13  58  42  2786  364  303  5  -2  
13  58  42  2795  364  303  5  -2  
13  58  42  2802  364  303  5  -2  
13  58  42  2813  364  303  5  -2  
13  58  42  2819  364  303  5  -2  
13  58  42  2828  364  303  5  -2  
13  58  42  2836  364  303  5  -2  
13  58  42  2847  364  303  5  -2  
13  58  42  2853  364  303  5  -2  
13  58  42  2863  364  303  5  -2  
13  58  42  2871  364  303  5  -2  
13  58  42  2879  364  303  5  -2  
13  58  42  2886  364  303  5  -2  
13  58  42  2896  364  303  5  -2  
13  58  42  2903  364  303  5  -2  
13  58  42  2913  364  303  5  -2  
13  58  42  2919  364  303  5  -2  
13  58  42  2927  364  303  5  -2  
13  58  42  2936  364  303  5  -2  
13  58  42  2945  364  303  5  -2  
13  58  42  2954  364  303  5  -2  
13  58  42  2964  364  303  5  -2  
13  58  42  2970  364  303  5  -2  
13  58  42  2979  364  303  5  -2  
13  58  42  2987  364  303  5  -2  
13  58  42  2995  364  303  5  -2  
13  58  42  3003  364  303  5  -2  
13  58  42  3012  364  303  5  -2  
13  58  42  3019  364  303  5  -2  
13  58  42  3028  364  303  5  -2  
13  58  42  3036  364  303  5  -2  
13  58  42  3045  364  303  5  -2  
13  58  42  3053  364  303  5  -2  
13  58  42  3062  364  303  5  -2  
