13  57  52  0  365  309  1  -2  
13  57  52  6  365  309  1  -2  
13  57  52  16  365  309  1  -2  
13  57  52  22  365  309  1  -2  
13  57  52  33  365  309  1  -2  
13  57  52  39  365  309  1  -2  
13  57  52  48  365  309  1  -2  
13  57  52  56  365  309  1  -2  
13  57  52  66  365  309  1  -2  
13  57  52  73  365  309  1  -2  
13  57  52  83  365  309  1  -2  
13  57  52  89  365  309  1  -2  
13  57  52  98  365  309  1  -2  
13  57  52  106  365  309  1  -2  
13  57  52  117  365  309  1  -2  
13  57  52  123  365  309  1  -2  
13  57  52  133  365  309  1  -2  
13  57  52  139  365  309  1  -2  
13  57  52  150  365  309  1  -2  
13  57  52  156  365  309  1  -2  
13  57  52  166  365  309  1  -2  
13  57  52  175  365  309  1  -2  
13  57  52  183  365  309  1  -2  
13  57  52  190  365  309  1  -2  
13  57  52  198  365  309  1  -2  
13  57  52  207  365  309  1  -2  
13  57  52  216  365  309  1  -2  
13  57  52  224  365  309  1  -2  
13  57  52  233  365  309  1  -2  
13  57  52  240  365  309  1  -2  
13  57  52  251  365  309  1  -2  
13  57  52  258  365  309  1  -2  
13  57  52  268  365  309  1  -2  
13  57  52  274  365  309  1  -2  
13  57  52  284  365  309  1  -2  
13  57  52  290  365  309  1  -2  
13  57  52  301  365  309  1  -2  
13  57  52  306  365  309  1  -2  
13  57  52  317  365  309  1  -2  
13  57  52  325  365  309  1  -2  
13  57  52  333  365  309  1  -2  
13  57  52  340  365  309  1  -2  
13  57  52  350  365  309  1  -2  
13  57  52  357  365  309  1  -2  
13  57  52  367  365  309  1  -2  
13  57  52  373  365  309  1  -2  
13  57  52  384  365  309  1  -2  
13  57  52  391  365  309  1  -2  
13  57  52  400  365  309  1  -2  
13  57  52  407  365  309  1  -2  
13  57  52  417  370  309  1  -2  
13  57  52  423  377  310  1  -2  
13  57  52  433  387  310  1  -2  
13  57  52  440  398  312  1  -2  
13  57  52  450  409  312  1  -2  
13  57  52  457  420  315  1  -2  
13  57  52  467  431  316  1  -2  
13  57  52  476  441  316  1  -2  
13  57  52  484  463  316  1  -2  
13  57  52  490  472  318  1  -2  
13  57  52  501  472  318  1  -2  
13  57  52  507  493  318  1  -2  
13  57  52  518  493  318  1  -2  
13  57  52  525  512  318  2  -2  
13  57  52  534  520  318  2  -2  
13  57  52  540  525  318  2  -2  
13  57  52  550  529  318  2  -2  
13  57  52  557  532  318  2  -2  
13  57  52  567  532  318  2  -2  
13  57  52  573  532  318  2  -2  
13  57  52  583  532  318  2  -2  
13  57  52  591  532  318  2  -2  
13  57  52  600  532  318  2  -2  
13  57  52  607  532  318  2  -2  
13  57  52  617  532  318  2  -2  
13  57  52  624  532  318  2  -2  
13  57  52  633  532  318  2  -2  
13  57  52  641  532  318  2  -2  
13  57  52  650  532  318  2  -2  
13  57  52  657  532  318  2  -2  
13  57  52  667  532  318  2  -2  
13  57  52  673  532  318  2  -2  
13  57  52  686  532  318  2  -2  
13  57  52  693  532  318  2  -2  
13  57  52  700  530  318  2  -2  
13  57  52  707  529  318  2  -2  
13  57  53  718  529  318  2  -2  
13  57  53  727  520  318  2  -2  
13  57  53  736  513  318  2  -2  
13  57  53  745  503  318  2  -2  
13  57  53  752  493  318  2  -2  
13  57  53  760  477  318  2  -2  
13  57  53  770  462  318  2  -2  
13  57  53  778  445  318  2  -2  
13  57  53  787  429  318  2  -2  
13  57  53  794  416  318  2  -2  
13  57  53  803  407  318  2  -2  
13  57  53  810  402  318  2  -2  
13  57  53  819  399  317  3  -2  
13  57  53  829  398  317  3  -2  
13  57  53  836  398  317  3  -2  
13  57  53  844  398  317  3  -2  
13  57  53  852  398  317  3  -2  
13  57  53  861  398  317  3  -2  
13  57  53  870  398  317  3  -2  
13  57  53  877  398  317  3  -2  
13  57  53  887  398  317  3  -2  
13  57  53  894  398  317  3  -2  
13  57  53  904  398  317  3  -2  
13  57  53  911  398  317  3  -2  
13  57  53  919  398  317  3  -2  
13  57  53  927  398  317  3  -2  
13  57  53  936  397  317  3  -2  
13  57  53  945  395  317  3  -2  
13  57  53  952  395  317  3  -2  
13  57  53  961  395  317  3  -2  
13  57  53  970  395  317  3  -2  
13  57  53  979  395  317  3  -2  
13  57  53  989  395  317  3  -2  
13  57  53  995  395  317  3  -2  
13  57  53  1003  395  317  3  -2  
13  57  53  1011  395  317  3  -2  
13  57  53  1019  395  317  3  -2  
13  57  53  1028  395  317  3  -2  
13  57  53  1038  395  317  3  -2  
13  57  53  1045  395  317  3  -2  
13  57  53  1053  395  317  3  -2  
13  57  53  1062  395  317  3  -2  
13  57  53  1071  395  317  3  -2  
13  57  53  1079  395  317  3  -2  
13  57  53  1088  395  317  3  -2  
13  57  53  1096  395  317  3  -2  
13  57  53  1103  395  317  3  -2  
13  57  53  1112  395  317  3  -2  
13  57  53  1118  395  317  3  -2  
13  57  53  1128  395  317  3  -2  
13  57  53  1137  395  317  3  -2  
13  57  53  1145  395  317  3  -2  
13  57  53  1155  395  317  3  -2  
13  57  53  1166  395  317  3  -2  
13  57  53  1172  395  317  3  -2  
13  57  53  1184  395  317  3  -2  
13  57  53  1190  395  317  3  -2  
13  57  53  1200  395  317  3  -2  
13  57  53  1208  395  317  3  -2  
13  57  53  1218  395  317  3  -2  
13  57  53  1226  395  317  3  -2  
13  57  53  1235  395  317  3  -2  
13  57  53  1243  395  317  3  -2  
13  57  53  1252  395  317  3  -2  
13  57  53  1259  395  317  3  -2  
13  57  53  1268  398  317  3  -2  
13  57  53  1278  409  317  3  -2  
13  57  53  1286  418  317  3  -2  
13  57  53  1297  426  317  3  -2  
13  57  53  1303  435  317  3  -2  
13  57  53  1310  445  317  3  -2  
13  57  53  1318  453  317  3  -2  
13  57  53  1330  463  317  3  -2  
13  57  53  1339  470  317  3  -2  
13  57  53  1347  478  317  3  -2  
13  57  53  1354  487  317  3  -2  
13  57  53  1362  492  317  3  -2  
13  57  53  1372  497  317  4  -2  
13  57  53  1380  501  317  4  -2  
13  57  53  1387  502  317  4  -2  
13  57  53  1398  502  317  4  -2  
13  57  53  1406  504  317  4  -2  
13  57  53  1414  505  317  4  -2  
13  57  53  1422  506  317  4  -2  
13  57  53  1431  506  317  4  -2  
13  57  53  1438  508  317  4  -2  
13  57  53  1446  509  317  4  -2  
13  57  53  1456  509  317  4  -2  
13  57  53  1464  509  317  4  -2  
13  57  53  1471  509  317  4  -2  
13  57  53  1481  509  317  4  -2  
13  57  53  1488  509  317  4  -2  
13  57  53  1499  509  317  4  -2  
13  57  53  1504  509  317  4  -2  
13  57  53  1515  509  317  4  -2  
13  57  53  1520  509  317  4  -2  
13  57  53  1529  509  317  4  -2  
13  57  53  1537  509  317  4  -2  
13  57  53  1548  509  317  4  -2  
13  57  53  1555  509  317  4  -2  
13  57  53  1566  509  317  4  -2  
13  57  53  1571  509  317  4  -2  
13  57  53  1581  509  317  4  -2  
13  57  53  1588  509  317  4  -2  
13  57  53  1598  509  317  4  -2  
13  57  53  1604  509  317  4  -2  
13  57  53  1614  509  317  4  -2  
13  57  53  1621  509  317  4  -2  
13  57  53  1630  509  317  4  -2  
13  57  53  1639  509  317  4  -2  
13  57  53  1648  509  317  4  -2  
13  57  53  1657  509  317  4  -2  
13  57  53  1667  505  316  4  -2  
13  57  53  1672  498  315  4  -2  
13  57  53  1682  491  315  4  -2  
13  57  53  1689  486  315  4  -2  
13  57  53  1700  478  315  4  -2  
13  57  53  1706  466  313  4  -2  
13  57  53  1716  466  313  4  -2  
13  57  54  1723  452  311  4  -2  
13  57  54  1733  452  311  4  -2  
13  57  54  1742  436  310  4  -2  
13  57  54  1752  429  310  4  -2  
13  57  54  1763  423  310  4  -2  
13  57  54  1771  414  309  4  -2  
13  57  54  1781  402  309  4  -2  
13  57  54  1788  398  309  5  -2  
13  57  54  1797  397  309  5  -2  
13  57  54  1807  394  309  5  -2  
13  57  54  1817  393  309  5  -2  
13  57  54  1822  393  309  5  -2  
13  57  54  1833  393  309  5  -2  
13  57  54  1840  393  309  5  -2  
13  57  54  1850  393  309  5  -2  
13  57  54  1858  393  309  5  -2  
13  57  54  1867  393  309  5  -2  
13  57  54  1876  393  309  5  -2  
13  57  54  1885  393  309  5  -2  
13  57  54  1894  393  309  5  -2  
13  57  54  1902  393  309  5  -2  
13  57  54  1910  393  309  5  -2  
13  57  54  1919  393  309  5  -2  
13  57  54  1929  393  309  5  -2  
13  57  54  1937  393  309  5  -2  
13  57  54  1948  393  309  5  -2  
13  57  54  1955  393  309  5  -2  
13  57  54  1966  393  309  5  -2  
13  57  54  1974  393  309  5  -2  
13  57  54  1985  393  309  5  -2  
13  57  54  1992  393  309  5  -2  
13  57  54  2000  393  309  5  -2  
13  57  54  2008  393  309  5  -2  
13  57  54  2018  393  309  5  -2  
13  57  54  2027  393  309  5  -2  
13  57  54  2035  393  309  5  -2  
13  57  54  2043  393  309  5  -2  
13  57  54  2052  393  309  5  -2  
13  57  54  2060  393  309  5  -2  
13  57  54  2070  393  309  5  -2  
13  57  54  2084  393  309  5  -2  
13  57  54  2091  393  309  5  -2  
13  57  54  2101  393  309  5  -2  
13  57  54  2109  393  309  5  -2  
13  57  54  2117  393  309  5  -2  
13  57  54  2127  393  309  5  -2  
13  57  54  2136  393  309  5  -2  
13  57  54  2147  393  309  5  -2  
13  57  54  2157  393  309  5  -2  
13  57  54  2167  393  309  5  -2  
13  57  54  2176  393  309  5  -2  
13  57  54  2185  393  309  5  -2  
13  57  54  2194  393  309  5  -2  
13  57  54  2202  393  309  5  -2  
13  57  54  2211  393  309  5  -2  
13  57  54  2219  393  309  5  -2  
13  57  54  2229  393  309  5  -2  
13  57  54  2239  393  309  5  -2  
13  57  54  2250  393  309  5  -2  
13  57  54  2259  393  309  5  -2  
13  57  54  2268  393  309  5  -2  
13  57  54  2277  393  309  5  -2  
