15  2  17  0  376  315  1  -2  
15  2  17  7  376  315  1  -2  
15  2  17  16  376  315  1  -2  
15  2  17  23  376  315  1  -2  
15  2  17  32  376  315  1  -2  
15  2  17  39  376  315  1  -2  
15  2  17  48  376  315  1  -2  
15  2  17  57  376  315  1  -2  
15  2  17  65  376  315  1  -2  
15  2  17  72  376  315  1  -2  
15  2  17  82  376  315  1  -2  
15  2  17  90  376  315  1  -2  
15  2  17  98  376  315  1  -2  
15  2  17  106  376  315  1  -2  
15  2  17  115  376  315  1  -2  
15  2  17  123  376  315  1  -2  
15  2  17  132  376  315  1  -2  
15  2  17  140  376  315  1  -2  
15  2  17  148  376  315  1  -2  
15  2  17  157  376  315  1  -2  
15  2  17  165  376  315  1  -2  
15  2  17  173  376  315  1  -2  
15  2  17  182  376  315  1  -2  
15  2  17  190  376  315  1  -2  
15  2  17  198  376  315  1  -2  
15  2  17  206  376  315  1  -2  
15  2  17  217  376  315  1  -2  
15  2  17  223  376  315  1  -2  
15  2  17  232  376  315  1  -2  
15  2  17  239  376  315  1  -2  
15  2  17  248  376  315  1  -2  
15  2  17  256  376  315  1  -2  
15  2  17  265  376  315  1  -2  
15  2  17  274  376  315  1  -2  
15  2  17  282  376  315  1  -2  
15  2  17  289  376  315  1  -2  
15  2  17  298  376  315  1  -2  
15  2  18  306  376  315  1  -2  
15  2  18  315  376  315  1  -2  
15  2  18  323  376  315  1  -2  
15  2  18  332  376  315  1  -2  
15  2  18  340  376  315  1  -2  
15  2  18  349  376  315  1  -2  
15  2  18  356  376  315  1  -2  
15  2  18  365  376  315  1  -2  
15  2  18  372  376  315  1  -2  
15  2  18  382  376  315  1  -2  
15  2  18  390  376  315  1  -2  
15  2  18  400  376  315  1  -2  
15  2  18  406  376  315  1  -2  
15  2  18  415  376  314  1  -2  
15  2  18  423  377  314  1  -2  
15  2  18  432  380  314  1  -2  
15  2  18  440  384  315  1  -2  
15  2  18  450  388  316  1  -2  
15  2  18  456  394  316  1  -2  
15  2  18  465  400  318  1  -2  
15  2  18  472  407  318  1  -2  
15  2  18  483  415  318  1  -2  
15  2  18  489  429  318  1  -2  
15  2  18  499  429  318  1  -2  
15  2  18  505  446  318  1  -2  
15  2  18  516  446  318  1  -2  
15  2  18  524  462  318  1  -2  
15  2  18  533  471  318  1  -2  
15  2  18  541  478  318  1  -2  
15  2  18  551  486  318  1  -2  
15  2  18  558  491  318  1  -2  
15  2  18  567  496  318  2  -2  
15  2  18  574  500  318  2  -2  
15  2  18  583  504  318  2  -2  
15  2  18  590  507  318  2  -2  
15  2  18  601  510  318  2  -2  
15  2  18  607  511  318  2  -2  
15  2  18  618  512  318  2  -2  
15  2  18  625  515  318  2  -2  
15  2  18  633  515  318  2  -2  
15  2  18  641  515  318  2  -2  
15  2  18  650  516  318  2  -2  
15  2  18  659  519  317  2  -2  
15  2  18  666  519  317  2  -2  
15  2  18  675  519  317  2  -2  
15  2  18  684  519  317  2  -2  
15  2  18  692  519  317  2  -2  
15  2  18  700  519  317  2  -2  
15  2  18  709  519  317  2  -2  
15  2  18  718  519  317  2  -2  
15  2  18  725  519  317  2  -2  
15  2  18  733  519  317  2  -2  
15  2  18  742  519  317  2  -2  
15  2  18  750  519  317  2  -2  
15  2  18  759  519  317  2  -2  
15  2  18  768  519  317  2  -2  
15  2  18  775  519  317  2  -2  
15  2  18  783  519  317  2  -2  
15  2  18  792  519  317  2  -2  
15  2  18  801  519  317  2  -2  
15  2  18  809  519  317  2  -2  
15  2  18  818  519  317  2  -2  
15  2  18  825  519  317  2  -2  
15  2  18  834  519  317  2  -2  
15  2  18  843  519  317  2  -2  
15  2  18  850  515  317  2  -2  
15  2  18  859  515  317  2  -2  
15  2  18  867  503  314  2  -2  
15  2  18  875  490  314  2  -2  
15  2  18  885  469  312  2  -2  
15  2  18  892  441  310  2  -2  
15  2  18  901  404  310  2  -2  
15  2  18  909  373  310  3  -2  
15  2  18  917  342  310  3  -2  
15  2  18  925  322  310  3  -2  
15  2  18  934  307  310  3  -2  
15  2  18  942  292  310  3  -2  
15  2  18  951  285  310  3  -2  
15  2  18  959  280  310  3  -2  
15  2  18  967  277  310  3  -2  
15  2  18  975  276  310  3  -2  
15  2  18  984  276  310  3  -2  
15  2  18  992  276  310  3  -2  
15  2  18  1001  276  310  3  -2  
15  2  18  1009  276  310  3  -2  
15  2  18  1017  276  310  3  -2  
15  2  18  1027  276  310  3  -2  
15  2  18  1034  276  310  3  -2  
15  2  18  1042  276  310  3  -2  
15  2  18  1050  276  310  3  -2  
15  2  18  1059  276  310  3  -2  
15  2  18  1068  276  310  3  -2  
15  2  18  1075  276  310  3  -2  
15  2  18  1085  276  310  3  -2  
15  2  18  1093  276  310  3  -2  
15  2  18  1101  277  310  3  -2  
15  2  18  1109  278  310  3  -2  
15  2  18  1119  279  310  3  -2  
15  2  18  1126  280  310  3  -2  
15  2  18  1135  280  310  3  -2  
15  2  18  1142  281  310  3  -2  
15  2  18  1152  284  310  3  -2  
15  2  18  1160  284  310  3  -2  
15  2  18  1169  287  310  3  -2  
15  2  18  1177  288  311  3  -2  
15  2  18  1185  289  312  3  -2  
15  2  18  1193  289  312  3  -2  
15  2  18  1202  289  312  3  -2  
15  2  18  1210  292  313  3  -2  
15  2  18  1219  292  313  3  -2  
15  2  18  1227  296  313  3  -2  
15  2  18  1235  300  314  3  -2  
15  2  18  1244  305  314  3  -2  
15  2  18  1253  309  316  3  -2  
15  2  18  1261  313  316  3  -2  
15  2  18  1270  315  316  3  -2  
15  2  18  1278  317  317  3  -2  
15  2  18  1285  319  317  3  -2  
15  2  18  1293  319  317  3  -2  
15  2  19  1302  320  317  3  -2  
15  2  19  1310  321  317  3  -2  
15  2  19  1319  322  317  3  -2  
15  2  19  1327  323  317  3  -2  
15  2  19  1335  323  317  3  -2  
15  2  19  1344  326  317  3  -2  
15  2  19  1354  329  317  3  -2  
15  2  19  1363  334  318  3  -2  
15  2  19  1373  353  320  3  -2  
15  2  19  1383  366  320  3  -2  
15  2  19  1389  379  320  3  -2  
15  2  19  1400  393  320  3  -2  
15  2  19  1406  406  320  3  -2  
15  2  19  1417  419  320  3  -2  
15  2  19  1423  431  320  3  -2  
15  2  19  1432  443  320  3  -2  
15  2  19  1440  449  320  3  -2  
15  2  19  1450  454  320  3  -2  
15  2  19  1458  457  320  3  -2  
15  2  19  1467  458  320  3  -2  
15  2  19  1474  459  320  3  -2  
15  2  19  1483  459  320  3  -2  
15  2  19  1491  459  320  3  -2  
15  2  19  1500  459  320  3  -2  
15  2  19  1508  461  320  3  -2  
15  2  19  1517  462  320  3  -2  
15  2  19  1524  465  320  3  -2  
15  2  19  1533  468  320  3  -2  
15  2  19  1540  471  320  3  -2  
15  2  19  1551  472  320  3  -2  
15  2  19  1558  475  320  3  -2  
15  2  19  1566  475  320  3  -2  
15  2  19  1574  475  320  3  -2  
15  2  19  1583  476  320  3  -2  
15  2  19  1591  476  320  3  -2  
15  2  19  1600  476  320  3  -2  
15  2  19  1607  476  320  3  -2  
15  2  19  1617  478  320  3  -2  
15  2  19  1624  480  320  3  -2  
15  2  19  1633  484  320  3  -2  
15  2  19  1641  484  320  3  -2  
15  2  19  1650  487  319  3  -2  
15  2  19  1658  487  319  3  -2  
15  2  19  1666  487  319  3  -2  
15  2  19  1673  488  318  3  -2  
15  2  19  1682  488  318  3  -2  
15  2  19  1692  488  318  3  -2  
15  2  19  1702  490  318  3  -2  
15  2  19  1710  493  318  3  -2  
15  2  19  1719  496  317  4  -2  
15  2  19  1728  499  317  4  -2  
15  2  19  1738  501  317  4  -2  
15  2  19  1747  501  317  4  -2  
15  2  19  1755  501  317  4  -2  
15  2  19  1763  501  317  4  -2  
15  2  19  1770  501  317  4  -2  
15  2  19  1781  501  317  4  -2  
15  2  19  1788  501  317  4  -2  
15  2  19  1797  503  317  4  -2  
15  2  19  1805  504  317  4  -2  
15  2  19  1813  504  317  4  -2  
15  2  19  1822  505  317  4  -2  
15  2  19  1831  507  317  4  -2  
15  2  19  1838  507  317  4  -2  
15  2  19  1846  507  317  4  -2  
15  2  19  1853  507  317  4  -2  
15  2  19  1863  507  317  4  -2  
15  2  19  1872  507  317  4  -2  
15  2  19  1881  507  317  4  -2  
15  2  19  1888  507  317  4  -2  
15  2  19  1897  507  317  4  -2  
15  2  19  1904  507  317  4  -2  
15  2  19  1914  507  317  4  -2  
15  2  19  1922  507  317  4  -2  
15  2  19  1931  507  317  4  -2  
15  2  19  1939  507  317  4  -2  
15  2  19  1948  507  317  4  -2  
15  2  19  1954  507  316  4  -2  
15  2  19  1964  507  316  4  -2  
15  2  19  1971  500  314  4  -2  
15  2  19  1981  500  314  4  -2  
15  2  19  1988  495  312  4  -2  
15  2  19  1997  491  312  4  -2  
15  2  19  2005  490  312  4  -2  
15  2  19  2014  486  311  4  -2  
15  2  19  2021  482  311  4  -2  
15  2  19  2031  475  309  4  -2  
15  2  19  2040  470  309  4  -2  
15  2  19  2050  465  309  4  -2  
15  2  19  2058  460  309  4  -2  
15  2  19  2069  453  309  4  -2  
15  2  19  2078  445  309  4  -2  
15  2  19  2087  443  309  4  -2  
15  2  19  2098  439  309  4  -2  
15  2  19  2105  436  309  4  -2  
15  2  19  2116  435  309  4  -2  
15  2  19  2126  431  309  4  -2  
15  2  19  2136  430  309  4  -2  
15  2  19  2145  430  309  4  -2  
15  2  19  2154  427  309  4  -2  
15  2  19  2165  427  309  4  -2  
15  2  19  2173  427  309  4  -2  
15  2  19  2184  426  309  4  -2  
15  2  19  2192  426  309  4  -2  
15  2  19  2201  426  309  4  -2  
15  2  19  2209  424  308  4  -2  
15  2  19  2219  424  308  4  -2  
15  2  19  2229  422  308  4  -2  
15  2  19  2240  418  308  4  -2  
15  2  19  2250  416  308  4  -2  
15  2  19  2258  410  308  4  -2  
15  2  19  2268  410  308  4  -2  
15  2  19  2277  407  308  4  -2  
15  2  19  2287  407  308  4  -2  
15  2  19  2298  407  308  4  -2  
15  2  20  2306  406  308  4  -2  
15  2  20  2316  406  308  4  -2  
15  2  20  2324  403  308  4  -2  
15  2  20  2334  402  308  4  -2  
