15  2  26  0  371  316  1  -2  
15  2  26  9  371  316  1  -2  
15  2  26  17  371  316  1  -2  
15  2  26  25  371  316  1  -2  
15  2  26  33  371  316  1  -2  
15  2  26  42  371  316  1  -2  
15  2  26  50  371  316  1  -2  
15  2  26  59  371  316  1  -2  
15  2  26  66  371  316  1  -2  
15  2  26  76  371  316  1  -2  
15  2  26  84  371  316  1  -2  
15  2  26  92  371  316  1  -2  
15  2  26  100  371  316  1  -2  
15  2  26  108  371  316  1  -2  
15  2  26  117  371  316  1  -2  
15  2  26  125  371  316  1  -2  
15  2  26  134  374  316  1  -2  
15  2  26  142  386  319  1  -2  
15  2  26  152  395  321  1  -2  
15  2  26  160  408  323  1  -2  
15  2  26  167  433  325  1  -2  
15  2  26  175  433  325  1  -2  
15  2  26  184  450  328  1  -2  
15  2  26  192  480  331  1  -2  
15  2  26  201  490  331  1  -2  
15  2  26  208  498  331  2  -2  
15  2  26  219  500  331  2  -2  
15  2  26  227  501  331  2  -2  
15  2  26  235  501  331  2  -2  
15  2  26  243  501  331  2  -2  
15  2  26  251  501  331  2  -2  
15  2  26  260  501  331  2  -2  
15  2  26  268  501  331  2  -2  
15  2  26  276  501  331  2  -2  
15  2  26  284  501  331  2  -2  
15  2  26  294  501  331  2  -2  
15  2  26  301  501  331  2  -2  
15  2  26  310  501  331  2  -2  
15  2  26  319  501  331  2  -2  
15  2  26  326  501  331  2  -2  
15  2  26  334  501  331  2  -2  
15  2  26  342  502  331  2  -2  
15  2  26  351  503  331  2  -2  
15  2  26  359  505  330  2  -2  
15  2  26  368  507  330  2  -2  
15  2  26  376  512  328  2  -2  
15  2  26  384  513  327  2  -2  
15  2  26  392  518  327  2  -2  
15  2  26  401  521  326  2  -2  
15  2  26  410  525  326  2  -2  
15  2  26  417  526  326  2  -2  
15  2  26  426  526  326  2  -2  
15  2  26  434  526  326  2  -2  
15  2  26  442  526  326  2  -2  
15  2  26  451  526  326  2  -2  
15  2  26  459  526  326  2  -2  
15  2  26  469  526  326  2  -2  
15  2  26  476  526  326  2  -2  
15  2  26  484  526  326  2  -2  
15  2  26  491  526  326  2  -2  
15  2  26  501  526  326  2  -2  
15  2  26  510  526  326  2  -2  
15  2  26  518  526  326  2  -2  
15  2  26  526  526  326  2  -2  
15  2  26  534  526  326  2  -2  
15  2  26  544  527  325  2  -2  
15  2  26  550  527  325  2  -2  
15  2  26  559  527  325  2  -2  
15  2  26  568  527  325  2  -2  
15  2  26  575  527  325  2  -2  
15  2  26  583  527  325  2  -2  
15  2  26  592  527  325  2  -2  
15  2  26  599  527  325  2  -2  
15  2  26  610  527  325  2  -2  
15  2  26  617  527  325  2  -2  
15  2  26  625  527  325  2  -2  
15  2  26  634  527  325  2  -2  
15  2  26  642  527  325  2  -2  
15  2  26  650  527  325  2  -2  
15  2  26  659  527  325  2  -2  
15  2  26  668  527  325  2  -2  
15  2  26  675  527  325  2  -2  
15  2  27  684  527  325  2  -2  
15  2  27  692  527  325  2  -2  
15  2  27  701  527  325  2  -2  
15  2  27  709  527  325  2  -2  
15  2  27  718  527  325  2  -2  
15  2  27  725  527  325  2  -2  
15  2  27  732  527  325  2  -2  
15  2  27  743  527  325  2  -2  
15  2  27  753  527  325  2  -2  
15  2  27  760  527  325  2  -2  
15  2  27  771  527  325  2  -2  
15  2  27  778  527  325  2  -2  
15  2  27  788  527  325  2  -2  
15  2  27  795  527  325  2  -2  
15  2  27  803  527  325  2  -2  
15  2  27  811  527  325  2  -2  
15  2  27  821  527  325  2  -2  
15  2  27  828  527  325  2  -2  
15  2  27  838  527  325  2  -2  
15  2  27  845  526  324  2  -2  
15  2  27  855  520  323  2  -2  
15  2  27  862  515  321  2  -2  
15  2  27  872  509  319  2  -2  
15  2  27  880  500  319  2  -2  
15  2  27  889  499  318  2  -2  
15  2  27  895  494  318  2  -2  
15  2  27  905  494  318  2  -2  
15  2  27  912  485  316  2  -2  
15  2  27  922  479  315  2  -2  
15  2  27  929  473  315  2  -2  
15  2  27  938  464  315  2  -2  
15  2  27  946  457  315  2  -2  
15  2  27  955  450  313  2  -2  
15  2  27  962  445  313  2  -2  
15  2  27  972  438  313  2  -2  
15  2  27  980  433  313  2  -2  
15  2  27  989  428  313  2  -2  
15  2  27  994  424  313  2  -2  
15  2  27  1005  421  313  2  -2  
15  2  27  1011  419  313  2  -2  
15  2  27  1021  417  313  2  -2  
15  2  27  1029  416  313  2  -2  
15  2  27  1039  415  313  2  -2  
15  2  27  1048  414  313  2  -2  
15  2  27  1055  409  314  2  -2  
15  2  27  1063  409  314  2  -2  
15  2  27  1072  407  315  2  -2  
15  2  27  1080  400  315  2  -2  
15  2  27  1089  395  316  3  -2  
15  2  27  1095  390  316  3  -2  
15  2  27  1105  383  316  3  -2  
15  2  27  1112  378  316  3  -2  
15  2  27  1122  371  316  3  -2  
15  2  27  1130  366  316  3  -2  
15  2  27  1139  363  316  3  -2  
15  2  27  1145  363  316  3  -2  
15  2  27  1155  363  316  3  -2  
15  2  27  1162  362  317  3  -2  
15  2  27  1172  362  317  3  -2  
15  2  27  1178  362  317  3  -2  
15  2  27  1189  362  317  3  -2  
15  2  27  1195  363  317  3  -2  
15  2  27  1205  365  317  3  -2  
15  2  27  1212  367  317  3  -2  
15  2  27  1222  370  317  3  -2  
15  2  27  1231  371  317  3  -2  
15  2  27  1239  373  317  3  -2  
15  2  27  1246  374  317  3  -2  
15  2  27  1255  375  317  3  -2  
15  2  27  1262  377  317  3  -2  
15  2  27  1272  381  317  3  -2  
15  2  27  1280  390  317  3  -2  
15  2  27  1289  400  317  3  -2  
15  2  27  1297  412  317  3  -2  
15  2  27  1305  425  317  3  -2  
15  2  27  1313  440  320  3  -2  
15  2  27  1322  454  320  3  -2  
15  2  27  1330  465  320  3  -2  
15  2  27  1339  471  320  3  -2  
15  2  27  1346  472  320  3  -2  
15  2  27  1355  474  320  3  -2  
15  2  27  1363  474  320  3  -2  
15  2  27  1372  474  320  3  -2  
15  2  27  1380  474  320  3  -2  
15  2  27  1389  474  320  3  -2  
15  2  27  1396  474  320  3  -2  
15  2  27  1405  474  320  3  -2  
15  2  27  1413  475  320  3  -2  
15  2  27  1422  476  320  3  -2  
15  2  27  1430  480  319  3  -2  
15  2  27  1439  485  318  3  -2  
15  2  27  1446  490  318  3  -2  
15  2  27  1455  497  316  4  -2  
15  2  27  1463  506  315  4  -2  
15  2  27  1472  514  315  4  -2  
15  2  27  1480  530  315  4  -2  
15  2  27  1489  538  315  4  -2  
15  2  27  1498  545  315  4  -2  
15  2  27  1506  549  314  4  -2  
15  2  27  1513  549  314  4  -2  
15  2  27  1522  549  314  4  -2  
15  2  27  1530  549  314  4  -2  
15  2  27  1539  549  314  4  -2  
15  2  27  1548  549  314  4  -2  
15  2  27  1557  549  314  4  -2  
15  2  27  1567  549  314  4  -2  
15  2  27  1576  549  314  4  -2  
15  2  27  1585  547  314  4  -2  
15  2  27  1592  547  314  4  -2  
15  2  27  1601  547  314  4  -2  
15  2  27  1609  547  314  4  -2  
15  2  27  1618  547  314  4  -2  
15  2  27  1625  547  314  4  -2  
15  2  27  1633  547  314  4  -2  
15  2  27  1642  547  314  4  -2  
15  2  27  1650  547  314  4  -2  
15  2  27  1660  547  314  4  -2  
15  2  27  1669  547  314  4  -2  
15  2  27  1676  547  314  4  -2  
15  2  28  1686  547  314  4  -2  
15  2  28  1693  547  314  4  -2  
15  2  28  1703  547  314  4  -2  
15  2  28  1710  547  314  4  -2  
15  2  28  1720  547  314  4  -2  
15  2  28  1726  547  314  4  -2  
15  2  28  1736  547  314  4  -2  
15  2  28  1742  547  314  4  -2  
15  2  28  1754  547  314  4  -2  
15  2  28  1760  547  314  4  -2  
15  2  28  1770  547  314  4  -2  
15  2  28  1778  547  314  4  -2  
15  2  28  1787  547  314  4  -2  
15  2  28  1794  547  314  4  -2  
15  2  28  1803  547  314  4  -2  
15  2  28  1810  547  314  4  -2  
15  2  28  1820  547  314  4  -2  
15  2  28  1826  547  314  4  -2  
15  2  28  1836  547  314  4  -2  
15  2  28  1843  547  314  4  -2  
15  2  28  1854  546  314  4  -2  
15  2  28  1860  546  314  4  -2  
15  2  28  1870  545  314  4  -2  
15  2  28  1878  545  314  4  -2  
15  2  28  1887  541  314  4  -2  
15  2  28  1893  536  314  4  -2  
15  2  28  1904  528  314  4  -2  
15  2  28  1911  502  310  4  -2  
15  2  28  1922  502  310  4  -2  
15  2  28  1927  474  310  4  -2  
15  2  28  1939  474  310  4  -2  
15  2  28  1946  443  310  4  -2  
15  2  28  1955  428  310  4  -2  
15  2  28  1961  413  310  4  -2  
15  2  28  1972  403  310  4  -2  
