13  57  58  0  372  309  1  -2  
13  57  58  10  372  309  1  -2  
13  57  58  17  372  309  1  -2  
13  57  58  25  372  309  1  -2  
13  57  58  33  372  309  1  -2  
13  57  59  44  372  309  1  -2  
13  57  59  50  372  309  1  -2  
13  57  59  60  372  309  1  -2  
13  57  59  67  372  309  1  -2  
13  57  59  78  372  309  1  -2  
13  57  59  84  372  309  1  -2  
13  57  59  94  372  309  1  -2  
13  57  59  100  372  309  1  -2  
13  57  59  110  372  309  1  -2  
13  57  59  117  372  309  1  -2  
13  57  59  127  372  309  1  -2  
13  57  59  133  372  309  1  -2  
13  57  59  143  372  309  1  -2  
13  57  59  150  372  309  1  -2  
13  57  59  160  372  309  1  -2  
13  57  59  167  372  309  1  -2  
13  57  59  176  372  309  1  -2  
13  57  59  184  372  309  1  -2  
13  57  59  193  372  309  1  -2  
13  57  59  200  372  309  1  -2  
13  57  59  210  372  309  1  -2  
13  57  59  217  372  309  1  -2  
13  57  59  227  372  309  1  -2  
13  57  59  233  372  309  1  -2  
13  57  59  244  372  309  1  -2  
13  57  59  250  372  309  1  -2  
13  57  59  260  372  309  1  -2  
13  57  59  267  372  309  1  -2  
13  57  59  278  372  309  1  -2  
13  57  59  285  372  309  1  -2  
13  57  59  294  372  309  1  -2  
13  57  59  302  372  309  1  -2  
13  57  59  312  372  309  1  -2  
13  57  59  320  372  309  1  -2  
13  57  59  330  372  309  1  -2  
13  57  59  342  372  309  1  -2  
13  57  59  349  372  309  1  -2  
13  57  59  359  376  309  1  -2  
13  57  59  366  388  311  1  -2  
13  57  59  376  401  311  1  -2  
13  57  59  385  428  311  1  -2  
13  57  59  395  440  311  1  -2  
13  57  59  402  451  311  1  -2  
13  57  59  411  463  311  1  -2  
13  57  59  420  476  311  1  -2  
13  57  59  427  486  312  1  -2  
13  57  59  435  495  313  2  -2  
13  57  59  444  500  313  2  -2  
13  57  59  454  504  313  2  -2  
13  57  59  462  505  313  2  -2  
13  57  59  470  505  313  2  -2  
13  57  59  478  505  313  2  -2  
13  57  59  487  505  313  2  -2  
13  57  59  495  505  313  2  -2  
13  57  59  503  505  313  2  -2  
13  57  59  511  505  313  2  -2  
13  57  59  520  505  313  2  -2  
13  57  59  528  505  313  2  -2  
13  57  59  538  505  313  2  -2  
13  57  59  545  505  313  2  -2  
13  57  59  554  505  313  2  -2  
13  57  59  563  505  313  2  -2  
13  57  59  570  505  313  2  -2  
13  57  59  578  505  313  2  -2  
13  57  59  586  505  313  2  -2  
13  57  59  596  505  313  2  -2  
13  57  59  604  505  313  2  -2  
13  57  59  612  505  313  2  -2  
13  57  59  620  505  313  2  -2  
13  57  59  628  505  313  2  -2  
13  57  59  636  505  313  2  -2  
13  57  59  646  505  313  2  -2  
13  57  59  653  505  313  2  -2  
13  57  59  661  505  313  2  -2  
13  57  59  669  505  313  2  -2  
13  57  59  678  505  313  2  -2  
13  57  59  686  505  313  2  -2  
13  57  59  694  505  313  2  -2  
13  57  59  705  505  313  2  -2  
13  57  59  713  505  313  2  -2  
13  57  59  720  505  313  2  -2  
13  57  59  728  505  313  2  -2  
13  57  59  736  505  313  2  -2  
13  57  59  745  505  313  2  -2  
13  57  59  753  505  313  2  -2  
13  57  59  761  505  313  2  -2  
13  57  59  771  505  313  2  -2  
13  57  59  778  505  313  2  -2  
13  57  59  786  505  313  2  -2  
13  57  59  796  504  313  2  -2  
13  57  59  803  503  313  2  -2  
13  57  59  813  503  313  2  -2  
13  57  59  821  503  313  2  -2  
13  57  59  828  503  313  2  -2  
13  57  59  838  500  313  2  -2  
13  57  59  845  500  313  2  -2  
13  57  59  853  497  313  2  -2  
13  57  59  863  496  313  2  -2  
13  57  59  870  493  313  2  -2  
13  57  59  879  491  313  2  -2  
13  57  59  887  488  313  2  -2  
13  57  59  896  483  313  2  -2  
13  57  59  904  479  313  2  -2  
13  57  59  912  474  313  2  -2  
13  57  59  921  469  313  2  -2  
13  57  59  928  455  313  2  -2  
13  57  59  937  455  313  2  -2  
13  57  59  946  443  313  2  -2  
13  57  59  953  435  313  2  -2  
13  57  59  963  428  313  2  -2  
13  57  59  971  423  313  2  -2  
13  57  59  981  414  311  2  -2  
13  57  59  988  410  311  2  -2  
13  57  59  996  405  311  2  -2  
13  57  59  1004  401  311  2  -2  
13  57  59  1012  396  311  3  -2  
13  57  59  1021  393  311  3  -2  
13  57  59  1028  390  311  3  -2  
13  58  0  1042  385  311  3  -2  
13  58  0  1048  376  311  3  -2  
13  58  0  1055  376  311  3  -2  
13  58  0  1064  372  311  3  -2  
13  58  0  1076  369  311  3  -2  
13  58  0  1083  364  311  3  -2  
13  58  0  1090  364  311  3  -2  
13  58  0  1097  364  311  3  -2  
13  58  0  1107  364  311  3  -2  
13  58  0  1114  364  311  3  -2  
13  58  0  1123  364  311  3  -2  
13  58  0  1132  364  311  3  -2  
13  58  0  1140  364  311  3  -2  
13  58  0  1148  364  311  3  -2  
13  58  0  1157  364  311  3  -2  
13  58  0  1164  364  311  3  -2  
13  58  0  1174  364  311  3  -2  
13  58  0  1180  364  311  3  -2  
13  58  0  1191  364  311  3  -2  
13  58  0  1198  364  311  3  -2  
13  58  0  1208  371  311  3  -2  
13  58  0  1215  379  311  3  -2  
13  58  0  1225  391  311  3  -2  
13  58  0  1232  404  311  3  -2  
13  58  0  1240  421  311  3  -2  
13  58  0  1249  436  311  3  -2  
13  58  0  1259  467  311  3  -2  
13  58  0  1266  480  311  3  -2  
13  58  0  1275  492  311  3  -2  
13  58  0  1280  500  311  4  -2  
13  58  0  1292  500  311  4  -2  
13  58  0  1297  511  311  4  -2  
13  58  0  1307  514  311  4  -2  
13  58  0  1319  514  311  4  -2  
13  58  0  1328  514  311  4  -2  
13  58  0  1335  514  311  4  -2  
13  58  0  1344  515  311  4  -2  
13  58  0  1352  517  311  4  -2  
13  58  0  1360  519  311  4  -2  
13  58  0  1367  520  311  4  -2  
13  58  0  1377  521  311  4  -2  
13  58  0  1384  521  311  4  -2  
13  58  0  1394  521  311  4  -2  
13  58  0  1402  521  311  4  -2  
13  58  0  1412  521  311  4  -2  
13  58  0  1418  521  311  4  -2  
13  58  0  1427  521  311  4  -2  
13  58  0  1434  521  311  4  -2  
13  58  0  1444  521  311  4  -2  
13  58  0  1452  521  311  4  -2  
13  58  0  1460  521  311  4  -2  
13  58  0  1467  521  311  4  -2  
13  58  0  1477  521  311  4  -2  
13  58  0  1485  521  311  4  -2  
13  58  0  1494  521  311  4  -2  
13  58  0  1501  521  311  4  -2  
13  58  0  1510  521  311  4  -2  
13  58  0  1519  521  311  4  -2  
13  58  0  1527  521  311  4  -2  
13  58  0  1535  521  311  4  -2  
13  58  0  1544  521  311  4  -2  
13  58  0  1552  521  311  4  -2  
13  58  0  1561  521  311  4  -2  
13  58  0  1567  521  311  4  -2  
13  58  0  1578  521  311  4  -2  
13  58  0  1585  521  311  4  -2  
13  58  0  1595  521  311  4  -2  
13  58  0  1603  519  311  4  -2  
13  58  0  1610  519  311  4  -2  
13  58  0  1617  515  311  4  -2  
13  58  0  1626  510  311  4  -2  
13  58  0  1635  505  311  4  -2  
13  58  0  1643  500  311  4  -2  
13  58  0  1652  495  311  4  -2  
13  58  0  1660  490  311  4  -2  
13  58  0  1667  486  311  4  -2  
13  58  0  1677  482  311  4  -2  
13  58  0  1685  475  311  4  -2  
13  58  0  1693  468  311  4  -2  
13  58  0  1702  461  311  4  -2  
13  58  0  1710  454  311  4  -2  
13  58  0  1717  446  311  4  -2  
13  58  0  1726  439  311  4  -2  
13  58  0  1736  431  311  4  -2  
13  58  0  1743  425  311  4  -2  
13  58  0  1752  422  311  4  -2  
13  58  0  1760  414  311  4  -2  
13  58  0  1767  414  311  4  -2  
13  58  0  1777  413  311  4  -2  
13  58  0  1785  412  311  4  -2  
13  58  0  1793  410  311  4  -2  
13  58  0  1801  410  311  4  -2  
13  58  0  1810  410  311  4  -2  
13  58  0  1818  409  311  4  -2  
13  58  0  1827  408  311  4  -2  
13  58  0  1835  407  311  4  -2  
13  58  0  1844  406  311  4  -2  
13  58  0  1853  405  311  4  -2  
13  58  0  1861  403  311  4  -2  
13  58  0  1868  403  311  4  -2  
13  58  0  1876  403  311  4  -2  
13  58  0  1886  402  311  4  -2  
13  58  0  1895  402  311  4  -2  
13  58  0  1903  402  311  4  -2  
13  58  0  1910  402  311  4  -2  
13  58  0  1918  402  311  4  -2  
13  58  0  1926  402  311  4  -2  
13  58  0  1935  402  311  4  -2  
13  58  0  1943  402  311  4  -2  
13  58  0  1952  401  311  4  -2  
13  58  0  1960  399  311  5  -2  
13  58  0  1969  398  311  5  -2  
13  58  0  1977  393  311  5  -2  
13  58  0  1985  391  311  5  -2  
13  58  0  1995  389  311  5  -2  
13  58  0  2002  388  311  5  -2  
13  58  0  2010  387  311  5  -2  
13  58  0  2019  385  311  5  -2  
13  58  0  2027  385  311  5  -2  
13  58  1  2035  382  311  5  -2  
13  58  1  2044  382  311  5  -2  
13  58  1  2053  379  311  5  -2  
13  58  1  2060  378  311  5  -2  
13  58  1  2068  375  311  5  -2  
13  58  1  2076  374  311  5  -2  
13  58  1  2085  374  311  5  -2  
13  58  1  2095  373  311  5  -2  
13  58  1  2103  373  311  5  -2  
13  58  1  2111  373  311  5  -2  
13  58  1  2118  373  311  5  -2  
13  58  1  2127  373  311  5  -2  
13  58  1  2135  373  311  5  -2  
13  58  1  2145  373  311  5  -2  
13  58  1  2152  373  311  5  -2  
13  58  1  2159  373  311  5  -2  
13  58  1  2169  373  311  5  -2  
13  58  1  2177  373  311  5  -2  
13  58  1  2185  373  311  5  -2  
13  58  1  2195  373  311  5  -2  
13  58  1  2202  373  311  5  -2  
13  58  1  2211  373  311  5  -2  
13  58  1  2219  373  311  5  -2  
13  58  1  2227  373  311  5  -2  
13  58  1  2235  373  311  5  -2  
13  58  1  2244  373  311  5  -2  
13  58  1  2253  373  311  5  -2  
13  58  1  2261  373  311  5  -2  
13  58  1  2270  373  311  5  -2  
13  58  1  2277  373  311  5  -2  
13  58  1  2285  373  311  5  -2  
13  58  1  2295  373  311  5  -2  
13  58  1  2304  373  311  5  -2  
13  58  1  2311  373  311  5  -2  
13  58  1  2320  373  311  5  -2  
13  58  1  2329  373  311  5  -2  
