13  57  32  0  368  323  1  -2  
13  57  32  8  368  323  1  -2  
13  57  32  17  368  323  1  -2  
13  57  32  24  368  323  1  -2  
13  57  32  33  368  323  1  -2  
13  57  32  40  368  323  1  -2  
13  57  32  49  368  323  1  -2  
13  57  32  57  368  323  1  -2  
13  57  32  65  368  323  1  -2  
13  57  32  73  368  323  1  -2  
13  57  32  82  368  323  1  -2  
13  57  32  92  368  323  1  -2  
13  57  32  100  368  323  1  -2  
13  57  32  110  368  323  1  -2  
13  57  32  118  368  323  1  -2  
13  57  32  127  368  323  1  -2  
13  57  32  137  368  323  1  -2  
13  57  32  144  368  323  1  -2  
13  57  32  153  368  323  1  -2  
13  57  32  161  368  323  1  -2  
13  57  32  171  368  323  1  -2  
13  57  32  178  368  323  1  -2  
13  57  32  188  368  323  1  -2  
13  57  32  195  368  323  1  -2  
13  57  32  207  368  323  1  -2  
13  57  32  213  368  323  1  -2  
13  57  32  221  368  323  1  -2  
13  57  32  230  368  323  1  -2  
13  57  32  238  368  323  1  -2  
13  57  32  246  368  323  1  -2  
13  57  32  257  368  323  1  -2  
13  57  32  264  368  323  1  -2  
13  57  32  272  368  323  1  -2  
13  57  32  280  368  323  1  -2  
13  57  32  288  368  323  1  -2  
13  57  32  297  368  323  1  -2  
13  57  32  305  368  323  1  -2  
13  57  32  314  368  323  1  -2  
13  57  32  321  368  323  1  -2  
13  57  32  330  368  323  1  -2  
13  57  32  340  368  323  1  -2  
13  57  32  349  368  323  1  -2  
13  57  32  357  368  323  1  -2  
13  57  32  366  368  323  1  -2  
13  57  32  374  368  323  1  -2  
13  57  32  384  368  323  1  -2  
13  57  32  391  368  323  1  -2  
13  57  32  401  368  323  1  -2  
13  57  32  408  368  323  1  -2  
13  57  32  416  368  323  1  -2  
13  57  32  424  369  323  1  -2  
13  57  32  433  377  321  1  -2  
13  57  32  442  384  320  1  -2  
13  57  32  451  392  320  1  -2  
13  57  32  458  404  320  1  -2  
13  57  32  466  417  320  1  -2  
13  57  32  474  429  320  1  -2  
13  57  32  485  440  320  1  -2  
13  57  32  491  450  320  1  -2  
13  57  32  502  459  320  1  -2  
13  57  32  509  464  320  1  -2  
13  57  32  519  467  320  1  -2  
13  57  32  525  468  320  1  -2  
13  57  32  534  468  320  1  -2  
13  57  32  541  468  320  1  -2  
13  57  32  550  468  320  1  -2  
13  57  32  559  472  320  1  -2  
13  57  32  567  475  320  1  -2  
13  57  32  575  480  320  1  -2  
13  57  32  585  484  320  1  -2  
13  57  32  594  487  322  1  -2  
13  57  32  604  488  322  1  -2  
13  57  32  611  488  322  1  -2  
13  57  32  623  488  322  1  -2  
13  57  32  628  488  322  1  -2  
13  57  32  639  488  322  1  -2  
13  57  32  644  488  322  1  -2  
13  57  32  656  488  322  1  -2  
13  57  32  664  488  322  1  -2  
13  57  32  672  489  322  1  -2  
13  57  32  678  492  322  1  -2  
13  57  32  688  493  322  1  -2  
13  57  32  696  496  322  2  -2  
13  57  32  705  499  322  2  -2  
13  57  32  712  500  322  2  -2  
13  57  32  721  501  322  2  -2  
13  57  32  727  501  322  2  -2  
13  57  32  738  501  322  2  -2  
13  57  32  744  501  322  2  -2  
13  57  32  755  501  322  2  -2  
13  57  32  761  501  322  2  -2  
13  57  32  772  501  322  2  -2  
13  57  32  777  501  322  2  -2  
13  57  32  788  501  322  2  -2  
13  57  32  795  501  322  2  -2  
13  57  32  804  501  322  2  -2  
13  57  32  811  501  322  2  -2  
13  57  32  821  501  322  2  -2  
13  57  32  827  501  322  2  -2  
13  57  32  838  501  322  2  -2  
13  57  32  845  501  322  2  -2  
13  57  32  856  501  322  2  -2  
13  57  32  863  501  322  2  -2  
13  57  32  871  501  322  2  -2  
13  57  32  878  501  322  2  -2  
13  57  32  888  501  322  2  -2  
13  57  32  894  501  322  2  -2  
13  57  32  905  501  322  2  -2  
13  57  32  912  501  322  2  -2  
13  57  32  922  501  322  2  -2  
13  57  32  927  501  322  2  -2  
13  57  33  938  501  322  2  -2  
13  57  33  945  501  322  2  -2  
13  57  33  955  501  322  2  -2  
13  57  33  960  501  322  2  -2  
13  57  33  972  501  322  2  -2  
13  57  33  979  501  322  2  -2  
13  57  33  987  501  322  2  -2  
13  57  33  995  501  322  2  -2  
13  57  33  1004  501  322  2  -2  
13  57  33  1012  501  322  2  -2  
13  57  33  1021  502  322  2  -2  
13  57  33  1028  503  322  2  -2  
13  57  33  1037  503  322  2  -2  
13  57  33  1043  505  322  2  -2  
13  57  33  1054  505  322  2  -2  
13  57  33  1061  505  322  2  -2  
13  57  33  1070  507  322  2  -2  
13  57  33  1078  508  322  2  -2  
13  57  33  1087  508  322  2  -2  
13  57  33  1096  508  322  2  -2  
13  57  33  1104  508  322  2  -2  
13  57  33  1111  508  322  2  -2  
13  57  33  1121  508  322  2  -2  
13  57  33  1128  508  322  2  -2  
13  57  33  1137  508  322  2  -2  
13  57  33  1144  508  322  2  -2  
13  57  33  1154  508  322  2  -2  
13  57  33  1161  508  322  2  -2  
13  57  33  1171  508  322  2  -2  
13  57  33  1177  508  322  2  -2  
13  57  33  1187  508  322  2  -2  
13  57  33  1194  508  322  2  -2  
13  57  33  1204  508  322  2  -2  
13  57  33  1211  508  322  2  -2  
13  57  33  1220  508  322  2  -2  
13  57  33  1226  508  322  2  -2  
13  57  33  1237  508  322  2  -2  
13  57  33  1243  508  322  2  -2  
13  57  33  1254  508  322  2  -2  
13  57  33  1261  508  322  2  -2  
13  57  33  1270  508  322  2  -2  
13  57  33  1277  508  322  2  -2  
13  57  33  1287  507  322  2  -2  
13  57  33  1293  506  322  2  -2  
13  57  33  1304  505  322  2  -2  
13  57  33  1311  505  322  2  -2  
13  57  33  1320  503  322  2  -2  
13  57  33  1328  503  322  2  -2  
13  57  33  1337  502  322  2  -2  
13  57  33  1345  500  322  2  -2  
13  57  33  1355  497  322  2  -2  
13  57  33  1362  495  322  2  -2  
13  57  33  1371  490  322  2  -2  
13  57  33  1377  485  322  2  -2  
13  57  33  1387  476  322  2  -2  
13  57  33  1394  468  322  2  -2  
13  57  33  1404  461  322  2  -2  
13  57  33  1410  449  322  2  -2  
13  57  33  1421  443  322  2  -2  
13  57  33  1427  427  322  2  -2  
13  57  33  1437  427  322  2  -2  
13  57  33  1444  417  322  2  -2  
13  57  33  1454  413  322  2  -2  
13  57  33  1461  411  322  2  -2  
13  57  33  1471  407  322  2  -2  
13  57  33  1478  403  322  2  -2  
13  57  33  1487  399  322  3  -2  
13  57  33  1495  397  322  3  -2  
13  57  33  1504  393  322  3  -2  
13  57  33  1511  390  322  3  -2  
13  57  33  1520  389  322  3  -2  
13  57  33  1528  388  322  3  -2  
13  57  33  1537  386  322  3  -2  
13  57  33  1545  386  322  3  -2  
13  57  33  1554  385  322  3  -2  
13  57  33  1561  385  322  3  -2  
13  57  33  1571  385  322  3  -2  
13  57  33  1578  385  322  3  -2  
13  57  33  1586  385  322  3  -2  
13  57  33  1595  385  322  3  -2  
13  57  33  1604  385  322  3  -2  
13  57  33  1611  385  322  3  -2  
13  57  33  1620  385  322  3  -2  
13  57  33  1629  385  322  3  -2  
13  57  33  1637  385  322  3  -2  
13  57  33  1644  385  322  3  -2  
13  57  33  1654  385  322  3  -2  
13  57  33  1660  385  322  3  -2  
13  57  33  1670  385  322  3  -2  
13  57  33  1677  385  322  3  -2  
13  57  33  1687  390  322  3  -2  
13  57  33  1695  402  322  3  -2  
13  57  33  1704  415  322  3  -2  
13  57  33  1713  430  322  3  -2  
13  57  33  1721  445  322  3  -2  
13  57  33  1728  461  322  3  -2  
13  57  33  1737  475  322  3  -2  
13  57  33  1744  485  322  3  -2  
13  57  33  1755  495  322  4  -2  
13  57  33  1762  500  322  4  -2  
13  57  33  1771  501  322  4  -2  
13  57  33  1778  501  322  4  -2  
13  57  33  1787  501  322  4  -2  
13  57  33  1795  501  322  4  -2  
13  57  33  1804  501  322  4  -2  
13  57  33  1812  501  322  4  -2  
13  57  33  1820  501  322  4  -2  
13  57  33  1827  501  322  4  -2  
13  57  33  1837  501  322  4  -2  
13  57  33  1845  501  322  4  -2  
13  57  33  1853  501  322  4  -2  
13  57  33  1861  501  322  4  -2  
13  57  33  1870  501  322  4  -2  
13  57  33  1877  501  322  4  -2  
13  57  33  1886  501  322  4  -2  
13  57  33  1894  501  322  4  -2  
13  57  33  1904  501  322  4  -2  
13  57  33  1911  501  322  4  -2  
13  57  33  1921  501  322  4  -2  
13  57  33  1927  501  322  4  -2  
13  57  34  1936  501  322  4  -2  
13  57  34  1944  501  322  4  -2  
13  57  34  1953  501  322  4  -2  
13  57  34  1962  501  322  4  -2  
13  57  34  1970  501  322  4  -2  
13  57  34  1977  501  322  4  -2  
13  57  34  1986  501  322  4  -2  
13  57  34  1994  501  322  4  -2  
13  57  34  2004  501  322  4  -2  
13  57  34  2012  501  322  4  -2  
13  57  34  2021  501  322  4  -2  
13  57  34  2028  501  322  4  -2  
13  57  34  2036  501  322  4  -2  
13  57  34  2045  501  322  4  -2  
13  57  34  2053  501  322  4  -2  
13  57  34  2062  501  322  4  -2  
13  57  34  2070  501  322  4  -2  
13  57  34  2077  501  322  4  -2  
13  57  34  2086  501  322  4  -2  
13  57  34  2096  501  322  4  -2  
13  57  34  2104  501  322  4  -2  
13  57  34  2111  501  322  4  -2  
13  57  34  2120  501  322  4  -2  
13  57  34  2128  501  322  4  -2  
13  57  34  2137  501  322  4  -2  
13  57  34  2144  501  322  4  -2  
13  57  34  2154  501  322  4  -2  
13  57  34  2161  501  322  4  -2  
13  57  34  2170  501  322  4  -2  
13  57  34  2178  501  322  4  -2  
13  57  34  2186  501  322  4  -2  
13  57  34  2195  501  322  4  -2  
13  57  34  2203  501  322  4  -2  
13  57  34  2212  501  322  4  -2  
13  57  34  2220  501  322  4  -2  
13  57  34  2228  500  322  4  -2  
13  57  34  2237  498  322  4  -2  
13  57  34  2245  491  322  4  -2  
13  57  34  2253  488  322  4  -2  
13  57  34  2261  483  322  4  -2  
13  57  34  2270  478  322  4  -2  
13  57  34  2277  474  322  4  -2  
13  57  34  2287  469  322  4  -2  
13  57  34  2295  462  322  4  -2  
13  57  34  2303  458  322  4  -2  
13  57  34  2313  452  322  4  -2  
13  57  34  2321  447  322  4  -2  
13  57  34  2328  443  322  4  -2  
13  57  34  2336  438  322  4  -2  
13  57  34  2347  433  322  4  -2  
13  57  34  2355  426  322  4  -2  
13  57  34  2364  422  322  4  -2  
13  57  34  2372  417  322  4  -2  
13  57  34  2380  415  322  4  -2  
13  57  34  2387  410  322  4  -2  
13  57  34  2397  406  322  4  -2  
13  57  34  2406  404  322  4  -2  
13  57  34  2413  402  322  4  -2  
13  57  34  2422  402  322  4  -2  
13  57  34  2430  400  322  4  -2  
13  57  34  2440  399  322  5  -2  
13  57  34  2447  399  322  5  -2  
13  57  34  2456  396  322  5  -2  
13  57  34  2465  394  322  5  -2  
13  57  34  2473  390  322  5  -2  
13  57  34  2481  387  322  5  -2  
13  57  34  2488  385  322  5  -2  
13  57  34  2496  385  322  5  -2  
13  57  34  2505  383  322  5  -2  
13  57  34  2515  383  322  5  -2  
13  57  34  2522  383  322  5  -2  
13  57  34  2530  383  322  5  -2  
13  57  34  2538  383  322  5  -2  
13  57  34  2546  383  322  5  -2  
13  57  34  2555  383  322  5  -2  
13  57  34  2565  383  322  5  -2  
13  57  34  2575  383  322  5  -2  
13  57  34  2587  383  322  5  -2  
13  57  34  2597  383  322  5  -2  
13  57  34  2609  383  322  5  -2  
13  57  34  2618  383  322  5  -2  
13  57  34  2625  383  322  5  -2  
13  57  34  2635  383  322  5  -2  
13  57  34  2642  383  322  5  -2  
13  57  34  2653  383  322  5  -2  
13  57  34  2658  383  322  5  -2  
13  57  34  2668  383  322  5  -2  
13  57  34  2675  383  322  5  -2  
13  57  34  2686  383  322  5  -2  
13  57  34  2692  383  322  5  -2  
13  57  34  2703  383  322  5  -2  
13  57  34  2709  383  322  5  -2  
13  57  34  2719  383  322  5  -2  
13  57  34  2726  383  322  5  -2  
13  57  34  2735  383  322  5  -2  
13  57  34  2742  383  322  5  -2  
13  57  34  2753  383  322  5  -2  
13  57  34  2759  383  322  5  -2  
13  57  34  2769  383  322  5  -2  
13  57  34  2776  383  322  5  -2  
13  57  34  2787  383  322  5  -2  
13  57  34  2795  383  322  5  -2  
13  57  34  2803  383  322  5  -2  
13  57  34  2812  383  322  5  -2  
13  57  34  2819  383  322  5  -2  
13  57  34  2828  383  322  5  -2  
13  57  34  2836  383  322  5  -2  
13  57  34  2846  383  322  5  -2  
13  57  34  2856  383  322  5  -2  
13  57  34  2863  383  322  5  -2  
13  57  34  2872  383  322  5  -2  
13  57  34  2879  383  322  5  -2  
13  57  34  2888  383  322  5  -2  
13  57  34  2897  383  322  5  -2  
13  57  34  2906  383  322  5  -2  
13  57  34  2913  383  322  5  -2  
13  57  34  2922  383  322  5  -2  
