16  10  52  0  368  326  1  -2  
16  10  52  6  368  326  1  -2  
16  10  52  15  368  326  1  -2  
16  10  52  22  368  326  1  -2  
16  10  52  31  368  326  1  -2  
16  10  52  39  368  326  1  -2  
16  10  52  49  368  326  1  -2  
16  10  52  55  368  326  1  -2  
16  10  52  65  368  326  1  -2  
16  10  52  72  368  326  1  -2  
16  10  52  83  368  326  1  -2  
16  10  52  89  368  326  1  -2  
16  10  52  98  368  326  1  -2  
16  10  52  106  368  326  1  -2  
16  10  52  115  368  326  1  -2  
16  10  52  122  368  326  1  -2  
16  10  52  134  368  326  1  -2  
16  10  52  139  368  326  1  -2  
16  10  52  148  368  326  1  -2  
16  10  52  156  368  326  1  -2  
16  10  52  166  368  326  1  -2  
16  10  52  173  368  326  1  -2  
16  10  52  183  368  326  1  -2  
16  10  53  189  368  326  1  -2  
16  10  53  200  368  326  1  -2  
16  10  53  206  368  326  1  -2  
16  10  53  217  368  326  1  -2  
16  10  53  222  368  326  1  -2  
16  10  53  234  368  326  1  -2  
16  10  53  241  368  326  1  -2  
16  10  53  250  368  326  1  -2  
16  10  53  256  368  326  1  -2  
16  10  53  267  368  326  1  -2  
16  10  53  274  368  326  1  -2  
16  10  53  283  368  326  1  -2  
16  10  53  289  368  326  1  -2  
16  10  53  301  368  326  1  -2  
16  10  53  306  368  326  1  -2  
16  10  53  317  368  326  1  -2  
16  10  53  323  369  326  1  -2  
16  10  53  333  369  326  1  -2  
16  10  53  341  372  326  1  -2  
16  10  53  351  373  326  1  -2  
16  10  53  357  375  325  1  -2  
16  10  53  365  377  325  1  -2  
16  10  53  373  379  325  1  -2  
16  10  53  384  383  325  1  -2  
16  10  53  390  388  323  1  -2  
16  10  53  400  393  323  1  -2  
16  10  53  406  400  323  1  -2  
16  10  53  415  410  323  1  -2  
16  10  53  423  422  323  1  -2  
16  10  53  434  432  323  1  -2  
16  10  53  442  443  323  1  -2  
16  10  53  451  455  323  1  -2  
16  10  53  458  463  323  1  -2  
16  10  53  467  473  323  1  -2  
16  10  53  473  480  323  1  -2  
16  10  53  483  487  323  1  -2  
16  10  53  491  496  323  2  -2  
16  10  53  501  496  323  2  -2  
16  10  53  507  501  323  2  -2  
16  10  53  518  501  323  2  -2  
16  10  53  525  505  323  2  -2  
16  10  53  536  509  323  2  -2  
16  10  53  543  515  323  2  -2  
16  10  53  552  524  323  2  -2  
16  10  53  561  531  323  2  -2  
16  10  53  570  537  323  2  -2  
16  10  53  580  543  323  2  -2  
16  10  53  598  543  323  2  -2  
16  10  53  607  546  323  2  -2  
16  10  53  617  546  323  2  -2  
16  10  53  625  546  323  2  -2  
16  10  53  636  546  323  2  -2  
16  10  53  642  546  323  2  -2  
16  10  53  651  546  323  2  -2  
16  10  53  659  546  323  2  -2  
16  10  53  666  546  323  2  -2  
16  10  53  676  546  323  2  -2  
16  10  53  684  546  323  2  -2  
16  10  53  693  546  323  2  -2  
16  10  53  701  546  323  2  -2  
16  10  53  709  546  323  2  -2  
16  10  53  717  546  323  2  -2  
16  10  53  726  546  323  2  -2  
16  10  53  734  546  323  2  -2  
16  10  53  742  546  323  2  -2  
16  10  53  751  546  323  2  -2  
16  10  53  759  546  323  2  -2  
16  10  53  767  545  323  2  -2  
16  10  53  775  545  323  2  -2  
16  10  53  784  545  323  2  -2  
16  10  53  793  544  324  2  -2  
16  10  53  801  544  324  2  -2  
16  10  53  811  544  325  2  -2  
16  10  53  819  544  325  2  -2  
16  10  53  827  544  325  2  -2  
16  10  53  835  542  326  2  -2  
16  10  53  843  541  327  2  -2  
16  10  53  853  541  327  2  -2  
16  10  53  861  540  328  2  -2  
16  10  53  869  538  328  2  -2  
16  10  53  877  538  329  2  -2  
16  10  53  886  537  330  2  -2  
16  10  53  895  536  331  2  -2  
16  10  53  903  536  331  2  -2  
16  10  53  911  535  331  2  -2  
16  10  53  919  534  332  2  -2  
16  10  53  927  533  332  2  -2  
16  10  53  935  531  334  2  -2  
16  10  53  944  531  334  2  -2  
16  10  53  953  530  335  2  -2  
16  10  53  961  530  335  2  -2  
16  10  53  969  530  335  2  -2  
16  10  53  977  529  335  2  -2  
16  10  53  985  528  335  2  -2  
16  10  53  993  527  335  2  -2  
16  10  53  1003  526  336  2  -2  
16  10  53  1012  525  336  2  -2  
16  10  53  1021  523  336  2  -2  
16  10  53  1028  522  337  2  -2  
16  10  53  1035  521  338  2  -2  
16  10  53  1044  521  338  2  -2  
16  10  53  1053  516  338  2  -2  
16  10  53  1062  515  338  2  -2  
16  10  53  1070  512  338  2  -2  
16  10  53  1082  510  338  2  -2  
16  10  53  1090  506  338  2  -2  
16  10  53  1100  501  338  2  -2  
16  10  53  1107  494  338  2  -2  
16  10  53  1118  494  338  2  -2  
16  10  53  1126  486  338  2  -2  
16  10  53  1135  483  338  2  -2  
16  10  53  1144  476  338  2  -2  
16  10  53  1153  473  338  2  -2  
16  10  53  1161  468  338  2  -2  
16  10  53  1172  461  338  2  -2  
16  10  53  1182  456  338  2  -2  
16  10  54  1189  442  338  2  -2  
16  10  54  1200  435  338  2  -2  
16  10  54  1208  428  337  2  -2  
16  10  54  1218  421  337  2  -2  
16  10  54  1226  416  336  2  -2  
16  10  54  1236  407  335  2  -2  
16  10  54  1245  398  333  2  -2  
16  10  54  1254  394  333  3  -2  
16  10  54  1264  390  332  3  -2  
16  10  54  1272  388  332  3  -2  
16  10  54  1282  385  331  3  -2  
16  10  54  1288  383  331  3  -2  
16  10  54  1299  383  331  3  -2  
16  10  54  1307  382  331  3  -2  
16  10  54  1318  381  330  3  -2  
16  10  54  1325  378  330  3  -2  
16  10  54  1335  377  329  3  -2  
16  10  54  1342  377  329  3  -2  
16  10  54  1353  377  329  3  -2  
16  10  54  1364  377  329  3  -2  
16  10  54  1372  377  329  3  -2  
16  10  54  1385  377  329  3  -2  
16  10  54  1393  377  329  3  -2  
16  10  54  1402  377  329  3  -2  
16  10  54  1408  377  329  3  -2  
16  10  54  1417  377  329  3  -2  
16  10  54  1426  377  329  3  -2  
16  10  54  1435  377  329  3  -2  
16  10  54  1447  377  329  3  -2  
16  10  54  1455  377  329  3  -2  
16  10  54  1467  377  329  3  -2  
16  10  54  1474  377  329  3  -2  
16  10  54  1484  377  329  3  -2  
16  10  54  1493  377  329  3  -2  
16  10  54  1502  377  329  3  -2  
16  10  54  1511  377  329  3  -2  
16  10  54  1520  377  329  3  -2  
16  10  54  1531  377  329  3  -2  
16  10  54  1539  377  329  3  -2  
16  10  54  1548  377  329  3  -2  
16  10  54  1556  377  329  3  -2  
16  10  54  1567  377  329  3  -2  
16  10  54  1577  377  329  3  -2  
16  10  54  1592  377  329  3  -2  
16  10  54  1602  377  329  3  -2  
16  10  54  1612  377  329  3  -2  
16  10  54  1623  377  329  3  -2  
16  10  54  1635  377  329  3  -2  
16  10  54  1647  377  329  3  -2  
16  10  54  1655  377  329  3  -2  
16  10  54  1668  377  329  3  -2  
16  10  54  1677  377  329  3  -2  
16  10  54  1686  377  329  3  -2  
16  10  54  1697  377  329  3  -2  
16  10  54  1706  377  329  3  -2  
16  10  54  1717  377  329  3  -2  
16  10  54  1725  377  329  3  -2  
16  10  54  1735  377  329  3  -2  
16  10  54  1744  377  329  3  -2  
16  10  54  1753  377  329  3  -2  
16  10  54  1763  377  329  3  -2  
16  10  54  1771  377  329  3  -2  
16  10  54  1780  377  329  3  -2  
16  10  54  1786  377  329  3  -2  
16  10  54  1796  377  329  3  -2  
16  10  54  1803  377  329  3  -2  
16  10  54  1815  377  329  3  -2  
16  10  54  1822  377  329  3  -2  
16  10  54  1831  377  329  3  -2  
16  10  54  1838  377  329  3  -2  
16  10  54  1848  377  329  3  -2  
16  10  54  1855  377  329  3  -2  
16  10  54  1865  377  329  3  -2  
16  10  54  1872  377  329  3  -2  
16  10  54  1884  377  329  3  -2  
16  10  54  1890  377  329  3  -2  
16  10  54  1899  377  329  3  -2  
16  10  54  1907  377  329  3  -2  
16  10  54  1915  377  329  3  -2  
16  10  54  1923  377  329  3  -2  
16  10  54  1933  377  329  3  -2  
16  10  54  1940  377  329  3  -2  
16  10  54  1950  377  329  3  -2  
16  10  54  1956  377  329  3  -2  
16  10  54  1966  377  329  3  -2  
16  10  54  1972  377  329  3  -2  
16  10  54  1983  377  329  3  -2  
16  10  54  1991  377  329  3  -2  
16  10  54  1999  377  329  3  -2  
16  10  54  2008  377  329  3  -2  
16  10  54  2015  377  329  3  -2  
16  10  54  2023  377  329  3  -2  
16  10  54  2033  377  329  3  -2  
16  10  54  2040  377  329  3  -2  
16  10  54  2050  377  329  3  -2  
16  10  54  2056  377  329  3  -2  
16  10  54  2066  377  329  3  -2  
16  10  54  2074  377  329  3  -2  
16  10  54  2083  377  329  3  -2  
16  10  54  2090  377  329  3  -2  
16  10  54  2099  377  329  3  -2  
16  10  54  2106  377  329  3  -2  
16  10  54  2116  377  329  3  -2  
16  10  54  2123  377  329  3  -2  
16  10  54  2133  377  329  3  -2  
16  10  54  2140  377  329  3  -2  
16  10  54  2149  377  329  3  -2  
16  10  54  2156  377  329  3  -2  
16  10  54  2166  377  329  3  -2  
16  10  54  2173  377  329  3  -2  
16  10  54  2183  377  329  3  -2  
16  10  55  2189  377  329  3  -2  
16  10  55  2199  377  329  3  -2  
16  10  55  2206  377  329  3  -2  
16  10  55  2216  377  329  3  -2  
16  10  55  2223  378  329  3  -2  
16  10  55  2233  380  329  3  -2  
16  10  55  2240  382  329  3  -2  
16  10  55  2249  387  329  3  -2  
16  10  55  2256  392  329  3  -2  
16  10  55  2266  401  329  3  -2  
16  10  55  2273  409  329  3  -2  
16  10  55  2283  416  329  3  -2  
16  10  55  2290  423  329  3  -2  
16  10  55  2299  430  329  3  -2  
16  10  55  2308  438  329  3  -2  
16  10  55  2316  450  329  3  -2  
16  10  55  2324  457  329  3  -2  
16  10  55  2335  462  329  3  -2  
16  10  55  2344  467  329  3  -2  
16  10  55  2354  472  328  3  -2  
16  10  55  2363  476  328  3  -2  
16  10  55  2371  478  327  3  -2  
16  10  55  2381  482  327  3  -2  
16  10  55  2388  485  326  3  -2  
16  10  55  2398  485  326  3  -2  
16  10  55  2404  489  326  3  -2  
16  10  55  2415  493  324  3  -2  
16  10  55  2424  495  324  3  -2  
16  10  55  2433  498  324  4  -2  
16  10  55  2439  502  323  4  -2  
16  10  55  2449  508  322  4  -2  
16  10  55  2455  510  322  4  -2  
16  10  55  2465  513  321  4  -2  
16  10  55  2473  516  319  4  -2  
16  10  55  2483  517  319  4  -2  
16  10  55  2489  517  319  4  -2  
16  10  55  2499  518  318  4  -2  
16  10  55  2506  518  318  4  -2  
16  10  55  2515  518  318  4  -2  
16  10  55  2522  518  318  4  -2  
16  10  55  2533  518  318  4  -2  
16  10  55  2539  518  318  4  -2  
16  10  55  2549  518  318  4  -2  
16  10  55  2556  519  318  4  -2  
16  10  55  2566  520  318  4  -2  
16  10  55  2573  521  318  4  -2  
16  10  55  2584  523  317  4  -2  
16  10  55  2589  523  317  4  -2  
16  10  55  2599  523  317  4  -2  
16  10  55  2606  523  317  4  -2  
16  10  55  2615  523  317  4  -2  
16  10  55  2623  523  317  4  -2  
16  10  55  2633  523  317  4  -2  
16  10  55  2641  523  317  4  -2  
16  10  55  2648  523  317  4  -2  
16  10  55  2656  523  317  4  -2  
16  10  55  2666  523  317  4  -2  
16  10  55  2674  522  317  4  -2  
16  10  55  2683  521  317  4  -2  
16  10  55  2691  519  319  4  -2  
16  10  55  2698  516  321  4  -2  
16  10  55  2707  515  321  4  -2  
16  10  55  2716  512  323  4  -2  
16  10  55  2723  504  324  4  -2  
16  10  55  2733  504  324  4  -2  
16  10  55  2739  491  324  4  -2  
16  10  55  2749  491  324  4  -2  
16  10  55  2758  472  324  4  -2  
16  10  55  2767  460  324  4  -2  
16  10  55  2774  447  324  4  -2  
16  10  55  2783  434  324  4  -2  
16  10  55  2791  424  324  4  -2  
16  10  55  2799  414  324  4  -2  
16  10  55  2807  404  324  4  -2  
