13  57  24  0  367  317  1  -2  
13  57  24  6  367  317  1  -2  
13  57  24  15  367  317  1  -2  
13  57  24  22  367  317  1  -2  
13  57  24  32  367  317  1  -2  
13  57  24  39  367  317  1  -2  
13  57  24  48  367  317  1  -2  
13  57  24  55  367  317  1  -2  
13  57  24  65  367  317  1  -2  
13  57  24  73  367  317  1  -2  
13  57  24  82  367  317  1  -2  
13  57  24  89  367  317  1  -2  
13  57  24  98  367  317  1  -2  
13  57  25  105  367  317  1  -2  
13  57  25  115  367  317  1  -2  
13  57  25  123  367  317  1  -2  
13  57  25  132  367  317  1  -2  
13  57  25  138  367  317  1  -2  
13  57  25  148  367  317  1  -2  
13  57  25  155  367  317  1  -2  
13  57  25  164  367  317  1  -2  
13  57  25  172  367  317  1  -2  
13  57  25  183  367  317  1  -2  
13  57  25  192  367  317  1  -2  
13  57  25  200  367  317  1  -2  
13  57  25  208  367  317  1  -2  
13  57  25  218  367  317  1  -2  
13  57  25  230  367  317  1  -2  
13  57  25  239  367  317  1  -2  
13  57  25  251  367  317  1  -2  
13  57  25  259  367  317  1  -2  
13  57  25  268  367  317  1  -2  
13  57  25  278  367  317  1  -2  
13  57  25  289  367  317  1  -2  
13  57  25  300  367  317  1  -2  
13  57  25  309  367  317  1  -2  
13  57  25  318  367  317  1  -2  
13  57  25  329  367  317  1  -2  
13  57  25  339  367  317  1  -2  
13  57  25  349  367  317  1  -2  
13  57  25  359  367  317  1  -2  
13  57  25  385  367  317  1  -2  
13  57  25  394  367  317  1  -2  
13  57  25  404  367  317  1  -2  
13  57  25  415  367  317  1  -2  
13  57  25  422  371  318  1  -2  
13  57  25  433  383  319  1  -2  
13  57  25  442  394  321  1  -2  
13  57  25  450  411  324  1  -2  
13  57  25  458  426  324  1  -2  
13  57  25  467  441  324  1  -2  
13  57  25  476  457  324  1  -2  
13  57  25  488  471  324  1  -2  
13  57  25  500  496  325  2  -2  
13  57  25  508  504  325  2  -2  
13  57  25  517  508  325  2  -2  
13  57  25  528  510  325  2  -2  
13  57  25  536  510  325  2  -2  
13  57  25  547  510  325  2  -2  
13  57  25  555  510  325  2  -2  
13  57  25  565  510  325  2  -2  
13  57  25  574  510  325  2  -2  
13  57  25  583  510  325  2  -2  
13  57  25  593  510  325  2  -2  
13  57  25  602  510  325  2  -2  
13  57  25  612  510  325  2  -2  
13  57  25  621  510  325  2  -2  
13  57  25  633  510  325  2  -2  
13  57  25  641  510  325  2  -2  
13  57  25  651  510  325  2  -2  
13  57  25  660  510  325  2  -2  
13  57  25  668  510  325  2  -2  
13  57  25  678  510  325  2  -2  
13  57  25  684  510  325  2  -2  
13  57  25  695  510  325  2  -2  
13  57  25  703  510  325  2  -2  
13  57  25  713  510  325  2  -2  
13  57  25  721  510  325  2  -2  
13  57  25  732  510  325  2  -2  
13  57  25  741  510  325  2  -2  
13  57  25  751  510  325  2  -2  
13  57  25  762  510  325  2  -2  
13  57  25  772  510  325  2  -2  
13  57  25  783  510  325  2  -2  
13  57  25  803  510  325  2  -2  
13  57  25  814  510  325  2  -2  
13  57  25  823  510  325  2  -2  
13  57  25  835  510  325  2  -2  
13  57  25  845  510  325  2  -2  
13  57  25  855  510  325  2  -2  
13  57  25  867  510  325  2  -2  
13  57  25  876  510  325  2  -2  
13  57  25  885  510  325  2  -2  
13  57  25  896  505  325  2  -2  
13  57  25  904  487  325  2  -2  
13  57  25  914  477  325  2  -2  
13  57  25  923  467  325  2  -2  
13  57  25  931  456  325  2  -2  
13  57  25  940  446  326  2  -2  
13  57  25  948  436  326  2  -2  
13  57  25  955  425  326  2  -2  
13  57  25  964  416  326  2  -2  
13  57  25  973  406  326  2  -2  
13  57  25  984  403  326  2  -2  
13  57  25  993  401  327  2  -2  
13  57  25  1003  401  327  2  -2  
13  57  25  1013  401  327  2  -2  
13  57  25  1018  401  327  2  -2  
13  57  25  1029  401  327  2  -2  
13  57  25  1036  401  327  2  -2  
13  57  25  1044  401  327  2  -2  
13  57  25  1052  401  327  2  -2  
13  57  25  1062  401  327  2  -2  
13  57  25  1070  401  327  2  -2  
13  57  25  1080  401  327  2  -2  
13  57  25  1089  401  327  2  -2  
13  57  25  1097  401  327  2  -2  
13  57  26  1104  401  327  2  -2  
13  57  26  1114  401  327  2  -2  
13  57  26  1122  401  327  2  -2  
13  57  26  1131  401  327  2  -2  
13  57  26  1138  401  327  2  -2  
13  57  26  1148  401  327  2  -2  
13  57  26  1156  401  327  2  -2  
13  57  26  1164  401  327  2  -2  
13  57  26  1171  401  327  2  -2  
13  57  26  1181  401  327  2  -2  
13  57  26  1186  401  327  2  -2  
13  57  26  1197  401  327  2  -2  
13  57  26  1204  401  327  2  -2  
13  57  26  1215  401  327  2  -2  
13  57  26  1221  400  327  2  -2  
13  57  26  1235  400  327  2  -2  
13  57  26  1244  395  327  3  -2  
13  57  26  1252  391  327  3  -2  
13  57  26  1260  387  327  3  -2  
13  57  26  1269  386  327  3  -2  
13  57  26  1277  383  327  3  -2  
13  57  26  1287  383  327  3  -2  
13  57  26  1296  382  327  3  -2  
13  57  26  1304  382  327  3  -2  
13  57  26  1315  382  327  3  -2  
13  57  26  1322  382  327  3  -2  
13  57  26  1332  382  327  3  -2  
13  57  26  1340  382  327  3  -2  
13  57  26  1347  382  327  3  -2  
13  57  26  1354  382  327  3  -2  
13  57  26  1364  382  327  3  -2  
13  57  26  1371  382  327  3  -2  
13  57  26  1381  380  327  3  -2  
13  57  26  1388  380  327  3  -2  
13  57  26  1397  380  327  3  -2  
13  57  26  1403  380  327  3  -2  
13  57  26  1414  380  327  3  -2  
13  57  26  1420  380  327  3  -2  
13  57  26  1431  380  327  3  -2  
13  57  26  1439  380  327  3  -2  
13  57  26  1447  380  327  3  -2  
13  57  26  1455  380  327  3  -2  
13  57  26  1464  380  327  3  -2  
13  57  26  1471  380  327  3  -2  
13  57  26  1483  380  327  3  -2  
13  57  26  1491  380  327  3  -2  
13  57  26  1501  380  327  3  -2  
13  57  26  1511  380  327  3  -2  
13  57  26  1520  380  327  3  -2  
13  57  26  1532  380  327  3  -2  
13  57  26  1541  380  327  3  -2  
13  57  26  1549  380  327  3  -2  
13  57  26  1557  380  327  3  -2  
13  57  26  1566  380  327  3  -2  
13  57  26  1575  380  327  3  -2  
13  57  26  1583  380  327  3  -2  
13  57  26  1591  380  327  3  -2  
13  57  26  1602  380  327  3  -2  
13  57  26  1612  380  327  3  -2  
13  57  26  1621  380  327  3  -2  
13  57  26  1630  380  327  3  -2  
13  57  26  1638  380  327  3  -2  
13  57  26  1647  380  327  3  -2  
13  57  26  1657  380  327  3  -2  
13  57  26  1668  380  327  3  -2  
13  57  26  1678  380  327  3  -2  
13  57  26  1686  380  327  3  -2  
13  57  26  1697  380  327  3  -2  
13  57  26  1706  380  327  3  -2  
13  57  26  1716  380  327  3  -2  
13  57  26  1725  380  327  3  -2  
13  57  26  1734  380  327  3  -2  
13  57  26  1744  380  327  3  -2  
13  57  26  1750  380  327  3  -2  
13  57  26  1760  380  327  3  -2  
13  57  26  1769  380  327  3  -2  
13  57  26  1778  380  327  3  -2  
13  57  26  1785  383  327  3  -2  
13  57  26  1795  389  327  3  -2  
13  57  26  1801  396  327  3  -2  
13  57  26  1811  404  327  3  -2  
13  57  26  1819  413  327  3  -2  
13  57  26  1828  423  327  3  -2  
13  57  26  1835  431  327  3  -2  
13  57  26  1843  441  327  3  -2  
13  57  26  1852  449  327  3  -2  
13  57  26  1862  460  330  3  -2  
13  57  26  1870  475  330  3  -2  
13  57  26  1878  485  330  3  -2  
13  57  26  1887  492  330  3  -2  
13  57  26  1896  497  330  3  -2  
13  57  26  1904  501  330  4  -2  
13  57  26  1914  501  330  4  -2  
13  57  26  1921  502  330  4  -2  
13  57  26  1930  502  330  4  -2  
13  57  26  1936  504  330  4  -2  
13  57  26  1946  504  330  4  -2  
13  57  26  1953  504  330  4  -2  
13  57  26  1965  504  330  4  -2  
13  57  26  1972  504  330  4  -2  
13  57  26  1983  504  330  4  -2  
13  57  26  1994  504  330  4  -2  
13  57  26  2002  504  330  4  -2  
13  57  26  2014  504  330  4  -2  
13  57  26  2022  504  330  4  -2  
13  57  26  2033  504  330  4  -2  
13  57  26  2044  504  330  4  -2  
13  57  26  2052  504  330  4  -2  
13  57  26  2064  504  330  4  -2  
13  57  26  2071  504  330  4  -2  
13  57  26  2080  504  330  4  -2  
13  57  26  2089  504  330  4  -2  
13  57  26  2098  504  330  4  -2  
13  57  27  2107  504  330  4  -2  
13  57  27  2117  504  330  4  -2  
13  57  27  2128  504  330  4  -2  
13  57  27  2137  504  330  4  -2  
13  57  27  2146  504  330  4  -2  
13  57  27  2154  504  330  4  -2  
13  57  27  2163  504  330  4  -2  
13  57  27  2170  504  330  4  -2  
13  57  27  2180  504  330  4  -2  
13  57  27  2187  504  330  4  -2  
13  57  27  2197  504  330  4  -2  
13  57  27  2203  504  330  4  -2  
13  57  27  2213  504  330  4  -2  
13  57  27  2221  504  330  4  -2  
13  57  27  2231  504  330  4  -2  
13  57  27  2240  504  330  4  -2  
13  57  27  2250  504  330  4  -2  
13  57  27  2261  502  330  4  -2  
13  57  27  2269  500  330  4  -2  
13  57  27  2280  498  330  4  -2  
13  57  27  2289  495  330  4  -2  
13  57  27  2300  494  330  4  -2  
13  57  27  2313  492  330  4  -2  
13  57  27  2319  489  330  4  -2  
13  57  27  2330  487  330  4  -2  
13  57  27  2337  484  330  4  -2  
13  57  27  2346  479  330  4  -2  
13  57  27  2356  470  330  4  -2  
13  57  27  2366  460  330  4  -2  
13  57  27  2376  435  330  4  -2  
13  57  27  2385  424  330  4  -2  
13  57  27  2394  414  330  4  -2  
13  57  27  2401  404  330  4  -2  
13  57  27  2411  399  330  4  -2  
13  57  27  2418  395  330  5  -2  
13  57  27  2427  393  330  5  -2  
13  57  27  2433  392  330  5  -2  
13  57  27  2445  392  330  5  -2  
13  57  27  2452  392  330  5  -2  
13  57  27  2462  392  330  5  -2  
13  57  27  2469  392  330  5  -2  
13  57  27  2478  392  330  5  -2  
13  57  27  2486  392  330  5  -2  
13  57  27  2497  392  330  5  -2  
13  57  27  2506  392  330  5  -2  
13  57  27  2516  392  330  5  -2  
13  57  27  2524  392  330  5  -2  
13  57  27  2532  392  330  5  -2  
13  57  27  2540  392  330  5  -2  
13  57  27  2548  392  330  5  -2  
13  57  27  2556  392  330  5  -2  
13  57  27  2564  392  330  5  -2  
13  57  27  2574  392  330  5  -2  
13  57  27  2582  392  330  5  -2  
13  57  27  2591  392  330  5  -2  
13  57  27  2599  392  330  5  -2  
13  57  27  2607  392  330  5  -2  
13  57  27  2614  392  330  5  -2  
13  57  27  2623  392  330  5  -2  
13  57  27  2632  392  330  5  -2  
13  57  27  2640  392  330  5  -2  
13  57  27  2648  392  330  5  -2  
13  57  27  2656  392  330  5  -2  
13  57  27  2666  392  330  5  -2  
13  57  27  2673  392  330  5  -2  
13  57  27  2681  392  330  5  -2  
13  57  27  2690  392  330  5  -2  
13  57  27  2698  392  330  5  -2  
13  57  27  2707  392  330  5  -2  
13  57  27  2715  391  330  5  -2  
13  57  27  2723  390  330  5  -2  
13  57  27  2732  390  330  5  -2  
13  57  27  2744  388  330  5  -2  
13  57  27  2750  387  330  5  -2  
13  57  27  2758  387  330  5  -2  
13  57  27  2766  387  330  5  -2  
13  57  27  2775  387  330  5  -2  
13  57  27  2784  387  330  5  -2  
13  57  27  2791  387  330  5  -2  
13  57  27  2801  387  330  5  -2  
13  57  27  2811  387  330  5  -2  
13  57  27  2818  387  330  5  -2  
13  57  27  2827  387  330  5  -2  
13  57  27  2834  387  330  5  -2  
13  57  27  2843  387  330  5  -2  
13  57  27  2850  387  330  5  -2  
13  57  27  2860  387  330  5  -2  
13  57  27  2867  387  330  5  -2  
13  57  27  2876  387  330  5  -2  
13  57  27  2883  387  330  5  -2  
13  57  27  2891  387  330  5  -2  
13  57  27  2900  387  330  5  -2  
13  57  27  2908  387  330  5  -2  
13  57  27  2918  387  330  5  -2  
13  57  27  2925  387  330  5  -2  
13  57  27  2934  387  330  5  -2  
13  57  27  2943  387  330  5  -2  
13  57  27  2950  387  330  5  -2  
13  57  27  2958  387  330  5  -2  
13  57  27  2967  387  330  5  -2  
13  57  27  2977  387  330  5  -2  
13  57  27  2985  387  330  5  -2  
13  57  27  2997  387  330  5  -2  
13  57  27  3005  387  330  5  -2  
13  57  27  3015  387  330  5  -2  
