16  10  42  0  354  307  1  -2  
16  10  42  9  354  307  1  -2  
16  10  42  17  354  307  1  -2  
16  10  42  26  354  307  1  -2  
16  10  42  35  354  307  1  -2  
16  10  42  42  354  307  1  -2  
16  10  42  53  354  307  1  -2  
16  10  42  59  354  307  1  -2  
16  10  42  66  354  307  1  -2  
16  10  42  76  354  307  1  -2  
16  10  42  83  354  307  1  -2  
16  10  42  91  354  307  1  -2  
16  10  42  100  354  307  1  -2  
16  10  42  108  354  307  1  -2  
16  10  42  116  354  307  1  -2  
16  10  42  126  354  307  1  -2  
16  10  42  135  354  307  1  -2  
16  10  42  142  354  307  1  -2  
16  10  42  150  354  307  1  -2  
16  10  42  159  354  307  1  -2  
16  10  42  169  354  307  1  -2  
16  10  42  176  354  307  1  -2  
16  10  42  185  354  307  1  -2  
16  10  42  192  354  307  1  -2  
16  10  42  202  354  307  1  -2  
16  10  42  209  354  307  1  -2  
16  10  42  220  355  307  1  -2  
16  10  42  227  358  307  1  -2  
16  10  42  235  360  307  1  -2  
16  10  42  242  361  307  1  -2  
16  10  42  253  362  307  1  -2  
16  10  42  260  364  307  1  -2  
16  10  42  269  366  307  1  -2  
16  10  42  276  368  307  1  -2  
16  10  43  285  370  307  1  -2  
16  10  43  292  373  307  1  -2  
16  10  43  302  374  307  1  -2  
16  10  43  309  377  307  1  -2  
16  10  43  319  382  307  1  -2  
16  10  43  327  385  307  1  -2  
16  10  43  335  388  307  1  -2  
16  10  43  345  392  307  1  -2  
16  10  43  350  398  307  1  -2  
16  10  43  359  405  307  1  -2  
16  10  43  370  414  307  1  -2  
16  10  43  377  420  307  1  -2  
16  10  43  385  426  307  1  -2  
16  10  43  392  431  307  1  -2  
16  10  43  402  436  307  1  -2  
16  10  43  410  449  307  1  -2  
16  10  43  420  458  307  1  -2  
16  10  43  427  465  307  1  -2  
16  10  43  435  471  307  1  -2  
16  10  43  442  478  307  1  -2  
16  10  43  453  483  307  1  -2  
16  10  43  460  487  307  1  -2  
16  10  43  470  490  307  1  -2  
16  10  43  477  491  307  1  -2  
16  10  43  488  492  307  1  -2  
16  10  43  493  494  307  1  -2  
16  10  43  503  495  307  2  -2  
16  10  43  510  496  307  2  -2  
16  10  43  521  498  307  2  -2  
16  10  43  528  499  307  2  -2  
16  10  43  539  502  307  2  -2  
16  10  43  546  508  307  2  -2  
16  10  43  556  508  307  2  -2  
16  10  43  561  512  307  2  -2  
16  10  43  571  512  307  2  -2  
16  10  43  578  514  307  2  -2  
16  10  43  589  514  307  2  -2  
16  10  43  595  514  307  2  -2  
16  10  43  606  514  307  2  -2  
16  10  43  612  515  307  2  -2  
16  10  43  622  515  307  2  -2  
16  10  43  627  515  307  2  -2  
16  10  43  639  515  307  2  -2  
16  10  43  646  515  307  2  -2  
16  10  43  655  515  307  2  -2  
16  10  43  662  515  307  2  -2  
16  10  43  672  515  307  2  -2  
16  10  43  678  515  307  2  -2  
16  10  43  688  515  307  2  -2  
16  10  43  695  515  307  2  -2  
16  10  43  706  515  307  2  -2  
16  10  43  712  515  307  2  -2  
16  10  43  722  515  307  2  -2  
16  10  43  729  515  307  2  -2  
16  10  43  739  515  307  2  -2  
16  10  43  745  515  307  2  -2  
16  10  43  755  515  307  2  -2  
16  10  43  764  515  307  2  -2  
16  10  43  772  515  307  2  -2  
16  10  43  782  515  307  2  -2  
16  10  43  790  515  307  2  -2  
16  10  43  799  515  307  2  -2  
16  10  43  808  515  307  2  -2  
16  10  43  817  515  307  2  -2  
16  10  43  824  515  307  2  -2  
16  10  43  832  515  307  2  -2  
16  10  43  840  515  307  2  -2  
16  10  43  849  515  307  2  -2  
16  10  43  858  515  307  2  -2  
16  10  43  866  512  307  2  -2  
16  10  43  875  512  307  2  -2  
16  10  43  883  508  309  2  -2  
16  10  43  892  506  311  2  -2  
16  10  43  899  505  313  2  -2  
16  10  43  909  502  313  2  -2  
16  10  43  916  499  315  2  -2  
16  10  43  925  497  315  2  -2  
16  10  43  933  494  316  2  -2  
16  10  43  941  492  318  2  -2  
16  10  43  950  490  318  2  -2  
16  10  43  959  489  318  2  -2  
16  10  43  970  485  319  2  -2  
16  10  43  977  481  320  2  -2  
16  10  43  986  478  321  2  -2  
16  10  43  993  474  321  2  -2  
16  10  43  1003  470  321  2  -2  
16  10  43  1010  461  321  2  -2  
16  10  43  1020  457  321  2  -2  
16  10  43  1027  454  321  2  -2  
16  10  43  1036  451  321  2  -2  
16  10  43  1042  447  321  2  -2  
16  10  43  1052  442  321  2  -2  
16  10  43  1058  438  321  2  -2  
16  10  43  1067  433  321  2  -2  
16  10  43  1075  426  321  2  -2  
16  10  43  1085  416  321  2  -2  
16  10  43  1093  406  317  2  -2  
16  10  43  1102  396  317  3  -2  
16  10  43  1108  387  314  3  -2  
16  10  43  1117  378  312  3  -2  
16  10  43  1126  371  310  3  -2  
16  10  43  1136  363  309  3  -2  
16  10  43  1142  359  309  3  -2  
16  10  43  1153  355  309  3  -2  
16  10  43  1158  353  309  3  -2  
16  10  43  1169  352  309  3  -2  
16  10  43  1176  350  309  3  -2  
16  10  43  1186  350  309  3  -2  
16  10  43  1192  350  309  3  -2  
16  10  43  1202  350  309  3  -2  
16  10  43  1209  349  309  3  -2  
16  10  43  1219  349  309  3  -2  
16  10  43  1226  347  309  3  -2  
16  10  43  1236  347  309  3  -2  
16  10  43  1241  347  309  3  -2  
16  10  43  1252  347  309  3  -2  
16  10  43  1259  347  309  3  -2  
16  10  43  1270  347  309  3  -2  
16  10  43  1276  347  309  3  -2  
16  10  44  1286  347  309  3  -2  
16  10  44  1294  347  309  3  -2  
16  10  44  1304  347  309  3  -2  
16  10  44  1309  347  309  3  -2  
16  10  44  1319  347  309  3  -2  
16  10  44  1327  347  309  3  -2  
16  10  44  1336  347  309  3  -2  
16  10  44  1343  347  309  3  -2  
16  10  44  1353  347  309  3  -2  
16  10  44  1359  347  309  3  -2  
16  10  44  1370  347  309  3  -2  
16  10  44  1377  347  309  3  -2  
16  10  44  1388  347  309  3  -2  
16  10  44  1393  347  309  3  -2  
16  10  44  1403  347  309  3  -2  
16  10  44  1409  347  309  3  -2  
16  10  44  1420  347  309  3  -2  
16  10  44  1427  347  309  3  -2  
16  10  44  1438  347  309  3  -2  
16  10  44  1445  347  309  3  -2  
16  10  44  1454  347  309  3  -2  
16  10  44  1460  347  309  3  -2  
16  10  44  1472  347  309  3  -2  
16  10  44  1480  347  309  3  -2  
16  10  44  1487  347  309  3  -2  
16  10  44  1496  347  309  3  -2  
16  10  44  1504  347  309  3  -2  
16  10  44  1515  347  309  3  -2  
16  10  44  1523  347  309  3  -2  
16  10  44  1533  347  309  3  -2  
16  10  44  1541  347  309  3  -2  
16  10  44  1552  347  309  3  -2  
16  10  44  1560  347  309  3  -2  
16  10  44  1570  347  309  3  -2  
16  10  44  1577  347  309  3  -2  
16  10  44  1589  347  309  3  -2  
16  10  44  1595  347  309  3  -2  
16  10  44  1605  347  309  3  -2  
16  10  44  1612  347  309  3  -2  
16  10  44  1621  347  309  3  -2  
16  10  44  1628  347  309  3  -2  
16  10  44  1638  347  309  3  -2  
16  10  44  1646  347  309  3  -2  
16  10  44  1655  347  309  3  -2  
16  10  44  1662  347  309  3  -2  
16  10  44  1671  347  309  3  -2  
16  10  44  1679  347  309  3  -2  
16  10  44  1688  347  309  3  -2  
16  10  44  1697  347  309  3  -2  
16  10  44  1704  347  309  3  -2  
16  10  44  1712  347  309  3  -2  
16  10  44  1721  347  309  3  -2  
16  10  44  1729  347  309  3  -2  
16  10  44  1738  347  309  3  -2  
16  10  44  1746  347  309  3  -2  
16  10  44  1755  347  309  3  -2  
16  10  44  1764  347  309  3  -2  
16  10  44  1772  347  309  3  -2  
16  10  44  1780  347  309  3  -2  
16  10  44  1788  347  309  3  -2  
16  10  44  1797  347  309  3  -2  
16  10  44  1805  347  309  3  -2  
16  10  44  1813  347  309  3  -2  
16  10  44  1821  347  309  3  -2  
16  10  44  1830  347  309  3  -2  
16  10  44  1838  347  309  3  -2  
16  10  44  1847  347  309  3  -2  
16  10  44  1855  347  309  3  -2  
16  10  44  1864  347  309  3  -2  
16  10  44  1872  347  309  3  -2  
16  10  44  1880  347  309  3  -2  
16  10  44  1888  347  309  3  -2  
16  10  44  1896  347  309  3  -2  
16  10  44  1907  347  309  3  -2  
16  10  44  1914  347  309  3  -2  
16  10  44  1922  347  309  3  -2  
16  10  44  1930  347  309  3  -2  
16  10  44  1939  347  309  3  -2  
16  10  44  1947  347  309  3  -2  
16  10  44  1956  347  309  3  -2  
16  10  44  1963  347  309  3  -2  
16  10  44  1972  347  309  3  -2  
16  10  44  1980  347  309  3  -2  
16  10  44  1989  347  309  3  -2  
16  10  44  1996  347  309  3  -2  
16  10  44  2007  347  309  3  -2  
16  10  44  2014  347  309  3  -2  
16  10  44  2023  347  309  3  -2  
16  10  44  2031  347  309  3  -2  
16  10  44  2041  347  309  3  -2  
16  10  44  2047  347  309  3  -2  
16  10  44  2057  347  309  3  -2  
16  10  44  2065  347  309  3  -2  
16  10  44  2072  347  309  3  -2  
16  10  44  2082  347  309  3  -2  
16  10  44  2090  347  309  3  -2  
16  10  44  2098  347  309  3  -2  
16  10  44  2107  347  309  3  -2  
16  10  44  2115  347  309  3  -2  
16  10  44  2123  347  309  3  -2  
16  10  44  2131  347  309  3  -2  
16  10  44  2140  347  309  3  -2  
16  10  44  2148  347  309  3  -2  
16  10  44  2157  347  309  3  -2  
16  10  44  2165  347  309  3  -2  
16  10  44  2174  347  309  3  -2  
16  10  44  2181  347  309  3  -2  
16  10  44  2190  347  309  3  -2  
16  10  44  2199  347  309  3  -2  
16  10  44  2207  347  309  3  -2  
16  10  44  2215  347  309  3  -2  
16  10  44  2222  347  309  3  -2  
16  10  44  2231  347  309  3  -2  
16  10  44  2240  347  309  3  -2  
16  10  44  2248  347  309  3  -2  
16  10  44  2257  347  309  3  -2  
16  10  44  2265  347  309  3  -2  
16  10  44  2273  347  309  3  -2  
16  10  45  2281  347  309  3  -2  
16  10  45  2291  347  309  3  -2  
16  10  45  2298  351  309  3  -2  
16  10  45  2307  353  309  3  -2  
16  10  45  2315  354  309  3  -2  
16  10  45  2324  356  309  3  -2  
16  10  45  2332  358  309  3  -2  
16  10  45  2341  361  309  3  -2  
16  10  45  2350  362  309  3  -2  
16  10  45  2358  363  309  3  -2  
16  10  45  2366  365  309  3  -2  
16  10  45  2373  367  309  3  -2  
16  10  45  2383  369  309  3  -2  
16  10  45  2391  372  309  3  -2  
16  10  45  2401  375  310  3  -2  
16  10  45  2409  381  310  3  -2  
16  10  45  2418  385  311  3  -2  
16  10  45  2426  402  312  3  -2  
16  10  45  2435  402  312  3  -2  
16  10  45  2443  421  316  3  -2  
16  10  45  2452  431  317  3  -2  
16  10  45  2458  440  319  3  -2  
16  10  45  2469  447  320  3  -2  
16  10  45  2476  452  320  3  -2  
16  10  45  2485  456  320  3  -2  
16  10  45  2493  460  322  3  -2  
16  10  45  2502  462  322  3  -2  
16  10  45  2510  465  322  3  -2  
16  10  45  2519  468  322  3  -2  
16  10  45  2525  470  322  3  -2  
16  10  45  2537  472  322  3  -2  
16  10  45  2542  473  322  3  -2  
16  10  45  2553  476  322  3  -2  
16  10  45  2559  479  322  3  -2  
16  10  45  2571  480  322  3  -2  
16  10  45  2577  488  322  3  -2  
16  10  45  2587  488  322  3  -2  
16  10  45  2594  493  322  3  -2  
16  10  45  2605  493  322  3  -2  
16  10  45  2611  498  322  4  -2  
16  10  45  2620  500  322  4  -2  
16  10  45  2628  501  322  4  -2  
16  10  45  2638  503  322  4  -2  
16  10  45  2646  504  322  4  -2  
16  10  45  2653  505  322  4  -2  
16  10  45  2661  506  322  4  -2  
16  10  45  2670  507  321  4  -2  
16  10  45  2678  508  321  4  -2  
16  10  45  2687  509  321  4  -2  
16  10  45  2695  510  321  4  -2  
16  10  45  2703  514  318  4  -2  
16  10  45  2711  514  318  4  -2  
16  10  45  2720  514  318  4  -2  
16  10  45  2728  514  318  4  -2  
16  10  45  2737  516  317  4  -2  
16  10  45  2745  516  317  4  -2  
16  10  45  2753  516  317  4  -2  
16  10  45  2761  516  317  4  -2  
16  10  45  2770  516  317  4  -2  
16  10  45  2779  516  317  4  -2  
16  10  45  2786  514  318  4  -2  
16  10  45  2794  511  319  4  -2  
16  10  45  2803  510  319  4  -2  
16  10  45  2809  506  321  4  -2  
16  10  45  2819  504  322  4  -2  
16  10  45  2828  501  323  4  -2  
16  10  45  2836  500  323  4  -2  
16  10  45  2844  497  324  4  -2  
16  10  45  2853  495  324  4  -2  
16  10  45  2860  490  325  4  -2  
16  10  45  2869  486  326  4  -2  
16  10  45  2878  482  326  4  -2  
16  10  45  2887  477  327  4  -2  
16  10  45  2895  472  327  4  -2  
16  10  45  2903  465  327  4  -2  
16  10  45  2912  462  327  4  -2  
16  10  45  2920  457  327  4  -2  
16  10  45  2928  451  328  4  -2  
16  10  45  2936  446  328  4  -2  
16  10  45  2946  439  329  4  -2  
16  10  45  2953  424  329  4  -2  
16  10  45  2963  417  329  4  -2  
16  10  45  2970  410  329  4  -2  
16  10  45  2979  407  329  4  -2  
16  10  45  2988  405  329  4  -2  
16  10  45  2996  402  329  4  -2  
16  10  45  3005  401  329  4  -2  
16  10  45  3014  399  329  4  -2  
16  10  45  3021  398  329  4  -2  
16  10  45  3030  398  329  4  -2  
16  10  45  3039  398  329  4  -2  
16  10  45  3047  398  329  4  -2  
16  10  45  3056  398  329  4  -2  
16  10  45  3062  398  329  4  -2  
