15  6  50  0  364  327  1  -2  
15  6  50  7  364  327  1  -2  
15  6  50  16  364  327  1  -2  
15  6  50  25  364  327  1  -2  
15  6  50  33  364  327  1  -2  
15  6  50  40  364  327  1  -2  
15  6  50  50  364  327  1  -2  
15  6  50  57  364  327  1  -2  
15  6  50  67  364  327  1  -2  
15  6  50  75  364  327  1  -2  
15  6  50  83  364  327  1  -2  
15  6  50  90  364  327  1  -2  
15  6  50  100  364  327  1  -2  
15  6  50  107  364  327  1  -2  
15  6  50  116  365  327  1  -2  
15  6  50  125  367  327  1  -2  
15  6  50  133  371  327  1  -2  
15  6  50  141  373  327  1  -2  
15  6  50  150  377  327  1  -2  
15  6  50  158  382  327  1  -2  
15  6  50  168  386  327  1  -2  
15  6  50  176  396  327  1  -2  
15  6  50  185  396  327  1  -2  
15  6  50  193  408  327  1  -2  
15  6  50  201  418  327  1  -2  
15  6  50  210  426  327  1  -2  
15  6  50  218  433  327  1  -2  
15  6  50  225  442  327  1  -2  
15  6  50  235  447  327  1  -2  
15  6  50  244  449  327  1  -2  
15  6  50  251  453  327  1  -2  
15  6  50  260  456  327  1  -2  
15  6  50  268  459  327  1  -2  
15  6  50  276  462  326  1  -2  
15  6  50  285  462  326  1  -2  
15  6  51  294  463  326  1  -2  
15  6  51  301  465  326  1  -2  
15  6  51  310  465  326  1  -2  
15  6  51  318  467  325  1  -2  
15  6  51  326  467  325  1  -2  
15  6  51  335  467  325  1  -2  
15  6  51  344  470  325  1  -2  
15  6  51  351  472  325  1  -2  
15  6  51  358  473  325  1  -2  
15  6  51  366  475  325  1  -2  
15  6  51  375  479  325  1  -2  
15  6  51  385  482  325  1  -2  
15  6  51  393  483  325  1  -2  
15  6  51  401  486  325  1  -2  
15  6  51  409  487  325  1  -2  
15  6  51  417  487  325  1  -2  
15  6  51  425  487  325  1  -2  
15  6  51  434  488  325  1  -2  
15  6  51  443  490  325  1  -2  
15  6  51  450  490  325  1  -2  
15  6  51  458  490  325  1  -2  
15  6  51  466  490  325  1  -2  
15  6  51  475  490  325  1  -2  
15  6  51  484  491  325  1  -2  
15  6  51  493  491  325  1  -2  
15  6  51  500  492  325  1  -2  
15  6  51  508  492  325  1  -2  
15  6  51  517  493  325  1  -2  
15  6  51  525  493  325  1  -2  
15  6  51  534  494  325  1  -2  
15  6  51  543  494  325  1  -2  
15  6  51  550  494  325  1  -2  
15  6  51  560  494  325  1  -2  
15  6  51  567  494  325  1  -2  
15  6  51  575  494  325  1  -2  
15  6  51  584  494  325  1  -2  
15  6  51  593  494  325  1  -2  
15  6  51  600  494  325  1  -2  
15  6  51  609  494  325  1  -2  
15  6  51  617  494  325  1  -2  
15  6  51  625  494  325  1  -2  
15  6  51  634  494  325  1  -2  
15  6  51  643  495  325  1  -2  
15  6  51  650  495  325  1  -2  
15  6  51  659  495  325  1  -2  
15  6  51  668  497  325  2  -2  
15  6  51  677  497  325  2  -2  
15  6  51  685  497  325  2  -2  
15  6  51  693  498  325  2  -2  
15  6  51  702  498  325  2  -2  
15  6  51  711  499  325  2  -2  
15  6  51  719  501  325  2  -2  
15  6  51  727  501  325  2  -2  
15  6  51  735  502  325  2  -2  
15  6  51  743  502  325  2  -2  
15  6  51  751  502  325  2  -2  
15  6  51  760  503  325  2  -2  
15  6  51  768  503  325  2  -2  
15  6  51  776  503  325  2  -2  
15  6  51  784  503  325  2  -2  
15  6  51  794  503  325  2  -2  
15  6  51  802  503  325  2  -2  
15  6  51  810  503  325  2  -2  
15  6  51  818  503  325  2  -2  
15  6  51  826  503  325  2  -2  
15  6  51  835  503  325  2  -2  
15  6  51  844  503  325  2  -2  
15  6  51  853  503  325  2  -2  
15  6  51  860  503  325  2  -2  
15  6  51  868  503  325  2  -2  
15  6  51  876  503  325  2  -2  
15  6  51  885  503  325  2  -2  
15  6  51  894  503  325  2  -2  
15  6  51  901  503  325  2  -2  
15  6  51  911  503  325  2  -2  
15  6  51  918  503  325  2  -2  
15  6  51  926  503  325  2  -2  
15  6  51  935  503  325  2  -2  
15  6  51  944  503  325  2  -2  
15  6  51  952  503  325  2  -2  
15  6  51  960  503  325  2  -2  
15  6  51  969  503  325  2  -2  
15  6  51  977  502  325  2  -2  
15  6  51  986  501  325  2  -2  
15  6  51  994  499  325  2  -2  
15  6  51  1003  497  325  2  -2  
15  6  51  1011  493  325  2  -2  
15  6  51  1019  490  325  2  -2  
15  6  51  1027  486  325  2  -2  
15  6  51  1034  483  325  2  -2  
15  6  51  1044  478  325  2  -2  
15  6  51  1052  474  325  2  -2  
15  6  51  1060  469  325  2  -2  
15  6  51  1067  464  325  2  -2  
15  6  51  1076  459  325  2  -2  
15  6  51  1085  452  325  2  -2  
15  6  51  1094  447  325  2  -2  
15  6  51  1101  437  325  2  -2  
15  6  51  1110  428  325  2  -2  
15  6  51  1118  418  325  2  -2  
15  6  51  1126  408  325  2  -2  
15  6  51  1135  398  325  3  -2  
15  6  51  1144  386  325  3  -2  
15  6  51  1153  378  325  3  -2  
15  6  51  1161  363  325  3  -2  
15  6  51  1169  358  325  3  -2  
15  6  51  1178  356  325  3  -2  
15  6  51  1185  353  325  3  -2  
15  6  51  1194  350  325  3  -2  
15  6  51  1202  348  325  3  -2  
15  6  51  1210  347  325  3  -2  
15  6  51  1218  345  325  3  -2  
15  6  51  1226  341  325  3  -2  
15  6  51  1235  339  325  3  -2  
15  6  51  1244  334  325  3  -2  
15  6  51  1253  330  325  3  -2  
15  6  51  1260  326  325  3  -2  
15  6  51  1269  326  325  3  -2  
15  6  51  1277  326  325  3  -2  
15  6  51  1285  326  325  3  -2  
15  6  52  1294  326  325  3  -2  
15  6  52  1301  326  325  3  -2  
15  6  52  1311  326  325  3  -2  
15  6  52  1318  326  325  3  -2  
15  6  52  1327  326  325  3  -2  
15  6  52  1335  326  325  3  -2  
15  6  52  1344  326  325  3  -2  
15  6  52  1353  328  325  3  -2  
15  6  52  1361  334  325  3  -2  
15  6  52  1369  345  328  3  -2  
15  6  52  1378  358  329  3  -2  
15  6  52  1386  373  330  3  -2  
15  6  52  1394  388  334  3  -2  
15  6  52  1403  400  334  3  -2  
15  6  52  1411  412  336  3  -2  
15  6  52  1420  422  336  3  -2  
15  6  52  1428  429  336  3  -2  
15  6  52  1435  434  336  3  -2  
15  6  52  1444  436  336  3  -2  
15  6  52  1452  438  336  3  -2  
15  6  52  1460  439  336  3  -2  
15  6  52  1469  441  336  3  -2  
15  6  52  1478  443  336  3  -2  
15  6  52  1485  445  336  3  -2  
15  6  52  1495  450  336  3  -2  
15  6  52  1503  454  336  3  -2  
15  6  52  1510  460  336  3  -2  
15  6  52  1518  466  336  3  -2  
15  6  52  1528  471  336  3  -2  
15  6  52  1535  474  336  3  -2  
15  6  52  1545  477  336  3  -2  
15  6  52  1553  479  336  3  -2  
15  6  52  1562  480  336  3  -2  
15  6  52  1570  480  336  3  -2  
15  6  52  1580  480  336  3  -2  
15  6  52  1586  480  336  3  -2  
15  6  52  1597  480  336  3  -2  
15  6  52  1604  480  336  3  -2  
15  6  52  1613  480  336  3  -2  
15  6  52  1619  482  336  3  -2  
15  6  52  1628  483  336  3  -2  
15  6  52  1636  483  336  3  -2  
15  6  52  1645  484  336  3  -2  
15  6  52  1654  485  336  3  -2  
15  6  52  1661  486  336  3  -2  
15  6  52  1670  487  336  3  -2  
15  6  52  1678  488  336  3  -2  
15  6  52  1687  490  336  3  -2  
15  6  52  1697  491  336  3  -2  
15  6  52  1703  496  336  3  -2  
15  6  52  1713  496  336  3  -2  
15  6  52  1719  498  336  3  -2  
15  6  52  1730  498  336  3  -2  
15  6  52  1736  499  336  3  -2  
15  6  52  1746  499  336  3  -2  
15  6  52  1754  499  336  3  -2  
15  6  52  1762  499  336  3  -2  
15  6  52  1769  499  336  3  -2  
15  6  52  1780  499  336  3  -2  
15  6  52  1787  499  336  3  -2  
15  6  52  1796  499  336  3  -2  
15  6  52  1805  499  335  3  -2  
15  6  52  1812  499  335  3  -2  
15  6  52  1821  499  335  3  -2  
15  6  52  1830  499  335  3  -2  
15  6  52  1836  499  335  3  -2  
15  6  52  1847  499  335  3  -2  
15  6  52  1853  499  335  3  -2  
15  6  52  1863  499  335  3  -2  
15  6  52  1870  499  335  3  -2  
15  6  52  1880  499  335  3  -2  
15  6  52  1887  499  335  3  -2  
15  6  52  1897  499  335  3  -2  
15  6  52  1903  499  335  3  -2  
15  6  52  1913  499  335  3  -2  
15  6  52  1921  502  335  4  -2  
15  6  52  1930  502  335  4  -2  
15  6  52  1936  502  334  4  -2  
15  6  52  1948  502  334  4  -2  
15  6  52  1954  504  333  4  -2  
15  6  52  1962  505  332  4  -2  
15  6  52  1970  505  332  4  -2  
15  6  52  1980  505  332  4  -2  
15  6  52  1985  506  332  4  -2  
15  6  52  1996  506  332  4  -2  
15  6  52  2004  507  332  4  -2  
15  6  52  2013  507  332  4  -2  
15  6  52  2021  507  332  4  -2  
15  6  52  2030  507  332  4  -2  
15  6  52  2038  507  332  4  -2  
15  6  52  2047  508  331  4  -2  
15  6  52  2054  508  331  4  -2  
15  6  52  2062  508  331  4  -2  
15  6  52  2069  508  331  4  -2  
15  6  52  2080  508  331  4  -2  
15  6  52  2086  508  331  4  -2  
15  6  52  2097  508  331  4  -2  
15  6  52  2103  508  331  4  -2  
15  6  52  2112  508  331  4  -2  
15  6  52  2119  508  331  4  -2  
15  6  52  2129  508  331  4  -2  
15  6  52  2136  508  331  4  -2  
15  6  52  2146  508  331  4  -2  
15  6  52  2153  508  331  4  -2  
15  6  52  2162  508  331  4  -2  
15  6  52  2169  508  331  4  -2  
15  6  52  2179  508  331  4  -2  
15  6  52  2185  507  331  4  -2  
15  6  52  2196  505  331  4  -2  
15  6  52  2203  501  331  4  -2  
15  6  52  2212  496  331  4  -2  
15  6  52  2218  493  331  4  -2  
15  6  52  2230  486  331  4  -2  
15  6  52  2237  478  332  4  -2  
15  6  52  2247  469  334  4  -2  
15  6  52  2254  464  334  4  -2  
15  6  52  2265  457  335  4  -2  
15  6  52  2272  450  336  4  -2  
15  6  52  2282  441  336  4  -2  
15  6  53  2289  436  338  4  -2  
15  6  53  2297  432  338  4  -2  
15  6  53  2305  430  338  4  -2  
15  6  53  2314  427  338  4  -2  
15  6  53  2323  423  338  4  -2  
15  6  53  2331  418  338  4  -2  
15  6  53  2338  414  338  4  -2  
15  6  53  2347  409  338  4  -2  
15  6  53  2356  405  338  4  -2  
15  6  53  2364  402  338  4  -2  
15  6  53  2373  398  338  4  -2  
15  6  53  2381  394  338  4  -2  
15  6  53  2390  390  338  5  -2  
15  6  53  2397  389  338  5  -2  
15  6  53  2406  386  338  5  -2  
15  6  53  2414  385  338  5  -2  
15  6  53  2423  385  338  5  -2  
15  6  53  2430  385  338  5  -2  
15  6  53  2439  385  338  5  -2  
15  6  53  2448  385  338  5  -2  
15  6  53  2455  385  338  5  -2  
15  6  53  2465  385  338  5  -2  
15  6  53  2473  385  338  5  -2  
15  6  53  2480  385  338  5  -2  
15  6  53  2489  385  338  5  -2  
15  6  53  2497  385  338  5  -2  
15  6  53  2506  385  338  5  -2  
15  6  53  2514  385  338  5  -2  
15  6  53  2522  385  338  5  -2  
15  6  53  2530  385  338  5  -2  
15  6  53  2539  385  338  5  -2  
15  6  53  2548  385  338  5  -2  
15  6  53  2556  385  338  5  -2  
15  6  53  2565  385  338  5  -2  
15  6  53  2573  385  338  5  -2  
15  6  53  2580  385  338  5  -2  
15  6  53  2589  385  338  5  -2  
15  6  53  2597  385  338  5  -2  
15  6  53  2606  385  338  5  -2  
15  6  53  2615  385  338  5  -2  
15  6  53  2623  385  338  5  -2  
15  6  53  2631  385  338  5  -2  
15  6  53  2639  385  338  5  -2  
15  6  53  2648  385  338  5  -2  
15  6  53  2656  385  338  5  -2  
15  6  53  2665  385  338  5  -2  
15  6  53  2673  385  338  5  -2  
15  6  53  2683  385  338  5  -2  
15  6  53  2692  385  338  5  -2  
15  6  53  2700  385  338  5  -2  
15  6  53  2709  385  338  5  -2  
15  6  53  2718  385  338  5  -2  
15  6  53  2726  385  338  5  -2  
15  6  53  2735  385  338  5  -2  
