9  55  18  0  361  333  1  -2  
9  55  18  6  361  333  1  -2  
9  55  18  16  361  333  1  -2  
9  55  18  22  361  333  1  -2  
9  55  18  32  361  333  1  -2  
9  55  18  39  361  333  1  -2  
9  55  18  50  361  333  1  -2  
9  55  18  55  361  333  1  -2  
9  55  18  65  361  333  1  -2  
9  55  18  72  361  333  1  -2  
9  55  18  81  361  333  1  -2  
9  55  18  88  361  333  1  -2  
9  55  18  99  361  333  1  -2  
9  55  18  104  361  334  1  -2  
9  55  18  115  363  334  1  -2  
9  55  18  121  372  335  1  -2  
9  55  18  132  381  335  1  -2  
9  55  18  138  391  337  1  -2  
9  55  18  149  401  337  1  -2  
9  55  18  156  413  337  1  -2  
9  55  18  165  423  337  1  -2  
9  55  18  171  433  337  1  -2  
9  55  18  181  441  337  1  -2  
9  55  18  188  451  337  1  -2  
9  55  18  197  459  337  1  -2  
9  55  18  205  468  337  1  -2  
9  55  18  215  473  337  1  -2  
9  55  18  222  479  339  1  -2  
9  55  18  231  484  339  1  -2  
9  55  18  238  488  339  1  -2  
9  55  18  248  493  339  1  -2  
9  55  18  256  497  338  1  -2  
9  55  18  266  499  338  1  -2  
9  55  18  272  507  338  2  -2  
9  55  18  283  508  338  2  -2  
9  55  18  288  510  338  2  -2  
9  55  18  298  510  338  2  -2  
9  55  18  305  510  338  2  -2  
9  55  18  315  510  338  2  -2  
9  55  18  322  510  338  2  -2  
9  55  18  331  510  338  2  -2  
9  55  18  338  510  338  2  -2  
9  55  18  348  510  338  2  -2  
9  55  18  355  510  338  2  -2  
9  55  18  365  510  338  2  -2  
9  55  18  371  510  338  2  -2  
9  55  18  382  510  338  2  -2  
9  55  18  390  510  338  2  -2  
9  55  18  398  510  338  2  -2  
9  55  18  405  510  338  2  -2  
9  55  18  415  510  338  2  -2  
9  55  18  421  510  338  2  -2  
9  55  18  431  510  338  2  -2  
9  55  18  439  510  338  2  -2  
9  55  18  448  510  338  2  -2  
9  55  18  455  510  338  2  -2  
9  55  18  465  510  338  2  -2  
9  55  18  471  510  338  2  -2  
9  55  18  482  510  338  2  -2  
9  55  18  490  510  338  2  -2  
9  55  18  498  510  338  2  -2  
9  55  18  506  510  338  2  -2  
9  55  18  515  511  337  2  -2  
9  55  18  522  511  337  2  -2  
9  55  18  532  511  337  2  -2  
9  55  18  540  511  337  2  -2  
9  55  18  548  508  337  2  -2  
9  55  18  555  501  337  2  -2  
9  55  18  565  490  337  2  -2  
9  55  18  571  478  335  2  -2  
9  55  18  582  465  335  2  -2  
9  55  18  588  450  335  2  -2  
9  55  18  598  433  333  2  -2  
9  55  18  605  416  333  2  -2  
9  55  18  615  403  333  2  -2  
9  55  18  623  395  333  3  -2  
9  55  18  632  390  333  3  -2  
9  55  18  638  386  333  3  -2  
9  55  18  648  386  333  3  -2  
9  55  18  655  386  333  3  -2  
9  55  18  665  386  333  3  -2  
9  55  18  672  385  333  3  -2  
9  55  18  682  385  333  3  -2  
9  55  18  690  384  333  3  -2  
9  55  18  698  384  333  3  -2  
9  55  18  706  384  333  3  -2  
9  55  18  715  383  333  3  -2  
9  55  18  722  383  333  3  -2  
9  55  18  732  383  333  3  -2  
9  55  18  738  383  333  3  -2  
9  55  18  748  383  333  3  -2  
9  55  18  755  383  333  3  -2  
9  55  18  765  383  333  3  -2  
9  55  18  771  383  333  3  -2  
9  55  18  782  383  333  3  -2  
9  55  18  790  383  333  3  -2  
9  55  18  798  383  333  3  -2  
9  55  18  805  383  333  3  -2  
9  55  18  815  383  333  3  -2  
9  55  18  822  383  333  3  -2  
9  55  18  832  383  333  3  -2  
9  55  18  840  383  333  3  -2  
9  55  18  848  383  333  3  -2  
9  55  18  855  383  333  3  -2  
9  55  18  865  383  333  3  -2  
9  55  18  872  383  333  3  -2  
9  55  18  882  383  333  3  -2  
9  55  18  890  383  333  3  -2  
9  55  18  898  383  333  3  -2  
9  55  18  905  383  333  3  -2  
9  55  18  915  383  333  3  -2  
9  55  19  923  383  333  3  -2  
9  55  19  932  383  333  3  -2  
9  55  19  938  383  333  3  -2  
9  55  19  948  382  333  3  -2  
9  55  19  955  382  333  3  -2  
9  55  19  965  382  333  3  -2  
9  55  19  972  382  333  3  -2  
9  55  19  982  382  333  3  -2  
9  55  19  990  382  333  3  -2  
9  55  19  998  383  335  3  -2  
9  55  19  1006  391  335  3  -2  
9  55  19  1015  402  338  3  -2  
9  55  19  1022  418  339  3  -2  
9  55  19  1032  433  341  3  -2  
9  55  19  1039  446  342  3  -2  
9  55  19  1049  461  345  3  -2  
9  55  19  1055  488  346  3  -2  
9  55  19  1065  488  346  3  -2  
9  55  19  1073  502  346  3  -2  
9  55  19  1082  503  346  3  -2  
9  55  19  1090  504  346  3  -2  
9  55  19  1098  504  346  3  -2  
9  55  19  1105  504  346  3  -2  
9  55  19  1115  504  346  3  -2  
9  55  19  1122  504  346  3  -2  
9  55  19  1132  504  346  3  -2  
9  55  19  1138  504  346  3  -2  
9  55  19  1149  504  346  3  -2  
9  55  19  1156  504  346  3  -2  
9  55  19  1165  504  346  3  -2  
9  55  19  1173  504  346  3  -2  
9  55  19  1182  504  346  3  -2  
9  55  19  1190  504  346  3  -2  
9  55  19  1198  504  346  3  -2  
9  55  19  1206  504  346  3  -2  
9  55  19  1215  504  346  3  -2  
9  55  19  1223  504  346  3  -2  
9  55  19  1232  504  346  3  -2  
9  55  19  1238  504  346  3  -2  
9  55  19  1248  504  346  3  -2  
9  55  19  1255  504  346  3  -2  
9  55  19  1265  504  346  3  -2  
9  55  19  1273  504  346  3  -2  
9  55  19  1283  504  346  3  -2  
9  55  19  1290  504  346  3  -2  
9  55  19  1298  504  346  3  -2  
9  55  19  1306  504  346  3  -2  
9  55  19  1315  504  346  3  -2  
9  55  19  1323  505  346  3  -2  
9  55  19  1332  505  346  3  -2  
9  55  19  1340  505  346  3  -2  
9  55  19  1348  505  346  3  -2  
9  55  19  1357  505  346  3  -2  
9  55  19  1365  505  346  3  -2  
9  55  19  1374  505  346  3  -2  
9  55  19  1382  505  346  3  -2  
9  55  19  1390  505  346  3  -2  
9  55  19  1398  505  346  3  -2  
9  55  19  1407  505  346  3  -2  
9  55  19  1415  505  346  3  -2  
9  55  19  1423  505  346  3  -2  
9  55  19  1432  505  346  3  -2  
9  55  19  1440  505  346  3  -2  
9  55  19  1448  505  346  3  -2  
9  55  19  1456  505  346  3  -2  
9  55  19  1465  505  346  3  -2  
9  55  19  1473  505  346  3  -2  
9  55  19  1482  505  346  3  -2  
9  55  19  1490  505  346  3  -2  
9  55  19  1498  505  346  3  -2  
9  55  19  1507  505  346  3  -2  
9  55  19  1515  505  346  3  -2  
9  55  19  1523  505  346  3  -2  
9  55  19  1532  505  346  3  -2  
9  55  19  1540  505  346  3  -2  
9  55  19  1548  505  346  3  -2  
9  55  19  1556  505  346  3  -2  
9  55  19  1565  505  346  3  -2  
9  55  19  1572  505  346  3  -2  
9  55  19  1582  505  346  3  -2  
9  55  19  1590  505  346  3  -2  
9  55  19  1598  505  346  3  -2  
9  55  19  1605  505  346  3  -2  
9  55  19  1615  505  345  3  -2  
9  55  19  1623  505  344  3  -2  
9  55  19  1632  504  342  3  -2  
9  55  19  1640  503  342  3  -2  
9  55  19  1648  500  342  3  -2  
9  55  19  1656  498  342  3  -2  
9  55  19  1665  493  341  3  -2  
9  55  19  1673  470  337  3  -2  
9  55  19  1682  470  337  3  -2  
9  55  19  1690  442  337  3  -2  
9  55  19  1698  426  335  3  -2  
9  55  19  1707  412  335  3  -2  
9  55  19  1715  399  335  3  -2  
9  55  19  1723  389  335  3  -2  
9  55  19  1732  384  335  3  -2  
9  55  19  1740  383  335  3  -2  
9  55  19  1749  382  335  3  -2  
9  55  19  1757  382  335  3  -2  
9  55  19  1765  382  335  3  -2  
9  55  19  1774  382  335  3  -2  
9  55  19  1782  382  335  3  -2  
9  55  19  1791  381  335  3  -2  
9  55  19  1797  379  335  3  -2  
9  55  19  1806  377  335  3  -2  
9  55  19  1814  374  335  3  -2  
9  55  19  1822  371  335  3  -2  
9  55  19  1831  370  335  3  -2  
9  55  19  1840  368  335  3  -2  
9  55  19  1848  367  335  3  -2  
9  55  19  1856  367  335  3  -2  
9  55  19  1865  366  335  3  -2  
9  55  19  1872  364  335  3  -2  
9  55  19  1881  364  335  3  -2  
9  55  19  1890  364  335  3  -2  
9  55  19  1898  364  335  3  -2  
9  55  19  1906  364  335  3  -2  
9  55  19  1914  364  335  3  -2  
9  55  20  1923  364  335  3  -2  
9  55  20  1931  364  335  3  -2  
9  55  20  1939  364  335  3  -2  
9  55  20  1948  364  335  3  -2  
9  55  20  1956  364  335  3  -2  
9  55  20  1965  364  335  3  -2  
9  55  20  1973  364  335  3  -2  
9  55  20  1981  364  335  3  -2  
9  55  20  1989  364  335  3  -2  
9  55  20  1997  364  335  3  -2  
9  55  20  2006  364  335  3  -2  
9  55  20  2015  364  335  3  -2  
9  55  20  2023  364  335  3  -2  
9  55  20  2031  364  335  3  -2  
9  55  20  2040  364  335  3  -2  
9  55  20  2048  364  335  3  -2  
9  55  20  2056  364  335  3  -2  
9  55  20  2065  364  335  3  -2  
9  55  20  2073  364  335  3  -2  
9  55  20  2081  364  335  3  -2  
9  55  20  2089  364  335  3  -2  
9  55  20  2098  364  335  3  -2  
9  55  20  2106  364  335  3  -2  
9  55  20  2115  364  335  3  -2  
9  55  20  2123  364  335  3  -2  
9  55  20  2131  364  335  3  -2  
9  55  20  2140  364  335  3  -2  
9  55  20  2148  364  335  3  -2  
9  55  20  2156  364  335  3  -2  
9  55  20  2165  364  335  3  -2  
9  55  20  2173  364  335  3  -2  
9  55  20  2182  364  335  3  -2  
9  55  20  2190  364  335  3  -2  
9  55  20  2198  364  335  3  -2  
9  55  20  2206  364  335  3  -2  
9  55  20  2215  364  335  3  -2  
9  55  20  2223  364  335  3  -2  
9  55  20  2232  364  335  3  -2  
9  55  20  2240  364  335  3  -2  
