10  41  29  0  366  310  1  -2  
10  41  29  7  366  310  1  -2  
10  41  29  17  366  310  1  -2  
10  41  29  23  366  310  1  -2  
10  41  29  33  366  310  1  -2  
10  41  29  39  366  310  1  -2  
10  41  29  50  366  310  1  -2  
10  41  29  57  366  310  1  -2  
10  41  29  67  366  310  1  -2  
10  41  29  73  366  310  1  -2  
10  41  29  83  366  310  1  -2  
10  41  29  90  366  310  1  -2  
10  41  29  100  366  310  1  -2  
10  41  29  107  366  310  1  -2  
10  41  29  117  366  310  1  -2  
10  41  29  123  368  310  1  -2  
10  41  29  133  369  310  1  -2  
10  41  29  140  372  310  1  -2  
10  41  29  150  376  310  1  -2  
10  41  29  157  382  310  1  -2  
10  41  29  167  390  310  1  -2  
10  41  29  173  400  310  1  -2  
10  41  29  183  407  310  1  -2  
10  41  29  190  417  310  1  -2  
10  41  29  201  426  310  1  -2  
10  41  29  206  441  310  1  -2  
10  41  29  217  441  310  1  -2  
10  41  29  224  455  310  1  -2  
10  41  29  234  460  310  1  -2  
10  41  29  241  465  310  1  -2  
10  41  29  250  469  310  1  -2  
10  41  29  257  470  310  1  -2  
10  41  29  267  473  310  1  -2  
10  41  29  273  474  310  1  -2  
10  41  29  284  474  310  1  -2  
10  41  29  292  474  310  1  -2  
10  41  29  300  474  310  1  -2  
10  41  29  307  474  310  1  -2  
10  41  29  317  474  310  1  -2  
10  41  29  324  474  310  1  -2  
10  41  29  334  474  310  1  -2  
10  41  29  340  474  310  1  -2  
10  41  29  350  474  310  1  -2  
10  41  29  357  474  310  1  -2  
10  41  29  367  474  310  1  -2  
10  41  29  373  474  310  1  -2  
10  41  29  384  478  310  1  -2  
10  41  29  392  482  310  1  -2  
10  41  29  400  486  310  1  -2  
10  41  29  407  486  310  1  -2  
10  41  29  417  486  310  1  -2  
10  41  29  423  489  310  1  -2  
10  41  29  433  491  310  1  -2  
10  41  29  441  495  310  2  -2  
10  41  29  449  499  310  2  -2  
10  41  29  456  505  310  2  -2  
10  41  29  466  514  313  2  -2  
10  41  29  473  525  313  2  -2  
10  41  29  483  539  313  2  -2  
10  41  29  491  551  317  2  -2  
10  41  29  499  562  317  2  -2  
10  41  29  506  568  318  2  -2  
10  41  29  516  568  318  2  -2  
10  41  29  522  568  318  2  -2  
10  41  29  533  568  318  2  -2  
10  41  29  541  568  318  2  -2  
10  41  29  549  568  318  2  -2  
10  41  29  556  568  318  2  -2  
10  41  29  567  568  318  2  -2  
10  41  29  572  568  318  2  -2  
10  41  29  583  568  318  2  -2  
10  41  29  589  568  318  2  -2  
10  41  29  599  568  318  2  -2  
10  41  30  606  568  318  2  -2  
10  41  30  616  568  318  2  -2  
10  41  30  623  568  318  2  -2  
10  41  30  633  568  318  2  -2  
10  41  30  640  568  318  2  -2  
10  41  30  649  567  320  2  -2  
10  41  30  657  567  320  2  -2  
10  41  30  666  566  320  2  -2  
10  41  30  673  564  321  2  -2  
10  41  30  683  561  322  2  -2  
10  41  30  689  560  322  2  -2  
10  41  30  699  559  322  2  -2  
10  41  30  706  555  323  2  -2  
10  41  30  716  550  324  2  -2  
10  41  30  723  546  325  2  -2  
10  41  30  733  539  326  2  -2  
10  41  30  741  529  326  2  -2  
10  41  30  749  517  327  2  -2  
10  41  30  756  500  327  2  -2  
10  41  30  766  485  329  2  -2  
10  41  30  773  465  329  2  -2  
10  41  30  783  450  329  2  -2  
10  41  30  789  425  329  2  -2  
10  41  30  799  425  329  2  -2  
10  41  30  806  413  329  2  -2  
10  41  30  817  413  329  2  -2  
10  41  30  824  410  329  2  -2  
10  41  30  833  409  329  2  -2  
10  41  30  841  409  329  2  -2  
10  41  30  849  409  329  2  -2  
10  41  30  857  409  329  2  -2  
10  41  30  866  409  329  2  -2  
10  41  30  872  409  329  2  -2  
10  41  30  883  409  329  2  -2  
10  41  30  889  409  329  2  -2  
10  41  30  899  409  329  2  -2  
10  41  30  908  409  329  2  -2  
10  41  30  916  409  329  2  -2  
10  41  30  923  408  330  2  -2  
10  41  30  933  408  330  2  -2  
10  41  30  940  408  330  2  -2  
10  41  30  949  407  330  2  -2  
10  41  30  956  407  330  2  -2  
10  41  30  966  406  330  2  -2  
10  41  30  974  406  330  2  -2  
10  41  30  983  406  330  2  -2  
10  41  30  989  406  330  2  -2  
10  41  30  999  406  330  2  -2  
10  41  30  1009  405  330  2  -2  
10  41  30  1018  403  330  2  -2  
10  41  30  1026  402  330  2  -2  
10  41  30  1035  398  330  2  -2  
10  41  30  1042  397  330  2  -2  
10  41  30  1051  394  330  3  -2  
10  41  30  1058  392  330  3  -2  
10  41  30  1066  391  330  3  -2  
10  41  30  1074  390  330  3  -2  
10  41  30  1083  390  330  3  -2  
10  41  30  1092  390  330  3  -2  
10  41  30  1101  389  330  3  -2  
10  41  30  1108  389  330  3  -2  
10  41  30  1116  387  330  3  -2  
10  41  30  1125  385  330  3  -2  
10  41  30  1133  382  330  3  -2  
10  41  30  1142  375  330  3  -2  
10  41  30  1151  368  330  3  -2  
10  41  30  1158  360  330  3  -2  
10  41  30  1166  355  330  3  -2  
10  41  30  1176  351  330  3  -2  
10  41  30  1183  348  330  3  -2  
10  41  30  1192  348  330  3  -2  
10  41  30  1201  348  330  3  -2  
10  41  30  1208  348  330  3  -2  
10  41  30  1218  348  330  3  -2  
10  41  30  1225  348  330  3  -2  
10  41  30  1234  348  330  3  -2  
10  41  30  1243  348  330  3  -2  
10  41  30  1251  348  330  3  -2  
10  41  30  1259  348  330  3  -2  
10  41  30  1268  348  330  3  -2  
10  41  30  1275  348  330  3  -2  
10  41  30  1285  348  330  3  -2  
10  41  30  1293  348  330  3  -2  
10  41  30  1301  348  330  3  -2  
10  41  30  1308  348  330  3  -2  
10  41  30  1317  348  330  3  -2  
10  41  30  1325  348  330  3  -2  
10  41  30  1334  348  330  3  -2  
10  41  30  1343  348  330  3  -2  
10  41  30  1351  348  330  3  -2  
10  41  30  1358  348  330  3  -2  
10  41  30  1366  348  330  3  -2  
10  41  30  1376  349  330  3  -2  
10  41  30  1384  352  330  3  -2  
10  41  30  1393  353  330  3  -2  
10  41  30  1401  357  330  3  -2  
10  41  30  1409  364  330  3  -2  
10  41  30  1418  374  330  3  -2  
10  41  30  1426  385  330  3  -2  
10  41  30  1435  400  330  3  -2  
10  41  30  1442  414  330  3  -2  
10  41  30  1451  428  330  3  -2  
10  41  30  1458  442  330  3  -2  
10  41  30  1467  455  330  3  -2  
10  41  30  1476  465  330  3  -2  
10  41  30  1484  472  330  3  -2  
10  41  30  1493  477  330  3  -2  
10  41  30  1501  479  330  3  -2  
10  41  30  1509  480  330  3  -2  
10  41  30  1518  481  330  3  -2  
10  41  30  1526  481  330  3  -2  
10  41  30  1534  482  329  3  -2  
10  41  30  1543  484  329  3  -2  
10  41  30  1551  486  329  3  -2  
10  41  30  1559  490  327  3  -2  
10  41  30  1567  495  327  3  -2  
10  41  30  1576  499  326  4  -2  
10  41  30  1584  505  325  4  -2  
10  41  30  1593  507  324  4  -2  
10  41  30  1601  507  324  4  -2  
10  41  31  1608  508  324  4  -2  
10  41  31  1618  508  324  4  -2  
10  41  31  1627  508  324  4  -2  
10  41  31  1634  509  323  4  -2  
10  41  31  1643  510  322  4  -2  
10  41  31  1653  511  322  4  -2  
10  41  31  1659  513  321  4  -2  
10  41  31  1668  516  321  4  -2  
10  41  31  1677  517  321  4  -2  
10  41  31  1685  518  321  4  -2  
10  41  31  1693  518  321  4  -2  
10  41  31  1702  518  321  4  -2  
10  41  31  1709  518  321  4  -2  
10  41  31  1718  518  321  4  -2  
10  41  31  1727  518  321  4  -2  
10  41  31  1734  518  321  4  -2  
10  41  31  1743  520  321  4  -2  
10  41  31  1751  520  321  4  -2  
10  41  31  1759  520  321  4  -2  
10  41  31  1768  520  321  4  -2  
10  41  31  1775  520  321  4  -2  
10  41  31  1785  520  321  4  -2  
10  41  31  1793  520  321  4  -2  
10  41  31  1801  520  321  4  -2  
10  41  31  1809  521  321  4  -2  
10  41  31  1818  521  321  4  -2  
10  41  31  1826  521  321  4  -2  
10  41  31  1836  521  321  4  -2  
10  41  31  1847  522  321  4  -2  
10  41  31  1852  522  321  4  -2  
10  41  31  1863  523  321  4  -2  
10  41  31  1870  523  321  4  -2  
10  41  31  1878  523  321  4  -2  
10  41  31  1887  524  321  4  -2  
10  41  31  1895  524  321  4  -2  
10  41  31  1903  524  321  4  -2  
10  41  31  1911  524  321  4  -2  
10  41  31  1920  524  321  4  -2  
10  41  31  1928  524  321  4  -2  
10  41  31  1937  524  321  4  -2  
10  41  31  1945  524  321  4  -2  
10  41  31  1953  524  321  4  -2  
10  41  31  1961  524  321  4  -2  
10  41  31  1970  524  321  4  -2  
10  41  31  1978  524  321  4  -2  
10  41  31  1986  521  321  4  -2  
10  41  31  1995  517  321  4  -2  
10  41  31  2003  512  321  4  -2  
10  41  31  2011  503  322  4  -2  
10  41  31  2020  493  322  4  -2  
10  41  31  2028  483  322  4  -2  
10  41  31  2036  470  322  4  -2  
10  41  31  2045  457  322  4  -2  
10  41  31  2053  439  322  4  -2  
10  41  31  2063  422  322  4  -2  
10  41  31  2071  409  322  4  -2  
