15  6  36  0  360  322  1  -2  
15  6  36  10  360  322  1  -2  
15  6  36  18  360  322  1  -2  
15  6  36  25  360  322  1  -2  
15  6  36  34  360  322  1  -2  
15  6  36  42  360  322  1  -2  
15  6  36  50  360  322  1  -2  
15  6  36  59  360  322  1  -2  
15  6  36  68  360  322  1  -2  
15  6  36  76  360  322  1  -2  
15  6  36  85  360  322  1  -2  
15  6  36  92  360  322  1  -2  
15  6  36  100  360  322  1  -2  
15  6  36  109  360  322  1  -2  
15  6  36  118  360  322  1  -2  
15  6  36  126  360  322  1  -2  
15  6  36  134  360  322  1  -2  
15  6  36  142  360  322  1  -2  
15  6  36  151  362  322  1  -2  
15  6  36  159  363  322  1  -2  
15  6  36  168  366  322  1  -2  
15  6  36  176  367  322  1  -2  
15  6  36  184  368  322  1  -2  
15  6  36  193  370  322  1  -2  
15  6  36  200  371  322  1  -2  
15  6  36  209  374  321  1  -2  
15  6  36  218  375  321  1  -2  
15  6  36  227  380  321  1  -2  
15  6  36  234  383  321  1  -2  
15  6  36  244  387  321  1  -2  
15  6  36  251  390  321  1  -2  
15  6  36  260  393  321  1  -2  
15  6  36  268  396  321  1  -2  
15  6  36  276  399  321  1  -2  
15  6  36  284  404  321  1  -2  
15  6  36  293  408  321  1  -2  
15  6  36  301  411  321  1  -2  
15  6  36  309  415  321  1  -2  
15  6  36  319  420  321  1  -2  
15  6  36  326  423  321  1  -2  
15  6  36  335  426  321  1  -2  
15  6  36  343  430  321  1  -2  
15  6  36  352  432  321  1  -2  
15  6  36  360  436  321  1  -2  
15  6  36  369  439  321  1  -2  
15  6  36  379  443  321  1  -2  
15  6  36  386  449  321  1  -2  
15  6  36  396  449  321  1  -2  
15  6  36  403  458  321  1  -2  
15  6  36  410  462  321  1  -2  
15  6  36  419  463  321  1  -2  
15  6  36  427  467  321  1  -2  
15  6  36  435  468  321  1  -2  
15  6  36  443  470  321  1  -2  
15  6  36  452  472  321  1  -2  
15  6  36  461  475  321  1  -2  
15  6  36  469  476  321  1  -2  
15  6  36  477  476  321  1  -2  
15  6  36  485  477  321  1  -2  
15  6  36  493  477  321  1  -2  
15  6  36  501  478  321  1  -2  
15  6  36  510  478  321  1  -2  
15  6  36  518  478  321  1  -2  
15  6  36  527  478  321  1  -2  
15  6  36  536  479  321  1  -2  
15  6  36  543  480  321  1  -2  
15  6  36  552  481  321  1  -2  
15  6  36  560  483  321  1  -2  
15  6  36  569  484  321  1  -2  
15  6  36  578  486  321  1  -2  
15  6  36  585  489  321  1  -2  
15  6  36  593  492  321  1  -2  
15  6  36  603  495  321  2  -2  
15  6  36  610  497  321  2  -2  
15  6  36  619  497  321  2  -2  
15  6  36  628  497  321  2  -2  
15  6  36  635  497  321  2  -2  
15  6  36  645  497  321  2  -2  
15  6  36  652  497  321  2  -2  
15  6  36  660  497  321  2  -2  
15  6  36  669  497  321  2  -2  
15  6  36  678  497  321  2  -2  
15  6  36  685  497  321  2  -2  
15  6  36  693  497  321  2  -2  
15  6  36  702  497  321  2  -2  
15  6  36  710  499  321  2  -2  
15  6  36  718  499  321  2  -2  
15  6  37  728  499  321  2  -2  
15  6  37  735  499  321  2  -2  
15  6  37  743  499  321  2  -2  
15  6  37  752  499  321  2  -2  
15  6  37  763  499  321  2  -2  
15  6  37  770  499  321  2  -2  
15  6  37  778  499  321  2  -2  
15  6  37  785  499  321  2  -2  
15  6  37  794  499  321  2  -2  
15  6  37  802  499  321  2  -2  
15  6  37  812  500  321  2  -2  
15  6  37  818  500  321  2  -2  
15  6  37  828  501  321  2  -2  
15  6  37  835  501  321  2  -2  
15  6  37  844  501  321  2  -2  
15  6  37  852  502  321  2  -2  
15  6  37  860  502  321  2  -2  
15  6  37  869  502  321  2  -2  
15  6  37  879  502  321  2  -2  
15  6  37  886  502  321  2  -2  
15  6  37  894  502  321  2  -2  
15  6  37  902  502  321  2  -2  
15  6  37  911  503  321  2  -2  
15  6  37  919  503  321  2  -2  
15  6  37  928  503  321  2  -2  
15  6  37  936  503  321  2  -2  
15  6  37  944  504  321  2  -2  
15  6  37  952  504  321  2  -2  
15  6  37  960  504  321  2  -2  
15  6  37  969  504  321  2  -2  
15  6  37  978  505  321  2  -2  
15  6  37  985  505  321  2  -2  
15  6  37  993  505  321  2  -2  
15  6  37  1002  505  321  2  -2  
15  6  37  1012  505  321  2  -2  
15  6  37  1020  505  321  2  -2  
15  6  37  1030  505  321  2  -2  
15  6  37  1037  505  321  2  -2  
15  6  37  1046  505  321  2  -2  
15  6  37  1052  505  321  2  -2  
15  6  37  1062  505  321  2  -2  
15  6  37  1069  505  321  2  -2  
15  6  37  1076  505  321  2  -2  
15  6  37  1084  505  321  2  -2  
15  6  37  1093  505  321  2  -2  
15  6  37  1101  505  321  2  -2  
15  6  37  1109  505  321  2  -2  
15  6  37  1118  505  321  2  -2  
15  6  37  1129  505  321  2  -2  
15  6  37  1137  505  321  2  -2  
15  6  37  1146  505  321  2  -2  
15  6  37  1153  505  321  2  -2  
15  6  37  1162  505  321  2  -2  
15  6  37  1169  505  321  2  -2  
15  6  37  1177  505  321  2  -2  
15  6  37  1185  505  321  2  -2  
15  6  37  1194  505  321  2  -2  
15  6  37  1202  505  321  2  -2  
15  6  37  1212  505  321  2  -2  
15  6  37  1219  495  321  2  -2  
15  6  37  1228  488  322  2  -2  
15  6  37  1235  481  324  2  -2  
15  6  37  1243  476  324  2  -2  
15  6  37  1252  472  325  2  -2  
15  6  37  1261  470  325  2  -2  
15  6  37  1269  467  326  2  -2  
15  6  37  1277  462  326  2  -2  
15  6  37  1285  458  326  2  -2  
15  6  37  1293  456  326  2  -2  
15  6  37  1302  449  326  2  -2  
15  6  37  1311  442  326  2  -2  
15  6  37  1319  437  326  2  -2  
15  6  37  1327  432  326  2  -2  
15  6  37  1335  429  326  2  -2  
15  6  37  1344  426  326  2  -2  
15  6  37  1351  423  326  2  -2  
15  6  37  1361  421  326  2  -2  
15  6  37  1368  419  326  2  -2  
15  6  37  1380  417  326  2  -2  
15  6  37  1385  415  326  2  -2  
15  6  37  1394  415  326  2  -2  
15  6  37  1401  415  326  2  -2  
15  6  37  1410  414  326  2  -2  
15  6  37  1419  414  326  2  -2  
15  6  37  1429  413  326  2  -2  
15  6  37  1435  410  326  2  -2  
15  6  37  1445  409  326  2  -2  
15  6  37  1452  407  326  2  -2  
15  6  37  1460  405  326  2  -2  
15  6  37  1468  402  326  2  -2  
15  6  37  1480  397  326  3  -2  
15  6  37  1485  391  326  3  -2  
15  6  37  1494  388  326  3  -2  
15  6  37  1503  385  326  3  -2  
15  6  37  1509  381  326  3  -2  
15  6  37  1519  379  326  3  -2  
15  6  37  1529  379  326  3  -2  
15  6  37  1535  378  327  3  -2  
15  6  37  1544  378  327  3  -2  
15  6  37  1551  378  327  3  -2  
15  6  37  1560  378  327  3  -2  
15  6  37  1568  378  327  3  -2  
15  6  37  1579  378  327  3  -2  
15  6  37  1585  378  327  3  -2  
15  6  37  1593  378  327  3  -2  
15  6  37  1603  378  327  3  -2  
15  6  37  1612  377  327  3  -2  
15  6  37  1618  376  327  3  -2  
15  6  37  1629  376  327  3  -2  
15  6  37  1635  375  327  3  -2  
15  6  37  1644  375  327  3  -2  
15  6  37  1651  375  327  3  -2  
15  6  37  1659  375  327  3  -2  
15  6  37  1669  375  327  3  -2  
15  6  37  1679  375  327  3  -2  
15  6  37  1685  375  327  3  -2  
15  6  37  1695  375  327  3  -2  
15  6  37  1702  375  327  3  -2  
15  6  37  1709  375  327  3  -2  
15  6  37  1718  375  327  3  -2  
15  6  38  1730  375  327  3  -2  
15  6  38  1735  375  327  3  -2  
15  6  38  1745  375  327  3  -2  
15  6  38  1751  375  327  3  -2  
15  6  38  1762  375  327  3  -2  
15  6  38  1769  378  327  3  -2  
15  6  38  1777  378  327  3  -2  
15  6  38  1785  385  327  3  -2  
15  6  38  1794  395  327  3  -2  
15  6  38  1803  405  327  3  -2  
15  6  38  1812  426  327  3  -2  
15  6  38  1819  432  327  3  -2  
15  6  38  1827  439  327  3  -2  
15  6  38  1836  444  327  3  -2  
15  6  38  1845  449  327  3  -2  
15  6  38  1852  453  327  3  -2  
15  6  38  1862  455  327  3  -2  
15  6  38  1869  457  327  3  -2  
15  6  38  1879  459  327  3  -2  
15  6  38  1886  462  327  3  -2  
15  6  38  1895  463  327  3  -2  
15  6  38  1903  466  327  3  -2  
15  6  38  1912  468  327  3  -2  
15  6  38  1919  470  327  3  -2  
15  6  38  1929  472  327  3  -2  
15  6  38  1935  476  327  3  -2  
15  6  38  1944  478  327  3  -2  
15  6  38  1952  481  327  3  -2  
15  6  38  1962  484  327  3  -2  
15  6  38  1969  488  327  3  -2  
15  6  38  1980  488  327  3  -2  
15  6  38  1985  491  327  3  -2  
15  6  38  1995  491  327  3  -2  
15  6  38  2002  492  327  3  -2  
15  6  38  2012  492  327  3  -2  
15  6  38  2020  492  327  3  -2  
15  6  38  2030  493  327  3  -2  
15  6  38  2037  493  327  3  -2  
15  6  38  2045  493  327  3  -2  
15  6  38  2053  493  327  3  -2  
15  6  38  2062  493  327  3  -2  
15  6  38  2069  493  327  3  -2  
15  6  38  2079  493  327  3  -2  
15  6  38  2086  493  327  3  -2  
15  6  38  2095  493  327  3  -2  
15  6  38  2102  493  327  3  -2  
15  6  38  2113  493  327  3  -2  
15  6  38  2120  494  327  3  -2  
15  6  38  2130  495  327  3  -2  
15  6  38  2134  495  327  3  -2  
15  6  38  2145  495  327  3  -2  
15  6  38  2152  495  327  3  -2  
15  6  38  2162  496  327  3  -2  
15  6  38  2169  496  327  3  -2  
15  6  38  2177  496  327  3  -2  
15  6  38  2186  496  327  3  -2  
15  6  38  2196  496  327  3  -2  
15  6  38  2203  496  327  3  -2  
15  6  38  2213  496  327  3  -2  
15  6  38  2220  496  327  3  -2  
15  6  38  2229  496  327  3  -2  
15  6  38  2237  496  327  3  -2  
15  6  38  2245  496  327  3  -2  
15  6  38  2253  496  327  3  -2  
15  6  38  2262  496  327  3  -2  
15  6  38  2270  496  327  3  -2  
15  6  38  2280  496  327  3  -2  
15  6  38  2285  496  327  3  -2  
15  6  38  2295  496  327  3  -2  
15  6  38  2302  496  327  3  -2  
15  6  38  2313  496  327  3  -2  
15  6  38  2318  496  327  3  -2  
15  6  38  2329  496  327  3  -2  
15  6  38  2335  496  327  3  -2  
15  6  38  2345  496  327  3  -2  
15  6  38  2352  496  327  3  -2  
15  6  38  2363  496  327  3  -2  
15  6  38  2369  487  328  3  -2  
15  6  38  2380  487  328  3  -2  
15  6  38  2386  473  329  3  -2  
15  6  38  2397  473  329  3  -2  
15  6  38  2403  451  333  3  -2  
15  6  38  2413  444  334  3  -2  
15  6  38  2420  435  334  3  -2  
15  6  38  2430  425  334  3  -2  
15  6  38  2436  418  334  3  -2  
15  6  38  2446  413  334  3  -2  
15  6  38  2453  406  334  3  -2  
15  6  38  2463  401  334  3  -2  
15  6  38  2469  398  334  3  -2  
15  6  38  2481  394  334  3  -2  
15  6  38  2488  392  334  3  -2  
15  6  38  2497  390  334  3  -2  
15  6  38  2506  388  334  3  -2  
15  6  38  2514  384  334  3  -2  
15  6  38  2522  380  334  3  -2  
15  6  38  2532  372  334  3  -2  
15  6  38  2539  367  334  3  -2  
15  6  38  2547  364  334  3  -2  
15  6  38  2556  361  334  3  -2  
15  6  38  2565  361  334  3  -2  
15  6  38  2574  360  334  3  -2  
15  6  38  2583  360  334  3  -2  
15  6  38  2592  360  334  3  -2  
15  6  38  2599  360  334  3  -2  
15  6  38  2608  360  334  3  -2  
15  6  38  2615  360  334  3  -2  
15  6  38  2624  360  334  3  -2  
15  6  38  2632  360  334  3  -2  
15  6  38  2642  360  334  3  -2  
15  6  38  2650  360  334  3  -2  
15  6  38  2660  360  334  3  -2  
15  6  38  2668  360  334  3  -2  
15  6  38  2680  360  334  3  -2  
15  6  38  2686  360  334  3  -2  
15  6  38  2696  360  334  3  -2  
15  6  38  2703  360  334  3  -2  
15  6  38  2713  360  334  3  -2  
15  6  38  2720  360  334  3  -2  
15  6  39  2730  360  334  3  -2  
15  6  39  2736  360  334  3  -2  
15  6  39  2747  360  334  3  -2  
15  6  39  2755  360  334  3  -2  
15  6  39  2763  360  334  3  -2  
15  6  39  2771  360  334  3  -2  
15  6  39  2781  360  334  3  -2  
15  6  39  2789  360  334  3  -2  
15  6  39  2796  360  334  3  -2  
15  6  39  2805  360  334  3  -2  
15  6  39  2812  360  334  3  -2  
15  6  39  2821  360  334  3  -2  
15  6  39  2829  360  334  3  -2  
15  6  39  2839  360  334  3  -2  
