10  41  35  0  372  309  1  -2  
10  41  35  8  372  309  1  -2  
10  41  35  16  372  309  1  -2  
10  41  35  25  372  309  1  -2  
10  41  35  34  372  309  1  -2  
10  41  35  42  372  309  1  -2  
10  41  35  50  372  309  1  -2  
10  41  35  58  372  309  1  -2  
10  41  35  66  372  309  1  -2  
10  41  35  75  372  309  1  -2  
10  41  36  83  372  309  1  -2  
10  41  36  92  372  309  1  -2  
10  41  36  100  372  309  1  -2  
10  41  36  108  374  309  1  -2  
10  41  36  116  375  309  1  -2  
10  41  36  125  375  309  1  -2  
10  41  36  133  377  309  1  -2  
10  41  36  143  380  309  1  -2  
10  41  36  150  383  309  1  -2  
10  41  36  159  388  309  1  -2  
10  41  36  167  403  309  1  -2  
10  41  36  175  403  309  1  -2  
10  41  36  185  420  309  1  -2  
10  41  36  193  430  309  1  -2  
10  41  36  200  435  309  1  -2  
10  41  36  209  441  309  1  -2  
10  41  36  217  446  309  1  -2  
10  41  36  225  446  309  1  -2  
10  41  36  234  449  309  1  -2  
10  41  36  242  450  309  1  -2  
10  41  36  250  451  308  1  -2  
10  41  36  259  454  308  1  -2  
10  41  36  266  458  308  1  -2  
10  41  36  276  465  307  1  -2  
10  41  36  285  476  305  1  -2  
10  41  36  292  486  305  1  -2  
10  41  36  301  499  305  2  -2  
10  41  36  308  507  305  2  -2  
10  41  36  318  514  305  2  -2  
10  41  36  325  517  305  2  -2  
10  41  36  334  517  305  2  -2  
10  41  36  341  517  305  2  -2  
10  41  36  350  517  305  2  -2  
10  41  36  359  517  305  2  -2  
10  41  36  367  517  305  2  -2  
10  41  36  375  517  305  2  -2  
10  41  36  385  517  305  2  -2  
10  41  36  392  517  305  2  -2  
10  41  36  401  517  305  2  -2  
10  41  36  409  517  305  2  -2  
10  41  36  417  517  305  2  -2  
10  41  36  425  517  305  2  -2  
10  41  36  434  517  305  2  -2  
10  41  36  442  517  305  2  -2  
10  41  36  451  517  305  2  -2  
10  41  36  458  517  305  2  -2  
10  41  36  467  517  305  2  -2  
10  41  36  475  517  305  2  -2  
10  41  36  485  517  305  2  -2  
10  41  36  492  517  305  2  -2  
10  41  36  500  517  305  2  -2  
10  41  36  509  517  305  2  -2  
10  41  36  517  517  305  2  -2  
10  41  36  525  517  305  2  -2  
10  41  36  534  517  305  2  -2  
10  41  36  542  517  305  2  -2  
10  41  36  550  517  305  2  -2  
10  41  36  559  517  305  2  -2  
10  41  36  567  517  305  2  -2  
10  41  36  575  517  305  2  -2  
10  41  36  584  517  305  2  -2  
10  41  36  591  517  305  2  -2  
10  41  36  601  517  305  2  -2  
10  41  36  609  517  305  2  -2  
10  41  36  617  516  305  2  -2  
10  41  36  626  513  305  2  -2  
10  41  36  633  505  307  2  -2  
10  41  36  642  495  308  2  -2  
10  41  36  650  483  309  2  -2  
10  41  36  658  472  311  2  -2  
10  41  36  667  458  313  2  -2  
10  41  36  676  445  313  2  -2  
10  41  36  685  433  315  2  -2  
10  41  36  692  424  316  2  -2  
10  41  36  700  413  317  2  -2  
10  41  36  709  403  317  2  -2  
10  41  36  717  391  317  3  -2  
10  41  36  726  381  317  3  -2  
10  41  36  735  372  317  3  -2  
10  41  36  742  364  317  3  -2  
10  41  36  750  359  317  3  -2  
10  41  36  759  355  317  3  -2  
10  41  36  768  351  317  3  -2  
10  41  36  777  341  317  3  -2  
10  41  36  786  339  317  3  -2  
10  41  36  793  337  317  3  -2  
10  41  36  801  335  317  3  -2  
10  41  36  809  335  317  3  -2  
10  41  36  818  335  317  3  -2  
10  41  36  825  335  317  3  -2  
10  41  36  835  335  317  3  -2  
10  41  36  842  335  317  3  -2  
10  41  36  851  335  317  3  -2  
10  41  36  859  335  317  3  -2  
10  41  36  866  335  317  3  -2  
10  41  36  874  335  317  3  -2  
10  41  36  883  335  317  3  -2  
10  41  36  892  335  317  3  -2  
10  41  36  899  335  317  3  -2  
10  41  36  908  335  317  3  -2  
10  41  36  917  335  317  3  -2  
10  41  36  925  335  317  3  -2  
10  41  36  933  335  317  3  -2  
10  41  36  942  335  317  3  -2  
10  41  36  949  335  317  3  -2  
10  41  36  959  335  317  3  -2  
10  41  36  966  335  317  3  -2  
10  41  36  975  335  317  3  -2  
10  41  36  983  335  317  3  -2  
10  41  36  991  335  317  3  -2  
10  41  36  1000  335  317  3  -2  
10  41  36  1008  335  317  3  -2  
10  41  36  1017  335  317  3  -2  
10  41  36  1026  335  317  3  -2  
10  41  36  1034  335  317  3  -2  
10  41  36  1042  335  317  3  -2  
10  41  36  1049  335  317  3  -2  
10  41  36  1058  335  317  3  -2  
10  41  36  1067  335  317  3  -2  
10  41  36  1075  335  317  3  -2  
10  41  37  1084  335  317  3  -2  
10  41  37  1091  338  317  3  -2  
10  41  37  1100  344  317  3  -2  
10  41  37  1109  355  321  3  -2  
10  41  37  1117  365  322  3  -2  
10  41  37  1125  379  324  3  -2  
10  41  37  1134  395  327  3  -2  
10  41  37  1142  416  328  3  -2  
10  41  37  1149  448  330  3  -2  
10  41  37  1159  477  335  3  -2  
10  41  37  1168  503  339  3  -2  
10  41  37  1176  543  340  4  -2  
10  41  37  1184  555  340  4  -2  
10  41  37  1192  559  340  4  -2  
10  41  37  1201  560  340  4  -2  
10  41  37  1208  560  340  4  -2  
10  41  37  1216  560  340  4  -2  
10  41  37  1226  560  340  4  -2  
10  41  37  1234  560  340  4  -2  
10  41  37  1241  560  340  4  -2  
10  41  37  1250  560  340  4  -2  
10  41  37  1259  560  340  4  -2  
10  41  37  1267  560  340  4  -2  
10  41  37  1275  560  340  4  -2  
10  41  37  1284  560  340  4  -2  
10  41  37  1292  560  340  4  -2  
10  41  37  1299  560  340  4  -2  
10  41  37  1308  560  340  4  -2  
10  41  37  1318  560  340  4  -2  
10  41  37  1326  560  340  4  -2  
10  41  37  1334  560  340  4  -2  
10  41  37  1343  560  340  4  -2  
10  41  37  1351  560  340  4  -2  
10  41  37  1359  560  340  4  -2  
10  41  37  1367  560  340  4  -2  
10  41  37  1375  560  340  4  -2  
10  41  37  1384  560  340  4  -2  
10  41  37  1392  560  340  4  -2  
10  41  37  1400  560  340  4  -2  
10  41  37  1409  560  340  4  -2  
10  41  37  1417  560  340  4  -2  
10  41  37  1426  560  340  4  -2  
10  41  37  1435  560  340  4  -2  
10  41  37  1442  560  340  4  -2  
10  41  37  1450  560  340  4  -2  
10  41  37  1459  560  340  4  -2  
10  41  37  1469  560  340  4  -2  
10  41  37  1476  558  340  4  -2  
10  41  37  1485  555  340  4  -2  
10  41  37  1492  552  340  4  -2  
10  41  37  1501  545  340  4  -2  
10  41  37  1509  539  340  4  -2  
10  41  37  1517  527  340  4  -2  
10  41  37  1526  512  337  4  -2  
10  41  37  1534  497  336  4  -2  
10  41  37  1542  479  335  4  -2  
10  41  37  1551  459  329  4  -2  
10  41  37  1559  441  329  4  -2  
10  41  37  1568  424  327  4  -2  
10  41  37  1576  400  323  4  -2  
