15  6  29  0  360  323  1  -2  
15  6  29  8  360  323  1  -2  
15  6  29  16  360  323  1  -2  
15  6  29  24  360  323  1  -2  
15  6  29  33  360  323  1  -2  
15  6  29  41  360  323  1  -2  
15  6  29  51  360  323  1  -2  
15  6  29  58  360  323  1  -2  
15  6  29  66  360  323  1  -2  
15  6  29  74  360  323  1  -2  
15  6  29  83  360  323  1  -2  
15  6  29  92  360  323  1  -2  
15  6  29  99  360  323  1  -2  
15  6  29  108  360  323  1  -2  
15  6  29  116  363  323  1  -2  
15  6  29  124  364  323  1  -2  
15  6  29  133  368  323  1  -2  
15  6  29  142  373  323  1  -2  
15  6  29  149  380  323  1  -2  
15  6  29  158  385  323  1  -2  
15  6  29  166  394  323  1  -2  
15  6  29  175  404  323  1  -2  
15  6  29  183  430  323  1  -2  
15  6  29  193  443  323  1  -2  
15  6  29  201  457  323  1  -2  
15  6  29  209  468  323  1  -2  
15  6  30  217  477  323  1  -2  
15  6  30  226  485  323  1  -2  
15  6  30  233  492  323  1  -2  
15  6  30  246  497  323  2  -2  
15  6  30  250  499  323  2  -2  
15  6  30  259  501  323  2  -2  
15  6  30  268  503  323  2  -2  
15  6  30  275  503  323  2  -2  
15  6  30  284  505  323  2  -2  
15  6  30  292  505  323  2  -2  
15  6  30  302  505  323  2  -2  
15  6  30  309  505  323  2  -2  
15  6  30  318  505  323  2  -2  
15  6  30  326  505  323  2  -2  
15  6  30  334  505  323  2  -2  
15  6  30  343  505  323  2  -2  
15  6  30  352  505  323  2  -2  
15  6  30  359  505  323  2  -2  
15  6  30  368  505  323  2  -2  
15  6  30  376  505  323  2  -2  
15  6  30  384  505  323  2  -2  
15  6  30  393  505  323  2  -2  
15  6  30  402  505  323  2  -2  
15  6  30  409  505  323  2  -2  
15  6  30  418  505  323  2  -2  
15  6  30  426  505  323  2  -2  
15  6  30  434  505  323  2  -2  
15  6  30  443  505  323  2  -2  
15  6  30  451  505  323  2  -2  
15  6  30  460  506  323  2  -2  
15  6  30  467  508  323  2  -2  
15  6  30  477  509  323  2  -2  
15  6  30  483  509  323  2  -2  
15  6  30  492  510  323  2  -2  
15  6  30  502  510  323  2  -2  
15  6  30  510  510  323  2  -2  
15  6  30  518  510  323  2  -2  
15  6  30  526  510  323  2  -2  
15  6  30  534  510  323  2  -2  
15  6  30  542  510  323  2  -2  
15  6  30  552  510  323  2  -2  
15  6  30  560  510  323  2  -2  
15  6  30  566  510  323  2  -2  
15  6  30  574  510  323  2  -2  
15  6  30  583  510  323  2  -2  
15  6  30  592  510  323  2  -2  
15  6  30  601  510  323  2  -2  
15  6  30  608  510  323  2  -2  
15  6  30  617  510  323  2  -2  
15  6  30  625  510  323  2  -2  
15  6  30  633  510  323  2  -2  
15  6  30  642  510  323  2  -2  
15  6  30  651  510  323  2  -2  
15  6  30  658  510  323  2  -2  
15  6  30  667  510  323  2  -2  
15  6  30  675  510  323  2  -2  
15  6  30  683  510  323  2  -2  
15  6  30  692  510  323  2  -2  
15  6  30  701  510  323  2  -2  
15  6  30  708  510  323  2  -2  
15  6  30  718  509  323  2  -2  
15  6  30  725  505  323  2  -2  
15  6  30  734  504  324  2  -2  
15  6  30  743  500  324  2  -2  
15  6  30  752  491  325  2  -2  
15  6  30  759  487  326  2  -2  
15  6  30  768  485  326  2  -2  
15  6  30  778  482  326  2  -2  
15  6  30  785  482  326  2  -2  
15  6  30  795  477  328  2  -2  
15  6  30  802  477  328  2  -2  
15  6  30  812  474  328  2  -2  
15  6  30  818  474  328  2  -2  
15  6  30  828  473  329  2  -2  
15  6  30  834  471  329  2  -2  
15  6  30  844  469  329  2  -2  
15  6  30  851  466  329  2  -2  
15  6  30  862  464  329  2  -2  
15  6  30  868  460  329  2  -2  
15  6  30  876  457  329  2  -2  
15  6  30  885  456  329  2  -2  
15  6  30  893  454  329  2  -2  
15  6  30  901  452  329  2  -2  
15  6  30  913  452  329  2  -2  
15  6  30  919  449  329  2  -2  
15  6  30  929  449  329  2  -2  
15  6  30  936  443  329  2  -2  
15  6  30  945  439  329  2  -2  
15  6  30  952  434  329  2  -2  
15  6  30  962  429  329  2  -2  
15  6  30  970  426  329  2  -2  
15  6  30  979  422  329  2  -2  
15  6  30  985  419  329  2  -2  
15  6  30  996  416  329  2  -2  
15  6  30  1001  416  329  2  -2  
15  6  30  1012  416  329  2  -2  
15  6  30  1019  416  329  2  -2  
15  6  30  1027  416  329  2  -2  
15  6  30  1036  416  329  2  -2  
15  6  30  1044  416  329  2  -2  
15  6  30  1052  415  329  2  -2  
15  6  30  1063  414  329  2  -2  
15  6  30  1068  411  329  2  -2  
15  6  30  1079  411  329  2  -2  
15  6  30  1085  406  329  2  -2  
15  6  30  1096  406  329  2  -2  
15  6  30  1103  402  329  2  -2  
15  6  30  1113  402  329  2  -2  
15  6  30  1118  399  329  2  -2  
15  6  30  1126  399  329  2  -2  
15  6  30  1135  399  329  2  -2  
15  6  30  1146  399  329  2  -2  
15  6  30  1153  399  329  2  -2  
15  6  30  1162  399  329  2  -2  
15  6  30  1170  399  329  2  -2  
15  6  30  1176  398  329  2  -2  
15  6  30  1186  398  329  2  -2  
15  6  30  1195  396  329  3  -2  
15  6  30  1202  395  329  3  -2  
15  6  30  1212  392  329  3  -2  
15  6  31  1218  388  329  3  -2  
15  6  31  1229  382  329  3  -2  
15  6  31  1235  380  329  3  -2  
15  6  31  1244  377  329  3  -2  
15  6  31  1251  376  329  3  -2  
15  6  31  1263  375  329  3  -2  
15  6  31  1267  375  329  3  -2  
15  6  31  1279  375  329  3  -2  
15  6  31  1285  375  329  3  -2  
15  6  31  1296  375  329  3  -2  
15  6  31  1302  375  329  3  -2  
15  6  31  1313  375  329  3  -2  
15  6  31  1318  375  329  3  -2  
15  6  31  1329  375  329  3  -2  
15  6  31  1335  375  329  3  -2  
15  6  31  1346  375  329  3  -2  
15  6  31  1351  375  329  3  -2  
15  6  31  1363  375  329  3  -2  
15  6  31  1368  375  329  3  -2  
15  6  31  1377  375  329  3  -2  
15  6  31  1385  375  329  3  -2  
15  6  31  1395  375  329  3  -2  
15  6  31  1402  375  329  3  -2  
15  6  31  1413  375  329  3  -2  
15  6  31  1418  375  329  3  -2  
15  6  31  1429  375  329  3  -2  
15  6  31  1436  375  329  3  -2  
15  6  31  1444  375  329  3  -2  
15  6  31  1452  375  329  3  -2  
15  6  31  1463  375  329  3  -2  
15  6  31  1470  375  329  3  -2  
15  6  31  1480  375  329  3  -2  
15  6  31  1487  375  329  3  -2  
15  6  31  1498  375  329  3  -2  
15  6  31  1505  375  329  3  -2  
15  6  31  1515  375  329  3  -2  
15  6  31  1522  375  329  3  -2  
15  6  31  1532  375  329  3  -2  
15  6  31  1538  375  329  3  -2  
15  6  31  1547  375  329  3  -2  
15  6  31  1555  375  329  3  -2  
15  6  31  1565  375  329  3  -2  
15  6  31  1573  375  329  3  -2  
15  6  31  1581  375  329  3  -2  
15  6  31  1588  375  329  3  -2  
15  6  31  1596  375  329  3  -2  
15  6  31  1605  375  329  3  -2  
15  6  31  1614  375  329  3  -2  
15  6  31  1622  375  329  3  -2  
15  6  31  1630  381  329  3  -2  
15  6  31  1638  388  329  3  -2  
15  6  31  1647  395  329  3  -2  
15  6  31  1655  402  328  3  -2  
15  6  31  1664  408  328  3  -2  
15  6  31  1672  421  327  3  -2  
15  6  31  1681  426  327  3  -2  
15  6  31  1689  432  327  3  -2  
15  6  31  1697  438  327  3  -2  
15  6  31  1705  443  327  3  -2  
15  6  31  1714  450  326  3  -2  
15  6  31  1722  455  326  3  -2  
15  6  31  1731  463  326  3  -2  
15  6  31  1738  470  326  3  -2  
15  6  31  1746  476  325  3  -2  
15  6  31  1754  482  325  3  -2  
15  6  31  1764  487  325  3  -2  
15  6  31  1772  491  325  3  -2  
15  6  31  1781  495  325  3  -2  
15  6  31  1788  497  325  4  -2  
15  6  31  1796  497  325  4  -2  
15  6  31  1805  497  325  4  -2  
15  6  31  1814  497  325  4  -2  
15  6  31  1822  497  325  4  -2  
15  6  31  1830  497  325  4  -2  
15  6  31  1837  497  325  4  -2  
15  6  31  1846  497  325  4  -2  
15  6  31  1855  497  325  4  -2  
15  6  31  1864  497  325  4  -2  
15  6  31  1872  497  325  4  -2  
15  6  31  1880  497  325  4  -2  
15  6  31  1888  497  325  4  -2  
15  6  31  1896  497  325  4  -2  
15  6  31  1905  497  325  4  -2  
15  6  31  1913  497  325  4  -2  
15  6  31  1922  497  325  4  -2  
15  6  31  1930  497  325  4  -2  
15  6  31  1937  497  325  4  -2  
15  6  31  1946  497  325  4  -2  
15  6  31  1956  497  325  4  -2  
15  6  31  1964  497  325  4  -2  
15  6  31  1972  496  325  4  -2  
15  6  31  1982  491  325  4  -2  
15  6  31  1990  487  325  4  -2  
15  6  31  1997  482  325  4  -2  
15  6  31  2006  477  325  4  -2  
15  6  31  2014  470  325  4  -2  
15  6  31  2022  463  325  4  -2  
15  6  31  2031  452  325  4  -2  
15  6  31  2038  440  322  4  -2  
15  6  31  2046  428  322  4  -2  
15  6  31  2056  415  322  4  -2  
15  6  31  2064  396  322  5  -2  
15  6  31  2072  391  322  5  -2  
15  6  31  2080  390  322  5  -2  
15  6  31  2089  387  322  5  -2  
15  6  31  2097  385  322  5  -2  
15  6  31  2106  383  322  5  -2  
15  6  31  2114  380  322  5  -2  
15  6  31  2122  377  322  5  -2  
15  6  31  2131  374  322  5  -2  
15  6  31  2138  371  322  5  -2  
15  6  31  2147  367  322  5  -2  
15  6  31  2156  364  322  5  -2  
15  6  31  2164  362  322  5  -2  
15  6  31  2172  360  322  5  -2  
15  6  31  2180  360  322  5  -2  
15  6  31  2189  360  322  5  -2  
15  6  31  2197  360  322  5  -2  
15  6  31  2206  360  322  5  -2  
15  6  31  2214  360  322  5  -2  
15  6  32  2222  360  322  5  -2  
15  6  32  2232  360  322  5  -2  
15  6  32  2238  360  322  5  -2  
15  6  32  2246  360  322  5  -2  
15  6  32  2255  360  322  5  -2  
15  6  32  2265  360  322  5  -2  
15  6  32  2273  360  322  5  -2  
15  6  32  2281  360  322  5  -2  
15  6  32  2290  360  322  5  -2  
15  6  32  2297  360  322  5  -2  
15  6  32  2306  360  322  5  -2  
15  6  32  2314  360  322  5  -2  
15  6  32  2321  360  322  5  -2  
15  6  32  2330  360  322  5  -2  
15  6  32  2338  360  322  5  -2  
15  6  32  2346  360  322  5  -2  
15  6  32  2355  360  322  5  -2  
15  6  32  2363  360  322  5  -2  
15  6  32  2371  360  322  5  -2  
15  6  32  2380  360  322  5  -2  
15  6  32  2389  360  322  5  -2  
15  6  32  2396  360  322  5  -2  
15  6  32  2405  360  322  5  -2  
