9  55  24  0  364  335  1  -2  
9  55  24  8  364  335  1  -2  
9  55  24  16  364  335  1  -2  
9  55  24  25  364  335  1  -2  
9  55  24  34  364  335  1  -2  
9  55  24  41  364  335  1  -2  
9  55  24  50  364  335  1  -2  
9  55  24  59  364  335  1  -2  
9  55  24  66  364  335  1  -2  
9  55  24  74  364  335  1  -2  
9  55  25  83  364  335  1  -2  
9  55  25  91  364  335  1  -2  
9  55  25  100  364  335  1  -2  
9  55  25  108  364  335  1  -2  
9  55  25  116  364  335  1  -2  
9  55  25  125  368  335  1  -2  
9  55  25  132  374  335  1  -2  
9  55  25  141  380  335  1  -2  
9  55  25  150  390  335  1  -2  
9  55  25  159  419  335  1  -2  
9  55  25  166  437  336  1  -2  
9  55  25  175  455  338  1  -2  
9  55  25  182  473  339  1  -2  
9  55  25  190  491  339  1  -2  
9  55  25  200  505  339  2  -2  
9  55  25  207  516  339  2  -2  
9  55  25  215  525  342  2  -2  
9  55  25  224  527  342  2  -2  
9  55  25  232  528  342  2  -2  
9  55  25  240  530  342  2  -2  
9  55  25  249  530  342  2  -2  
9  55  25  258  530  342  2  -2  
9  55  25  265  530  342  2  -2  
9  55  25  273  530  342  2  -2  
9  55  25  282  530  342  2  -2  
9  55  25  290  530  342  2  -2  
9  55  25  299  530  342  2  -2  
9  55  25  307  530  342  2  -2  
9  55  25  317  530  342  2  -2  
9  55  25  324  530  342  2  -2  
9  55  25  331  530  342  2  -2  
9  55  25  341  530  342  2  -2  
9  55  25  349  530  342  2  -2  
9  55  25  358  530  342  2  -2  
9  55  25  365  530  342  2  -2  
9  55  25  374  530  342  2  -2  
9  55  25  382  530  342  2  -2  
9  55  25  391  530  342  2  -2  
9  55  25  399  530  342  2  -2  
9  55  25  408  530  342  2  -2  
9  55  25  417  530  342  2  -2  
9  55  25  424  530  342  2  -2  
9  55  25  432  530  342  2  -2  
9  55  25  441  530  342  2  -2  
9  55  25  449  530  342  2  -2  
9  55  25  458  529  342  2  -2  
9  55  25  467  525  342  2  -2  
9  55  25  473  518  342  2  -2  
9  55  25  481  508  342  2  -2  
9  55  25  492  501  342  2  -2  
9  55  25  499  491  342  2  -2  
9  55  25  508  482  342  2  -2  
9  55  25  515  476  342  2  -2  
9  55  25  524  467  342  2  -2  
9  55  25  532  462  342  2  -2  
9  55  25  541  457  342  2  -2  
9  55  25  549  446  342  2  -2  
9  55  25  558  440  342  2  -2  
9  55  25  567  433  342  2  -2  
9  55  25  575  428  342  2  -2  
9  55  25  583  420  342  2  -2  
9  55  25  591  411  342  2  -2  
9  55  25  599  403  342  2  -2  
9  55  25  608  395  342  2  -2  
9  55  25  617  388  342  2  -2  
9  55  25  625  383  342  3  -2  
9  55  25  633  382  342  3  -2  
9  55  25  641  381  342  3  -2  
9  55  25  650  380  342  3  -2  
9  55  25  659  380  342  3  -2  
9  55  25  667  380  342  3  -2  
9  55  25  675  380  342  3  -2  
9  55  25  683  379  342  3  -2  
9  55  25  692  379  342  3  -2  
9  55  25  700  378  342  3  -2  
9  55  25  708  378  342  3  -2  
9  55  25  716  376  342  3  -2  
9  55  25  725  375  341  3  -2  
9  55  25  733  375  341  3  -2  
9  55  25  742  375  341  3  -2  
9  55  25  750  375  341  3  -2  
9  55  25  759  375  341  3  -2  
9  55  25  768  375  341  3  -2  
9  55  25  775  375  341  3  -2  
9  55  25  784  375  341  3  -2  
9  55  25  791  375  341  3  -2  
9  55  25  801  375  341  3  -2  
9  55  25  809  375  341  3  -2  
9  55  25  817  375  341  3  -2  
9  55  25  824  375  341  3  -2  
9  55  25  833  375  341  3  -2  
9  55  25  842  375  341  3  -2  
9  55  25  851  375  341  3  -2  
9  55  25  859  375  341  3  -2  
9  55  25  869  375  341  3  -2  
9  55  25  875  375  341  3  -2  
9  55  25  883  375  341  3  -2  
9  55  25  893  375  341  3  -2  
9  55  25  900  375  341  3  -2  
9  55  25  909  375  341  3  -2  
9  55  25  918  375  341  3  -2  
9  55  25  925  375  341  3  -2  
9  55  25  933  375  341  3  -2  
9  55  25  942  375  341  3  -2  
9  55  25  951  375  341  3  -2  
9  55  25  959  375  341  3  -2  
9  55  25  967  375  341  3  -2  
9  55  25  975  375  341  3  -2  
9  55  25  983  375  341  3  -2  
9  55  25  993  375  341  3  -2  
9  55  25  1000  375  341  3  -2  
9  55  25  1008  375  341  3  -2  
9  55  25  1019  375  341  3  -2  
9  55  25  1025  375  341  3  -2  
9  55  25  1034  375  341  3  -2  
9  55  25  1042  375  341  3  -2  
9  55  25  1049  375  341  3  -2  
9  55  25  1058  375  341  3  -2  
9  55  25  1068  375  341  3  -2  
9  55  25  1075  375  341  3  -2  
9  55  26  1083  375  341  3  -2  
9  55  26  1092  375  341  3  -2  
9  55  26  1101  375  341  3  -2  
9  55  26  1108  375  341  3  -2  
9  55  26  1118  375  341  3  -2  
9  55  26  1125  375  341  3  -2  
9  55  26  1133  375  341  3  -2  
9  55  26  1143  375  341  3  -2  
9  55  26  1151  375  341  3  -2  
9  55  26  1159  375  341  3  -2  
9  55  26  1168  375  341  3  -2  
9  55  26  1175  375  341  3  -2  
9  55  26  1183  375  341  3  -2  
9  55  26  1192  375  341  3  -2  
9  55  26  1200  375  341  3  -2  
9  55  26  1210  378  341  3  -2  
9  55  26  1218  381  341  3  -2  
9  55  26  1224  388  341  3  -2  
9  55  26  1233  396  341  3  -2  
9  55  26  1243  407  337  3  -2  
9  55  26  1250  417  337  3  -2  
9  55  26  1259  430  337  3  -2  
9  55  26  1268  443  337  3  -2  
9  55  26  1275  456  337  3  -2  
9  55  26  1284  470  337  3  -2  
9  55  26  1292  481  337  3  -2  
9  55  26  1300  493  337  3  -2  
9  55  26  1310  505  337  4  -2  
9  55  26  1318  520  336  4  -2  
9  55  26  1325  526  335  4  -2  
9  55  26  1335  526  335  4  -2  
9  55  26  1342  530  334  4  -2  
9  55  26  1350  531  334  4  -2  
9  55  26  1359  531  334  4  -2  
9  55  26  1367  531  334  4  -2  
9  55  26  1375  531  334  4  -2  
9  55  26  1383  531  334  4  -2  
9  55  26  1392  531  334  4  -2  
9  55  26  1401  531  334  4  -2  
9  55  26  1409  531  334  4  -2  
9  55  26  1418  533  333  4  -2  
9  55  26  1425  534  332  4  -2  
9  55  26  1434  534  332  4  -2  
9  55  26  1443  535  332  4  -2  
9  55  26  1450  536  332  4  -2  
9  55  26  1459  537  332  4  -2  
9  55  26  1468  538  332  4  -2  
9  55  26  1475  538  332  4  -2  
9  55  26  1484  538  332  4  -2  
9  55  26  1491  538  332  4  -2  
9  55  26  1501  538  332  4  -2  
9  55  26  1509  538  332  4  -2  
9  55  26  1517  538  332  4  -2  
9  55  26  1526  538  332  4  -2  
9  55  26  1533  538  332  4  -2  
9  55  26  1543  538  332  4  -2  
9  55  26  1551  538  332  4  -2  
9  55  26  1560  538  332  4  -2  
9  55  26  1568  538  332  4  -2  
9  55  26  1576  538  332  4  -2  
9  55  26  1583  538  332  4  -2  
9  55  26  1593  538  332  4  -2  
9  55  26  1601  538  332  4  -2  
9  55  26  1610  538  332  4  -2  
9  55  26  1618  538  332  4  -2  
9  55  26  1626  538  331  4  -2  
9  55  26  1633  537  331  4  -2  
9  55  26  1643  535  331  4  -2  
9  55  26  1651  530  331  4  -2  
9  55  26  1660  527  331  4  -2  
9  55  26  1666  522  331  4  -2  
9  55  26  1676  519  330  4  -2  
9  55  26  1684  515  330  4  -2  
9  55  26  1693  512  328  4  -2  
9  55  26  1701  506  328  4  -2  
9  55  26  1709  501  327  4  -2  
9  55  26  1718  492  327  4  -2  
9  55  26  1726  473  325  4  -2  
9  55  26  1734  473  325  4  -2  
9  55  26  1742  463  322  4  -2  
9  55  26  1751  441  319  4  -2  
9  55  26  1760  431  319  4  -2  
9  55  26  1767  423  319  4  -2  
9  55  26  1776  416  319  4  -2  
9  55  26  1784  409  318  4  -2  
9  55  26  1793  405  318  4  -2  
9  55  26  1802  404  318  4  -2  
9  55  26  1810  402  318  4  -2  
9  55  26  1818  402  318  4  -2  
9  55  26  1826  402  318  4  -2  
9  55  26  1834  402  318  4  -2  
9  55  26  1843  401  318  4  -2  
9  55  26  1851  400  318  4  -2  
9  55  26  1859  400  318  4  -2  
