9  54  3  0  372  320  1  -2  
9  54  3  9  372  320  1  -2  
9  54  3  17  371  321  1  -2  
9  54  3  25  371  321  1  -2  
9  54  3  34  371  321  1  -2  
9  54  3  42  371  321  1  -2  
9  54  3  50  372  321  1  -2  
9  54  3  60  372  321  1  -2  
9  54  3  70  372  321  1  -2  
9  54  3  80  372  321  1  -2  
9  54  3  91  375  321  1  -2  
9  54  3  100  377  321  1  -2  
9  54  3  111  384  323  1  -2  
9  54  3  122  391  324  1  -2  
9  54  3  131  413  324  1  -2  
9  54  3  143  426  324  1  -2  
9  54  3  159  442  324  1  -2  
9  54  3  168  495  324  1  -2  
9  54  3  177  510  324  2  -2  
9  54  3  186  523  324  2  -2  
9  54  3  195  530  324  2  -2  
9  54  3  202  533  324  2  -2  
9  54  3  211  535  324  2  -2  
9  54  3  220  535  324  2  -2  
9  54  3  228  535  324  2  -2  
9  54  3  237  535  324  2  -2  
9  54  3  245  535  324  2  -2  
9  54  3  252  535  324  2  -2  
9  54  3  262  535  324  2  -2  
9  54  3  271  535  324  2  -2  
9  54  3  277  535  324  2  -2  
9  54  3  287  535  324  2  -2  
9  54  3  296  535  324  2  -2  
9  54  3  303  535  324  2  -2  
9  54  3  312  535  324  2  -2  
9  54  3  321  535  324  2  -2  
9  54  3  328  535  324  2  -2  
9  54  4  337  535  324  2  -2  
9  54  4  345  535  324  2  -2  
9  54  4  352  535  324  2  -2  
9  54  4  361  535  324  2  -2  
9  54  4  369  535  324  2  -2  
9  54  4  377  535  324  2  -2  
9  54  4  386  535  324  2  -2  
9  54  4  395  535  324  2  -2  
9  54  4  403  535  324  2  -2  
9  54  4  412  535  324  2  -2  
9  54  4  421  535  324  2  -2  
9  54  4  428  535  324  2  -2  
9  54  4  437  535  324  2  -2  
9  54  4  445  533  324  2  -2  
9  54  4  453  532  324  2  -2  
9  54  4  461  528  325  2  -2  
9  54  4  469  519  325  2  -2  
9  54  4  478  511  326  2  -2  
9  54  4  488  497  326  2  -2  
9  54  4  496  472  326  2  -2  
9  54  4  503  461  326  2  -2  
9  54  4  512  461  326  2  -2  
9  54  4  521  446  326  2  -2  
9  54  4  528  440  326  2  -2  
9  54  4  539  436  328  2  -2  
9  54  4  546  433  328  2  -2  
9  54  4  555  429  329  2  -2  
9  54  4  562  426  329  2  -2  
9  54  4  571  423  329  2  -2  
9  54  4  578  420  329  2  -2  
9  54  4  588  417  329  2  -2  
9  54  4  597  412  329  2  -2  
9  54  4  603  407  329  2  -2  
9  54  4  611  397  329  3  -2  
9  54  4  619  387  329  3  -2  
9  54  4  628  378  329  3  -2  
9  54  4  639  373  328  3  -2  
9  54  4  646  369  328  3  -2  
9  54  4  653  368  328  3  -2  
9  54  4  661  368  328  3  -2  
9  54  4  671  368  328  3  -2  
9  54  4  678  368  328  3  -2  
9  54  4  689  368  328  3  -2  
9  54  4  698  367  328  3  -2  
9  54  4  706  367  328  3  -2  
9  54  4  713  367  328  3  -2  
9  54  4  724  367  328  3  -2  
9  54  4  729  367  328  3  -2  
9  54  4  740  367  328  3  -2  
9  54  4  747  367  328  3  -2  
9  54  4  757  367  328  3  -2  
9  54  4  764  367  328  3  -2  
9  54  4  774  367  328  3  -2  
9  54  4  780  367  328  3  -2  
9  54  4  791  367  328  3  -2  
9  54  4  798  367  328  3  -2  
9  54  4  808  367  328  3  -2  
9  54  4  815  367  328  3  -2  
9  54  4  825  367  328  3  -2  
9  54  4  831  367  328  3  -2  
9  54  4  840  367  328  3  -2  
9  54  4  848  367  328  3  -2  
9  54  4  861  367  328  3  -2  
9  54  4  871  367  328  3  -2  
9  54  4  881  367  328  3  -2  
9  54  4  893  373  328  3  -2  
9  54  4  900  380  328  3  -2  
9  54  4  910  392  328  3  -2  
9  54  4  920  407  330  3  -2  
9  54  4  929  425  331  3  -2  
9  54  4  939  460  332  3  -2  
9  54  4  947  480  332  3  -2  
9  54  4  957  498  332  3  -2  
9  54  4  966  516  332  4  -2  
9  54  4  974  531  332  4  -2  
9  54  4  981  545  332  4  -2  
9  54  4  991  551  332  4  -2  
9  54  4  998  557  332  4  -2  
9  54  4  1008  558  332  4  -2  
9  54  4  1014  559  332  4  -2  
9  54  4  1024  559  332  4  -2  
9  54  4  1032  559  332  4  -2  
9  54  4  1042  559  332  4  -2  
9  54  4  1048  559  332  4  -2  
9  54  4  1059  559  332  4  -2  
9  54  4  1066  559  332  4  -2  
9  54  4  1075  559  332  4  -2  
9  54  4  1082  560  332  4  -2  
9  54  4  1091  560  332  4  -2  
9  54  4  1099  560  332  4  -2  
9  54  4  1108  560  332  4  -2  
9  54  4  1116  560  332  4  -2  
9  54  4  1124  560  332  4  -2  
9  54  4  1131  560  332  4  -2  
9  54  4  1141  560  332  4  -2  
9  54  4  1148  560  332  4  -2  
9  54  4  1158  560  332  4  -2  
9  54  4  1165  560  332  4  -2  
9  54  4  1174  560  332  4  -2  
9  54  4  1183  560  332  4  -2  
9  54  4  1191  560  332  4  -2  
9  54  4  1198  560  332  4  -2  
9  54  4  1209  560  332  4  -2  
9  54  4  1217  552  329  4  -2  
9  54  4  1225  547  329  4  -2  
9  54  4  1233  537  328  4  -2  
9  54  4  1241  525  325  4  -2  
9  54  4  1250  517  325  4  -2  
9  54  4  1259  505  325  4  -2  
9  54  4  1266  493  325  4  -2  
9  54  4  1275  480  325  4  -2  
9  54  4  1283  467  325  4  -2  
9  54  4  1299  454  325  4  -2  
9  54  4  1309  430  324  4  -2  
9  54  4  1315  425  324  4  -2  
9  54  4  1325  420  324  4  -2  
9  54  4  1331  417  324  4  -2  
9  54  5  1341  416  324  4  -2  
9  54  5  1349  414  324  4  -2  
9  54  5  1358  412  324  4  -2  
9  54  5  1366  410  324  4  -2  
9  54  5  1374  406  322  4  -2  
9  54  5  1380  402  322  4  -2  
