9  53  56  0  379  315  1  -2  
9  53  56  8  379  315  1  -2  
9  53  56  16  379  315  1  -2  
9  53  56  24  379  315  1  -2  
9  53  56  33  379  315  1  -2  
9  53  56  41  379  315  1  -2  
9  53  56  49  379  315  1  -2  
9  53  56  57  379  315  1  -2  
9  53  56  66  379  315  1  -2  
9  53  56  75  379  315  1  -2  
9  53  56  84  379  315  1  -2  
9  53  56  92  379  315  1  -2  
9  53  56  100  379  315  1  -2  
9  53  56  109  379  315  1  -2  
9  53  56  116  379  315  1  -2  
9  53  56  125  379  315  1  -2  
9  53  56  134  379  315  1  -2  
9  53  56  141  379  315  1  -2  
9  53  56  151  379  315  1  -2  
9  53  56  159  379  315  1  -2  
9  53  56  167  381  315  1  -2  
9  53  56  175  386  315  1  -2  
9  53  56  182  394  318  1  -2  
9  53  56  191  406  319  1  -2  
9  53  56  199  420  320  1  -2  
9  53  56  209  435  325  1  -2  
9  53  56  216  455  325  1  -2  
9  53  56  225  477  326  1  -2  
9  53  56  234  501  326  2  -2  
9  53  56  242  537  326  2  -2  
9  53  56  250  552  326  2  -2  
9  53  56  260  562  326  2  -2  
9  53  56  268  567  326  2  -2  
9  53  56  276  569  326  2  -2  
9  53  56  283  569  326  2  -2  
9  53  56  292  569  326  2  -2  
9  53  56  300  569  326  2  -2  
9  53  56  309  569  326  2  -2  
9  53  56  317  569  326  2  -2  
9  53  56  328  569  326  2  -2  
9  53  56  336  569  326  2  -2  
9  53  56  343  569  326  2  -2  
9  53  56  351  569  326  2  -2  
9  53  56  361  569  326  2  -2  
9  53  56  370  569  326  2  -2  
9  53  56  379  569  326  2  -2  
9  53  56  385  569  326  2  -2  
9  53  56  393  569  326  2  -2  
9  53  56  403  569  326  2  -2  
9  53  56  414  569  326  2  -2  
9  53  56  421  569  326  2  -2  
9  53  56  432  569  326  2  -2  
9  53  56  437  569  326  2  -2  
9  53  56  447  569  326  2  -2  
9  53  56  453  569  326  2  -2  
9  53  56  462  569  326  2  -2  
9  53  56  471  569  326  2  -2  
9  53  56  480  569  326  2  -2  
9  53  56  486  569  326  2  -2  
9  53  56  498  569  326  2  -2  
9  53  56  504  569  326  2  -2  
9  53  56  514  569  326  2  -2  
9  53  56  521  569  326  2  -2  
9  53  56  531  569  326  2  -2  
9  53  56  537  568  326  2  -2  
9  53  56  548  568  326  2  -2  
9  53  56  555  563  326  2  -2  
9  53  56  564  559  326  2  -2  
9  53  56  571  554  326  2  -2  
9  53  56  580  549  326  2  -2  
9  53  56  589  544  326  2  -2  
9  53  56  598  537  326  2  -2  
9  53  56  606  528  325  2  -2  
9  53  56  614  520  324  2  -2  
9  53  57  621  510  324  2  -2  
9  53  57  631  501  322  2  -2  
9  53  57  637  494  320  2  -2  
9  53  57  648  489  320  2  -2  
9  53  57  655  484  320  2  -2  
9  53  57  664  480  320  2  -2  
9  53  57  671  476  320  2  -2  
9  53  57  682  472  320  2  -2  
9  53  57  689  470  320  2  -2  
9  53  57  698  467  320  2  -2  
9  53  57  705  466  320  2  -2  
9  53  57  714  466  319  2  -2  
9  53  57  721  463  319  2  -2  
9  53  57  732  463  319  2  -2  
9  53  57  739  458  319  2  -2  
9  53  57  748  453  319  2  -2  
9  53  57  753  448  319  2  -2  
9  53  57  763  442  318  2  -2  
9  53  57  770  437  318  2  -2  
9  53  57  781  432  317  2  -2  
9  53  57  787  427  317  2  -2  
9  53  57  798  423  317  2  -2  
9  53  57  804  420  315  2  -2  
9  53  57  813  417  314  2  -2  
9  53  57  820  417  314  2  -2  
9  53  57  831  414  314  2  -2  
9  53  57  838  414  314  2  -2  
9  53  57  847  411  314  2  -2  
9  53  57  854  411  314  2  -2  
9  53  57  863  406  313  2  -2  
9  53  57  870  402  313  2  -2  
9  53  57  881  401  313  2  -2  
9  53  57  888  394  311  3  -2  
9  53  57  897  389  310  3  -2  
9  53  57  902  378  309  3  -2  
9  53  57  913  370  308  3  -2  
9  53  57  921  362  308  3  -2  
9  53  57  931  360  308  3  -2  
9  53  57  937  360  308  3  -2  
9  53  57  947  360  308  3  -2  
9  53  57  953  360  308  3  -2  
9  53  57  963  360  308  3  -2  
9  53  57  970  360  308  3  -2  
9  53  57  981  360  308  3  -2  
9  53  57  987  360  308  3  -2  
9  53  57  997  360  308  3  -2  
9  53  57  1003  360  308  3  -2  
9  53  57  1013  360  308  3  -2  
9  53  57  1020  360  308  3  -2  
9  53  57  1031  360  308  3  -2  
9  53  57  1039  360  308  3  -2  
9  53  57  1047  360  308  3  -2  
9  53  57  1054  360  308  3  -2  
9  53  57  1063  360  308  3  -2  
9  53  57  1071  360  308  3  -2  
9  53  57  1080  360  308  3  -2  
9  53  57  1088  360  309  3  -2  
9  53  57  1097  363  311  3  -2  
9  53  57  1103  372  313  3  -2  
9  53  57  1113  380  314  3  -2  
9  53  57  1121  407  316  3  -2  
9  53  57  1131  407  316  3  -2  
9  53  57  1139  436  321  3  -2  
9  53  57  1147  452  321  3  -2  
9  53  57  1155  466  321  3  -2  
9  53  57  1164  480  321  3  -2  
9  53  57  1170  495  323  4  -2  
9  53  57  1181  510  323  4  -2  
9  53  57  1188  524  323  4  -2  
9  53  57  1197  534  323  4  -2  
9  53  57  1204  540  323  4  -2  
9  53  57  1213  544  323  4  -2  
9  53  57  1221  549  323  4  -2  
9  53  57  1231  551  323  4  -2  
9  53  57  1238  553  323  4  -2  
9  53  57  1247  555  323  4  -2  
9  53  57  1254  557  323  4  -2  
9  53  57  1263  557  323  4  -2  
9  53  57  1270  557  323  4  -2  
9  53  57  1281  557  323  4  -2  
9  53  57  1288  557  323  4  -2  
9  53  57  1297  557  323  4  -2  
9  53  57  1303  557  323  4  -2  
9  53  57  1313  557  323  4  -2  
9  53  57  1322  557  323  4  -2  
9  53  57  1330  557  323  4  -2  
9  53  57  1339  557  323  4  -2  
9  53  57  1347  557  323  4  -2  
9  53  57  1354  557  323  4  -2  
9  53  57  1363  557  323  4  -2  
9  53  57  1371  557  323  4  -2  
9  53  57  1380  557  323  4  -2  
9  53  57  1388  557  323  4  -2  
9  53  57  1397  557  323  4  -2  
9  53  57  1404  557  323  4  -2  
9  53  57  1413  557  322  4  -2  
9  53  57  1421  557  322  4  -2  
9  53  57  1431  555  322  4  -2  
9  53  57  1438  550  321  4  -2  
9  53  57  1447  543  320  4  -2  
9  53  57  1454  534  319  4  -2  
9  53  57  1464  517  316  4  -2  
9  53  57  1472  501  315  4  -2  
9  53  57  1481  486  313  4  -2  
9  53  57  1488  472  313  4  -2  
9  53  57  1498  461  313  4  -2  
9  53  57  1505  444  313  4  -2  
9  53  57  1513  444  313  4  -2  
9  53  57  1522  437  313  4  -2  
9  53  57  1530  430  313  4  -2  
9  53  57  1539  429  313  4  -2  
9  53  57  1547  428  313  4  -2  
9  53  57  1554  428  313  4  -2  
9  53  57  1564  428  313  4  -2  
9  53  57  1571  428  313  4  -2  
9  53  57  1581  428  313  4  -2  
9  53  57  1588  426  313  4  -2  
9  53  57  1597  424  313  4  -2  
9  53  57  1605  421  313  4  -2  
9  53  57  1613  419  313  4  -2  
9  53  58  1622  414  313  4  -2  
9  53  58  1631  410  313  4  -2  
9  53  58  1639  407  313  4  -2  
9  53  58  1647  406  313  4  -2  
9  53  58  1654  405  313  4  -2  
9  53  58  1663  405  312  4  -2  
9  53  58  1672  404  312  4  -2  
9  53  58  1681  404  312  4  -2  
9  53  58  1688  404  312  4  -2  
9  53  58  1697  404  312  4  -2  
9  53  58  1705  404  312  4  -2  
9  53  58  1713  404  312  4  -2  
9  53  58  1722  404  312  4  -2  
9  53  58  1731  404  312  4  -2  
9  53  58  1739  404  312  4  -2  
9  53  58  1746  403  312  4  -2  
9  53  58  1756  403  312  4  -2  
9  53  58  1764  402  312  4  -2  
9  53  58  1772  402  312  4  -2  
9  53  58  1780  402  312  4  -2  
9  53  58  1790  402  312  4  -2  
9  53  58  1799  402  312  4  -2  
9  53  58  1805  402  312  4  -2  
9  53  58  1814  402  312  4  -2  
9  53  58  1823  402  312  4  -2  
9  53  58  1831  402  312  4  -2  
9  53  58  1839  402  312  4  -2  
9  53  58  1847  402  312  4  -2  
9  53  58  1856  402  312  4  -2  
9  53  58  1864  402  312  4  -2  
9  53  58  1873  402  312  4  -2  
9  53  58  1881  402  312  4  -2  
9  53  58  1889  402  312  4  -2  
9  53  58  1897  402  312  4  -2  
9  53  58  1906  402  312  4  -2  
9  53  58  1914  402  312  4  -2  
9  53  58  1923  402  312  4  -2  
9  53  58  1931  402  312  4  -2  
9  53  58  1939  402  312  4  -2  
9  53  58  1947  402  312  4  -2  
9  53  58  1956  402  312  4  -2  
9  53  58  1964  402  312  4  -2  
