10  40  15  0  389  312  1  -2  
10  40  15  9  389  312  1  -2  
10  40  15  18  389  312  1  -2  
10  40  15  27  389  312  1  -2  
10  40  15  35  389  312  1  -2  
10  40  15  42  389  312  1  -2  
10  40  15  50  389  312  1  -2  
10  40  15  59  389  312  1  -2  
10  40  15  67  389  312  1  -2  
10  40  15  75  389  312  1  -2  
10  40  15  84  389  312  1  -2  
10  40  15  94  389  312  1  -2  
10  40  15  101  389  312  1  -2  
10  40  15  109  389  312  1  -2  
10  40  15  118  389  312  1  -2  
10  40  15  127  389  312  1  -2  
10  40  15  134  390  312  1  -2  
10  40  15  142  390  312  1  -2  
10  40  15  150  390  312  1  -2  
10  40  15  159  392  311  1  -2  
10  40  15  168  392  311  1  -2  
10  40  15  177  393  311  1  -2  
10  40  15  187  394  311  1  -2  
10  40  15  198  394  311  1  -2  
10  40  15  207  401  311  1  -2  
10  40  15  223  403  311  1  -2  
10  40  15  233  413  311  1  -2  
10  40  15  242  423  311  1  -2  
10  40  15  251  432  311  1  -2  
10  40  16  262  443  311  1  -2  
10  40  16  270  454  311  1  -2  
10  40  16  280  474  311  1  -2  
10  40  16  288  481  311  1  -2  
10  40  16  296  486  313  1  -2  
10  40  16  303  490  314  1  -2  
10  40  16  313  491  314  1  -2  
10  40  16  320  493  314  1  -2  
10  40  16  330  494  314  1  -2  
10  40  16  336  494  314  1  -2  
10  40  16  347  495  314  2  -2  
10  40  16  352  495  314  2  -2  
10  40  16  362  495  315  2  -2  
10  40  16  370  495  315  2  -2  
10  40  16  380  495  315  2  -2  
10  40  16  387  495  315  2  -2  
10  40  16  397  495  315  2  -2  
10  40  16  404  495  315  2  -2  
10  40  16  412  495  315  2  -2  
10  40  16  420  495  315  2  -2  
10  40  16  430  495  315  2  -2  
10  40  16  436  497  315  2  -2  
10  40  16  448  497  315  2  -2  
10  40  16  454  498  315  2  -2  
10  40  16  464  498  315  2  -2  
10  40  16  471  498  315  2  -2  
10  40  16  480  498  315  2  -2  
10  40  16  486  498  315  2  -2  
10  40  16  495  498  315  2  -2  
10  40  16  503  498  315  2  -2  
10  40  16  514  499  315  2  -2  
10  40  16  520  499  315  2  -2  
10  40  16  529  499  315  2  -2  
10  40  16  537  499  315  2  -2  
10  40  16  545  499  315  2  -2  
10  40  16  553  499  315  2  -2  
10  40  16  565  500  315  2  -2  
10  40  16  570  500  315  2  -2  
10  40  16  580  500  315  2  -2  
10  40  16  588  501  316  2  -2  
10  40  16  598  501  316  2  -2  
10  40  16  604  502  316  2  -2  
10  40  16  614  502  316  2  -2  
10  40  16  621  502  316  2  -2  
10  40  16  630  502  316  2  -2  
10  40  16  638  502  316  2  -2  
10  40  16  648  503  316  2  -2  
10  40  16  654  503  316  2  -2  
10  40  16  664  503  316  2  -2  
10  40  16  670  504  316  2  -2  
10  40  16  681  504  316  2  -2  
10  40  16  688  505  316  2  -2  
10  40  16  697  506  316  2  -2  
10  40  16  704  506  316  2  -2  
10  40  16  716  506  316  2  -2  
10  40  16  721  506  316  2  -2  
10  40  16  732  508  316  2  -2  
10  40  16  740  508  316  2  -2  
10  40  16  748  508  316  2  -2  
10  40  16  757  508  316  2  -2  
10  40  16  765  509  316  2  -2  
10  40  16  773  509  316  2  -2  
10  40  16  780  510  316  2  -2  
10  40  16  789  510  316  2  -2  
10  40  16  798  511  316  2  -2  
10  40  16  807  513  316  2  -2  
10  40  16  815  513  316  2  -2  
10  40  16  824  513  316  2  -2  
10  40  16  833  514  316  2  -2  
10  40  16  839  514  316  2  -2  
10  40  16  847  514  316  2  -2  
10  40  16  857  514  316  2  -2  
10  40  16  865  514  316  2  -2  
10  40  16  872  514  316  2  -2  
10  40  16  882  514  316  2  -2  
10  40  16  890  515  316  2  -2  
10  40  16  898  515  316  2  -2  
10  40  16  907  515  316  2  -2  
10  40  16  916  515  316  2  -2  
10  40  16  924  515  316  2  -2  
10  40  16  931  515  316  2  -2  
10  40  16  939  515  316  2  -2  
10  40  16  947  516  316  2  -2  
10  40  16  957  516  316  2  -2  
10  40  16  965  516  316  2  -2  
10  40  16  973  516  316  2  -2  
10  40  16  982  516  316  2  -2  
10  40  16  990  516  316  2  -2  
10  40  16  998  516  316  2  -2  
10  40  16  1007  516  316  2  -2  
10  40  16  1016  516  316  2  -2  
10  40  16  1023  516  316  2  -2  
10  40  16  1032  516  316  2  -2  
10  40  16  1040  516  316  2  -2  
10  40  16  1048  516  316  2  -2  
10  40  16  1057  516  316  2  -2  
10  40  16  1066  516  316  2  -2  
10  40  16  1075  516  316  2  -2  
10  40  16  1083  516  316  2  -2  
10  40  16  1094  516  316  2  -2  
10  40  16  1100  516  316  2  -2  
10  40  16  1111  516  316  2  -2  
10  40  16  1118  516  316  2  -2  
10  40  16  1128  516  316  2  -2  
10  40  16  1134  516  316  2  -2  
10  40  16  1143  516  316  2  -2  
10  40  16  1150  516  316  2  -2  
10  40  16  1158  516  316  2  -2  
10  40  16  1167  516  316  2  -2  
10  40  16  1177  516  316  2  -2  
10  40  16  1183  516  316  2  -2  
10  40  16  1191  516  316  2  -2  
10  40  16  1199  516  316  2  -2  
10  40  16  1208  516  316  2  -2  
10  40  16  1217  516  316  2  -2  
10  40  16  1224  516  316  2  -2  
10  40  16  1233  515  317  2  -2  
10  40  16  1244  515  317  2  -2  
10  40  16  1251  512  318  2  -2  
10  40  17  1261  511  318  2  -2  
10  40  17  1267  506  319  2  -2  
10  40  17  1276  506  319  2  -2  
10  40  17  1283  504  319  2  -2  
10  40  17  1294  502  319  2  -2  
10  40  17  1301  498  319  2  -2  
10  40  17  1311  495  319  2  -2  
10  40  17  1319  495  319  2  -2  
10  40  17  1329  492  319  2  -2  
10  40  17  1334  491  319  2  -2  
10  40  17  1344  488  320  2  -2  
10  40  17  1351  485  320  2  -2  
10  40  17  1361  480  320  2  -2  
10  40  17  1368  476  320  2  -2  
10  40  17  1378  467  320  2  -2  
10  40  17  1384  457  320  2  -2  
10  40  17  1394  444  317  2  -2  
10  40  17  1400  430  316  2  -2  
10  40  17  1411  415  316  2  -2  
10  40  17  1417  399  314  3  -2  
10  40  17  1427  390  313  3  -2  
10  40  17  1435  381  311  3  -2  
10  40  17  1445  379  311  3  -2  
10  40  17  1450  375  310  3  -2  
10  40  17  1462  375  310  3  -2  
10  40  17  1468  375  310  3  -2  
10  40  17  1479  375  310  3  -2  
10  40  17  1486  374  310  3  -2  
10  40  17  1496  373  310  3  -2  
10  40  17  1502  371  310  3  -2  
10  40  17  1512  369  310  3  -2  
10  40  17  1518  366  310  3  -2  
10  40  17  1529  362  310  3  -2  
10  40  17  1536  360  310  3  -2  
10  40  17  1546  359  310  3  -2  
10  40  17  1552  357  310  3  -2  
10  40  17  1562  357  310  3  -2  
10  40  17  1569  357  310  3  -2  
10  40  17  1579  357  310  3  -2  
10  40  17  1585  357  310  3  -2  
10  40  17  1596  357  310  3  -2  
10  40  17  1603  357  310  3  -2  
10  40  17  1612  357  310  3  -2  
10  40  17  1620  357  310  3  -2  
10  40  17  1629  357  310  3  -2  
10  40  17  1636  357  310  3  -2  
10  40  17  1645  357  310  3  -2  
10  40  17  1651  357  310  3  -2  
10  40  17  1662  357  310  3  -2  
10  40  17  1669  357  310  3  -2  
10  40  17  1680  357  310  3  -2  
10  40  17  1687  357  310  3  -2  
10  40  17  1696  357  310  3  -2  
10  40  17  1702  357  310  3  -2  
10  40  17  1712  357  310  3  -2  
10  40  17  1720  357  310  3  -2  
10  40  17  1729  357  310  3  -2  
10  40  17  1737  357  310  3  -2  
10  40  17  1746  358  310  3  -2  
10  40  17  1753  359  310  3  -2  
10  40  17  1763  362  310  3  -2  
10  40  17  1769  364  310  3  -2  
10  40  17  1780  367  310  3  -2  
10  40  17  1786  370  310  3  -2  
10  40  17  1796  373  310  3  -2  
10  40  17  1803  378  313  3  -2  
10  40  17  1813  387  315  3  -2  
10  40  17  1821  396  318  3  -2  
10  40  17  1830  406  322  3  -2  
10  40  17  1837  431  324  3  -2  
10  40  17  1846  431  324  3  -2  
10  40  17  1854  457  330  3  -2  
10  40  17  1863  469  331  3  -2  
10  40  17  1870  479  332  3  -2  
10  40  17  1881  486  332  3  -2  
10  40  17  1888  494  332  3  -2  
10  40  17  1896  499  332  4  -2  
10  40  17  1904  508  332  4  -2  
10  40  17  1913  513  332  4  -2  
10  40  17  1920  518  332  4  -2  
10  40  17  1929  519  332  4  -2  
10  40  17  1937  522  332  4  -2  
10  40  17  1946  522  332  4  -2  
10  40  17  1953  522  332  4  -2  
10  40  17  1962  522  332  4  -2  
10  40  17  1970  523  332  4  -2  
10  40  17  1980  523  332  4  -2  
10  40  17  1988  523  332  4  -2  
10  40  17  1996  523  332  4  -2  
10  40  17  2004  523  332  4  -2  
10  40  17  2012  523  332  4  -2  
10  40  17  2020  523  332  4  -2  
10  40  17  2030  523  332  4  -2  
10  40  17  2037  523  332  4  -2  
10  40  17  2046  523  332  4  -2  
10  40  17  2053  523  332  4  -2  
10  40  17  2062  523  332  4  -2  
10  40  17  2071  523  332  4  -2  
10  40  17  2079  523  332  4  -2  
10  40  17  2088  523  332  4  -2  
10  40  17  2096  523  332  4  -2  
10  40  17  2104  523  332  4  -2  
10  40  17  2112  523  332  4  -2  
10  40  17  2120  523  332  4  -2  
10  40  17  2130  523  332  4  -2  
10  40  17  2138  523  332  4  -2  
10  40  17  2146  523  332  4  -2  
10  40  17  2153  523  332  4  -2  
10  40  17  2162  523  332  4  -2  
10  40  17  2171  523  332  4  -2  
10  40  17  2180  523  332  4  -2  
10  40  17  2188  523  332  4  -2  
10  40  17  2196  523  332  4  -2  
10  40  17  2203  523  332  4  -2  
10  40  17  2212  523  332  4  -2  
10  40  17  2220  523  332  4  -2  
10  40  17  2229  523  332  4  -2  
10  40  17  2238  523  332  4  -2  
10  40  17  2246  523  332  4  -2  
10  40  17  2254  523  332  4  -2  
10  40  18  2262  521  334  4  -2  
10  40  18  2270  518  335  4  -2  
10  40  18  2280  514  335  4  -2  
10  40  18  2288  509  335  4  -2  
10  40  18  2296  504  336  4  -2  
10  40  18  2304  497  337  4  -2  
10  40  18  2313  488  337  4  -2  
10  40  18  2321  483  337  4  -2  
10  40  18  2330  478  337  4  -2  
10  40  18  2338  475  337  4  -2  
10  40  18  2346  473  337  4  -2  
10  40  18  2355  469  337  4  -2  
10  40  18  2362  467  337  4  -2  
10  40  18  2370  464  337  4  -2  
10  40  18  2380  460  337  4  -2  
10  40  18  2388  455  337  4  -2  
10  40  18  2396  448  337  4  -2  
10  40  18  2403  441  337  4  -2  
10  40  18  2412  436  337  4  -2  
10  40  18  2421  429  337  4  -2  
10  40  18  2430  421  337  4  -2  
10  40  18  2438  416  337  4  -2  
10  40  18  2446  414  337  4  -2  
10  40  18  2455  414  337  4  -2  
10  40  18  2462  413  337  4  -2  
10  40  18  2471  413  337  4  -2  
10  40  18  2479  412  337  4  -2  
10  40  18  2488  412  337  4  -2  
10  40  18  2496  410  337  4  -2  
10  40  18  2505  410  337  4  -2  
10  40  18  2513  408  337  4  -2  
10  40  18  2521  408  337  4  -2  
10  40  18  2530  407  337  4  -2  
10  40  18  2538  406  337  4  -2  
10  40  18  2546  406  337  4  -2  
10  40  18  2553  406  337  4  -2  
10  40  18  2562  406  337  4  -2  
10  40  18  2572  406  337  4  -2  
10  40  18  2580  406  337  4  -2  
10  40  18  2587  405  337  4  -2  
10  40  18  2595  404  337  4  -2  
10  40  18  2602  403  337  4  -2  
10  40  18  2611  403  337  4  -2  
10  40  18  2622  403  337  4  -2  
10  40  18  2629  401  337  4  -2  
10  40  18  2638  400  337  4  -2  
10  40  18  2647  400  337  4  -2  
10  40  18  2655  400  337  4  -2  
10  40  18  2662  399  338  4  -2  
10  40  18  2671  399  338  4  -2  
10  40  18  2679  399  338  4  -2  
10  40  18  2687  399  338  4  -2  
10  40  18  2697  399  338  4  -2  
10  40  18  2705  399  338  4  -2  
10  40  18  2713  399  338  4  -2  
10  40  18  2721  399  338  4  -2  
10  40  18  2730  399  338  4  -2  
10  40  18  2738  399  338  4  -2  
10  40  18  2747  399  338  4  -2  
10  40  18  2755  399  338  4  -2  
10  40  18  2763  399  338  4  -2  
