15  4  43  0  359  317  1  -2  
15  4  43  7  359  317  1  -2  
15  4  43  16  359  317  1  -2  
15  4  43  24  359  317  1  -2  
15  4  43  31  359  317  1  -2  
15  4  43  40  359  317  1  -2  
15  4  43  49  359  317  1  -2  
15  4  43  56  359  317  1  -2  
15  4  43  66  359  317  1  -2  
15  4  43  73  359  317  1  -2  
15  4  43  84  359  317  1  -2  
15  4  43  90  359  317  1  -2  
15  4  43  100  359  317  1  -2  
15  4  43  107  359  317  1  -2  
15  4  43  114  359  317  1  -2  
15  4  43  124  359  317  1  -2  
15  4  43  133  359  317  1  -2  
15  4  43  140  359  317  1  -2  
15  4  43  149  359  317  1  -2  
15  4  43  156  359  317  1  -2  
15  4  43  166  355  318  1  -2  
15  4  43  173  355  318  1  -2  
15  4  43  184  359  318  1  -2  
15  4  43  191  373  318  1  -2  
15  4  43  200  378  318  1  -2  
15  4  43  206  385  319  1  -2  
15  4  43  217  389  319  1  -2  
15  4  43  224  391  319  1  -2  
15  4  43  232  395  319  1  -2  
15  4  43  241  398  319  1  -2  
15  4  43  250  399  319  1  -2  
15  4  43  257  402  319  1  -2  
15  4  43  266  404  319  1  -2  
15  4  43  274  406  319  1  -2  
15  4  43  283  409  319  1  -2  
15  4  43  290  412  319  1  -2  
15  4  43  301  417  319  1  -2  
15  4  43  307  420  319  1  -2  
15  4  43  319  425  319  1  -2  
15  4  43  325  432  319  1  -2  
15  4  44  336  432  319  1  -2  
15  4  44  344  439  320  1  -2  
15  4  44  354  441  320  1  -2  
15  4  44  363  445  320  1  -2  
15  4  44  372  449  321  1  -2  
15  4  44  380  454  321  1  -2  
15  4  44  388  459  323  1  -2  
15  4  44  398  468  324  1  -2  
15  4  44  406  475  326  1  -2  
15  4  44  417  497  327  2  -2  
15  4  44  425  506  329  2  -2  
15  4  44  436  512  329  2  -2  
15  4  44  443  517  329  2  -2  
15  4  44  453  520  329  2  -2  
15  4  44  461  522  329  2  -2  
15  4  44  470  522  329  2  -2  
15  4  44  478  522  329  2  -2  
15  4  44  485  522  329  2  -2  
15  4  44  494  522  329  2  -2  
15  4  44  502  522  329  2  -2  
15  4  44  510  522  329  2  -2  
15  4  44  519  522  329  2  -2  
15  4  44  527  522  329  2  -2  
15  4  44  535  522  329  2  -2  
15  4  44  544  522  329  2  -2  
15  4  44  552  522  329  2  -2  
15  4  44  560  522  329  2  -2  
15  4  44  568  522  329  2  -2  
15  4  44  577  522  329  2  -2  
15  4  44  585  522  329  2  -2  
15  4  44  594  522  329  2  -2  
15  4  44  602  522  329  2  -2  
15  4  44  610  522  329  2  -2  
15  4  44  619  522  329  2  -2  
15  4  44  627  522  329  2  -2  
15  4  44  636  522  329  2  -2  
15  4  44  645  522  329  2  -2  
15  4  44  655  522  329  2  -2  
15  4  44  664  522  329  2  -2  
15  4  44  673  522  329  2  -2  
15  4  44  680  522  329  2  -2  
15  4  44  688  522  329  2  -2  
15  4  44  697  522  329  2  -2  
15  4  44  705  522  329  2  -2  
15  4  44  714  522  329  2  -2  
15  4  44  722  522  329  2  -2  
15  4  44  733  522  329  2  -2  
15  4  44  738  522  329  2  -2  
15  4  44  747  523  329  2  -2  
15  4  44  755  523  329  2  -2  
15  4  44  765  523  330  2  -2  
15  4  44  773  521  330  2  -2  
15  4  44  783  517  330  2  -2  
15  4  44  791  506  330  2  -2  
15  4  44  797  500  330  2  -2  
15  4  44  805  500  330  2  -2  
15  4  44  815  494  330  2  -2  
15  4  44  823  477  330  2  -2  
15  4  44  833  470  330  2  -2  
15  4  44  840  462  330  2  -2  
15  4  44  849  455  330  2  -2  
15  4  44  857  448  330  2  -2  
15  4  44  867  443  330  2  -2  
15  4  44  874  439  330  2  -2  
15  4  44  884  436  330  2  -2  
15  4  44  892  433  330  2  -2  
15  4  44  899  429  330  2  -2  
15  4  44  906  427  330  2  -2  
15  4  44  917  422  330  2  -2  
15  4  44  924  419  330  2  -2  
15  4  44  933  414  330  2  -2  
15  4  44  942  410  330  2  -2  
15  4  44  949  406  330  2  -2  
15  4  44  956  404  330  2  -2  
15  4  44  968  402  330  2  -2  
15  4  44  975  401  330  2  -2  
15  4  44  985  400  330  2  -2  
15  4  44  990  398  330  2  -2  
15  4  44  1001  398  330  2  -2  
15  4  44  1008  398  330  2  -2  
15  4  44  1019  397  330  2  -2  
15  4  44  1026  394  330  3  -2  
15  4  44  1036  394  330  3  -2  
15  4  44  1041  392  330  3  -2  
15  4  44  1051  389  330  3  -2  
15  4  44  1058  388  330  3  -2  
15  4  44  1067  386  330  3  -2  
15  4  44  1074  386  330  3  -2  
15  4  44  1085  386  330  3  -2  
15  4  44  1093  386  330  3  -2  
15  4  44  1102  386  330  3  -2  
15  4  44  1108  386  330  3  -2  
15  4  44  1118  386  330  3  -2  
15  4  44  1124  386  330  3  -2  
15  4  44  1136  386  330  3  -2  
15  4  44  1143  386  330  3  -2  
15  4  44  1152  386  330  3  -2  
15  4  44  1158  386  330  3  -2  
15  4  44  1168  386  330  3  -2  
15  4  44  1174  384  330  3  -2  
15  4  44  1186  384  330  3  -2  
15  4  44  1193  382  330  3  -2  
15  4  44  1201  382  330  3  -2  
15  4  44  1208  382  330  3  -2  
15  4  44  1218  382  330  3  -2  
15  4  44  1225  382  330  3  -2  
15  4  44  1236  382  330  3  -2  
15  4  44  1243  382  330  3  -2  
15  4  44  1252  381  329  3  -2  
15  4  44  1258  380  329  3  -2  
15  4  44  1268  379  329  3  -2  
15  4  44  1274  377  329  3  -2  
15  4  44  1286  373  328  3  -2  
15  4  44  1293  372  328  3  -2  
15  4  44  1301  370  328  3  -2  
15  4  44  1307  368  327  3  -2  
15  4  44  1317  368  326  3  -2  
15  4  44  1325  368  326  3  -2  
15  4  45  1336  368  326  3  -2  
15  4  45  1344  368  326  3  -2  
15  4  45  1353  368  326  3  -2  
15  4  45  1362  368  326  3  -2  
15  4  45  1370  368  326  3  -2  
15  4  45  1380  368  326  3  -2  
15  4  45  1388  368  326  3  -2  
15  4  45  1399  368  326  3  -2  
15  4  45  1407  369  325  3  -2  
15  4  45  1418  375  325  3  -2  
15  4  45  1426  385  324  3  -2  
15  4  45  1435  399  324  3  -2  
15  4  45  1444  412  324  3  -2  
15  4  45  1451  427  323  3  -2  
15  4  45  1459  442  323  3  -2  
15  4  45  1468  455  320  3  -2  
15  4  45  1476  467  320  3  -2  
15  4  45  1484  477  320  3  -2  
15  4  45  1493  486  320  3  -2  
15  4  45  1501  496  320  4  -2  
15  4  45  1509  502  320  4  -2  
15  4  45  1517  508  320  4  -2  
15  4  45  1527  511  320  4  -2  
15  4  45  1534  516  320  4  -2  
15  4  45  1543  516  320  4  -2  
15  4  45  1551  517  320  4  -2  
15  4  45  1559  518  320  4  -2  
15  4  45  1568  521  319  4  -2  
15  4  45  1577  524  319  4  -2  
15  4  45  1584  526  319  4  -2  
15  4  45  1594  531  319  4  -2  
15  4  45  1602  537  319  4  -2  
15  4  45  1609  545  319  4  -2  
15  4  45  1617  552  319  4  -2  
15  4  45  1626  557  319  4  -2  
15  4  45  1634  561  319  4  -2  
15  4  45  1643  561  319  4  -2  
15  4  45  1650  562  319  4  -2  
15  4  45  1659  562  319  4  -2  
15  4  45  1667  562  319  4  -2  
15  4  45  1676  563  318  4  -2  
15  4  45  1684  563  318  4  -2  
15  4  45  1693  563  318  4  -2  
15  4  45  1702  563  318  4  -2  
15  4  45  1709  563  318  4  -2  
15  4  45  1719  563  318  4  -2  
15  4  45  1728  562  318  4  -2  
15  4  45  1735  557  318  4  -2  
15  4  45  1744  551  318  4  -2  
15  4  45  1754  545  318  4  -2  
15  4  45  1761  535  318  4  -2  
15  4  45  1770  525  318  4  -2  
15  4  45  1777  515  318  4  -2  
15  4  45  1786  503  318  4  -2  
15  4  45  1794  493  318  4  -2  
15  4  45  1803  483  318  4  -2  
15  4  45  1810  474  318  4  -2  
15  4  45  1819  466  318  4  -2  
15  4  45  1829  459  318  4  -2  
15  4  45  1837  454  318  4  -2  
15  4  45  1848  447  318  4  -2  
15  4  45  1856  432  318  4  -2  
15  4  45  1867  425  318  4  -2  
15  4  45  1874  415  318  4  -2  
15  4  45  1885  407  318  4  -2  
15  4  45  1894  398  318  5  -2  
15  4  45  1903  383  318  5  -2  
15  4  45  1915  376  318  5  -2  
15  4  45  1922  371  318  5  -2  
15  4  45  1932  368  318  5  -2  
15  4  45  1940  363  318  5  -2  
15  4  45  1949  357  318  5  -2  
15  4  45  1956  354  318  5  -2  
15  4  45  1964  350  318  5  -2  
15  4  45  1976  348  318  5  -2  
15  4  45  1985  343  318  5  -2  
15  4  45  1993  340  318  5  -2  
15  4  45  2001  339  318  5  -2  
15  4  45  2009  336  318  5  -2  
15  4  45  2017  334  318  5  -2  
15  4  45  2026  334  318  5  -2  
15  4  45  2034  333  318  5  -2  
15  4  45  2043  333  318  5  -2  
15  4  45  2051  333  318  5  -2  
15  4  45  2059  333  318  5  -2  
15  4  45  2067  333  318  5  -2  
15  4  45  2075  333  318  5  -2  
15  4  45  2084  333  318  5  -2  
15  4  45  2093  333  318  5  -2  
15  4  45  2101  333  318  5  -2  
15  4  45  2109  333  318  5  -2  
15  4  45  2117  333  318  5  -2  
15  4  45  2126  333  318  5  -2  
15  4  45  2134  333  318  5  -2  
15  4  45  2143  333  318  5  -2  
15  4  45  2152  333  318  5  -2  
15  4  45  2160  333  318  5  -2  
15  4  45  2168  333  318  5  -2  
15  4  45  2176  333  318  5  -2  
15  4  45  2184  333  318  5  -2  
15  4  45  2193  333  318  5  -2  
15  4  45  2202  333  318  5  -2  
15  4  45  2210  333  318  5  -2  
15  4  45  2218  333  318  5  -2  
15  4  45  2226  333  318  5  -2  
15  4  45  2235  333  318  5  -2  
15  4  45  2243  333  318  5  -2  
