10  39  26  0  355  309  1  -2  
10  39  26  6  355  309  1  -2  
10  39  26  17  355  309  1  -2  
10  39  26  24  355  309  1  -2  
10  39  26  33  356  309  1  -2  
10  39  26  39  356  309  1  -2  
10  39  26  50  356  309  1  -2  
10  39  26  57  356  309  1  -2  
10  39  26  67  357  309  1  -2  
10  39  26  74  357  309  1  -2  
10  39  26  84  357  309  1  -2  
10  39  26  91  357  309  1  -2  
10  39  26  100  357  309  1  -2  
10  39  26  108  359  309  1  -2  
10  39  26  116  359  309  1  -2  
10  39  26  124  360  309  1  -2  
10  39  26  133  361  309  1  -2  
10  39  26  140  363  309  1  -2  
10  39  26  149  365  309  1  -2  
10  39  26  157  368  309  1  -2  
10  39  26  167  371  309  1  -2  
10  39  26  175  374  309  1  -2  
10  39  26  183  382  309  1  -2  
10  39  26  193  382  309  1  -2  
10  39  26  200  391  309  1  -2  
10  39  26  210  399  309  1  -2  
10  39  26  218  406  310  1  -2  
10  39  26  227  418  313  1  -2  
10  39  26  237  427  314  1  -2  
10  39  26  246  437  315  1  -2  
10  39  26  254  449  316  1  -2  
10  39  26  261  456  319  1  -2  
10  39  26  270  466  320  1  -2  
10  39  26  279  473  320  1  -2  
10  39  26  286  480  321  1  -2  
10  39  26  296  487  322  1  -2  
10  39  26  304  501  325  2  -2  
10  39  26  312  506  326  2  -2  
10  39  26  321  507  326  2  -2  
10  39  26  330  508  326  2  -2  
10  39  26  339  508  326  2  -2  
10  39  26  350  508  326  2  -2  
10  39  26  357  508  326  2  -2  
10  39  26  367  508  326  2  -2  
10  39  26  374  508  326  2  -2  
10  39  26  383  508  326  2  -2  
10  39  26  390  508  326  2  -2  
10  39  26  400  508  326  2  -2  
10  39  26  406  508  326  2  -2  
10  39  26  417  508  326  2  -2  
10  39  26  424  510  326  2  -2  
10  39  26  433  510  326  2  -2  
10  39  26  440  510  326  2  -2  
10  39  26  449  510  326  2  -2  
10  39  26  458  510  326  2  -2  
10  39  26  467  510  326  2  -2  
10  39  26  474  510  326  2  -2  
10  39  26  483  510  326  2  -2  
10  39  26  492  510  326  2  -2  
10  39  26  500  510  326  2  -2  
10  39  26  509  510  326  2  -2  
10  39  26  518  510  326  2  -2  
10  39  26  527  510  326  2  -2  
10  39  26  536  510  326  2  -2  
10  39  26  542  510  326  2  -2  
10  39  26  550  510  326  2  -2  
10  39  26  560  510  326  2  -2  
10  39  26  568  510  326  2  -2  
10  39  26  576  510  326  2  -2  
10  39  26  584  510  326  2  -2  
10  39  26  593  510  326  2  -2  
10  39  26  601  510  326  2  -2  
10  39  26  610  510  326  2  -2  
10  39  26  618  510  326  2  -2  
10  39  26  626  510  326  2  -2  
10  39  26  636  510  326  2  -2  
10  39  26  644  510  326  2  -2  
10  39  26  653  511  326  2  -2  
10  39  26  660  511  326  2  -2  
10  39  26  668  511  326  2  -2  
10  39  26  677  511  326  2  -2  
10  39  26  687  511  326  2  -2  
10  39  26  696  511  326  2  -2  
10  39  26  702  511  326  2  -2  
10  39  26  710  511  326  2  -2  
10  39  26  720  508  326  2  -2  
10  39  26  728  501  326  2  -2  
10  39  26  736  495  326  2  -2  
10  39  26  747  492  326  2  -2  
10  39  26  752  487  326  2  -2  
10  39  26  764  482  326  2  -2  
10  39  26  769  476  326  2  -2  
10  39  26  780  471  326  2  -2  
10  39  26  786  465  326  2  -2  
10  39  26  795  459  326  2  -2  
10  39  26  804  454  326  2  -2  
10  39  26  812  449  326  2  -2  
10  39  26  821  445  326  2  -2  
10  39  26  830  443  326  2  -2  
10  39  26  838  440  326  2  -2  
10  39  26  849  436  326  2  -2  
10  39  26  858  431  326  2  -2  
10  39  26  867  427  326  2  -2  
10  39  26  875  426  326  2  -2  
10  39  27  883  424  326  2  -2  
10  39  27  890  423  326  2  -2  
10  39  27  900  423  326  2  -2  
10  39  27  908  423  326  2  -2  
10  39  27  921  423  326  2  -2  
10  39  27  931  423  326  2  -2  
10  39  27  939  423  326  2  -2  
10  39  27  948  423  326  2  -2  
10  39  27  955  423  326  2  -2  
10  39  27  966  420  326  2  -2  
10  39  27  971  419  327  2  -2  
10  39  27  982  417  329  2  -2  
10  39  27  988  415  330  2  -2  
10  39  27  999  413  331  2  -2  
10  39  27  1006  413  331  2  -2  
10  39  27  1016  412  331  2  -2  
10  39  27  1024  412  331  2  -2  
10  39  27  1033  412  331  2  -2  
10  39  27  1041  412  331  2  -2  
10  39  27  1049  412  331  2  -2  
10  39  27  1057  411  331  2  -2  
10  39  27  1067  411  331  2  -2  
10  39  27  1074  410  333  2  -2  
10  39  27  1082  410  333  2  -2  
10  39  27  1092  410  333  2  -2  
10  39  27  1100  410  333  2  -2  
10  39  27  1108  409  333  2  -2  
10  39  27  1117  409  333  2  -2  
10  39  27  1126  409  333  2  -2  
10  39  27  1134  409  333  2  -2  
10  39  27  1141  409  333  2  -2  
10  39  27  1151  409  333  2  -2  
10  39  27  1158  409  333  2  -2  
10  39  27  1167  409  333  2  -2  
10  39  27  1176  409  333  2  -2  
10  39  27  1185  409  333  2  -2  
10  39  27  1193  409  333  2  -2  
10  39  27  1201  409  333  2  -2  
10  39  27  1210  409  333  2  -2  
10  39  27  1217  408  333  2  -2  
10  39  27  1227  407  333  2  -2  
10  39  27  1237  407  333  2  -2  
10  39  27  1246  407  333  2  -2  
10  39  27  1254  405  332  2  -2  
10  39  27  1263  405  332  2  -2  
10  39  27  1269  404  332  2  -2  
10  39  27  1281  404  332  2  -2  
10  39  27  1289  400  332  2  -2  
10  39  27  1299  396  331  3  -2  
10  39  27  1306  394  330  3  -2  
10  39  27  1316  390  329  3  -2  
10  39  27  1323  388  329  3  -2  
10  39  27  1334  387  328  3  -2  
10  39  27  1342  386  327  3  -2  
10  39  27  1350  386  327  3  -2  
10  39  27  1358  386  327  3  -2  
10  39  27  1368  386  327  3  -2  
10  39  27  1376  386  327  3  -2  
10  39  27  1383  385  327  3  -2  
10  39  27  1392  385  327  3  -2  
10  39  27  1400  385  327  3  -2  
10  39  27  1408  385  327  3  -2  
10  39  27  1417  385  327  3  -2  
10  39  27  1426  385  327  3  -2  
10  39  27  1433  385  327  3  -2  
10  39  27  1441  385  327  3  -2  
10  39  27  1449  385  327  3  -2  
10  39  27  1458  385  327  3  -2  
10  39  27  1467  385  327  3  -2  
10  39  27  1476  385  327  3  -2  
10  39  27  1484  385  327  3  -2  
10  39  27  1492  385  327  3  -2  
10  39  27  1501  385  327  3  -2  
10  39  27  1508  385  327  3  -2  
10  39  27  1516  385  327  3  -2  
10  39  27  1526  385  327  3  -2  
10  39  27  1535  385  327  3  -2  
10  39  27  1542  385  327  3  -2  
10  39  27  1552  385  327  3  -2  
10  39  27  1559  385  327  3  -2  
10  39  27  1568  385  327  3  -2  
10  39  27  1577  385  327  3  -2  
10  39  27  1586  385  327  3  -2  
10  39  27  1597  385  327  3  -2  
10  39  27  1604  385  327  3  -2  
10  39  27  1613  385  327  3  -2  
10  39  27  1621  385  327  3  -2  
10  39  27  1630  385  327  3  -2  
10  39  27  1636  385  327  3  -2  
10  39  27  1647  385  327  3  -2  
10  39  27  1653  385  327  3  -2  
10  39  27  1663  385  327  3  -2  
10  39  27  1669  385  327  3  -2  
10  39  27  1679  385  327  3  -2  
10  39  27  1685  385  327  3  -2  
10  39  27  1697  385  327  3  -2  
10  39  27  1702  385  327  3  -2  
10  39  27  1712  385  327  3  -2  
10  39  27  1720  395  327  3  -2  
10  39  27  1731  407  325  3  -2  
10  39  27  1737  419  323  3  -2  
10  39  27  1748  436  322  3  -2  
10  39  27  1755  451  316  3  -2  
10  39  27  1765  463  316  3  -2  
10  39  27  1771  475  311  3  -2  
10  39  27  1781  485  310  3  -2  
10  39  27  1789  495  308  4  -2  
10  39  27  1799  506  307  4  -2  
10  39  27  1807  529  303  4  -2  
10  39  27  1818  529  303  4  -2  
10  39  27  1830  547  301  4  -2  
10  39  27  1842  552  301  4  -2  
10  39  27  1852  556  299  4  -2  
10  39  27  1859  558  299  4  -2  
10  39  27  1867  558  299  4  -2  
10  39  28  1877  561  298  4  -2  
10  39  28  1885  561  298  4  -2  
10  39  28  1895  562  298  4  -2  
10  39  28  1901  562  298  4  -2  
10  39  28  1909  562  298  4  -2  
10  39  28  1918  562  298  4  -2  
10  39  28  1927  562  298  4  -2  
10  39  28  1936  562  298  4  -2  
10  39  28  1945  565  298  4  -2  
10  39  28  1954  565  298  4  -2  
10  39  28  1965  565  298  4  -2  
10  39  28  1973  565  298  4  -2  
10  39  28  1981  565  298  4  -2  
10  39  28  1990  565  298  4  -2  
10  39  28  1998  565  298  4  -2  
10  39  28  2006  565  298  4  -2  
10  39  28  2015  565  298  4  -2  
10  39  28  2020  565  298  4  -2  
10  39  28  2031  565  298  4  -2  
10  39  28  2039  565  298  4  -2  
10  39  28  2049  565  298  4  -2  
10  39  28  2056  565  297  4  -2  
10  39  28  2065  565  297  4  -2  
10  39  28  2071  565  297  4  -2  
10  39  28  2081  565  297  4  -2  
10  39  28  2092  565  297  4  -2  
10  39  28  2102  565  297  4  -2  
10  39  28  2113  565  297  4  -2  
10  39  28  2122  565  297  4  -2  
10  39  28  2132  565  297  4  -2  
10  39  28  2140  565  297  4  -2  
10  39  28  2148  565  297  4  -2  
10  39  28  2156  565  297  4  -2  
10  39  28  2165  564  298  4  -2  
10  39  28  2174  562  299  4  -2  
10  39  28  2182  561  300  4  -2  
10  39  28  2191  557  300  4  -2  
10  39  28  2199  554  302  4  -2  
10  39  28  2210  551  302  4  -2  
10  39  28  2218  542  304  4  -2  
10  39  28  2227  537  305  4  -2  
10  39  28  2236  531  307  4  -2  
10  39  28  2246  526  309  4  -2  
10  39  28  2253  519  310  4  -2  
10  39  28  2263  510  314  4  -2  
10  39  28  2270  503  315  4  -2  
10  39  28  2284  496  316  4  -2  
10  39  28  2293  477  321  4  -2  
10  39  28  2301  470  322  4  -2  
10  39  28  2310  463  324  4  -2  
10  39  28  2318  454  327  4  -2  
10  39  28  2328  447  329  4  -2  
10  39  28  2336  441  330  4  -2  
10  39  28  2346  430  334  4  -2  
10  39  28  2352  423  338  4  -2  
10  39  28  2362  422  338  4  -2  
10  39  28  2370  419  339  4  -2  
10  39  28  2380  414  341  4  -2  
10  39  28  2387  413  343  4  -2  
10  39  28  2397  410  343  4  -2  
10  39  28  2404  409  344  4  -2  
10  39  28  2414  408  345  4  -2  
10  39  28  2421  405  346  4  -2  
10  39  28  2431  402  348  4  -2  
10  39  28  2437  399  349  4  -2  
10  39  28  2448  396  350  4  -2  
10  39  28  2454  390  353  4  -2  
10  39  28  2465  390  353  4  -2  
10  39  28  2470  385  354  4  -2  
10  39  28  2481  385  354  4  -2  
10  39  28  2489  385  354  4  -2  
10  39  28  2498  385  354  4  -2  
10  39  28  2504  385  354  4  -2  
10  39  28  2514  385  354  4  -2  
10  39  28  2522  385  354  4  -2  
10  39  28  2531  385  354  4  -2  
10  39  28  2539  385  354  4  -2  
10  39  28  2548  385  354  4  -2  
10  39  28  2555  385  354  4  -2  
10  39  28  2565  385  354  4  -2  
10  39  28  2572  385  354  4  -2  
10  39  28  2581  385  354  4  -2  
10  39  28  2589  385  354  4  -2  
10  39  28  2600  385  354  4  -2  
10  39  28  2606  385  354  4  -2  
10  39  28  2614  385  354  4  -2  
10  39  28  2623  385  354  4  -2  
10  39  28  2631  385  354  4  -2  
10  39  28  2640  385  354  4  -2  
10  39  28  2648  385  354  4  -2  
10  39  28  2656  385  354  4  -2  
10  39  28  2665  385  354  4  -2  
10  39  28  2673  385  354  4  -2  
10  39  28  2681  385  354  4  -2  
10  39  28  2689  385  354  4  -2  
10  39  28  2699  385  354  4  -2  
10  39  28  2707  385  354  4  -2  
