10  39  49  0  372  320  1  -2  
10  39  49  9  372  320  1  -2  
10  39  49  15  372  320  1  -2  
10  39  49  23  372  320  1  -2  
10  39  49  32  372  320  1  -2  
10  39  49  41  372  320  1  -2  
10  39  49  50  372  320  1  -2  
10  39  49  61  372  320  1  -2  
10  39  49  66  372  320  1  -2  
10  39  49  77  372  320  1  -2  
10  39  49  82  373  319  1  -2  
10  39  49  93  373  319  1  -2  
10  39  49  99  375  318  1  -2  
10  39  49  110  375  318  1  -2  
10  39  49  117  376  317  1  -2  
10  39  49  127  378  317  1  -2  
10  39  49  134  379  317  1  -2  
10  39  49  144  382  316  1  -2  
10  39  49  151  383  316  1  -2  
10  39  49  160  386  316  1  -2  
10  39  50  167  389  316  1  -2  
10  39  50  177  392  316  1  -2  
10  39  50  184  399  316  1  -2  
10  39  50  193  405  316  1  -2  
10  39  50  200  414  316  1  -2  
10  39  50  210  422  316  1  -2  
10  39  50  217  431  316  1  -2  
10  39  50  227  442  316  1  -2  
10  39  50  233  451  316  1  -2  
10  39  50  244  462  316  1  -2  
10  39  50  251  472  316  1  -2  
10  39  50  261  482  316  1  -2  
10  39  50  268  513  318  2  -2  
10  39  50  277  513  318  2  -2  
10  39  50  284  539  319  2  -2  
10  39  50  293  539  319  2  -2  
10  39  50  301  555  322  2  -2  
10  39  50  311  557  322  2  -2  
10  39  50  317  558  322  2  -2  
10  39  50  326  558  322  2  -2  
10  39  50  334  558  322  2  -2  
10  39  50  343  558  322  2  -2  
10  39  50  351  558  322  2  -2  
10  39  50  360  558  322  2  -2  
10  39  50  367  558  322  2  -2  
10  39  50  377  558  322  2  -2  
10  39  50  384  558  322  2  -2  
10  39  50  394  558  322  2  -2  
10  39  50  401  558  322  2  -2  
10  39  50  412  558  322  2  -2  
10  39  50  418  558  322  2  -2  
10  39  50  428  558  322  2  -2  
10  39  50  435  558  322  2  -2  
10  39  50  445  558  322  2  -2  
10  39  50  454  558  322  2  -2  
10  39  50  464  558  322  2  -2  
10  39  50  474  558  322  2  -2  
10  39  50  482  558  322  2  -2  
10  39  50  494  558  322  2  -2  
10  39  50  500  558  322  2  -2  
10  39  50  511  558  322  2  -2  
10  39  50  517  558  322  2  -2  
10  39  50  528  558  322  2  -2  
10  39  50  535  558  322  2  -2  
10  39  50  544  558  322  2  -2  
10  39  50  551  558  322  2  -2  
10  39  50  561  558  322  2  -2  
10  39  50  567  558  322  2  -2  
10  39  50  577  558  322  2  -2  
10  39  50  585  558  322  2  -2  
10  39  50  594  558  322  2  -2  
10  39  50  601  558  322  2  -2  
10  39  50  610  558  322  2  -2  
10  39  50  616  558  323  2  -2  
10  39  50  626  557  323  2  -2  
10  39  50  633  555  323  2  -2  
10  39  50  643  553  324  2  -2  
10  39  50  650  550  325  2  -2  
10  39  50  660  548  325  2  -2  
10  39  50  668  539  326  2  -2  
10  39  50  676  539  326  2  -2  
10  39  50  684  528  326  2  -2  
10  39  50  693  519  326  2  -2  
10  39  50  701  511  326  2  -2  
10  39  50  710  501  326  2  -2  
10  39  50  717  494  326  2  -2  
10  39  50  727  487  326  2  -2  
10  39  50  733  480  326  2  -2  
10  39  50  743  474  326  2  -2  
10  39  50  751  470  326  2  -2  
10  39  50  760  465  326  2  -2  
10  39  50  767  456  326  2  -2  
10  39  50  778  451  326  2  -2  
10  39  50  784  443  326  2  -2  
10  39  50  794  436  329  2  -2  
10  39  50  802  425  330  2  -2  
10  39  50  812  419  330  2  -2  
10  39  50  820  412  330  2  -2  
10  39  50  829  403  331  2  -2  
10  39  50  839  400  331  2  -2  
10  39  50  848  400  331  2  -2  
10  39  50  857  400  331  2  -2  
10  39  50  864  399  331  2  -2  
10  39  50  874  399  331  2  -2  
10  39  50  880  399  331  2  -2  
10  39  50  890  399  331  2  -2  
10  39  50  896  399  331  2  -2  
10  39  50  907  399  331  2  -2  
10  39  50  914  399  331  2  -2  
10  39  50  922  398  331  2  -2  
10  39  50  930  397  332  2  -2  
10  39  50  940  397  332  2  -2  
10  39  50  947  396  332  2  -2  
10  39  50  957  394  332  3  -2  
10  39  50  964  393  333  3  -2  
10  39  50  974  392  333  3  -2  
10  39  50  980  392  333  3  -2  
10  39  50  990  392  333  3  -2  
10  39  50  997  392  333  3  -2  
10  39  50  1004  392  333  3  -2  
10  39  50  1014  392  333  3  -2  
10  39  50  1024  392  333  3  -2  
10  39  50  1031  392  333  3  -2  
10  39  50  1040  392  333  3  -2  
10  39  50  1046  392  333  3  -2  
10  39  50  1056  392  333  3  -2  
10  39  50  1064  392  333  3  -2  
10  39  50  1075  392  333  3  -2  
10  39  50  1082  392  333  3  -2  
10  39  50  1092  392  333  3  -2  
10  39  50  1100  392  333  3  -2  
10  39  50  1109  392  333  3  -2  
10  39  50  1117  392  333  3  -2  
10  39  50  1126  392  333  3  -2  
10  39  50  1133  392  333  3  -2  
10  39  50  1142  392  333  3  -2  
10  39  50  1149  392  333  3  -2  
10  39  50  1160  392  333  3  -2  
10  39  51  1166  392  333  3  -2  
10  39  51  1176  392  333  3  -2  
10  39  51  1181  392  333  3  -2  
10  39  51  1192  392  333  3  -2  
10  39  51  1200  392  333  3  -2  
10  39  51  1210  392  333  3  -2  
10  39  51  1216  392  333  3  -2  
10  39  51  1227  392  333  3  -2  
10  39  51  1235  392  333  3  -2  
10  39  51  1245  392  333  3  -2  
10  39  51  1254  392  333  3  -2  
10  39  51  1262  392  333  3  -2  
10  39  51  1273  392  333  3  -2  
10  39  51  1281  392  333  3  -2  
10  39  51  1291  392  333  3  -2  
10  39  51  1298  392  333  3  -2  
10  39  51  1310  392  333  3  -2  
10  39  51  1318  392  333  3  -2  
10  39  51  1328  392  333  3  -2  
10  39  51  1338  392  333  3  -2  
10  39  51  1345  392  333  3  -2  
10  39  51  1355  392  333  3  -2  
10  39  51  1362  392  333  3  -2  
10  39  51  1370  394  333  3  -2  
10  39  51  1380  397  333  3  -2  
10  39  51  1388  401  333  3  -2  
10  39  51  1397  406  332  3  -2  
10  39  51  1405  420  328  3  -2  
10  39  51  1414  430  328  3  -2  
10  39  51  1423  442  325  3  -2  
10  39  51  1431  451  325  3  -2  
10  39  51  1439  462  325  3  -2  
10  39  51  1447  474  325  3  -2  
10  39  51  1457  483  323  3  -2  
10  39  51  1463  488  323  3  -2  
10  39  51  1472  493  323  3  -2  
10  39  51  1481  498  322  4  -2  
10  39  51  1490  502  322  4  -2  
10  39  51  1497  506  322  4  -2  
10  39  51  1507  508  322  4  -2  
10  39  51  1514  510  322  4  -2  
10  39  51  1525  511  322  4  -2  
10  39  51  1532  512  322  4  -2  
10  39  51  1544  512  322  4  -2  
10  39  51  1551  512  322  4  -2  
10  39  51  1561  512  322  4  -2  
10  39  51  1568  512  322  4  -2  
10  39  51  1577  512  322  4  -2  
10  39  51  1585  512  322  4  -2  
10  39  51  1593  512  322  4  -2  
10  39  51  1602  512  322  4  -2  
10  39  51  1611  513  322  4  -2  
10  39  51  1619  513  322  4  -2  
10  39  51  1626  514  322  4  -2  
10  39  51  1635  515  322  4  -2  
10  39  51  1643  517  322  4  -2  
10  39  51  1651  519  322  4  -2  
10  39  51  1661  519  321  4  -2  
10  39  51  1669  522  321  4  -2  
10  39  51  1676  522  321  4  -2  
10  39  51  1684  522  321  4  -2  
10  39  51  1693  522  321  4  -2  
10  39  51  1701  522  321  4  -2  
10  39  51  1711  522  321  4  -2  
10  39  51  1719  522  321  4  -2  
10  39  51  1726  522  321  4  -2  
10  39  51  1735  522  321  4  -2  
10  39  51  1743  522  321  4  -2  
10  39  51  1751  523  321  4  -2  
10  39  51  1761  524  320  4  -2  
10  39  51  1769  524  320  4  -2  
10  39  51  1776  524  320  4  -2  
10  39  51  1786  524  320  4  -2  
10  39  51  1793  524  320  4  -2  
10  39  51  1804  524  320  4  -2  
10  39  51  1813  524  320  4  -2  
10  39  51  1824  524  320  4  -2  
10  39  51  1833  524  320  4  -2  
10  39  51  1844  524  320  4  -2  
10  39  51  1852  524  320  4  -2  
10  39  51  1862  524  320  4  -2  
10  39  51  1873  524  320  4  -2  
10  39  51  1882  524  320  4  -2  
10  39  51  1893  524  320  4  -2  
10  39  51  1901  524  320  4  -2  
10  39  51  1911  524  320  4  -2  
10  39  51  1918  523  320  4  -2  
10  39  51  1927  523  320  4  -2  
10  39  51  1936  522  320  4  -2  
10  39  51  1944  521  320  4  -2  
10  39  51  1951  519  320  4  -2  
10  39  51  1961  517  320  4  -2  
10  39  51  1969  512  320  4  -2  
10  39  51  1976  506  323  4  -2  
10  39  51  1984  496  324  4  -2  
10  39  51  1993  488  324  4  -2  
10  39  51  2002  474  324  4  -2  
10  39  51  2010  461  324  4  -2  
10  39  51  2017  450  324  4  -2  
10  39  51  2026  438  324  4  -2  
10  39  51  2034  431  324  4  -2  
10  39  51  2043  426  324  4  -2  
10  39  51  2052  422  324  4  -2  
10  39  51  2060  421  324  4  -2  
10  39  51  2069  419  324  4  -2  
10  39  51  2076  417  324  4  -2  
10  39  51  2086  417  324  4  -2  
10  39  51  2094  410  324  4  -2  
10  39  51  2103  406  324  4  -2  
10  39  51  2112  400  324  4  -2  
