10  40  56  0  380  313  1  -2  
10  40  56  7  380  313  1  -2  
10  40  56  16  380  313  1  -2  
10  40  56  25  380  313  1  -2  
10  40  56  34  380  312  1  -2  
10  40  56  41  380  312  1  -2  
10  40  56  50  380  312  1  -2  
10  40  56  57  382  312  1  -2  
10  40  56  66  382  312  1  -2  
10  40  56  75  382  312  1  -2  
10  40  56  83  383  312  1  -2  
10  40  56  91  384  312  1  -2  
10  40  56  100  384  312  1  -2  
10  40  56  107  385  312  1  -2  
10  40  56  117  386  312  1  -2  
10  40  56  125  388  312  1  -2  
10  40  56  133  390  312  1  -2  
10  40  56  140  393  312  1  -2  
10  40  56  150  397  312  1  -2  
10  40  56  157  402  312  1  -2  
10  40  56  166  405  312  1  -2  
10  40  56  174  410  312  1  -2  
10  40  56  183  416  312  1  -2  
10  40  56  190  419  312  1  -2  
10  40  56  199  424  312  1  -2  
10  40  56  208  429  312  1  -2  
10  40  56  218  433  312  1  -2  
10  40  56  226  443  312  1  -2  
10  40  56  234  452  312  1  -2  
10  40  56  243  459  312  1  -2  
10  40  56  251  464  312  1  -2  
10  40  56  258  469  313  1  -2  
10  40  56  267  473  313  1  -2  
10  40  56  275  476  314  1  -2  
10  40  56  284  476  314  1  -2  
10  40  56  293  476  314  1  -2  
10  40  56  300  476  314  1  -2  
10  40  56  309  476  314  1  -2  
10  40  56  317  476  314  1  -2  
10  40  56  325  476  314  1  -2  
10  40  56  334  476  314  1  -2  
10  40  56  343  476  314  1  -2  
10  40  56  351  476  314  1  -2  
10  40  56  358  476  314  1  -2  
10  40  56  368  476  314  1  -2  
10  40  56  375  476  314  1  -2  
10  40  56  383  476  314  1  -2  
10  40  56  390  476  314  1  -2  
10  40  56  400  476  314  1  -2  
10  40  56  408  477  314  1  -2  
10  40  56  416  477  314  1  -2  
10  40  56  425  477  314  1  -2  
10  40  56  433  477  314  1  -2  
10  40  56  442  477  314  1  -2  
10  40  56  450  478  314  1  -2  
10  40  56  457  480  314  1  -2  
10  40  56  467  485  314  1  -2  
10  40  56  477  494  315  1  -2  
10  40  56  486  506  318  2  -2  
10  40  56  496  516  319  2  -2  
10  40  56  504  526  320  2  -2  
10  40  56  514  540  322  2  -2  
10  40  56  523  543  324  2  -2  
10  40  56  531  543  324  2  -2  
10  40  56  539  543  324  2  -2  
10  40  56  548  543  324  2  -2  
10  40  56  554  543  324  2  -2  
10  40  56  566  543  324  2  -2  
10  40  56  570  543  324  2  -2  
10  40  56  581  543  324  2  -2  
10  40  56  588  543  324  2  -2  
10  40  56  598  543  324  2  -2  
10  40  56  604  543  324  2  -2  
10  40  56  614  543  324  2  -2  
10  40  56  621  543  324  2  -2  
10  40  56  632  543  324  2  -2  
10  40  56  638  543  324  2  -2  
10  40  56  648  543  324  2  -2  
10  40  56  654  543  324  2  -2  
10  40  56  664  543  324  2  -2  
10  40  56  671  543  324  2  -2  
10  40  56  682  543  324  2  -2  
10  40  57  688  543  324  2  -2  
10  40  57  698  543  324  2  -2  
10  40  57  704  543  324  2  -2  
10  40  57  716  543  324  2  -2  
10  40  57  722  543  324  2  -2  
10  40  57  731  541  324  2  -2  
10  40  57  738  540  324  2  -2  
10  40  57  748  538  324  2  -2  
10  40  57  755  537  324  2  -2  
10  40  57  765  534  324  2  -2  
10  40  57  772  530  324  2  -2  
10  40  57  781  527  324  2  -2  
10  40  57  788  522  325  2  -2  
10  40  57  798  517  325  2  -2  
10  40  57  805  509  325  2  -2  
10  40  57  817  500  325  2  -2  
10  40  57  822  479  325  2  -2  
10  40  57  832  479  325  2  -2  
10  40  57  839  469  325  2  -2  
10  40  57  848  459  325  2  -2  
10  40  57  857  445  325  2  -2  
10  40  57  866  440  325  2  -2  
10  40  57  873  436  325  2  -2  
10  40  57  882  435  325  2  -2  
10  40  57  888  433  325  2  -2  
10  40  57  898  433  325  2  -2  
10  40  57  907  433  325  2  -2  
10  40  57  916  433  325  2  -2  
10  40  57  923  433  325  2  -2  
10  40  57  932  433  325  2  -2  
10  40  57  939  433  325  2  -2  
10  40  57  948  433  325  2  -2  
10  40  57  956  433  325  2  -2  
10  40  57  966  433  325  2  -2  
10  40  57  973  433  325  2  -2  
10  40  57  982  433  325  2  -2  
10  40  57  989  433  325  2  -2  
10  40  57  998  433  325  2  -2  
10  40  57  1006  432  325  2  -2  
10  40  57  1016  432  325  2  -2  
10  40  57  1023  431  325  2  -2  
10  40  57  1032  429  325  2  -2  
10  40  57  1040  427  326  2  -2  
10  40  57  1050  425  326  2  -2  
10  40  57  1057  424  326  2  -2  
10  40  57  1066  424  326  2  -2  
10  40  57  1074  423  326  2  -2  
10  40  57  1083  420  326  2  -2  
10  40  57  1091  415  326  2  -2  
10  40  57  1099  408  326  2  -2  
10  40  57  1107  400  326  2  -2  
10  40  57  1115  391  326  3  -2  
10  40  57  1124  381  326  3  -2  
10  40  57  1133  373  326  3  -2  
10  40  57  1140  368  326  3  -2  
10  40  57  1148  365  326  3  -2  
10  40  57  1157  364  326  3  -2  
10  40  57  1165  364  326  3  -2  
10  40  57  1175  364  326  3  -2  
10  40  57  1182  364  326  3  -2  
10  40  57  1190  364  326  3  -2  
10  40  57  1199  364  326  3  -2  
10  40  57  1207  364  326  3  -2  
10  40  57  1215  364  326  3  -2  
10  40  57  1225  364  326  3  -2  
10  40  57  1233  364  326  3  -2  
10  40  57  1240  364  326  3  -2  
10  40  57  1248  364  326  3  -2  
10  40  57  1257  364  326  3  -2  
10  40  57  1265  364  326  3  -2  
10  40  57  1274  364  326  3  -2  
10  40  57  1283  364  326  3  -2  
10  40  57  1290  364  326  3  -2  
10  40  57  1299  364  326  3  -2  
10  40  57  1307  364  326  3  -2  
10  40  57  1316  364  326  3  -2  
10  40  57  1324  364  326  3  -2  
10  40  57  1333  364  326  3  -2  
10  40  57  1340  364  326  3  -2  
10  40  57  1349  364  326  3  -2  
10  40  57  1357  364  326  3  -2  
10  40  57  1366  364  326  3  -2  
10  40  57  1374  364  326  3  -2  
10  40  57  1382  364  326  3  -2  
10  40  57  1390  364  326  3  -2  
10  40  57  1400  364  326  3  -2  
10  40  57  1407  364  326  3  -2  
10  40  57  1416  364  326  3  -2  
10  40  57  1425  364  326  3  -2  
10  40  57  1432  367  326  3  -2  
10  40  57  1442  367  326  3  -2  
10  40  57  1449  384  331  3  -2  
10  40  57  1458  398  333  3  -2  
10  40  57  1467  413  336  3  -2  
10  40  57  1475  431  337  3  -2  
10  40  57  1483  450  340  3  -2  
10  40  57  1491  469  343  3  -2  
10  40  57  1499  486  346  3  -2  
10  40  57  1507  499  347  3  -2  
10  40  57  1516  510  350  3  -2  
10  40  57  1525  515  350  3  -2  
10  40  57  1533  516  350  3  -2  
10  40  57  1542  517  350  3  -2  
10  40  57  1550  517  350  3  -2  
10  40  57  1558  517  350  3  -2  
10  40  57  1567  517  350  3  -2  
10  40  57  1575  519  350  3  -2  
10  40  57  1584  519  350  3  -2  
10  40  57  1591  521  350  3  -2  
10  40  57  1601  524  350  3  -2  
10  40  57  1609  533  350  3  -2  
10  40  57  1616  535  350  3  -2  
10  40  57  1625  535  350  3  -2  
10  40  57  1634  537  350  3  -2  
10  40  57  1642  537  350  3  -2  
10  40  57  1649  538  350  3  -2  
10  40  57  1658  538  350  3  -2  
10  40  57  1667  538  350  3  -2  
10  40  57  1675  538  350  3  -2  
10  40  57  1684  538  350  3  -2  
10  40  58  1691  538  350  3  -2  
10  40  58  1701  538  350  3  -2  
10  40  58  1709  538  350  3  -2  
10  40  58  1717  538  350  3  -2  
10  40  58  1727  538  350  3  -2  
10  40  58  1735  538  350  3  -2  
10  40  58  1743  538  350  3  -2  
10  40  58  1752  538  350  3  -2  
10  40  58  1759  538  350  3  -2  
10  40  58  1767  538  350  3  -2  
10  40  58  1777  538  350  3  -2  
10  40  58  1785  538  350  3  -2  
10  40  58  1795  538  350  3  -2  
10  40  58  1803  538  350  3  -2  
10  40  58  1812  538  350  3  -2  
10  40  58  1818  538  350  3  -2  
10  40  58  1826  538  350  3  -2  
10  40  58  1835  538  350  3  -2  
10  40  58  1845  538  350  3  -2  
10  40  58  1853  538  350  3  -2  
10  40  58  1861  538  350  3  -2  
10  40  58  1869  538  350  3  -2  
10  40  58  1879  538  350  3  -2  
10  40  58  1885  538  350  3  -2  
10  40  58  1895  538  350  3  -2  
10  40  58  1901  538  350  3  -2  
10  40  58  1909  539  350  3  -2  
10  40  58  1919  539  350  3  -2  
10  40  58  1929  539  350  3  -2  
10  40  58  1935  539  350  3  -2  
10  40  58  1945  539  350  3  -2  
10  40  58  1953  539  350  3  -2  
10  40  58  1962  540  348  4  -2  
10  40  58  1969  540  348  4  -2  
10  40  58  1980  540  348  4  -2  
10  40  58  1986  540  348  4  -2  
10  40  58  1996  540  348  4  -2  
10  40  58  2004  542  346  4  -2  
10  40  58  2013  542  346  4  -2  
10  40  58  2019  542  346  4  -2  
10  40  58  2030  542  346  4  -2  
10  40  58  2036  542  346  4  -2  
10  40  58  2047  542  346  4  -2  
10  40  58  2054  542  346  4  -2  
10  40  58  2063  542  346  4  -2  
10  40  58  2070  542  346  4  -2  
10  40  58  2080  542  346  4  -2  
10  40  58  2087  542  346  4  -2  
10  40  58  2097  542  346  4  -2  
10  40  58  2104  542  346  4  -2  
10  40  58  2113  542  346  4  -2  
10  40  58  2119  542  346  4  -2  
10  40  58  2130  542  346  4  -2  
10  40  58  2136  542  346  4  -2  
10  40  58  2146  542  346  4  -2  
10  40  58  2153  542  346  4  -2  
10  40  58  2162  542  346  4  -2  
10  40  58  2169  542  346  4  -2  
10  40  58  2179  542  346  4  -2  
10  40  58  2187  541  346  4  -2  
10  40  58  2196  537  346  4  -2  
10  40  58  2202  534  346  4  -2  
10  40  58  2212  529  346  4  -2  
10  40  58  2219  525  346  4  -2  
10  40  58  2229  519  346  4  -2  
10  40  58  2236  513  346  4  -2  
10  40  58  2246  508  346  4  -2  
10  40  58  2254  503  346  4  -2  
10  40  58  2262  498  346  4  -2  
10  40  58  2269  493  346  4  -2  
10  40  58  2279  489  346  4  -2  
10  40  58  2286  484  346  4  -2  
10  40  58  2297  479  346  4  -2  
10  40  58  2302  459  346  4  -2  
10  40  58  2313  459  346  4  -2  
10  40  58  2320  432  341  4  -2  
10  40  58  2329  432  341  4  -2  
10  40  58  2337  402  340  4  -2  
