9  54  49  0  392  318  1  -2  
9  54  49  9  392  318  1  -2  
9  54  49  18  392  318  1  -2  
9  54  49  26  392  318  1  -2  
9  54  49  34  392  318  1  -2  
9  54  49  43  392  318  1  -2  
9  54  49  51  392  318  1  -2  
9  54  49  60  392  318  1  -2  
9  54  49  70  392  318  1  -2  
9  54  49  76  392  318  1  -2  
9  54  49  85  392  318  1  -2  
9  54  49  93  392  318  1  -2  
9  54  49  101  392  318  1  -2  
9  54  49  110  392  318  1  -2  
9  54  49  118  392  318  1  -2  
9  54  49  127  394  316  1  -2  
9  54  50  135  394  316  1  -2  
9  54  50  144  398  316  1  -2  
9  54  50  152  402  315  1  -2  
9  54  50  161  409  314  1  -2  
9  54  50  172  416  314  1  -2  
9  54  50  178  426  313  1  -2  
9  54  50  190  434  310  1  -2  
9  54  50  197  458  308  1  -2  
9  54  50  208  465  308  1  -2  
9  54  50  216  470  307  1  -2  
9  54  50  226  476  304  1  -2  
9  54  50  235  476  304  1  -2  
9  54  50  243  476  304  1  -2  
9  54  50  253  478  303  1  -2  
9  54  50  261  478  303  1  -2  
9  54  50  272  478  303  1  -2  
9  54  50  280  479  303  1  -2  
9  54  50  289  480  303  1  -2  
9  54  50  297  481  303  1  -2  
9  54  50  308  484  302  1  -2  
9  54  50  315  488  300  1  -2  
9  54  50  325  488  300  1  -2  
9  54  50  333  492  299  1  -2  
9  54  50  343  493  299  1  -2  
9  54  50  351  493  299  1  -2  
9  54  50  360  493  299  1  -2  
9  54  50  370  493  299  1  -2  
9  54  50  379  493  299  1  -2  
9  54  50  388  494  299  1  -2  
9  54  50  395  495  299  1  -2  
9  54  50  405  495  299  1  -2  
9  54  50  413  497  299  1  -2  
9  54  50  421  497  299  1  -2  
9  54  50  428  497  299  1  -2  
9  54  50  437  497  299  1  -2  
9  54  50  445  497  299  1  -2  
9  54  50  454  497  299  1  -2  
9  54  50  460  497  299  1  -2  
9  54  50  471  497  299  1  -2  
9  54  50  477  497  299  1  -2  
9  54  50  487  497  299  1  -2  
9  54  50  495  497  299  1  -2  
9  54  50  504  497  299  1  -2  
9  54  50  511  496  299  1  -2  
9  54  50  521  491  299  1  -2  
9  54  50  528  484  299  1  -2  
9  54  50  537  474  299  1  -2  
9  54  50  544  465  300  1  -2  
9  54  50  554  455  301  1  -2  
9  54  50  561  447  303  1  -2  
9  54  50  571  435  304  1  -2  
9  54  50  578  421  307  1  -2  
9  54  50  588  421  307  1  -2  
9  54  50  595  407  309  1  -2  
9  54  50  604  401  312  1  -2  
9  54  50  610  398  312  1  -2  
9  54  50  621  398  312  1  -2  
9  54  50  627  394  312  1  -2  
9  54  50  636  390  313  1  -2  
9  54  50  644  390  313  1  -2  
9  54  50  655  388  313  1  -2  
9  54  50  662  387  313  1  -2  
9  54  50  671  386  313  1  -2  
9  54  50  678  384  313  1  -2  
9  54  50  689  381  314  1  -2  
9  54  50  698  378  314  1  -2  
9  54  50  708  376  315  1  -2  
9  54  50  717  372  315  1  -2  
9  54  50  726  372  315  1  -2  
9  54  50  736  371  315  1  -2  
9  54  50  744  371  315  1  -2  
9  54  50  755  371  315  1  -2  
9  54  50  763  371  315  1  -2  
9  54  50  774  371  315  1  -2  
9  54  50  782  371  315  1  -2  
9  54  50  791  371  315  1  -2  
9  54  50  799  371  315  1  -2  
9  54  50  808  371  315  1  -2  
9  54  50  817  371  315  1  -2  
9  54  50  827  371  315  1  -2  
9  54  50  837  371  315  1  -2  
9  54  50  845  371  315  1  -2  
9  54  50  856  371  315  1  -2  
9  54  50  864  371  315  1  -2  
9  54  50  873  371  315  1  -2  
9  54  50  882  371  315  1  -2  
9  54  50  891  371  315  1  -2  
9  54  50  899  371  315  1  -2  
9  54  50  908  371  315  1  -2  
9  54  50  917  371  315  1  -2  
9  54  50  927  371  315  1  -2  
9  54  50  936  371  315  1  -2  
9  54  50  943  371  315  1  -2  
9  54  50  954  371  315  1  -2  
9  54  50  963  371  315  1  -2  
9  54  50  973  371  315  1  -2  
9  54  50  980  371  315  1  -2  
9  54  50  990  371  315  1  -2  
9  54  50  999  371  315  1  -2  
9  54  50  1009  371  315  1  -2  
9  54  50  1017  370  316  1  -2  
9  54  50  1026  370  316  1  -2  
9  54  50  1034  370  316  1  -2  
9  54  50  1044  370  316  1  -2  
9  54  50  1053  370  316  1  -2  
9  54  50  1062  370  316  1  -2  
9  54  50  1070  370  316  1  -2  
9  54  50  1078  369  316  1  -2  
9  54  50  1088  369  316  1  -2  
9  54  50  1096  369  316  1  -2  
9  54  50  1106  369  316  1  -2  
9  54  50  1114  369  316  1  -2  
9  54  50  1123  369  317  1  -2  
9  54  50  1130  369  317  1  -2  
9  54  51  1140  369  317  1  -2  
9  54  51  1148  371  319  1  -2  
9  54  51  1157  376  319  1  -2  
9  54  51  1166  386  321  1  -2  
9  54  51  1175  400  323  1  -2  
9  54  51  1183  414  323  1  -2  
9  54  51  1192  429  323  1  -2  
9  54  51  1199  450  323  1  -2  
9  54  51  1208  468  323  1  -2  
9  54  51  1216  486  324  1  -2  
9  54  51  1224  506  324  2  -2  
9  54  51  1233  524  325  2  -2  
9  54  51  1242  541  325  2  -2  
9  54  51  1249  553  325  2  -2  
9  54  51  1258  559  325  2  -2  
9  54  51  1266  563  325  2  -2  
9  54  51  1275  563  325  2  -2  
9  54  51  1283  564  325  2  -2  
9  54  51  1292  564  325  2  -2  
9  54  51  1299  564  325  2  -2  
9  54  51  1308  564  325  2  -2  
9  54  51  1316  564  325  2  -2  
9  54  51  1324  564  325  2  -2  
9  54  51  1333  564  325  2  -2  
9  54  51  1343  564  325  2  -2  
9  54  51  1351  564  325  2  -2  
9  54  51  1359  564  325  2  -2  
9  54  51  1367  564  325  2  -2  
9  54  51  1374  564  325  2  -2  
9  54  51  1383  564  325  2  -2  
9  54  51  1391  564  325  2  -2  
9  54  51  1400  564  325  2  -2  
9  54  51  1408  564  325  2  -2  
9  54  51  1416  564  325  2  -2  
9  54  51  1424  564  325  2  -2  
9  54  51  1433  564  325  2  -2  
9  54  51  1441  565  325  2  -2  
9  54  51  1451  565  325  2  -2  
9  54  51  1460  563  324  2  -2  
9  54  51  1466  555  323  2  -2  
9  54  51  1475  555  323  2  -2  
9  54  51  1484  542  323  2  -2  
9  54  51  1492  533  322  2  -2  
9  54  51  1503  523  322  2  -2  
9  54  51  1508  511  322  2  -2  
9  54  51  1517  500  322  2  -2  
9  54  51  1526  491  322  2  -2  
9  54  51  1534  480  322  2  -2  
9  54  51  1542  468  322  2  -2  
9  54  51  1551  458  322  2  -2  
9  54  51  1559  448  322  2  -2  
9  54  51  1566  440  322  2  -2  
9  54  51  1575  431  322  2  -2  
9  54  51  1584  429  322  2  -2  
9  54  51  1593  426  322  2  -2  
9  54  51  1601  425  322  2  -2  
9  54  51  1609  424  322  2  -2  
9  54  51  1617  423  322  2  -2  
9  54  51  1626  423  322  2  -2  
9  54  51  1635  423  322  2  -2  
9  54  51  1643  422  322  2  -2  
9  54  51  1650  422  322  2  -2  
9  54  51  1658  422  322  2  -2  
9  54  51  1668  422  322  2  -2  
9  54  51  1676  422  322  2  -2  
9  54  51  1685  421  322  2  -2  
9  54  51  1693  421  322  2  -2  
9  54  51  1701  419  322  2  -2  
9  54  51  1710  419  322  2  -2  
9  54  51  1718  417  322  2  -2  
9  54  51  1727  416  322  2  -2  
9  54  51  1735  415  322  2  -2  
9  54  51  1743  414  321  2  -2  
9  54  51  1751  414  321  2  -2  
9  54  51  1758  414  321  2  -2  
9  54  51  1767  414  321  2  -2  
9  54  51  1777  413  321  2  -2  
9  54  51  1784  413  321  2  -2  
9  54  51  1793  413  321  2  -2  
9  54  51  1800  413  320  2  -2  
9  54  51  1809  412  320  2  -2  
9  54  51  1817  410  320  2  -2  
9  54  51  1827  408  320  2  -2  
9  54  51  1835  405  320  2  -2  
9  54  51  1843  401  320  2  -2  
9  54  51  1851  400  319  2  -2  
9  54  51  1859  399  319  3  -2  
9  54  51  1868  399  319  3  -2  
9  54  51  1876  399  319  3  -2  
9  54  51  1884  398  319  3  -2  
9  54  51  1893  398  319  3  -2  
9  54  51  1904  398  319  3  -2  
9  54  51  1909  398  319  3  -2  
9  54  51  1917  398  319  3  -2  
9  54  51  1925  398  319  3  -2  
9  54  51  1935  398  319  3  -2  
9  54  51  1943  397  319  3  -2  
9  54  51  1951  397  319  3  -2  
9  54  51  1961  397  319  3  -2  
9  54  51  1969  397  319  3  -2  
9  54  51  1976  397  319  3  -2  
9  54  51  1985  397  319  3  -2  
9  54  51  1993  397  319  3  -2  
9  54  51  2003  397  319  3  -2  
9  54  51  2010  397  319  3  -2  
9  54  51  2018  397  319  3  -2  
9  54  51  2026  397  319  3  -2  
9  54  51  2035  397  319  3  -2  
9  54  51  2043  397  319  3  -2  
9  54  51  2053  397  319  3  -2  
9  54  51  2060  397  319  3  -2  
9  54  51  2068  397  319  3  -2  
9  54  51  2078  397  319  3  -2  
9  54  51  2087  397  319  3  -2  
