15  6  23  0  383  332  1  -2  
15  6  23  6  383  332  1  -2  
15  6  23  16  383  332  1  -2  
15  6  23  21  383  332  1  -2  
15  6  23  32  383  332  1  -2  
15  6  23  40  383  332  1  -2  
15  6  23  50  383  332  1  -2  
15  6  23  56  383  332  1  -2  
15  6  23  63  383  332  1  -2  
15  6  23  73  383  332  1  -2  
15  6  23  82  383  332  1  -2  
15  6  23  89  383  332  1  -2  
15  6  23  100  383  332  1  -2  
15  6  23  106  383  332  1  -2  
15  6  23  115  384  331  1  -2  
15  6  23  122  387  331  1  -2  
15  6  23  131  392  331  1  -2  
15  6  23  139  395  331  1  -2  
15  6  23  147  400  331  1  -2  
15  6  23  155  406  331  1  -2  
15  6  23  164  411  331  1  -2  
15  6  23  171  417  331  1  -2  
15  6  23  181  428  331  1  -2  
15  6  23  188  433  331  1  -2  
15  6  23  197  439  331  1  -2  
15  6  23  204  446  331  1  -2  
15  6  23  215  451  331  1  -2  
15  6  23  223  460  331  1  -2  
15  6  23  233  463  331  1  -2  
15  6  23  239  465  331  1  -2  
15  6  23  251  465  331  1  -2  
15  6  23  258  465  331  1  -2  
15  6  23  269  465  331  1  -2  
15  6  23  278  465  331  1  -2  
15  6  23  285  465  331  1  -2  
15  6  23  295  467  331  1  -2  
15  6  23  304  467  331  1  -2  
15  6  23  314  467  331  1  -2  
15  6  23  320  467  331  1  -2  
15  6  23  332  467  331  1  -2  
15  6  23  339  467  331  1  -2  
15  6  23  348  467  331  1  -2  
15  6  23  354  467  331  1  -2  
15  6  23  363  467  331  1  -2  
15  6  23  371  467  331  1  -2  
15  6  23  381  467  331  1  -2  
15  6  23  387  467  331  1  -2  
15  6  23  397  467  331  1  -2  
15  6  23  404  469  331  1  -2  
15  6  23  415  471  331  1  -2  
15  6  23  421  473  331  1  -2  
15  6  23  431  473  331  1  -2  
15  6  23  439  476  330  1  -2  
15  6  23  448  477  330  1  -2  
15  6  23  454  479  330  1  -2  
15  6  23  466  479  330  1  -2  
15  6  23  473  485  330  1  -2  
15  6  23  484  487  328  1  -2  
15  6  23  492  490  328  1  -2  
15  6  23  501  494  328  1  -2  
15  6  23  509  498  328  2  -2  
15  6  23  517  501  328  2  -2  
15  6  23  526  504  328  2  -2  
15  6  23  534  509  328  2  -2  
15  6  23  542  512  328  2  -2  
15  6  23  550  513  328  2  -2  
15  6  23  560  516  328  2  -2  
15  6  23  567  517  328  2  -2  
15  6  23  576  519  328  2  -2  
15  6  23  583  519  328  2  -2  
15  6  23  592  519  328  2  -2  
15  6  23  601  519  328  2  -2  
15  6  23  610  519  328  2  -2  
15  6  23  619  519  328  2  -2  
15  6  23  626  519  328  2  -2  
15  6  23  635  519  328  2  -2  
15  6  23  643  519  328  2  -2  
15  6  23  651  519  328  2  -2  
15  6  23  660  519  328  2  -2  
15  6  23  668  519  328  2  -2  
15  6  23  676  519  328  2  -2  
15  6  23  683  519  328  2  -2  
15  6  23  692  519  328  2  -2  
15  6  23  700  519  328  2  -2  
15  6  23  710  519  328  2  -2  
15  6  23  719  519  328  2  -2  
15  6  23  729  519  328  2  -2  
15  6  23  737  519  328  2  -2  
15  6  24  745  519  328  2  -2  
15  6  24  753  519  328  2  -2  
15  6  24  761  519  328  2  -2  
15  6  24  770  519  328  2  -2  
15  6  24  779  519  328  2  -2  
15  6  24  786  519  328  2  -2  
15  6  24  796  519  328  2  -2  
15  6  24  803  519  328  2  -2  
15  6  24  811  519  328  2  -2  
15  6  24  820  519  328  2  -2  
15  6  24  830  519  328  2  -2  
15  6  24  836  519  328  2  -2  
15  6  24  844  519  328  2  -2  
15  6  24  853  519  328  2  -2  
15  6  24  861  519  328  2  -2  
15  6  24  870  519  328  2  -2  
15  6  24  878  519  328  2  -2  
15  6  24  886  519  328  2  -2  
15  6  24  896  519  328  2  -2  
15  6  24  903  519  328  2  -2  
15  6  24  911  519  328  2  -2  
15  6  24  921  519  328  2  -2  
15  6  24  929  519  328  2  -2  
15  6  24  936  519  328  2  -2  
15  6  24  946  519  328  2  -2  
15  6  24  954  519  328  2  -2  
15  6  24  964  519  328  2  -2  
15  6  24  972  518  328  2  -2  
15  6  24  978  518  328  2  -2  
15  6  24  986  518  328  2  -2  
15  6  24  996  518  328  2  -2  
15  6  24  1004  517  328  2  -2  
15  6  24  1011  516  328  2  -2  
15  6  24  1019  515  328  2  -2  
15  6  24  1030  515  328  2  -2  
15  6  24  1036  514  328  2  -2  
15  6  24  1046  513  328  2  -2  
15  6  24  1054  512  328  2  -2  
15  6  24  1063  510  328  2  -2  
15  6  24  1070  508  329  2  -2  
15  6  24  1080  506  329  2  -2  
15  6  24  1088  499  330  2  -2  
15  6  24  1097  495  330  2  -2  
15  6  24  1105  491  332  2  -2  
15  6  24  1114  485  332  2  -2  
15  6  24  1121  476  332  2  -2  
15  6  24  1130  468  332  2  -2  
15  6  24  1136  461  332  2  -2  
15  6  24  1146  453  332  2  -2  
15  6  24  1154  444  332  2  -2  
15  6  24  1164  436  332  2  -2  
15  6  24  1172  429  332  2  -2  
15  6  24  1182  421  332  2  -2  
15  6  24  1188  412  330  2  -2  
15  6  24  1198  407  330  2  -2  
15  6  24  1205  400  330  2  -2  
15  6  24  1215  392  330  3  -2  
15  6  24  1224  386  330  3  -2  
15  6  24  1233  379  330  3  -2  
15  6  24  1240  374  330  3  -2  
15  6  24  1251  371  330  3  -2  
15  6  24  1259  370  329  3  -2  
15  6  24  1269  367  329  3  -2  
15  6  24  1277  366  329  3  -2  
15  6  24  1286  366  329  3  -2  
15  6  24  1296  365  329  3  -2  
15  6  24  1304  365  329  3  -2  
15  6  24  1312  365  329  3  -2  
15  6  24  1321  365  329  3  -2  
15  6  24  1330  365  329  3  -2  
15  6  24  1337  365  329  3  -2  
15  6  24  1347  365  329  3  -2  
15  6  24  1353  364  329  3  -2  
15  6  24  1361  364  329  3  -2  
15  6  24  1371  364  329  3  -2  
15  6  24  1379  364  329  3  -2  
15  6  24  1387  364  329  3  -2  
15  6  24  1396  364  329  3  -2  
15  6  24  1403  367  329  3  -2  
15  6  24  1411  372  329  3  -2  
15  6  24  1421  383  329  3  -2  
15  6  24  1430  393  329  3  -2  
15  6  24  1437  410  329  3  -2  
15  6  24  1447  428  329  3  -2  
15  6  24  1454  446  329  3  -2  
15  6  24  1462  469  329  3  -2  
15  6  24  1471  490  329  3  -2  
15  6  24  1481  519  329  4  -2  
15  6  24  1488  531  329  4  -2  
15  6  24  1497  536  329  4  -2  
15  6  24  1503  538  329  4  -2  
15  6  24  1513  539  329  4  -2  
15  6  24  1521  540  329  4  -2  
15  6  24  1530  540  329  4  -2  
15  6  24  1537  540  329  4  -2  
15  6  24  1547  540  329  4  -2  
15  6  24  1553  540  329  4  -2  
15  6  24  1561  540  329  4  -2  
15  6  24  1571  540  329  4  -2  
15  6  24  1580  540  329  4  -2  
15  6  24  1588  540  329  4  -2  
15  6  24  1597  540  329  4  -2  
15  6  24  1603  540  329  4  -2  
15  6  24  1612  540  329  4  -2  
15  6  24  1621  540  329  4  -2  
15  6  24  1631  540  329  4  -2  
15  6  24  1637  540  329  4  -2  
15  6  24  1646  540  329  4  -2  
15  6  24  1653  540  329  4  -2  
15  6  24  1661  540  329  4  -2  
15  6  24  1671  540  329  4  -2  
15  6  24  1681  537  329  4  -2  
15  6  24  1688  531  329  4  -2  
15  6  24  1697  524  329  4  -2  
15  6  24  1705  514  329  4  -2  
15  6  24  1715  501  329  4  -2  
15  6  24  1721  487  329  4  -2  
15  6  24  1730  472  329  4  -2  
15  6  24  1738  452  329  4  -2  
15  6  25  1747  436  329  4  -2  
15  6  25  1754  416  329  4  -2  
15  6  25  1764  401  329  4  -2  
15  6  25  1771  387  329  5  -2  
15  6  25  1782  376  329  5  -2  
15  6  25  1787  366  329  5  -2  
15  6  25  1798  360  329  5  -2  
15  6  25  1804  358  329  5  -2  
15  6  25  1814  353  329  5  -2  
15  6  25  1821  349  329  5  -2  
15  6  25  1832  346  329  5  -2  
15  6  25  1839  343  329  5  -2  
15  6  25  1848  343  329  5  -2  
15  6  25  1854  342  329  5  -2  
15  6  25  1864  342  329  5  -2  
15  6  25  1871  341  329  5  -2  
15  6  25  1880  341  329  5  -2  
15  6  25  1888  341  329  5  -2  
15  6  25  1897  341  329  5  -2  
15  6  25  1904  341  329  5  -2  
15  6  25  1914  341  329  5  -2  
15  6  25  1920  341  329  5  -2  
15  6  25  1931  341  329  5  -2  
15  6  25  1938  341  329  5  -2  
15  6  25  1947  341  329  5  -2  
15  6  25  1953  341  329  5  -2  
15  6  25  1963  341  329  5  -2  
15  6  25  1970  341  329  5  -2  
15  6  25  1982  341  329  5  -2  
15  6  25  1988  341  329  5  -2  
15  6  25  1999  341  329  5  -2  
15  6  25  2006  341  329  5  -2  
15  6  25  2015  341  329  5  -2  
15  6  25  2023  341  329  5  -2  
15  6  25  2032  341  329  5  -2  
15  6  25  2039  341  329  5  -2  
15  6  25  2049  341  329  5  -2  
15  6  25  2056  341  329  5  -2  
15  6  25  2065  341  329  5  -2  
15  6  25  2072  341  329  5  -2  
15  6  25  2082  341  329  5  -2  
15  6  25  2090  341  329  5  -2  
