15  6  2  0  357  324  1  -2  
15  6  2  8  357  324  1  -2  
15  6  2  17  357  324  1  -2  
15  6  2  25  357  324  1  -2  
15  6  2  34  357  324  1  -2  
15  6  2  42  357  324  1  -2  
15  6  3  50  357  324  1  -2  
15  6  3  59  357  324  1  -2  
15  6  3  67  357  324  1  -2  
15  6  3  75  357  324  1  -2  
15  6  3  84  357  324  1  -2  
15  6  3  91  357  324  1  -2  
15  6  3  100  357  324  1  -2  
15  6  3  109  357  324  1  -2  
15  6  3  117  357  324  1  -2  
15  6  3  125  357  324  1  -2  
15  6  3  133  357  324  1  -2  
15  6  3  141  357  324  1  -2  
15  6  3  150  357  324  1  -2  
15  6  3  158  358  324  1  -2  
15  6  3  167  358  324  1  -2  
15  6  3  175  361  324  1  -2  
15  6  3  184  364  324  1  -2  
15  6  3  193  368  324  1  -2  
15  6  3  200  373  324  1  -2  
15  6  3  208  378  324  1  -2  
15  6  3  216  383  324  1  -2  
15  6  3  226  388  324  1  -2  
15  6  3  234  393  324  1  -2  
15  6  3  243  397  324  1  -2  
15  6  3  250  399  324  1  -2  
15  6  3  258  401  324  1  -2  
15  6  3  267  403  324  1  -2  
15  6  3  276  405  324  1  -2  
15  6  3  284  407  324  1  -2  
15  6  3  291  410  324  1  -2  
15  6  3  300  411  324  1  -2  
15  6  3  308  414  324  1  -2  
15  6  3  318  416  324  1  -2  
15  6  3  326  419  324  1  -2  
15  6  3  334  424  324  1  -2  
15  6  3  343  428  324  1  -2  
15  6  3  350  435  324  1  -2  
15  6  3  359  441  324  1  -2  
15  6  3  367  452  324  1  -2  
15  6  3  376  455  324  1  -2  
15  6  3  384  458  324  1  -2  
15  6  3  392  459  324  1  -2  
15  6  3  401  459  324  1  -2  
15  6  3  408  460  324  1  -2  
15  6  3  417  460  324  1  -2  
15  6  3  425  460  324  1  -2  
15  6  3  435  460  324  1  -2  
15  6  3  441  460  324  1  -2  
15  6  3  450  460  324  1  -2  
15  6  3  459  460  324  1  -2  
15  6  3  467  462  324  1  -2  
15  6  3  475  463  324  1  -2  
15  6  3  484  466  324  1  -2  
15  6  3  493  467  324  1  -2  
15  6  3  500  468  324  1  -2  
15  6  3  508  472  324  1  -2  
15  6  3  517  475  324  1  -2  
15  6  3  527  476  324  1  -2  
15  6  3  535  477  324  1  -2  
15  6  3  543  477  324  1  -2  
15  6  3  551  478  324  1  -2  
15  6  3  559  478  324  1  -2  
15  6  3  568  478  324  1  -2  
15  6  3  576  478  324  1  -2  
15  6  3  584  479  324  1  -2  
15  6  3  594  480  324  1  -2  
15  6  3  602  480  324  1  -2  
15  6  3  610  481  324  1  -2  
15  6  3  618  483  324  1  -2  
15  6  3  626  485  322  1  -2  
15  6  3  635  485  322  1  -2  
15  6  3  643  486  322  1  -2  
15  6  3  651  487  322  1  -2  
15  6  3  660  490  322  1  -2  
15  6  3  667  492  322  1  -2  
15  6  3  676  495  322  2  -2  
15  6  3  684  495  322  2  -2  
15  6  3  694  496  322  2  -2  
15  6  3  701  497  322  2  -2  
15  6  3  710  497  322  2  -2  
15  6  3  718  497  322  2  -2  
15  6  3  727  497  322  2  -2  
15  6  3  735  497  322  2  -2  
15  6  3  743  497  322  2  -2  
15  6  3  751  497  322  2  -2  
15  6  3  760  497  322  2  -2  
15  6  3  768  497  322  2  -2  
15  6  3  776  497  322  2  -2  
15  6  3  784  497  322  2  -2  
15  6  3  793  497  322  2  -2  
15  6  3  801  497  322  2  -2  
15  6  3  808  497  322  2  -2  
15  6  3  820  497  322  2  -2  
15  6  3  827  497  322  2  -2  
15  6  3  835  497  322  2  -2  
15  6  3  845  497  322  2  -2  
15  6  3  852  497  322  2  -2  
15  6  3  861  497  322  2  -2  
15  6  3  869  497  322  2  -2  
15  6  3  877  497  322  2  -2  
15  6  3  885  497  322  2  -2  
15  6  3  895  497  322  2  -2  
15  6  3  904  497  322  2  -2  
15  6  3  911  497  322  2  -2  
15  6  3  919  497  322  2  -2  
15  6  3  930  497  322  2  -2  
15  6  3  939  497  322  2  -2  
15  6  3  945  495  322  2  -2  
15  6  3  955  493  322  2  -2  
15  6  3  964  490  322  2  -2  
15  6  3  972  485  322  2  -2  
15  6  3  979  481  323  2  -2  
15  6  3  988  477  323  2  -2  
15  6  3  996  474  323  2  -2  
15  6  3  1004  471  324  2  -2  
15  6  3  1014  466  324  2  -2  
15  6  3  1023  461  324  2  -2  
15  6  3  1029  457  324  2  -2  
15  6  3  1040  453  324  2  -2  
15  6  3  1045  446  325  2  -2  
15  6  4  1056  446  325  2  -2  
15  6  4  1063  441  326  2  -2  
15  6  4  1073  441  326  2  -2  
15  6  4  1080  435  326  2  -2  
15  6  4  1088  430  326  2  -2  
15  6  4  1095  425  326  2  -2  
15  6  4  1107  425  326  2  -2  
15  6  4  1114  413  326  2  -2  
15  6  4  1123  406  326  2  -2  
15  6  4  1130  402  326  2  -2  
15  6  4  1140  397  326  3  -2  
15  6  4  1146  394  326  3  -2  
15  6  4  1156  392  326  3  -2  
15  6  4  1163  389  326  3  -2  
15  6  4  1173  387  326  3  -2  
15  6  4  1180  386  326  3  -2  
15  6  4  1189  383  326  3  -2  
15  6  4  1197  382  326  3  -2  
15  6  4  1206  380  326  3  -2  
15  6  4  1214  379  326  3  -2  
15  6  4  1223  377  326  3  -2  
15  6  4  1229  376  326  3  -2  
15  6  4  1238  376  326  3  -2  
15  6  4  1246  375  326  3  -2  
15  6  4  1256  375  326  3  -2  
15  6  4  1263  374  326  3  -2  
15  6  4  1269  374  326  3  -2  
15  6  4  1278  374  326  3  -2  
15  6  4  1287  374  326  3  -2  
15  6  4  1295  374  326  3  -2  
15  6  4  1305  374  326  3  -2  
15  6  4  1311  374  326  3  -2  
15  6  4  1325  374  326  3  -2  
15  6  4  1330  374  326  3  -2  
15  6  4  1340  374  326  3  -2  
15  6  4  1347  374  326  3  -2  
15  6  4  1357  374  326  3  -2  
15  6  4  1364  374  326  3  -2  
15  6  4  1374  374  326  3  -2  
15  6  4  1381  374  326  3  -2  
15  6  4  1390  374  326  3  -2  
15  6  4  1397  374  326  3  -2  
15  6  4  1407  374  326  3  -2  
15  6  4  1414  374  326  3  -2  
15  6  4  1424  374  326  3  -2  
15  6  4  1430  374  326  3  -2  
15  6  4  1440  374  326  3  -2  
15  6  4  1447  374  326  3  -2  
15  6  4  1457  374  326  3  -2  
15  6  4  1465  374  326  3  -2  
15  6  4  1474  374  326  3  -2  
15  6  4  1480  374  326  3  -2  
15  6  4  1490  374  326  3  -2  
15  6  4  1497  374  326  3  -2  
15  6  4  1507  374  326  3  -2  
15  6  4  1514  374  326  3  -2  
15  6  4  1524  374  326  3  -2  
15  6  4  1529  374  326  3  -2  
15  6  4  1540  374  326  3  -2  
15  6  4  1549  374  326  3  -2  
15  6  4  1557  374  326  3  -2  
15  6  4  1564  374  326  3  -2  
15  6  4  1574  374  326  3  -2  
15  6  4  1581  374  326  3  -2  
15  6  4  1590  374  326  3  -2  
15  6  4  1597  374  326  3  -2  
15  6  4  1607  374  326  3  -2  
15  6  4  1614  374  326  3  -2  
15  6  4  1624  374  326  3  -2  
15  6  4  1630  374  326  3  -2  
15  6  4  1640  374  326  3  -2  
15  6  4  1648  374  326  3  -2  
15  6  4  1657  374  326  3  -2  
15  6  4  1664  374  326  3  -2  
15  6  4  1674  374  326  3  -2  
15  6  4  1680  374  326  3  -2  
15  6  4  1690  374  326  3  -2  
15  6  4  1697  374  326  3  -2  
15  6  4  1708  374  326  3  -2  
15  6  4  1717  376  326  3  -2  
15  6  4  1726  377  326  3  -2  
15  6  4  1735  381  326  3  -2  
15  6  4  1744  391  326  3  -2  
15  6  4  1754  398  324  3  -2  
15  6  4  1762  407  324  3  -2  
15  6  4  1768  417  324  3  -2  
15  6  4  1777  427  324  3  -2  
15  6  4  1785  437  323  3  -2  
15  6  4  1794  447  323  3  -2  
15  6  4  1801  455  323  3  -2  
15  6  4  1809  466  323  3  -2  
15  6  4  1820  472  323  3  -2  
15  6  4  1827  482  323  3  -2  
15  6  4  1835  489  323  3  -2  
15  6  4  1844  496  321  4  -2  
15  6  4  1854  501  321  4  -2  
15  6  4  1860  505  321  4  -2  
15  6  4  1871  510  321  4  -2  
15  6  4  1877  512  321  4  -2  
15  6  4  1888  513  321  4  -2  
15  6  4  1894  515  321  4  -2  
15  6  4  1904  515  321  4  -2  
15  6  4  1910  516  321  4  -2  
15  6  4  1920  516  321  4  -2  
15  6  4  1927  516  321  4  -2  
15  6  4  1935  516  321  4  -2  
15  6  4  1945  516  321  4  -2  
15  6  4  1954  517  321  4  -2  
15  6  4  1960  518  321  4  -2  
15  6  4  1970  518  321  4  -2  
15  6  4  1977  518  321  4  -2  
15  6  4  1987  518  321  4  -2  
15  6  4  1994  518  321  4  -2  
15  6  4  2004  518  321  4  -2  
15  6  4  2010  518  321  4  -2  
15  6  4  2021  518  321  4  -2  
15  6  4  2027  518  321  4  -2  
15  6  4  2035  518  321  4  -2  
15  6  4  2045  518  321  4  -2  
15  6  5  2054  518  321  4  -2  
15  6  5  2060  518  321  4  -2  
15  6  5  2071  518  321  4  -2  
15  6  5  2078  518  321  4  -2  
15  6  5  2085  518  321  4  -2  
15  6  5  2094  517  321  4  -2  
15  6  5  2106  512  321  4  -2  
15  6  5  2111  493  325  4  -2  
15  6  5  2122  482  325  4  -2  
15  6  5  2128  467  327  4  -2  
15  6  5  2138  448  328  4  -2  
15  6  5  2145  432  329  4  -2  
15  6  5  2155  413  329  4  -2  
15  6  5  2163  399  329  4  -2  
15  6  5  2172  385  329  5  -2  
15  6  5  2179  374  329  5  -2  
15  6  5  2189  368  329  5  -2  
15  6  5  2195  363  331  5  -2  
15  6  5  2205  362  331  5  -2  
15  6  5  2213  362  331  5  -2  
15  6  5  2222  362  331  5  -2  
15  6  5  2228  362  331  5  -2  
15  6  5  2239  362  331  5  -2  
15  6  5  2245  362  331  5  -2  
15  6  5  2255  362  331  5  -2  
15  6  5  2263  362  331  5  -2  
15  6  5  2272  362  331  5  -2  
15  6  5  2279  362  331  5  -2  
15  6  5  2289  362  331  5  -2  
15  6  5  2295  362  331  5  -2  
15  6  5  2305  362  331  5  -2  
15  6  5  2313  362  331  5  -2  
15  6  5  2323  362  331  5  -2  
15  6  5  2330  362  331  5  -2  
15  6  5  2339  362  331  5  -2  
15  6  5  2346  362  331  5  -2  
15  6  5  2357  362  331  5  -2  
15  6  5  2362  362  331  5  -2  
15  6  5  2372  362  331  5  -2  
15  6  5  2379  362  331  5  -2  
15  6  5  2389  362  331  5  -2  
15  6  5  2397  362  331  5  -2  
15  6  5  2406  362  331  5  -2  
15  6  5  2413  362  331  5  -2  
15  6  5  2422  362  331  5  -2  
15  6  5  2430  362  331  5  -2  
15  6  5  2439  362  331  5  -2  
15  6  5  2446  362  331  5  -2  
15  6  5  2457  362  331  5  -2  
15  6  5  2463  362  331  5  -2  
15  6  5  2473  362  331  5  -2  
15  6  5  2480  362  331  5  -2  
15  6  5  2490  362  331  5  -2  
15  6  5  2497  362  331  5  -2  
15  6  5  2507  362  331  5  -2  
15  6  5  2514  362  331  5  -2  
15  6  5  2524  362  331  5  -2  
15  6  5  2530  362  331  5  -2  
15  6  5  2540  362  331  5  -2  
15  6  5  2546  362  331  5  -2  
15  6  5  2557  362  331  5  -2  
15  6  5  2564  362  331  5  -2  
15  6  5  2575  362  331  5  -2  
