10  40  49  0  368  307  1  -2  
10  40  49  8  368  307  1  -2  
10  40  49  17  368  307  1  -2  
10  40  49  25  368  307  1  -2  
10  40  49  33  368  307  1  -2  
10  40  49  42  369  307  1  -2  
10  40  49  49  369  307  1  -2  
10  40  49  59  370  307  1  -2  
10  40  49  67  371  307  1  -2  
10  40  49  75  371  307  1  -2  
10  40  49  83  371  307  1  -2  
10  40  49  92  372  307  1  -2  
10  40  49  99  373  307  1  -2  
10  40  49  108  373  307  1  -2  
10  40  49  117  375  307  1  -2  
10  40  49  125  376  307  1  -2  
10  40  49  133  377  307  1  -2  
10  40  49  142  380  307  1  -2  
10  40  49  149  385  307  1  -2  
10  40  49  159  389  307  1  -2  
10  40  49  166  403  307  1  -2  
10  40  49  175  403  307  1  -2  
10  40  49  184  430  307  1  -2  
10  40  50  194  448  307  1  -2  
10  40  50  203  471  307  1  -2  
10  40  50  210  489  307  1  -2  
10  40  50  219  507  308  2  -2  
10  40  50  228  526  311  2  -2  
10  40  50  235  534  312  2  -2  
10  40  50  245  540  312  2  -2  
10  40  50  253  540  312  2  -2  
10  40  50  262  540  312  2  -2  
10  40  50  270  540  312  2  -2  
10  40  50  280  540  312  2  -2  
10  40  50  290  540  312  2  -2  
10  40  50  298  540  312  2  -2  
10  40  50  308  540  312  2  -2  
10  40  50  315  540  312  2  -2  
10  40  50  325  540  312  2  -2  
10  40  50  332  540  312  2  -2  
10  40  50  342  540  312  2  -2  
10  40  50  350  540  312  2  -2  
10  40  50  360  540  312  2  -2  
10  40  50  369  540  312  2  -2  
10  40  50  377  540  312  2  -2  
10  40  50  386  540  312  2  -2  
10  40  50  394  540  312  2  -2  
10  40  50  403  540  312  2  -2  
10  40  50  413  540  312  2  -2  
10  40  50  422  540  312  2  -2  
10  40  50  430  540  312  2  -2  
10  40  50  442  540  312  2  -2  
10  40  50  449  540  312  2  -2  
10  40  50  460  540  314  2  -2  
10  40  50  468  540  314  2  -2  
10  40  50  478  540  315  2  -2  
10  40  50  485  540  315  2  -2  
10  40  50  493  540  315  2  -2  
10  40  50  502  539  316  2  -2  
10  40  50  510  539  316  2  -2  
10  40  50  518  536  316  2  -2  
10  40  50  528  534  317  2  -2  
10  40  50  536  525  321  2  -2  
10  40  50  542  517  321  2  -2  
10  40  50  552  517  321  2  -2  
10  40  50  562  489  321  2  -2  
10  40  50  570  471  321  2  -2  
10  40  50  578  454  321  2  -2  
10  40  50  586  436  321  2  -2  
10  40  50  595  416  321  2  -2  
10  40  50  602  403  321  2  -2  
10  40  50  610  391  321  3  -2  
10  40  50  618  384  321  3  -2  
10  40  50  627  380  321  3  -2  
10  40  50  636  379  321  3  -2  
10  40  50  643  379  321  3  -2  
10  40  50  652  379  321  3  -2  
10  40  50  660  379  321  3  -2  
10  40  50  668  379  321  3  -2  
10  40  50  677  379  321  3  -2  
10  40  50  687  378  321  3  -2  
10  40  50  694  376  321  3  -2  
10  40  50  703  375  321  3  -2  
10  40  50  713  370  321  3  -2  
10  40  50  720  367  321  3  -2  
10  40  50  728  367  321  3  -2  
10  40  50  737  367  321  3  -2  
10  40  50  746  367  321  3  -2  
10  40  50  753  367  321  3  -2  
10  40  50  762  367  321  3  -2  
10  40  50  770  367  321  3  -2  
10  40  50  778  367  321  3  -2  
10  40  50  787  367  321  3  -2  
10  40  50  794  367  321  3  -2  
10  40  50  803  367  321  3  -2  
10  40  50  812  367  321  3  -2  
10  40  50  822  367  321  3  -2  
10  40  50  830  367  321  3  -2  
10  40  50  841  367  321  3  -2  
10  40  50  849  367  321  3  -2  
10  40  50  858  367  321  3  -2  
10  40  50  866  367  321  3  -2  
10  40  50  875  367  321  3  -2  
10  40  50  882  367  321  3  -2  
10  40  50  891  367  321  3  -2  
10  40  50  898  367  321  3  -2  
10  40  50  909  367  321  3  -2  
10  40  50  916  367  321  3  -2  
10  40  50  926  367  321  3  -2  
10  40  50  932  367  321  3  -2  
10  40  50  942  367  321  3  -2  
10  40  50  950  367  321  3  -2  
10  40  50  960  367  321  3  -2  
10  40  50  967  367  321  3  -2  
10  40  50  976  367  321  3  -2  
10  40  50  983  367  321  3  -2  
10  40  50  991  367  321  3  -2  
10  40  50  1000  368  321  3  -2  
10  40  50  1009  372  321  3  -2  
10  40  50  1018  377  322  3  -2  
10  40  50  1026  384  325  3  -2  
10  40  50  1034  396  326  3  -2  
10  40  50  1042  409  329  3  -2  
10  40  50  1050  426  333  3  -2  
10  40  50  1059  447  336  3  -2  
10  40  50  1068  473  340  3  -2  
10  40  50  1076  508  343  3  -2  
10  40  50  1083  535  349  4  -2  
10  40  50  1092  564  352  4  -2  
10  40  50  1101  586  356  4  -2  
10  40  50  1109  598  357  4  -2  
10  40  50  1118  603  357  4  -2  
10  40  50  1126  604  357  4  -2  
10  40  50  1133  604  357  4  -2  
10  40  50  1142  604  357  4  -2  
10  40  50  1150  604  357  4  -2  
10  40  50  1159  604  357  4  -2  
10  40  50  1168  604  357  4  -2  
10  40  50  1176  604  357  4  -2  
10  40  50  1183  604  357  4  -2  
10  40  51  1192  604  357  4  -2  
10  40  51  1200  604  357  4  -2  
10  40  51  1208  604  357  4  -2  
10  40  51  1218  604  357  4  -2  
10  40  51  1226  604  357  4  -2  
10  40  51  1233  604  357  4  -2  
10  40  51  1243  604  357  4  -2  
10  40  51  1251  604  357  4  -2  
10  40  51  1259  604  357  4  -2  
10  40  51  1268  604  357  4  -2  
10  40  51  1276  604  357  4  -2  
10  40  51  1285  604  357  4  -2  
10  40  51  1292  604  357  4  -2  
10  40  51  1301  604  357  4  -2  
10  40  51  1309  604  357  4  -2  
10  40  51  1318  604  357  4  -2  
10  40  51  1326  604  357  4  -2  
10  40  51  1334  604  357  4  -2  
10  40  51  1342  604  357  4  -2  
10  40  51  1351  604  357  4  -2  
10  40  51  1360  604  357  4  -2  
10  40  51  1368  604  357  4  -2  
10  40  51  1377  604  357  4  -2  
10  40  51  1385  602  357  4  -2  
10  40  51  1393  599  357  4  -2  
10  40  51  1401  595  357  4  -2  
10  40  51  1410  589  357  4  -2  
10  40  51  1418  579  357  4  -2  
10  40  51  1427  567  357  4  -2  
10  40  51  1435  555  357  4  -2  
10  40  51  1443  543  354  4  -2  
10  40  51  1451  530  354  4  -2  
10  40  51  1459  518  350  4  -2  
10  40  51  1468  508  350  4  -2  
10  40  51  1477  498  349  4  -2  
10  40  51  1485  493  349  4  -2  
10  40  51  1492  484  349  4  -2  
10  40  51  1502  478  349  4  -2  
10  40  51  1510  472  349  4  -2  
10  40  51  1518  466  349  4  -2  
10  40  51  1527  460  349  4  -2  
10  40  51  1535  455  349  4  -2  
10  40  51  1544  450  349  4  -2  
10  40  51  1553  442  349  4  -2  
10  40  51  1560  441  349  4  -2  
10  40  51  1570  440  349  4  -2  
10  40  51  1577  438  349  4  -2  
10  40  51  1586  438  349  4  -2  
10  40  51  1595  438  349  4  -2  
10  40  51  1603  437  349  4  -2  
10  40  51  1610  434  349  4  -2  
10  40  51  1621  429  349  4  -2  
10  40  51  1628  420  349  4  -2  
10  40  51  1638  410  349  4  -2  
10  40  51  1646  402  349  4  -2  
10  40  51  1653  390  349  4  -2  
10  40  51  1662  382  349  4  -2  
10  40  51  1671  377  349  4  -2  
10  40  51  1678  375  349  4  -2  
