9  54  23  0  379  322  1  -2  
9  54  23  9  379  322  1  -2  
9  54  23  17  379  322  1  -2  
9  54  23  25  379  322  1  -2  
9  54  23  33  379  322  1  -2  
9  54  23  42  379  322  1  -2  
9  54  23  50  379  322  1  -2  
9  54  23  59  379  322  1  -2  
9  54  23  68  379  322  1  -2  
9  54  23  76  379  322  1  -2  
9  54  23  83  379  323  1  -2  
9  54  23  92  379  323  1  -2  
9  54  23  101  381  323  1  -2  
9  54  23  109  384  323  1  -2  
9  54  23  117  391  323  1  -2  
9  54  23  125  401  323  1  -2  
9  54  23  134  409  323  1  -2  
9  54  23  143  422  323  1  -2  
9  54  23  150  436  324  1  -2  
9  54  23  159  447  324  1  -2  
9  54  23  169  459  324  1  -2  
9  54  23  176  466  327  1  -2  
9  54  23  184  473  327  1  -2  
9  54  23  192  478  327  1  -2  
9  54  23  200  482  327  1  -2  
9  54  23  209  486  327  1  -2  
9  54  23  218  489  327  1  -2  
9  54  23  225  495  327  1  -2  
9  54  23  234  495  327  1  -2  
9  54  23  243  499  327  2  -2  
9  54  23  251  504  327  2  -2  
9  54  23  260  508  327  2  -2  
9  54  23  268  510  327  2  -2  
9  54  23  276  513  327  2  -2  
9  54  23  285  513  327  2  -2  
9  54  23  294  513  327  2  -2  
9  54  23  302  513  327  2  -2  
9  54  23  311  513  327  2  -2  
9  54  23  320  513  327  2  -2  
9  54  23  327  513  327  2  -2  
9  54  23  335  513  327  2  -2  
9  54  23  344  513  327  2  -2  
9  54  23  354  513  327  2  -2  
9  54  23  361  514  327  2  -2  
9  54  23  370  514  327  2  -2  
9  54  23  379  514  327  2  -2  
9  54  23  387  514  327  2  -2  
9  54  23  394  514  327  2  -2  
9  54  23  402  514  327  2  -2  
9  54  23  411  514  327  2  -2  
9  54  23  420  514  327  2  -2  
9  54  23  427  514  327  2  -2  
9  54  23  435  514  327  2  -2  
9  54  23  444  514  327  2  -2  
9  54  23  454  514  327  2  -2  
9  54  23  461  514  327  2  -2  
9  54  23  470  514  327  2  -2  
9  54  23  479  514  327  2  -2  
9  54  23  487  514  327  2  -2  
9  54  23  494  514  327  2  -2  
9  54  23  502  514  327  2  -2  
9  54  23  511  514  327  2  -2  
9  54  23  521  514  327  2  -2  
9  54  23  528  513  327  2  -2  
9  54  23  538  508  327  2  -2  
9  54  23  545  505  327  2  -2  
9  54  23  555  498  327  2  -2  
9  54  23  562  483  327  2  -2  
9  54  23  571  473  327  2  -2  
9  54  23  578  461  327  2  -2  
9  54  23  588  461  327  2  -2  
9  54  23  595  443  327  2  -2  
9  54  23  604  433  327  2  -2  
9  54  23  611  428  327  2  -2  
9  54  23  621  425  327  2  -2  
9  54  23  629  422  327  2  -2  
9  54  23  638  421  327  2  -2  
9  54  23  644  418  327  2  -2  
9  54  23  655  417  327  2  -2  
9  54  23  661  415  327  2  -2  
9  54  23  670  415  327  2  -2  
9  54  23  679  415  327  2  -2  
9  54  23  688  414  327  2  -2  
9  54  23  694  414  327  2  -2  
9  54  23  704  414  327  2  -2  
9  54  23  710  414  327  2  -2  
9  54  23  721  414  327  2  -2  
9  54  23  727  414  327  2  -2  
9  54  24  738  414  327  2  -2  
9  54  24  744  414  327  2  -2  
9  54  24  752  414  327  2  -2  
9  54  24  761  414  327  2  -2  
9  54  24  770  414  327  2  -2  
9  54  24  779  414  327  2  -2  
9  54  24  788  414  327  2  -2  
9  54  24  795  414  327  2  -2  
9  54  24  804  414  327  2  -2  
9  54  24  811  414  327  2  -2  
9  54  24  820  414  327  2  -2  
9  54  24  829  414  327  2  -2  
9  54  24  838  414  327  2  -2  
9  54  24  845  414  327  2  -2  
9  54  24  854  413  327  2  -2  
9  54  24  861  413  327  2  -2  
9  54  24  871  413  327  2  -2  
9  54  24  879  413  327  2  -2  
9  54  24  887  413  327  2  -2  
9  54  24  894  413  327  2  -2  
9  54  24  905  413  327  2  -2  
9  54  24  911  413  327  2  -2  
9  54  24  920  413  327  2  -2  
9  54  24  928  413  327  2  -2  
9  54  24  937  413  327  2  -2  
9  54  24  944  413  327  2  -2  
9  54  24  953  413  327  2  -2  
9  54  24  960  413  327  2  -2  
9  54  24  970  413  327  2  -2  
9  54  24  977  413  327  2  -2  
9  54  24  987  413  327  2  -2  
9  54  24  993  413  327  2  -2  
9  54  24  1004  421  327  2  -2  
9  54  24  1010  441  327  2  -2  
9  54  24  1020  475  327  2  -2  
9  54  24  1027  506  327  2  -2  
9  54  24  1038  533  327  2  -2  
9  54  24  1044  557  327  2  -2  
9  54  24  1054  575  327  2  -2  
9  54  24  1061  585  327  2  -2  
9  54  24  1070  591  327  2  -2  
9  54  24  1078  592  327  2  -2  
9  54  24  1087  592  327  2  -2  
9  54  24  1094  592  327  2  -2  
9  54  24  1105  592  327  2  -2  
9  54  24  1110  592  327  2  -2  
9  54  24  1120  592  327  2  -2  
9  54  24  1129  592  327  2  -2  
9  54  24  1138  593  326  2  -2  
9  54  24  1144  593  326  2  -2  
9  54  24  1155  593  326  2  -2  
9  54  24  1161  593  326  2  -2  
9  54  24  1172  593  326  2  -2  
9  54  24  1179  593  326  2  -2  
9  54  24  1188  593  326  2  -2  
9  54  24  1195  593  326  2  -2  
9  54  24  1205  593  326  2  -2  
9  54  24  1212  593  326  2  -2  
9  54  24  1221  593  326  2  -2  
9  54  24  1228  593  326  2  -2  
9  54  24  1238  593  326  2  -2  
9  54  24  1244  593  326  2  -2  
9  54  24  1256  594  326  2  -2  
9  54  24  1261  594  326  2  -2  
9  54  24  1272  594  326  2  -2  
9  54  24  1279  594  326  2  -2  
9  54  24  1289  594  326  2  -2  
9  54  24  1295  594  324  2  -2  
9  54  24  1305  593  324  2  -2  
9  54  24  1312  592  324  2  -2  
9  54  24  1322  592  324  2  -2  
9  54  24  1329  584  324  2  -2  
9  54  24  1339  584  324  2  -2  
9  54  24  1346  573  324  2  -2  
9  54  24  1355  568  324  2  -2  
9  54  24  1363  564  324  2  -2  
9  54  24  1372  563  324  2  -2  
9  54  24  1380  563  324  2  -2  
9  54  24  1389  561  324  2  -2  
9  54  24  1395  561  324  2  -2  
9  54  24  1405  561  324  2  -2  
9  54  24  1412  561  324  2  -2  
9  54  24  1421  561  324  2  -2  
9  54  24  1429  561  324  2  -2  
9  54  24  1438  560  324  2  -2  
9  54  24  1445  560  324  2  -2  
9  54  24  1455  560  324  2  -2  
9  54  24  1462  560  324  2  -2  
9  54  24  1472  560  324  2  -2  
9  54  24  1479  560  324  2  -2  
9  54  24  1488  560  324  2  -2  
9  54  24  1496  560  324  2  -2  
9  54  24  1505  560  324  2  -2  
9  54  24  1512  560  324  2  -2  
9  54  24  1522  560  324  2  -2  
9  54  24  1529  560  324  2  -2  
9  54  24  1539  560  324  2  -2  
9  54  24  1546  560  324  2  -2  
9  54  24  1555  559  324  2  -2  
9  54  24  1563  558  324  2  -2  
9  54  24  1572  556  324  2  -2  
9  54  24  1579  551  324  2  -2  
9  54  24  1589  544  324  2  -2  
9  54  24  1597  534  324  2  -2  
9  54  24  1606  521  324  2  -2  
9  54  24  1612  506  324  2  -2  
9  54  24  1622  493  324  2  -2  
9  54  24  1629  476  324  2  -2  
9  54  24  1639  460  324  2  -2  
9  54  24  1645  446  324  2  -2  
9  54  24  1656  435  324  2  -2  
9  54  24  1663  426  324  2  -2  
9  54  24  1672  421  324  2  -2  
9  54  24  1680  417  324  2  -2  
9  54  24  1689  414  324  2  -2  
9  54  24  1695  411  324  2  -2  
9  54  24  1705  406  324  2  -2  
9  54  24  1713  402  324  2  -2  
9  54  24  1723  396  324  3  -2  
9  54  24  1730  380  323  3  -2  
9  54  25  1739  375  322  3  -2  
9  54  25  1746  370  322  3  -2  
9  54  25  1755  366  322  3  -2  
9  54  25  1763  363  322  3  -2  
9  54  25  1772  362  322  3  -2  
9  54  25  1779  361  322  3  -2  
9  54  25  1789  361  322  3  -2  
9  54  25  1797  360  322  3  -2  
9  54  25  1806  360  322  3  -2  
9  54  25  1813  360  322  3  -2  
9  54  25  1822  360  322  3  -2  
9  54  25  1830  360  322  3  -2  
9  54  25  1839  360  322  3  -2  
9  54  25  1847  360  322  3  -2  
9  54  25  1855  360  322  3  -2  
9  54  25  1863  360  322  3  -2  
9  54  25  1872  360  322  3  -2  
9  54  25  1880  360  322  3  -2  
9  54  25  1889  360  322  3  -2  
9  54  25  1895  360  322  3  -2  
9  54  25  1905  360  322  3  -2  
9  54  25  1914  360  322  3  -2  
9  54  25  1922  360  322  3  -2  
9  54  25  1930  360  322  3  -2  
9  54  25  1939  360  322  3  -2  
9  54  25  1947  360  322  3  -2  
9  54  25  1955  360  322  3  -2  
9  54  25  1964  360  322  3  -2  
9  54  25  1972  360  322  3  -2  
9  54  25  1980  360  322  3  -2  
9  54  25  1989  360  322  3  -2  
9  54  25  1997  360  322  3  -2  
9  54  25  2005  360  322  3  -2  
9  54  25  2014  360  322  3  -2  
9  54  25  2022  360  322  3  -2  
9  54  25  2030  360  322  3  -2  
9  54  25  2040  360  322  3  -2  
9  54  25  2048  360  322  3  -2  
9  54  25  2055  360  322  3  -2  
9  54  25  2064  360  322  3  -2  
9  54  25  2072  360  322  3  -2  
9  54  25  2081  360  322  3  -2  
9  54  25  2089  360  322  3  -2  
9  54  25  2097  360  322  3  -2  
9  54  25  2105  360  322  3  -2  
9  54  25  2113  360  322  3  -2  
9  54  25  2122  360  322  3  -2  
9  54  25  2131  362  322  3  -2  
9  54  25  2139  371  322  3  -2  
9  54  25  2147  379  322  3  -2  
9  54  25  2155  393  323  3  -2  
9  54  25  2164  408  326  3  -2  
9  54  25  2172  425  328  3  -2  
9  54  25  2181  440  330  3  -2  
9  54  25  2189  455  332  3  -2  
9  54  25  2197  465  332  3  -2  
9  54  25  2205  473  332  3  -2  
9  54  25  2213  480  332  3  -2  
9  54  25  2222  487  332  3  -2  
9  54  25  2231  490  332  3  -2  
9  54  25  2239  494  332  3  -2  
9  54  25  2247  498  332  3  -2  
9  54  25  2256  502  332  4  -2  
9  54  25  2263  504  332  4  -2  
9  54  25  2272  505  332  4  -2  
9  54  25  2280  505  332  4  -2  
9  54  25  2289  505  332  4  -2  
9  54  25  2297  505  332  4  -2  
9  54  25  2305  506  332  4  -2  
9  54  25  2314  506  332  4  -2  
9  54  25  2322  506  332  4  -2  
9  54  25  2330  507  332  4  -2  
9  54  25  2338  507  332  4  -2  
9  54  25  2347  507  332  4  -2  
9  54  25  2355  507  332  4  -2  
9  54  25  2364  507  332  4  -2  
9  54  25  2372  510  332  4  -2  
9  54  25  2381  510  332  4  -2  
9  54  25  2389  510  332  4  -2  
9  54  25  2397  510  332  4  -2  
9  54  25  2404  510  332  4  -2  
9  54  25  2414  510  332  4  -2  
9  54  25  2422  510  332  4  -2  
9  54  25  2430  510  332  4  -2  
9  54  25  2439  510  332  4  -2  
9  54  25  2447  510  332  4  -2  
9  54  25  2456  510  332  4  -2  
9  54  25  2464  510  332  4  -2  
9  54  25  2472  510  332  4  -2  
9  54  25  2480  510  332  4  -2  
9  54  25  2489  511  331  4  -2  
9  54  25  2497  511  331  4  -2  
9  54  25  2505  511  331  4  -2  
9  54  25  2514  511  330  4  -2  
9  54  25  2522  498  327  4  -2  
9  54  25  2530  493  327  4  -2  
9  54  25  2539  488  327  4  -2  
9  54  25  2548  483  327  4  -2  
9  54  25  2556  478  327  4  -2  
9  54  25  2564  474  327  4  -2  
9  54  25  2572  470  327  4  -2  
9  54  25  2580  464  327  4  -2  
9  54  25  2589  457  327  4  -2  
9  54  25  2597  450  327  4  -2  
9  54  25  2605  440  326  4  -2  
9  54  25  2615  433  326  4  -2  
9  54  25  2623  423  326  4  -2  
9  54  25  2631  415  326  4  -2  
9  54  25  2640  405  326  4  -2  
