10  40  43  0  375  309  1  -2  
10  40  43  8  375  309  1  -2  
10  40  43  17  375  309  1  -2  
10  40  43  26  376  309  1  -2  
10  40  43  33  377  309  1  -2  
10  40  43  42  377  309  1  -2  
10  40  43  49  377  309  1  -2  
10  40  43  57  377  309  1  -2  
10  40  43  67  379  309  1  -2  
10  40  43  75  380  309  1  -2  
10  40  43  82  380  309  1  -2  
10  40  43  91  380  309  1  -2  
10  40  43  99  381  309  1  -2  
10  40  43  107  381  309  1  -2  
10  40  43  116  383  309  1  -2  
10  40  43  125  384  309  1  -2  
10  40  43  134  387  309  1  -2  
10  40  43  141  387  309  1  -2  
10  40  43  150  387  309  1  -2  
10  40  43  158  390  309  1  -2  
10  40  43  167  393  309  1  -2  
10  40  43  175  395  309  1  -2  
10  40  43  184  403  309  1  -2  
10  40  43  192  408  309  1  -2  
10  40  43  203  413  309  1  -2  
10  40  43  208  422  309  1  -2  
10  40  43  218  430  309  1  -2  
10  40  43  226  437  311  1  -2  
10  40  43  234  449  311  1  -2  
10  40  43  242  458  313  1  -2  
10  40  43  250  466  314  1  -2  
10  40  43  259  473  315  1  -2  
10  40  43  267  479  316  1  -2  
10  40  43  275  479  317  1  -2  
10  40  43  284  481  317  1  -2  
10  40  43  293  481  317  1  -2  
10  40  43  302  481  317  1  -2  
10  40  43  310  481  317  1  -2  
10  40  43  318  481  317  1  -2  
10  40  43  325  481  317  1  -2  
10  40  43  334  481  317  1  -2  
10  40  43  342  482  317  1  -2  
10  40  43  350  482  317  1  -2  
10  40  43  359  482  317  1  -2  
10  40  43  368  483  317  1  -2  
10  40  43  377  490  317  1  -2  
10  40  43  387  497  317  2  -2  
10  40  43  394  506  317  2  -2  
10  40  43  403  514  317  2  -2  
10  40  43  411  518  317  2  -2  
10  40  43  420  519  317  2  -2  
10  40  43  428  522  317  2  -2  
10  40  44  438  522  317  2  -2  
10  40  44  446  522  317  2  -2  
10  40  44  456  522  317  2  -2  
10  40  44  461  522  317  2  -2  
10  40  44  472  522  317  2  -2  
10  40  44  480  522  317  2  -2  
10  40  44  490  522  317  2  -2  
10  40  44  497  522  317  2  -2  
10  40  44  507  522  317  2  -2  
10  40  44  513  522  317  2  -2  
10  40  44  521  522  317  2  -2  
10  40  44  529  522  317  2  -2  
10  40  44  539  522  317  2  -2  
10  40  44  547  522  317  2  -2  
10  40  44  556  522  317  2  -2  
10  40  44  563  522  317  2  -2  
10  40  44  572  522  317  2  -2  
10  40  44  579  522  317  2  -2  
10  40  44  589  522  317  2  -2  
10  40  44  597  522  317  2  -2  
10  40  44  606  522  317  2  -2  
10  40  44  613  522  317  2  -2  
10  40  44  622  522  317  2  -2  
10  40  44  630  522  317  2  -2  
10  40  44  640  522  317  2  -2  
10  40  44  647  522  317  2  -2  
10  40  44  656  522  317  2  -2  
10  40  44  663  519  317  2  -2  
10  40  44  672  514  317  2  -2  
10  40  44  680  497  319  2  -2  
10  40  44  689  489  320  2  -2  
10  40  44  697  477  323  2  -2  
10  40  44  706  468  324  2  -2  
10  40  44  713  456  324  2  -2  
10  40  44  722  446  327  2  -2  
10  40  44  730  438  327  2  -2  
10  40  44  739  429  327  2  -2  
10  40  44  747  422  327  2  -2  
10  40  44  756  417  327  2  -2  
10  40  44  763  416  327  2  -2  
10  40  44  772  415  328  2  -2  
10  40  44  780  414  328  2  -2  
10  40  44  790  414  328  2  -2  
10  40  44  797  413  328  2  -2  
10  40  44  806  413  328  2  -2  
10  40  44  813  412  328  2  -2  
10  40  44  822  410  328  2  -2  
10  40  44  830  408  328  2  -2  
10  40  44  839  408  328  2  -2  
10  40  44  847  407  328  2  -2  
10  40  44  856  407  328  2  -2  
10  40  44  863  407  328  2  -2  
10  40  44  872  407  328  2  -2  
10  40  44  880  407  328  2  -2  
10  40  44  890  407  328  2  -2  
10  40  44  897  407  328  2  -2  
10  40  44  906  407  328  2  -2  
10  40  44  913  407  328  2  -2  
10  40  44  922  407  328  2  -2  
10  40  44  930  407  328  2  -2  
10  40  44  938  407  328  2  -2  
10  40  44  946  407  328  2  -2  
10  40  44  954  407  328  2  -2  
10  40  44  964  407  328  2  -2  
10  40  44  971  407  328  2  -2  
10  40  44  979  407  328  2  -2  
10  40  44  988  407  328  2  -2  
10  40  44  997  407  328  2  -2  
10  40  44  1005  407  328  2  -2  
10  40  44  1013  407  328  2  -2  
10  40  44  1021  407  328  2  -2  
10  40  44  1030  407  328  2  -2  
10  40  44  1038  407  328  2  -2  
10  40  44  1047  407  328  2  -2  
10  40  44  1055  407  328  2  -2  
10  40  44  1065  407  328  2  -2  
10  40  44  1073  407  328  2  -2  
10  40  44  1081  409  328  2  -2  
10  40  44  1090  418  328  2  -2  
10  40  44  1098  428  328  2  -2  
10  40  44  1107  443  328  2  -2  
10  40  44  1114  461  328  2  -2  
10  40  44  1123  476  330  2  -2  
10  40  44  1131  497  331  2  -2  
10  40  44  1141  512  335  2  -2  
10  40  44  1148  527  337  2  -2  
10  40  44  1157  537  338  2  -2  
10  40  44  1165  542  338  2  -2  
10  40  44  1172  545  339  2  -2  
10  40  44  1180  545  339  2  -2  
10  40  44  1189  545  339  2  -2  
10  40  44  1198  545  339  2  -2  
10  40  44  1207  545  339  2  -2  
10  40  44  1215  545  339  2  -2  
10  40  44  1224  545  339  2  -2  
10  40  44  1231  546  339  2  -2  
10  40  44  1241  546  339  2  -2  
10  40  44  1248  546  339  2  -2  
10  40  44  1257  546  339  2  -2  
10  40  44  1266  547  339  2  -2  
10  40  44  1273  547  339  2  -2  
10  40  44  1281  547  339  2  -2  
10  40  44  1290  547  339  2  -2  
10  40  44  1298  547  339  2  -2  
10  40  44  1307  547  339  2  -2  
10  40  44  1315  547  339  2  -2  
10  40  44  1323  547  339  2  -2  
10  40  44  1331  547  339  2  -2  
10  40  44  1340  547  339  2  -2  
10  40  44  1348  547  339  2  -2  
10  40  44  1357  547  339  2  -2  
10  40  44  1365  547  339  2  -2  
10  40  44  1373  547  339  2  -2  
10  40  44  1381  547  339  2  -2  
10  40  44  1391  547  339  2  -2  
10  40  44  1398  547  339  2  -2  
10  40  44  1408  547  339  2  -2  
10  40  44  1416  547  339  2  -2  
10  40  44  1423  547  339  2  -2  
10  40  45  1432  547  339  2  -2  
10  40  45  1440  547  339  2  -2  
10  40  45  1447  547  339  2  -2  
10  40  45  1457  547  339  2  -2  
10  40  45  1465  549  339  2  -2  
10  40  45  1473  549  339  2  -2  
10  40  45  1482  549  339  2  -2  
10  40  45  1490  549  339  2  -2  
10  40  45  1498  549  339  2  -2  
10  40  45  1507  549  339  2  -2  
10  40  45  1516  549  339  2  -2  
10  40  45  1525  549  339  2  -2  
10  40  45  1532  549  339  2  -2  
10  40  45  1541  549  339  2  -2  
10  40  45  1550  549  339  2  -2  
10  40  45  1558  549  339  2  -2  
10  40  45  1566  549  339  2  -2  
10  40  45  1574  549  339  2  -2  
10  40  45  1583  549  339  2  -2  
10  40  45  1590  549  339  2  -2  
10  40  45  1598  549  339  2  -2  
10  40  45  1607  549  339  2  -2  
10  40  45  1616  549  339  2  -2  
10  40  45  1625  549  339  2  -2  
10  40  45  1632  549  339  2  -2  
10  40  45  1643  549  339  2  -2  
10  40  45  1656  549  339  2  -2  
10  40  45  1665  549  339  2  -2  
10  40  45  1673  549  339  2  -2  
10  40  45  1682  549  339  2  -2  
10  40  45  1690  545  339  2  -2  
10  40  45  1699  536  339  2  -2  
10  40  45  1707  528  339  2  -2  
10  40  45  1715  514  339  2  -2  
10  40  45  1723  504  339  2  -2  
10  40  45  1731  492  336  2  -2  
10  40  45  1740  481  336  2  -2  
10  40  45  1748  469  335  2  -2  
10  40  45  1757  457  333  2  -2  
10  40  45  1765  444  333  2  -2  
10  40  45  1773  429  329  2  -2  
10  40  45  1781  413  326  2  -2  
10  40  45  1792  395  326  3  -2  
10  40  45  1799  365  321  3  -2  
10  40  45  1808  365  321  3  -2  
10  40  45  1818  351  320  3  -2  
10  40  45  1824  349  320  3  -2  
10  40  45  1832  349  320  3  -2  
10  40  45  1840  349  320  3  -2  
10  40  45  1850  349  320  3  -2  
10  40  45  1858  349  320  3  -2  
10  40  45  1866  349  320  3  -2  
10  40  45  1873  349  320  3  -2  
10  40  45  1883  349  320  3  -2  
10  40  45  1893  349  320  3  -2  
10  40  45  1902  349  320  3  -2  
10  40  45  1910  349  320  3  -2  
10  40  45  1919  349  320  3  -2  
10  40  45  1926  349  320  3  -2  
10  40  45  1934  349  320  3  -2  
10  40  45  1942  349  320  3  -2  
10  40  45  1952  349  320  3  -2  
10  40  45  1959  349  320  3  -2  
10  40  45  1969  349  320  3  -2  
10  40  45  1977  349  320  3  -2  
10  40  45  1986  349  320  3  -2  
10  40  45  1993  349  320  3  -2  
10  40  45  2003  349  320  3  -2  
10  40  45  2009  349  320  3  -2  
10  40  45  2019  349  320  3  -2  
10  40  45  2027  349  320  3  -2  
10  40  45  2036  349  320  3  -2  
10  40  45  2044  349  320  3  -2  
10  40  45  2053  349  320  3  -2  
10  40  45  2061  349  320  3  -2  
