9  54  36  0  388  322  1  -2  
9  54  36  8  388  322  1  -2  
9  54  36  17  388  322  1  -2  
9  54  36  25  388  322  1  -2  
9  54  36  33  388  322  1  -2  
9  54  36  42  388  322  1  -2  
9  54  36  50  388  322  1  -2  
9  54  36  58  387  322  1  -2  
9  54  36  67  387  322  1  -2  
9  54  36  75  387  323  1  -2  
9  54  37  84  387  324  1  -2  
9  54  37  92  401  325  1  -2  
9  54  37  102  413  325  1  -2  
9  54  37  109  426  325  1  -2  
9  54  37  116  438  325  1  -2  
9  54  37  125  446  325  1  -2  
9  54  37  135  453  325  1  -2  
9  54  37  142  458  325  1  -2  
9  54  37  150  462  325  1  -2  
9  54  37  158  464  325  1  -2  
9  54  37  168  466  325  1  -2  
9  54  37  175  467  325  1  -2  
9  54  37  184  467  325  1  -2  
9  54  37  193  468  325  1  -2  
9  54  37  200  469  325  1  -2  
9  54  37  208  470  325  1  -2  
9  54  37  217  473  325  1  -2  
9  54  37  225  479  325  1  -2  
9  54  37  235  491  325  1  -2  
9  54  37  244  513  324  2  -2  
9  54  37  252  517  323  2  -2  
9  54  37  259  517  323  2  -2  
9  54  37  267  517  323  2  -2  
9  54  37  275  517  323  2  -2  
9  54  37  283  517  323  2  -2  
9  54  37  292  517  323  2  -2  
9  54  37  302  517  323  2  -2  
9  54  37  310  517  323  2  -2  
9  54  37  317  517  323  2  -2  
9  54  37  325  517  323  2  -2  
9  54  37  333  517  323  2  -2  
9  54  37  342  517  323  2  -2  
9  54  37  352  517  323  2  -2  
9  54  37  359  517  323  2  -2  
9  54  37  367  517  323  2  -2  
9  54  37  376  517  323  2  -2  
9  54  37  386  517  323  2  -2  
9  54  37  392  517  323  2  -2  
9  54  37  402  517  323  2  -2  
9  54  37  409  513  323  2  -2  
9  54  37  417  504  323  2  -2  
9  54  37  425  494  323  2  -2  
9  54  37  436  483  323  2  -2  
9  54  37  443  461  323  2  -2  
9  54  37  450  461  323  2  -2  
9  54  37  457  446  323  2  -2  
9  54  37  468  431  323  2  -2  
9  54  37  475  415  323  2  -2  
9  54  37  486  400  323  2  -2  
9  54  37  497  380  323  3  -2  
9  54  37  505  374  323  3  -2  
9  54  37  511  371  323  3  -2  
9  54  37  522  370  323  3  -2  
9  54  37  529  370  323  3  -2  
9  54  37  538  370  323  3  -2  
9  54  37  545  370  323  3  -2  
9  54  37  554  368  323  3  -2  
9  54  37  561  368  323  3  -2  
9  54  37  572  368  323  3  -2  
9  54  37  578  365  323  3  -2  
9  54  37  588  365  323  3  -2  
9  54  37  595  362  323  3  -2  
9  54  37  605  362  323  3  -2  
9  54  37  612  361  323  3  -2  
9  54  37  621  361  323  3  -2  
9  54  37  628  361  323  3  -2  
9  54  37  639  361  323  3  -2  
9  54  37  645  361  323  3  -2  
9  54  37  655  361  323  3  -2  
9  54  37  662  361  323  3  -2  
9  54  37  671  361  323  3  -2  
9  54  37  678  361  323  3  -2  
9  54  37  688  361  323  3  -2  
9  54  37  695  361  323  3  -2  
9  54  37  705  361  323  3  -2  
9  54  37  713  361  323  3  -2  
9  54  37  722  361  323  3  -2  
9  54  37  728  361  323  3  -2  
9  54  37  738  361  323  3  -2  
9  54  37  746  361  323  3  -2  
9  54  37  755  372  323  3  -2  
9  54  37  763  385  323  3  -2  
9  54  37  772  403  323  3  -2  
9  54  37  778  447  323  3  -2  
9  54  37  788  447  323  3  -2  
9  54  37  795  490  323  3  -2  
9  54  37  804  490  323  3  -2  
9  54  37  813  520  323  4  -2  
9  54  37  822  525  323  4  -2  
9  54  37  829  525  323  4  -2  
9  54  37  838  526  323  4  -2  
9  54  37  845  526  323  4  -2  
9  54  37  855  526  323  4  -2  
9  54  37  862  526  323  4  -2  
9  54  37  872  526  323  4  -2  
9  54  37  878  526  323  4  -2  
9  54  37  888  526  323  4  -2  
9  54  37  895  526  323  4  -2  
9  54  37  905  526  323  4  -2  
9  54  37  912  526  323  4  -2  
9  54  37  922  526  323  4  -2  
9  54  37  928  526  323  4  -2  
9  54  37  938  526  323  4  -2  
9  54  37  946  526  323  4  -2  
9  54  37  955  526  323  4  -2  
9  54  37  963  526  323  4  -2  
9  54  37  972  526  323  4  -2  
9  54  37  978  526  323  4  -2  
9  54  37  988  526  323  4  -2  
9  54  37  995  526  323  4  -2  
9  54  37  1005  526  323  4  -2  
9  54  37  1012  526  323  4  -2  
9  54  37  1021  526  323  4  -2  
9  54  37  1028  526  323  4  -2  
9  54  37  1038  526  323  4  -2  
9  54  37  1046  526  323  4  -2  
9  54  37  1055  526  323  4  -2  
9  54  37  1063  526  323  4  -2  
9  54  37  1072  526  323  4  -2  
9  54  37  1079  526  323  4  -2  
9  54  38  1088  526  323  4  -2  
9  54  38  1096  526  323  4  -2  
9  54  38  1105  526  323  4  -2  
9  54  38  1112  526  323  4  -2  
9  54  38  1122  526  323  4  -2  
9  54  38  1128  526  323  4  -2  
9  54  38  1138  526  323  4  -2  
9  54  38  1146  526  323  4  -2  
9  54  38  1155  526  323  4  -2  
9  54  38  1163  526  323  4  -2  
9  54  38  1171  526  323  4  -2  
9  54  38  1178  526  323  4  -2  
9  54  38  1189  526  323  4  -2  
9  54  38  1196  526  323  4  -2  
9  54  38  1204  526  323  4  -2  
9  54  38  1212  526  322  4  -2  
9  54  38  1221  523  322  4  -2  
9  54  38  1229  517  322  4  -2  
9  54  38  1237  508  318  4  -2  
9  54  38  1245  500  318  4  -2  
9  54  38  1255  493  318  4  -2  
9  54  38  1262  487  317  4  -2  
9  54  38  1271  484  317  4  -2  
9  54  38  1278  481  317  4  -2  
9  54  38  1288  476  317  4  -2  
9  54  38  1295  468  317  4  -2  
9  54  38  1304  459  317  4  -2  
9  54  38  1312  449  317  4  -2  
9  54  38  1320  439  317  4  -2  
9  54  38  1326  432  317  4  -2  
9  54  38  1337  426  317  4  -2  
9  54  38  1345  424  317  4  -2  
9  54  38  1355  420  316  4  -2  
9  54  38  1361  419  316  4  -2  
9  54  38  1370  415  316  4  -2  
9  54  38  1377  410  316  4  -2  
9  54  38  1387  403  316  4  -2  
