9  54  43  0  378  312  1  -2  
9  54  43  10  378  312  1  -2  
9  54  43  16  378  312  1  -2  
9  54  43  25  378  312  1  -2  
9  54  43  32  378  312  1  -2  
9  54  43  42  378  312  1  -2  
9  54  43  48  378  312  1  -2  
9  54  43  59  378  312  1  -2  
9  54  43  65  378  312  1  -2  
9  54  43  75  378  312  1  -2  
9  54  43  83  378  312  1  -2  
9  54  43  93  378  312  1  -2  
9  54  43  100  381  312  1  -2  
9  54  43  111  386  312  1  -2  
9  54  43  117  406  312  1  -2  
9  54  43  129  406  312  1  -2  
9  54  43  137  427  312  1  -2  
9  54  43  146  439  312  1  -2  
9  54  43  154  449  312  1  -2  
9  54  43  163  456  312  1  -2  
9  54  43  173  460  312  1  -2  
9  54  43  181  461  312  1  -2  
9  54  43  190  464  312  1  -2  
9  54  43  199  464  312  1  -2  
9  54  43  208  464  312  1  -2  
9  54  43  215  464  312  1  -2  
9  54  43  224  464  312  1  -2  
9  54  43  231  464  312  1  -2  
9  54  43  241  464  312  1  -2  
9  54  43  248  467  312  1  -2  
9  54  43  258  475  312  1  -2  
9  54  43  265  488  312  1  -2  
9  54  43  273  503  312  2  -2  
9  54  43  281  518  312  2  -2  
9  54  43  291  531  312  2  -2  
9  54  43  297  536  312  2  -2  
9  54  43  307  539  312  2  -2  
9  54  43  314  539  312  2  -2  
9  54  43  324  539  312  2  -2  
9  54  43  331  539  312  2  -2  
9  54  43  341  539  312  2  -2  
9  54  43  348  539  312  2  -2  
9  54  43  359  539  312  2  -2  
9  54  43  365  539  312  2  -2  
9  54  43  374  539  312  2  -2  
9  54  43  380  539  312  2  -2  
9  54  43  391  539  312  2  -2  
9  54  43  397  539  312  2  -2  
9  54  43  405  539  312  2  -2  
9  54  43  414  539  312  2  -2  
9  54  43  422  539  312  2  -2  
9  54  43  431  539  312  2  -2  
9  54  43  441  539  312  2  -2  
9  54  43  448  539  312  2  -2  
9  54  43  458  535  312  2  -2  
9  54  43  465  528  312  2  -2  
9  54  43  473  518  312  2  -2  
9  54  43  481  506  312  2  -2  
9  54  43  491  493  312  2  -2  
9  54  43  498  481  312  2  -2  
9  54  43  507  466  312  2  -2  
9  54  43  514  455  312  2  -2  
9  54  43  525  445  312  2  -2  
9  54  43  531  436  314  2  -2  
9  54  43  541  429  315  2  -2  
9  54  43  548  427  315  2  -2  
9  54  43  557  425  315  2  -2  
9  54  43  564  424  316  2  -2  
9  54  43  574  424  316  2  -2  
9  54  43  583  423  316  2  -2  
9  54  43  592  420  316  2  -2  
9  54  43  599  416  316  2  -2  
9  54  43  609  411  316  2  -2  
9  54  43  615  406  316  2  -2  
9  54  43  625  404  316  2  -2  
9  54  43  632  399  316  3  -2  
9  54  43  642  397  316  3  -2  
9  54  43  648  396  316  3  -2  
9  54  43  658  396  316  3  -2  
9  54  43  665  396  316  3  -2  
9  54  43  676  396  316  3  -2  
9  54  44  683  396  316  3  -2  
9  54  44  691  396  316  3  -2  
9  54  44  700  396  316  3  -2  
9  54  44  709  396  316  3  -2  
9  54  44  716  396  316  3  -2  
9  54  44  724  396  316  3  -2  
9  54  44  731  396  316  3  -2  
9  54  44  741  396  316  3  -2  
9  54  44  750  396  316  3  -2  
9  54  44  759  396  316  3  -2  
9  54  44  766  396  316  3  -2  
9  54  44  774  396  316  3  -2  
9  54  44  782  396  316  3  -2  
9  54  44  793  396  316  3  -2  
9  54  44  799  396  316  3  -2  
9  54  44  809  396  316  3  -2  
9  54  44  816  396  316  3  -2  
9  54  44  824  396  316  3  -2  
9  54  44  832  396  316  3  -2  
9  54  44  842  396  316  3  -2  
9  54  44  850  396  316  3  -2  
9  54  44  859  396  316  3  -2  
9  54  44  866  396  316  3  -2  
9  54  44  876  396  317  3  -2  
9  54  44  883  396  317  3  -2  
9  54  44  892  396  317  3  -2  
9  54  44  899  396  318  3  -2  
9  54  44  909  396  320  3  -2  
9  54  44  916  399  320  3  -2  
9  54  44  926  407  323  3  -2  
9  54  44  932  419  324  3  -2  
9  54  44  942  430  325  3  -2  
9  54  44  949  445  327  3  -2  
9  54  44  959  462  331  3  -2  
9  54  44  966  507  332  4  -2  
9  54  44  975  507  332  4  -2  
9  54  44  983  551  339  4  -2  
9  54  44  993  570  340  4  -2  
9  54  44  1000  588  342  4  -2  
9  54  44  1010  599  342  4  -2  
9  54  44  1017  606  342  4  -2  
9  54  44  1026  608  344  4  -2  
9  54  44  1032  610  344  4  -2  
9  54  44  1043  610  344  4  -2  
9  54  44  1050  610  344  4  -2  
9  54  44  1059  610  344  4  -2  
9  54  44  1066  610  344  4  -2  
9  54  44  1076  610  344  4  -2  
9  54  44  1083  610  344  4  -2  
9  54  44  1093  610  344  4  -2  
9  54  44  1100  610  344  4  -2  
9  54  44  1110  610  344  4  -2  
9  54  44  1116  610  344  4  -2  
9  54  44  1126  610  344  4  -2  
9  54  44  1133  610  344  4  -2  
9  54  44  1143  610  344  4  -2  
9  54  44  1150  610  344  4  -2  
9  54  44  1159  610  344  4  -2  
9  54  44  1167  610  344  4  -2  
9  54  44  1176  610  344  4  -2  
9  54  44  1184  610  344  4  -2  
9  54  44  1193  610  344  4  -2  
9  54  44  1200  610  344  4  -2  
9  54  44  1210  610  344  4  -2  
9  54  44  1217  610  344  4  -2  
9  54  44  1226  610  344  4  -2  
9  54  44  1232  610  344  4  -2  
9  54  44  1243  610  344  4  -2  
9  54  44  1250  610  344  4  -2  
9  54  44  1260  610  344  4  -2  
9  54  44  1267  610  344  4  -2  
9  54  44  1276  610  344  4  -2  
9  54  44  1283  608  344  4  -2  
9  54  44  1293  608  344  4  -2  
9  54  44  1300  607  344  4  -2  
9  54  44  1310  606  344  4  -2  
9  54  44  1316  604  344  4  -2  
9  54  44  1326  603  344  4  -2  
9  54  44  1333  601  344  4  -2  
9  54  44  1344  599  344  4  -2  
9  54  44  1350  594  344  4  -2  
9  54  44  1360  594  344  4  -2  
9  54  44  1368  589  344  4  -2  
9  54  44  1377  586  344  4  -2  
9  54  44  1384  583  344  4  -2  
9  54  44  1393  582  344  4  -2  
9  54  44  1401  579  344  4  -2  
9  54  44  1410  578  344  4  -2  
9  54  44  1418  575  344  4  -2  
9  54  44  1426  572  343  4  -2  
9  54  44  1433  569  343  4  -2  
9  54  44  1443  565  342  4  -2  
9  54  44  1451  558  342  4  -2  
9  54  44  1460  552  340  4  -2  
9  54  44  1467  546  340  4  -2  
9  54  44  1476  537  338  4  -2  
9  54  44  1483  530  337  4  -2  
9  54  44  1493  523  336  4  -2  
9  54  44  1500  516  336  4  -2  
9  54  44  1509  507  333  4  -2  
9  54  44  1517  502  332  4  -2  
9  54  44  1526  495  332  4  -2  
9  54  44  1534  486  330  4  -2  
9  54  44  1543  478  330  4  -2  
9  54  44  1550  459  326  4  -2  
9  54  44  1560  459  326  4  -2  
9  54  44  1567  434  323  4  -2  
9  54  44  1576  422  321  4  -2  
9  54  44  1584  412  319  4  -2  
9  54  44  1594  405  319  4  -2  
9  54  44  1602  401  319  4  -2  
