15  5  40  0  373  322  1  -2  
15  5  40  7  373  322  1  -2  
15  5  40  17  373  322  1  -2  
15  5  40  24  373  322  1  -2  
15  5  40  34  373  322  1  -2  
15  5  40  41  373  322  1  -2  
15  5  40  50  373  322  1  -2  
15  5  40  57  373  322  1  -2  
15  5  40  67  373  322  1  -2  
15  5  40  73  373  322  1  -2  
15  5  40  84  373  322  1  -2  
15  5  40  89  373  322  1  -2  
15  5  40  99  373  322  1  -2  
15  5  40  108  373  322  1  -2  
15  5  40  117  373  322  1  -2  
15  5  40  123  373  322  1  -2  
15  5  40  134  373  322  1  -2  
15  5  40  140  373  322  1  -2  
15  5  40  149  373  322  1  -2  
15  5  40  157  376  322  1  -2  
15  5  40  167  378  322  1  -2  
15  5  40  174  382  322  1  -2  
15  5  40  184  384  322  1  -2  
15  5  40  191  389  322  1  -2  
15  5  40  199  394  322  1  -2  
15  5  41  207  400  322  1  -2  
15  5  41  218  408  322  1  -2  
15  5  41  224  438  322  1  -2  
15  5  41  234  456  322  1  -2  
15  5  41  241  471  322  1  -2  
15  5  41  250  487  322  1  -2  
15  5  41  257  501  322  2  -2  
15  5  41  268  511  322  2  -2  
15  5  41  273  521  322  2  -2  
15  5  41  284  526  322  2  -2  
15  5  41  290  530  322  2  -2  
15  5  41  299  531  322  2  -2  
15  5  41  308  531  322  2  -2  
15  5  41  317  531  322  2  -2  
15  5  41  323  531  322  2  -2  
15  5  41  334  531  322  2  -2  
15  5  41  340  531  322  2  -2  
15  5  41  350  531  322  2  -2  
15  5  41  357  531  322  2  -2  
15  5  41  367  531  322  2  -2  
15  5  41  373  531  322  2  -2  
15  5  41  384  531  322  2  -2  
15  5  41  391  531  322  2  -2  
15  5  41  399  531  322  2  -2  
15  5  41  408  531  322  2  -2  
15  5  41  417  531  322  2  -2  
15  5  41  423  531  322  2  -2  
15  5  41  434  531  322  2  -2  
15  5  41  441  531  322  2  -2  
15  5  41  451  531  322  2  -2  
15  5  41  457  531  322  2  -2  
15  5  41  468  531  322  2  -2  
15  5  41  475  531  322  2  -2  
15  5  41  484  531  322  2  -2  
15  5  41  491  531  322  2  -2  
15  5  41  500  531  322  2  -2  
15  5  41  508  531  322  2  -2  
15  5  41  517  531  322  2  -2  
15  5  41  524  531  322  2  -2  
15  5  41  534  531  322  2  -2  
15  5  41  541  531  322  2  -2  
15  5  41  550  530  322  2  -2  
15  5  41  558  528  322  2  -2  
15  5  41  567  525  322  2  -2  
15  5  41  573  520  323  2  -2  
15  5  41  584  516  323  2  -2  
15  5  41  592  511  324  2  -2  
15  5  41  601  504  325  2  -2  
15  5  41  608  495  326  2  -2  
15  5  41  618  495  326  2  -2  
15  5  41  623  486  327  2  -2  
15  5  41  634  486  327  2  -2  
15  5  41  642  477  327  2  -2  
15  5  41  651  471  327  2  -2  
15  5  41  657  466  327  2  -2  
15  5  41  668  459  327  2  -2  
15  5  41  674  452  327  2  -2  
15  5  41  684  444  327  2  -2  
15  5  41  691  437  327  2  -2  
15  5  41  701  430  327  2  -2  
15  5  41  709  420  327  2  -2  
15  5  41  718  415  327  2  -2  
15  5  41  726  410  327  2  -2  
15  5  41  735  407  327  2  -2  
15  5  41  742  404  327  2  -2  
15  5  41  751  404  327  2  -2  
15  5  41  758  404  327  2  -2  
15  5  41  767  404  327  2  -2  
15  5  41  775  403  327  2  -2  
15  5  41  783  403  327  2  -2  
15  5  41  791  403  327  2  -2  
15  5  41  800  403  327  2  -2  
15  5  41  809  401  327  2  -2  
15  5  41  818  400  327  2  -2  
15  5  41  823  399  327  2  -2  
15  5  41  833  398  327  2  -2  
15  5  41  842  396  327  3  -2  
15  5  41  850  396  327  3  -2  
15  5  41  858  393  327  3  -2  
15  5  41  867  392  327  3  -2  
15  5  41  875  389  327  3  -2  
15  5  41  883  388  327  3  -2  
15  5  41  891  386  327  3  -2  
15  5  41  900  384  327  3  -2  
15  5  41  907  383  327  3  -2  
15  5  41  917  382  327  3  -2  
15  5  41  924  382  327  3  -2  
15  5  41  933  381  327  3  -2  
15  5  41  941  381  327  3  -2  
15  5  41  950  381  327  3  -2  
15  5  41  957  381  327  3  -2  
15  5  41  966  380  327  3  -2  
15  5  41  975  380  327  3  -2  
15  5  41  983  378  327  3  -2  
15  5  41  991  378  327  3  -2  
15  5  41  1000  378  327  3  -2  
15  5  41  1008  378  327  3  -2  
15  5  41  1017  378  327  3  -2  
15  5  41  1024  378  327  3  -2  
15  5  41  1033  378  327  3  -2  
15  5  41  1041  378  327  3  -2  
15  5  41  1050  378  327  3  -2  
15  5  41  1057  378  327  3  -2  
15  5  41  1067  378  327  3  -2  
15  5  41  1075  378  327  3  -2  
15  5  41  1083  378  327  3  -2  
15  5  41  1092  378  327  3  -2  
15  5  41  1100  378  327  3  -2  
15  5  41  1108  378  327  3  -2  
15  5  41  1117  378  327  3  -2  
15  5  41  1125  378  327  3  -2  
15  5  41  1133  378  327  3  -2  
15  5  41  1141  378  327  3  -2  
15  5  41  1150  378  327  3  -2  
15  5  41  1158  378  327  3  -2  
15  5  41  1167  378  327  3  -2  
15  5  41  1175  378  327  3  -2  
15  5  41  1183  378  327  3  -2  
15  5  41  1191  378  327  3  -2  
15  5  42  1200  378  327  3  -2  
15  5  42  1208  378  327  3  -2  
15  5  42  1217  378  327  3  -2  
15  5  42  1225  378  327  3  -2  
15  5  42  1233  378  327  3  -2  
15  5  42  1241  378  327  3  -2  
15  5  42  1250  378  327  3  -2  
15  5  42  1258  378  327  3  -2  
15  5  42  1267  378  327  3  -2  
15  5  42  1274  378  327  3  -2  
15  5  42  1283  378  327  3  -2  
15  5  42  1291  378  327  3  -2  
15  5  42  1300  378  327  3  -2  
15  5  42  1308  378  327  3  -2  
15  5  42  1317  378  327  3  -2  
15  5  42  1325  378  327  3  -2  
15  5  42  1333  378  327  3  -2  
15  5  42  1341  378  327  3  -2  
15  5  42  1351  378  327  3  -2  
15  5  42  1358  378  327  3  -2  
15  5  42  1367  378  327  3  -2  
15  5  42  1374  378  327  3  -2  
15  5  42  1383  378  327  3  -2  
15  5  42  1391  378  327  3  -2  
15  5  42  1400  378  327  3  -2  
15  5  42  1409  378  327  3  -2  
15  5  42  1416  377  327  3  -2  
15  5  42  1425  377  327  3  -2  
15  5  42  1433  377  327  3  -2  
15  5  42  1441  377  327  3  -2  
15  5  42  1450  377  327  3  -2  
15  5  42  1458  377  327  3  -2  
15  5  42  1467  377  327  3  -2  
15  5  42  1475  377  327  3  -2  
15  5  42  1483  377  327  3  -2  
15  5  42  1493  377  327  3  -2  
15  5  42  1502  377  327  3  -2  
15  5  42  1511  377  327  3  -2  
15  5  42  1520  377  327  3  -2  
15  5  42  1529  377  327  3  -2  
15  5  42  1537  406  327  3  -2  
15  5  42  1544  414  327  3  -2  
15  5  42  1553  421  327  3  -2  
15  5  42  1560  429  327  3  -2  
15  5  42  1570  438  327  3  -2  
15  5  42  1580  445  327  3  -2  
15  5  42  1586  453  327  3  -2  
15  5  42  1595  460  327  3  -2  
15  5  42  1603  465  327  3  -2  
15  5  42  1611  469  327  3  -2  
15  5  42  1619  471  327  3  -2  
15  5  42  1627  475  327  3  -2  
15  5  42  1636  478  327  3  -2  
15  5  42  1644  479  327  3  -2  
15  5  42  1652  483  327  3  -2  
15  5  42  1662  485  327  3  -2  
15  5  42  1670  487  327  3  -2  
15  5  42  1679  491  327  3  -2  
15  5  42  1687  496  327  3  -2  
15  5  42  1695  501  327  4  -2  
15  5  42  1705  506  327  4  -2  
15  5  42  1713  518  327  4  -2  
15  5  42  1721  523  327  4  -2  
15  5  42  1729  527  327  4  -2  
15  5  42  1737  530  327  4  -2  
15  5  42  1747  533  327  4  -2  
15  5  42  1755  533  327  4  -2  
15  5  42  1764  533  327  4  -2  
15  5  42  1771  533  327  4  -2  
15  5  42  1779  534  326  4  -2  
15  5  42  1788  534  326  4  -2  
15  5  42  1797  534  326  4  -2  
15  5  42  1804  534  326  4  -2  
15  5  42  1814  534  326  4  -2  
15  5  42  1821  534  326  4  -2  
15  5  42  1831  534  326  4  -2  
15  5  42  1838  534  326  4  -2  
15  5  42  1850  534  326  4  -2  
15  5  42  1856  534  326  4  -2  
15  5  42  1866  534  326  4  -2  
15  5  42  1873  534  326  4  -2  
15  5  42  1882  534  326  4  -2  
15  5  42  1889  534  326  4  -2  
15  5  42  1900  534  326  4  -2  
15  5  42  1907  534  326  4  -2  
15  5  42  1917  534  326  4  -2  
15  5  42  1924  534  326  4  -2  
15  5  42  1933  533  326  4  -2  
15  5  42  1940  529  326  4  -2  
15  5  42  1950  523  327  4  -2  
15  5  42  1957  518  327  4  -2  
15  5  42  1967  511  327  4  -2  
15  5  42  1972  499  327  4  -2  
15  5  42  1982  488  327  4  -2  
15  5  42  1989  476  327  4  -2  
15  5  42  2000  466  327  4  -2  
15  5  42  2007  447  327  4  -2  
15  5  42  2016  447  327  4  -2  
15  5  42  2023  431  327  4  -2  
15  5  42  2033  431  327  4  -2  
15  5  42  2041  419  327  4  -2  
15  5  42  2050  409  327  4  -2  
15  5  42  2057  402  327  4  -2  
15  5  42  2067  394  327  5  -2  
15  5  42  2074  383  327  5  -2  
15  5  42  2083  373  327  5  -2  
15  5  42  2090  365  327  5  -2  
15  5  42  2100  358  327  5  -2  
15  5  42  2107  353  327  5  -2  
15  5  42  2117  349  327  5  -2  
15  5  42  2123  347  327  5  -2  
15  5  42  2133  347  327  5  -2  
15  5  42  2141  346  327  5  -2  
15  5  42  2150  346  327  5  -2  
15  5  42  2157  345  327  5  -2  
15  5  42  2166  345  327  5  -2  
15  5  42  2174  345  327  5  -2  
15  5  42  2182  343  327  5  -2  
15  5  42  2190  342  327  5  -2  
15  5  43  2200  342  327  5  -2  
15  5  43  2207  342  327  5  -2  
15  5  43  2216  341  327  5  -2  
15  5  43  2223  341  327  5  -2  
15  5  43  2233  341  327  5  -2  
15  5  43  2240  341  327  5  -2  
15  5  43  2250  341  327  5  -2  
15  5  43  2257  341  327  5  -2  
15  5  43  2266  341  327  5  -2  
15  5  43  2274  341  327  5  -2  
15  5  43  2283  341  327  5  -2  
15  5  43  2290  341  327  5  -2  
15  5  43  2300  341  327  5  -2  
15  5  43  2308  341  327  5  -2  
15  5  43  2316  341  327  5  -2  
15  5  43  2323  341  327  5  -2  
15  5  43  2333  341  327  5  -2  
15  5  43  2341  341  327  5  -2  
15  5  43  2351  341  327  5  -2  
15  5  43  2357  341  327  5  -2  
15  5  43  2366  341  327  5  -2  
15  5  43  2374  341  327  5  -2  
15  5  43  2383  341  327  5  -2  
15  5  43  2389  341  327  5  -2  
15  5  43  2400  341  327  5  -2  
15  5  43  2408  341  327  5  -2  
15  5  43  2416  341  327  5  -2  
15  5  43  2423  341  327  5  -2  
