15  5  51  0  357  319  1  -2  
15  5  51  7  357  319  1  -2  
15  5  51  16  357  319  1  -2  
15  5  51  24  357  319  1  -2  
15  5  51  34  358  319  1  -2  
15  5  51  41  358  319  1  -2  
15  5  51  49  358  319  1  -2  
15  5  51  58  358  319  1  -2  
15  5  51  66  358  319  1  -2  
15  5  51  74  358  319  1  -2  
15  5  51  82  358  319  1  -2  
15  5  51  91  358  319  1  -2  
15  5  51  100  358  319  1  -2  
15  5  51  107  358  319  1  -2  
15  5  51  116  358  319  1  -2  
15  5  51  125  358  319  1  -2  
15  5  51  133  358  319  1  -2  
15  5  51  141  358  319  1  -2  
15  5  51  149  359  319  1  -2  
15  5  51  157  361  319  1  -2  
15  5  51  165  365  319  1  -2  
15  5  51  174  366  319  1  -2  
15  5  51  182  374  319  1  -2  
15  5  51  191  375  319  1  -2  
15  5  51  199  379  319  1  -2  
15  5  51  208  382  319  1  -2  
15  5  51  216  384  319  1  -2  
15  5  51  225  387  319  1  -2  
15  5  51  233  391  319  1  -2  
15  5  51  242  396  319  1  -2  
15  5  51  250  400  319  1  -2  
15  5  51  258  403  319  1  -2  
15  5  51  266  407  319  1  -2  
15  5  51  274  410  319  1  -2  
15  5  51  283  411  319  1  -2  
15  5  51  291  414  319  1  -2  
15  5  51  300  416  319  1  -2  
15  5  51  307  419  319  1  -2  
15  5  51  315  421  319  1  -2  
15  5  51  324  424  319  1  -2  
15  5  51  333  427  319  1  -2  
15  5  51  341  430  319  1  -2  
15  5  51  349  435  319  1  -2  
15  5  51  358  438  319  1  -2  
15  5  51  366  441  319  1  -2  
15  5  51  375  446  319  1  -2  
15  5  51  383  446  319  1  -2  
15  5  51  392  448  319  1  -2  
15  5  51  400  451  319  1  -2  
15  5  51  409  453  319  1  -2  
15  5  51  416  456  319  1  -2  
15  5  51  424  460  319  1  -2  
15  5  51  433  462  319  1  -2  
15  5  51  442  466  319  1  -2  
15  5  51  449  470  319  1  -2  
15  5  51  458  474  319  1  -2  
15  5  51  467  479  319  1  -2  
15  5  51  474  482  319  1  -2  
15  5  51  483  485  319  1  -2  
15  5  51  492  489  319  1  -2  
15  5  51  500  491  317  1  -2  
15  5  51  507  493  317  1  -2  
15  5  51  516  494  317  1  -2  
15  5  51  525  495  317  2  -2  
15  5  51  533  495  317  2  -2  
15  5  51  540  496  317  2  -2  
15  5  51  551  496  317  2  -2  
15  5  51  558  497  316  2  -2  
15  5  51  567  497  316  2  -2  
15  5  51  574  501  316  2  -2  
15  5  51  582  502  315  2  -2  
15  5  51  591  505  315  2  -2  
15  5  51  601  505  315  2  -2  
15  5  51  608  507  315  2  -2  
15  5  51  616  508  315  2  -2  
15  5  51  625  508  315  2  -2  
15  5  51  634  508  315  2  -2  
15  5  51  642  508  315  2  -2  
15  5  51  649  508  315  2  -2  
15  5  51  658  508  315  2  -2  
15  5  51  666  508  315  2  -2  
15  5  51  675  508  315  2  -2  
15  5  51  683  508  315  2  -2  
15  5  51  691  508  315  2  -2  
15  5  51  701  508  315  2  -2  
15  5  51  708  508  315  2  -2  
15  5  51  716  508  315  2  -2  
15  5  51  724  508  315  2  -2  
15  5  51  732  508  315  2  -2  
15  5  51  742  508  315  2  -2  
15  5  51  750  508  315  2  -2  
15  5  51  758  508  315  2  -2  
15  5  51  766  508  315  2  -2  
15  5  51  774  508  315  2  -2  
15  5  51  783  508  315  2  -2  
15  5  51  791  508  315  2  -2  
15  5  51  801  508  315  2  -2  
15  5  51  808  508  315  2  -2  
15  5  51  816  508  315  2  -2  
15  5  51  824  508  315  2  -2  
15  5  51  833  508  315  2  -2  
15  5  51  842  508  315  2  -2  
15  5  51  850  508  315  2  -2  
15  5  51  858  508  315  2  -2  
15  5  51  866  507  315  2  -2  
15  5  51  875  503  316  2  -2  
15  5  51  884  498  317  2  -2  
15  5  51  892  493  317  2  -2  
15  5  51  900  487  318  2  -2  
15  5  51  907  480  320  2  -2  
15  5  51  916  472  320  2  -2  
15  5  51  925  465  322  2  -2  
15  5  51  933  458  323  2  -2  
15  5  52  942  448  323  2  -2  
15  5  52  950  439  324  2  -2  
15  5  52  958  432  326  2  -2  
15  5  52  965  415  328  2  -2  
15  5  52  974  415  328  2  -2  
15  5  52  982  404  328  2  -2  
15  5  52  992  401  328  2  -2  
15  5  52  1000  397  328  3  -2  
15  5  52  1007  394  328  3  -2  
15  5  52  1016  391  328  3  -2  
15  5  52  1024  390  328  3  -2  
15  5  52  1032  388  328  3  -2  
15  5  52  1041  387  328  3  -2  
15  5  52  1049  386  328  3  -2  
15  5  52  1059  386  328  3  -2  
15  5  52  1066  384  328  3  -2  
15  5  52  1075  384  328  3  -2  
15  5  52  1083  384  328  3  -2  
15  5  52  1092  384  328  3  -2  
15  5  52  1101  383  328  3  -2  
15  5  52  1109  383  328  3  -2  
15  5  52  1116  382  328  3  -2  
15  5  52  1125  382  328  3  -2  
15  5  52  1134  382  328  3  -2  
15  5  52  1142  382  328  3  -2  
15  5  52  1151  382  328  3  -2  
15  5  52  1157  382  328  3  -2  
15  5  52  1166  382  328  3  -2  
15  5  52  1175  382  328  3  -2  
15  5  52  1182  382  328  3  -2  
15  5  52  1192  382  328  3  -2  
15  5  52  1199  382  328  3  -2  
15  5  52  1210  382  328  3  -2  
15  5  52  1217  382  328  3  -2  
15  5  52  1226  382  328  3  -2  
15  5  52  1237  382  328  3  -2  
15  5  52  1244  382  328  3  -2  
15  5  52  1251  382  328  3  -2  
15  5  52  1261  380  328  3  -2  
15  5  52  1270  379  328  3  -2  
15  5  52  1278  379  328  3  -2  
15  5  52  1286  379  328  3  -2  
15  5  52  1293  379  328  3  -2  
15  5  52  1302  379  328  3  -2  
15  5  52  1311  379  328  3  -2  
15  5  52  1319  379  328  3  -2  
15  5  52  1328  379  328  3  -2  
15  5  52  1335  379  328  3  -2  
15  5  52  1343  379  328  3  -2  
15  5  52  1353  379  328  3  -2  
15  5  52  1362  379  328  3  -2  
15  5  52  1371  379  328  3  -2  
15  5  52  1378  379  328  3  -2  
15  5  52  1387  379  328  3  -2  
15  5  52  1394  379  328  3  -2  
15  5  52  1405  379  328  3  -2  
15  5  52  1411  383  328  3  -2  
15  5  52  1421  391  328  3  -2  
15  5  52  1429  401  328  3  -2  
15  5  52  1439  411  328  3  -2  
15  5  52  1445  431  328  3  -2  
15  5  52  1455  431  328  3  -2  
15  5  52  1462  453  328  3  -2  
15  5  52  1473  465  328  3  -2  
15  5  52  1480  473  328  3  -2  
15  5  52  1490  480  328  3  -2  
15  5  52  1495  488  328  3  -2  
15  5  52  1505  491  328  3  -2  
15  5  52  1512  494  328  3  -2  
15  5  52  1521  495  328  3  -2  
15  5  52  1530  498  328  4  -2  
15  5  52  1539  499  328  4  -2  
15  5  52  1546  501  328  4  -2  
15  5  52  1556  503  328  4  -2  
15  5  52  1562  505  328  4  -2  
15  5  52  1573  507  328  4  -2  
15  5  52  1579  510  328  4  -2  
15  5  52  1589  511  328  4  -2  
15  5  52  1596  514  328  4  -2  
15  5  52  1606  515  328  4  -2  
15  5  52  1612  515  328  4  -2  
15  5  52  1623  515  328  4  -2  
15  5  52  1630  515  328  4  -2  
15  5  52  1640  515  328  4  -2  
15  5  52  1648  515  328  4  -2  
15  5  52  1656  515  328  4  -2  
15  5  52  1662  515  328  4  -2  
15  5  52  1673  515  328  4  -2  
15  5  52  1680  515  328  4  -2  
15  5  52  1690  515  328  4  -2  
15  5  52  1696  515  328  4  -2  
15  5  52  1705  515  328  4  -2  
15  5  52  1712  515  328  4  -2  
15  5  52  1723  515  328  4  -2  
15  5  52  1730  515  328  4  -2  
15  5  52  1740  515  328  4  -2  
15  5  52  1745  515  328  4  -2  
15  5  52  1756  514  329  4  -2  
15  5  52  1764  510  329  4  -2  
15  5  52  1773  506  329  4  -2  
15  5  52  1781  501  329  4  -2  
15  5  52  1789  496  329  4  -2  
15  5  52  1795  489  329  4  -2  
15  5  52  1806  482  330  4  -2  
15  5  52  1813  464  330  4  -2  
15  5  52  1823  464  330  4  -2  
15  5  52  1831  439  330  4  -2  
15  5  52  1840  426  330  4  -2  
15  5  52  1847  412  330  4  -2  
15  5  52  1856  398  330  4  -2  
15  5  52  1864  386  330  5  -2  
15  5  52  1875  374  330  5  -2  
15  5  52  1880  363  330  5  -2  
15  5  52  1891  356  330  5  -2  
15  5  52  1897  351  330  5  -2  
15  5  52  1906  347  330  5  -2  
15  5  52  1914  344  330  5  -2  
15  5  52  1923  341  330  5  -2  
15  5  52  1930  339  330  5  -2  
15  5  53  1940  338  329  5  -2  
15  5  53  1946  337  329  5  -2  
15  5  53  1956  337  329  5  -2  
15  5  53  1963  337  329  5  -2  
15  5  53  1973  337  329  5  -2  
15  5  53  1981  337  329  5  -2  
15  5  53  1990  337  329  5  -2  
15  5  53  1998  337  329  5  -2  
15  5  53  2006  337  329  5  -2  
15  5  53  2013  337  329  5  -2  
15  5  53  2023  337  329  5  -2  
15  5  53  2031  337  329  5  -2  
15  5  53  2040  337  329  5  -2  
15  5  53  2047  337  329  5  -2  
15  5  53  2056  337  329  5  -2  
15  5  53  2063  337  329  5  -2  
15  5  53  2073  337  329  5  -2  
15  5  53  2081  337  329  5  -2  
15  5  53  2090  337  329  5  -2  
15  5  53  2098  337  329  5  -2  
15  5  53  2106  337  329  5  -2  
15  5  53  2114  337  329  5  -2  
15  5  53  2123  337  329  5  -2  
15  5  53  2131  337  329  5  -2  
15  5  53  2141  337  329  5  -2  
15  5  53  2147  337  329  5  -2  
15  5  53  2156  337  329  5  -2  
15  5  53  2163  337  329  5  -2  
