10  34  20  0  383  304  1  -2  
10  34  20  10  383  304  1  -2  
10  34  20  18  383  304  1  -2  
10  34  20  26  383  304  1  -2  
10  34  20  33  383  304  1  -2  
10  34  20  42  383  304  1  -2  
10  34  20  50  383  304  1  -2  
10  34  20  60  383  304  1  -2  
10  34  20  68  383  304  1  -2  
10  34  20  76  383  304  1  -2  
10  34  20  84  383  304  1  -2  
10  34  20  93  386  304  1  -2  
10  34  20  100  389  304  1  -2  
10  34  20  110  392  304  1  -2  
10  34  20  117  397  304  1  -2  
10  34  20  126  404  304  1  -2  
10  34  20  133  412  304  1  -2  
10  34  20  142  424  304  1  -2  
10  34  20  150  434  304  1  -2  
10  34  20  160  446  304  1  -2  
10  34  20  168  457  304  1  -2  
10  34  20  176  466  304  1  -2  
10  34  20  183  471  304  1  -2  
10  34  20  192  476  304  1  -2  
10  34  20  200  479  304  1  -2  
10  34  20  210  479  304  1  -2  
10  34  20  218  480  304  1  -2  
10  34  20  226  480  304  1  -2  
10  34  20  234  480  304  1  -2  
10  34  21  243  482  304  1  -2  
10  34  21  250  482  304  1  -2  
10  34  21  260  482  304  1  -2  
10  34  21  268  482  304  1  -2  
10  34  21  276  482  304  1  -2  
10  34  21  283  482  304  1  -2  
10  34  21  292  483  304  1  -2  
10  34  21  301  483  304  1  -2  
10  34  21  310  483  304  1  -2  
10  34  21  318  484  304  1  -2  
10  34  21  326  485  304  1  -2  
10  34  21  334  486  304  1  -2  
10  34  21  343  487  305  1  -2  
10  34  21  350  487  305  1  -2  
10  34  21  360  489  305  1  -2  
10  34  21  368  490  305  1  -2  
10  34  21  376  491  305  1  -2  
10  34  21  383  493  305  1  -2  
10  34  21  392  494  306  1  -2  
10  34  21  401  495  306  1  -2  
10  34  21  410  495  306  1  -2  
10  34  21  418  495  306  1  -2  
10  34  21  426  497  306  2  -2  
10  34  21  435  497  306  2  -2  
10  34  21  442  497  306  2  -2  
10  34  21  451  498  307  2  -2  
10  34  21  460  498  307  2  -2  
10  34  21  468  499  307  2  -2  
10  34  21  476  501  308  2  -2  
10  34  21  484  501  308  2  -2  
10  34  21  493  501  308  2  -2  
10  34  21  500  502  308  2  -2  
10  34  21  510  502  308  2  -2  
10  34  21  517  502  308  2  -2  
10  34  21  525  502  308  2  -2  
10  34  21  532  502  308  2  -2  
10  34  21  541  502  308  2  -2  
10  34  21  550  502  308  2  -2  
10  34  21  559  502  308  2  -2  
10  34  21  567  503  308  2  -2  
10  34  21  575  503  308  2  -2  
10  34  21  583  503  308  2  -2  
10  34  21  591  503  308  2  -2  
10  34  21  601  503  308  2  -2  
10  34  21  608  503  308  2  -2  
10  34  21  617  503  308  2  -2  
10  34  21  624  503  308  2  -2  
10  34  21  633  503  309  2  -2  
10  34  21  641  503  309  2  -2  
10  34  21  651  503  309  2  -2  
10  34  21  658  503  309  2  -2  
10  34  21  667  503  309  2  -2  
10  34  21  676  503  309  2  -2  
10  34  21  684  503  309  2  -2  
10  34  21  692  503  309  2  -2  
10  34  21  700  503  309  2  -2  
10  34  21  709  503  309  2  -2  
10  34  21  717  503  309  2  -2  
10  34  21  725  503  309  2  -2  
10  34  21  733  503  309  2  -2  
10  34  21  742  503  309  2  -2  
10  34  21  750  503  309  2  -2  
10  34  21  758  503  309  2  -2  
10  34  21  767  503  309  2  -2  
10  34  21  775  503  309  2  -2  
10  34  21  783  503  309  2  -2  
10  34  21  791  503  309  2  -2  
10  34  21  800  503  309  2  -2  
10  34  21  809  503  309  2  -2  
10  34  21  817  503  309  2  -2  
10  34  21  825  503  309  2  -2  
10  34  21  833  503  309  2  -2  
10  34  21  841  503  309  2  -2  
10  34  21  849  503  310  2  -2  
10  34  21  859  503  311  2  -2  
10  34  21  866  501  312  2  -2  
10  34  21  875  501  312  2  -2  
10  34  21  883  493  315  2  -2  
10  34  21  892  488  316  2  -2  
10  34  21  900  485  317  2  -2  
10  34  21  909  480  317  2  -2  
10  34  21  917  473  319  2  -2  
10  34  21  926  466  320  2  -2  
10  34  21  933  460  320  2  -2  
10  34  21  941  454  320  2  -2  
10  34  21  950  448  320  2  -2  
10  34  21  959  439  320  2  -2  
10  34  21  966  432  320  2  -2  
10  34  21  975  426  320  2  -2  
10  34  21  983  422  320  2  -2  
10  34  21  992  419  320  2  -2  
10  34  21  1000  417  320  2  -2  
10  34  21  1009  416  320  2  -2  
10  34  21  1017  416  320  2  -2  
10  34  21  1025  415  320  2  -2  
10  34  21  1033  414  320  2  -2  
10  34  21  1041  414  320  2  -2  
10  34  21  1051  413  320  2  -2  
10  34  21  1059  412  320  2  -2  
10  34  21  1066  410  320  2  -2  
10  34  21  1077  408  320  2  -2  
10  34  21  1084  404  320  2  -2  
10  34  21  1091  400  320  2  -2  
10  34  21  1101  400  320  2  -2  
10  34  21  1108  397  320  3  -2  
10  34  21  1118  397  320  3  -2  
10  34  21  1125  397  320  3  -2  
10  34  21  1133  397  320  3  -2  
10  34  21  1142  397  320  3  -2  
10  34  21  1150  397  320  3  -2  
10  34  21  1159  397  320  3  -2  
10  34  21  1168  396  320  3  -2  
10  34  21  1175  396  320  3  -2  
10  34  21  1183  393  320  3  -2  
10  34  21  1192  392  320  3  -2  
10  34  21  1200  389  320  3  -2  
10  34  21  1208  386  320  3  -2  
10  34  21  1216  384  320  3  -2  
10  34  21  1225  383  320  3  -2  
10  34  21  1233  381  320  3  -2  
10  34  22  1241  380  320  3  -2  
10  34  22  1250  379  320  3  -2  
10  34  22  1258  377  320  3  -2  
10  34  22  1268  376  320  3  -2  
10  34  22  1275  373  320  3  -2  
10  34  22  1283  371  320  3  -2  
10  34  22  1292  371  320  3  -2  
10  34  22  1300  369  320  3  -2  
10  34  22  1309  369  320  3  -2  
10  34  22  1318  369  320  3  -2  
10  34  22  1325  369  320  3  -2  
10  34  22  1333  369  320  3  -2  
10  34  22  1343  368  320  3  -2  
10  34  22  1350  368  320  3  -2  
10  34  22  1359  367  320  3  -2  
10  34  22  1368  366  320  3  -2  
10  34  22  1375  365  320  3  -2  
10  34  22  1384  364  320  3  -2  
10  34  22  1391  363  320  3  -2  
10  34  22  1400  361  320  3  -2  
10  34  22  1409  360  320  3  -2  
10  34  22  1417  360  320  3  -2  
10  34  22  1425  360  320  3  -2  
10  34  22  1433  358  320  3  -2  
10  34  22  1442  358  320  3  -2  
10  34  22  1450  358  320  3  -2  
10  34  22  1458  358  320  3  -2  
10  34  22  1468  358  320  3  -2  
10  34  22  1476  358  320  3  -2  
10  34  22  1483  358  320  3  -2  
10  34  22  1492  358  320  3  -2  
10  34  22  1500  358  320  3  -2  
10  34  22  1509  358  320  3  -2  
10  34  22  1518  358  320  3  -2  
10  34  22  1525  358  320  3  -2  
10  34  22  1534  358  320  3  -2  
10  34  22  1542  358  320  3  -2  
10  34  22  1551  358  320  3  -2  
10  34  22  1559  358  320  3  -2  
10  34  22  1568  358  320  3  -2  
10  34  22  1575  358  320  3  -2  
10  34  22  1584  358  320  3  -2  
10  34  22  1591  358  320  3  -2  
10  34  22  1602  358  320  3  -2  
10  34  22  1609  358  320  3  -2  
10  34  22  1618  358  320  3  -2  
10  34  22  1625  358  320  3  -2  
10  34  22  1634  358  320  3  -2  
10  34  22  1642  358  320  3  -2  
10  34  22  1651  358  320  3  -2  
10  34  22  1659  358  320  3  -2  
10  34  22  1668  358  320  3  -2  
10  34  22  1677  358  320  3  -2  
10  34  22  1684  358  320  3  -2  
10  34  22  1692  358  320  3  -2  
10  34  22  1700  358  320  3  -2  
10  34  22  1709  358  320  3  -2  
10  34  22  1718  358  320  3  -2  
10  34  22  1725  358  320  3  -2  
10  34  22  1734  358  320  3  -2  
10  34  22  1741  359  320  3  -2  
10  34  22  1751  361  320  3  -2  
10  34  22  1759  364  320  3  -2  
10  34  22  1768  366  320  3  -2  
10  34  22  1776  371  320  3  -2  
10  34  22  1784  376  320  3  -2  
10  34  22  1792  386  320  3  -2  
10  34  22  1801  398  320  3  -2  
10  34  22  1809  411  320  3  -2  
10  34  22  1818  428  320  3  -2  
10  34  22  1825  444  320  3  -2  
10  34  22  1834  463  320  3  -2  
10  34  22  1842  479  320  3  -2  
10  34  22  1852  494  320  3  -2  
10  34  22  1860  516  320  4  -2  
10  34  22  1869  522  320  4  -2  
10  34  22  1877  526  320  4  -2  
10  34  22  1885  530  320  4  -2  
10  34  22  1892  531  320  4  -2  
10  34  22  1901  531  320  4  -2  
10  34  22  1909  533  320  4  -2  
10  34  22  1919  533  320  4  -2  
10  34  22  1927  533  320  4  -2  
10  34  22  1937  533  320  4  -2  
10  34  22  1942  533  320  4  -2  
10  34  22  1951  533  320  4  -2  
10  34  22  1961  533  320  4  -2  
10  34  22  1969  534  320  4  -2  
10  34  22  1976  534  320  4  -2  
10  34  22  1984  535  320  4  -2  
10  34  22  1993  537  320  4  -2  
10  34  22  2001  537  320  4  -2  
10  34  22  2010  538  319  4  -2  
10  34  22  2018  538  319  4  -2  
10  34  22  2027  538  319  4  -2  
10  34  22  2034  538  319  4  -2  
10  34  22  2042  538  319  4  -2  
10  34  22  2051  538  319  4  -2  
10  34  22  2060  538  319  4  -2  
10  34  22  2069  538  319  4  -2  
10  34  22  2075  538  319  4  -2  
10  34  22  2084  538  319  4  -2  
10  34  22  2093  538  319  4  -2  
10  34  22  2102  538  319  4  -2  
10  34  22  2111  538  319  4  -2  
10  34  22  2119  538  319  4  -2  
10  34  22  2127  538  319  4  -2  
10  34  22  2134  538  319  4  -2  
10  34  22  2143  538  319  4  -2  
10  34  22  2151  538  319  4  -2  
10  34  22  2161  538  319  4  -2  
10  34  22  2169  538  319  4  -2  
10  34  22  2176  538  319  4  -2  
10  34  22  2186  538  319  4  -2  
10  34  22  2193  538  319  4  -2  
10  34  22  2202  538  319  4  -2  
10  34  22  2211  538  319  4  -2  
10  34  22  2219  538  319  4  -2  
10  34  22  2227  538  319  4  -2  
10  34  22  2234  538  319  4  -2  
10  34  23  2243  538  319  4  -2  
10  34  23  2252  538  319  4  -2  
10  34  23  2261  538  319  4  -2  
10  34  23  2269  538  319  4  -2  
10  34  23  2276  535  319  4  -2  
10  34  23  2284  528  319  4  -2  
10  34  23  2292  518  319  4  -2  
10  34  23  2301  506  319  4  -2  
10  34  23  2308  493  319  4  -2  
10  34  23  2317  480  319  4  -2  
10  34  23  2325  466  319  4  -2  
10  34  23  2335  451  319  4  -2  
10  34  23  2342  440  319  4  -2  
10  34  23  2350  428  319  4  -2  
10  34  23  2359  416  319  4  -2  
10  34  23  2368  408  319  4  -2  
