16  33  9  0  364  318  1  -2  
16  33  9  8  364  318  1  -2  
16  33  9  16  364  318  1  -2  
16  33  9  24  364  318  1  -2  
16  33  9  32  364  318  1  -2  
16  33  9  40  364  318  1  -2  
16  33  9  49  364  318  1  -2  
16  33  9  57  364  318  1  -2  
16  33  9  66  364  318  1  -2  
16  33  9  72  364  318  1  -2  
16  33  9  82  364  318  1  -2  
16  33  9  90  364  318  1  -2  
16  33  9  99  364  318  1  -2  
16  33  9  107  364  318  1  -2  
16  33  9  116  364  318  1  -2  
16  33  9  124  364  318  1  -2  
16  33  9  132  364  318  1  -2  
16  33  9  140  364  318  1  -2  
16  33  9  149  364  318  1  -2  
16  33  9  157  364  318  1  -2  
16  33  9  166  364  318  1  -2  
16  33  9  174  364  318  1  -2  
16  33  9  182  364  318  1  -2  
16  33  9  190  364  318  1  -2  
16  33  9  199  364  318  1  -2  
16  33  9  208  366  318  1  -2  
16  33  9  216  370  318  1  -2  
16  33  9  224  372  318  1  -2  
16  33  9  233  377  318  1  -2  
16  33  9  240  381  318  1  -2  
16  33  9  250  387  318  1  -2  
16  33  9  259  391  318  1  -2  
16  33  9  266  394  318  1  -2  
16  33  9  274  398  318  1  -2  
16  33  9  282  400  318  1  -2  
16  33  9  291  404  318  1  -2  
16  33  9  300  408  318  1  -2  
16  33  9  307  411  318  1  -2  
16  33  9  316  413  319  1  -2  
16  33  9  324  417  319  1  -2  
16  33  9  332  423  319  1  -2  
16  33  9  341  431  322  1  -2  
16  33  9  349  437  322  1  -2  
16  33  9  357  448  323  1  -2  
16  33  9  366  456  324  1  -2  
16  33  9  375  475  324  1  -2  
16  33  9  383  485  324  1  -2  
16  33  9  392  491  324  1  -2  
16  33  9  400  497  324  2  -2  
16  33  9  408  503  324  2  -2  
16  33  9  416  510  324  2  -2  
16  33  9  424  517  324  2  -2  
16  33  9  432  522  324  2  -2  
16  33  9  440  524  324  2  -2  
16  33  9  450  526  324  2  -2  
16  33  9  459  527  324  2  -2  
16  33  9  465  527  324  2  -2  
16  33  9  474  527  324  2  -2  
16  33  9  482  527  324  2  -2  
16  33  9  491  527  324  2  -2  
16  33  9  500  527  324  2  -2  
16  33  9  507  527  324  2  -2  
16  33  9  516  527  324  2  -2  
16  33  9  524  527  324  2  -2  
16  33  9  532  527  324  2  -2  
16  33  9  541  527  324  2  -2  
16  33  9  550  527  324  2  -2  
16  33  9  557  527  324  2  -2  
16  33  9  567  527  324  2  -2  
16  33  9  574  527  324  2  -2  
16  33  9  582  527  324  2  -2  
16  33  9  591  527  324  2  -2  
16  33  9  600  527  324  2  -2  
16  33  9  607  527  324  2  -2  
16  33  9  616  527  324  2  -2  
16  33  9  624  527  324  2  -2  
16  33  9  633  527  324  2  -2  
16  33  9  640  527  324  2  -2  
16  33  9  650  527  324  2  -2  
16  33  9  657  527  324  2  -2  
16  33  9  667  527  324  2  -2  
16  33  9  674  527  324  2  -2  
16  33  9  683  527  324  2  -2  
16  33  9  691  527  324  2  -2  
16  33  9  699  527  324  2  -2  
16  33  9  709  527  324  2  -2  
16  33  9  716  527  324  2  -2  
16  33  9  724  527  324  2  -2  
16  33  9  733  527  324  2  -2  
16  33  9  741  527  324  2  -2  
16  33  10  751  527  324  2  -2  
16  33  10  756  527  324  2  -2  
16  33  10  766  527  324  2  -2  
16  33  10  775  527  324  2  -2  
16  33  10  783  527  324  2  -2  
16  33  10  791  527  324  2  -2  
16  33  10  800  527  324  2  -2  
16  33  10  809  527  324  2  -2  
16  33  10  817  527  324  2  -2  
16  33  10  824  527  324  2  -2  
16  33  10  832  527  324  2  -2  
16  33  10  841  527  324  2  -2  
16  33  10  850  527  324  2  -2  
16  33  10  859  527  324  2  -2  
16  33  10  866  527  324  2  -2  
16  33  10  874  527  324  2  -2  
16  33  10  883  527  324  2  -2  
16  33  10  891  527  324  2  -2  
16  33  10  900  527  324  2  -2  
16  33  10  909  527  324  2  -2  
16  33  10  916  527  324  2  -2  
16  33  10  924  527  324  2  -2  
16  33  10  933  527  324  2  -2  
16  33  10  942  527  324  2  -2  
16  33  10  950  527  324  2  -2  
16  33  10  957  527  324  2  -2  
16  33  10  966  525  324  2  -2  
16  33  10  975  520  324  2  -2  
16  33  10  984  515  324  2  -2  
16  33  10  992  504  325  2  -2  
16  33  10  1002  501  327  2  -2  
16  33  10  1009  496  327  2  -2  
16  33  10  1016  488  327  2  -2  
16  33  10  1024  479  327  2  -2  
16  33  10  1034  468  327  2  -2  
16  33  10  1041  454  327  2  -2  
16  33  10  1050  443  327  2  -2  
16  33  10  1059  430  327  2  -2  
16  33  10  1066  421  328  2  -2  
16  33  10  1074  414  328  2  -2  
16  33  10  1082  410  329  2  -2  
16  33  10  1091  408  329  2  -2  
16  33  10  1100  406  329  2  -2  
16  33  10  1107  403  329  2  -2  
16  33  10  1117  401  329  2  -2  
16  33  10  1124  398  329  2  -2  
16  33  10  1134  395  328  3  -2  
16  33  10  1141  394  328  3  -2  
16  33  10  1151  392  328  3  -2  
16  33  10  1157  390  328  3  -2  
16  33  10  1166  390  328  3  -2  
16  33  10  1174  389  328  3  -2  
16  33  10  1184  389  328  3  -2  
16  33  10  1192  385  328  3  -2  
16  33  10  1200  382  328  3  -2  
16  33  10  1209  377  328  3  -2  
16  33  10  1217  373  327  3  -2  
16  33  10  1226  370  327  3  -2  
16  33  10  1233  366  327  3  -2  
16  33  10  1241  364  326  3  -2  
16  33  10  1253  363  326  3  -2  
16  33  10  1260  363  326  3  -2  
16  33  10  1270  363  326  3  -2  
16  33  10  1276  363  326  3  -2  
16  33  10  1286  363  326  3  -2  
16  33  10  1292  363  326  3  -2  
16  33  10  1302  363  326  3  -2  
16  33  10  1310  363  326  3  -2  
16  33  10  1317  363  326  3  -2  
16  33  10  1323  363  326  3  -2  
16  33  10  1334  363  326  3  -2  
16  33  10  1343  363  326  3  -2  
16  33  10  1352  363  326  3  -2  
16  33  10  1359  363  326  3  -2  
16  33  10  1366  363  326  3  -2  
16  33  10  1375  363  326  3  -2  
16  33  10  1384  363  326  3  -2  
16  33  10  1392  363  326  3  -2  
16  33  10  1402  363  326  3  -2  
16  33  10  1409  363  326  3  -2  
16  33  10  1418  363  326  3  -2  
16  33  10  1424  363  326  3  -2  
16  33  10  1434  366  326  3  -2  
16  33  10  1442  372  325  3  -2  
16  33  10  1452  378  324  3  -2  
16  33  10  1459  389  324  3  -2  
16  33  10  1469  403  324  3  -2  
16  33  10  1476  416  324  3  -2  
16  33  10  1484  431  324  3  -2  
16  33  10  1492  444  324  3  -2  
16  33  10  1503  457  324  3  -2  
16  33  10  1509  484  324  3  -2  
16  33  10  1520  484  324  3  -2  
16  33  10  1526  504  324  4  -2  
16  33  10  1534  504  324  4  -2  
16  33  10  1543  509  324  4  -2  
16  33  10  1552  513  324  4  -2  
16  33  10  1560  513  324  4  -2  
16  33  10  1569  513  324  4  -2  
16  33  10  1576  513  324  4  -2  
16  33  10  1585  513  324  4  -2  
16  33  10  1592  514  324  4  -2  
16  33  10  1602  516  323  4  -2  
16  33  10  1609  517  323  4  -2  
16  33  10  1617  519  323  4  -2  
16  33  10  1626  521  323  4  -2  
16  33  10  1634  521  323  4  -2  
16  33  10  1642  521  323  4  -2  
16  33  10  1652  521  323  4  -2  
16  33  10  1660  521  323  4  -2  
16  33  10  1667  521  323  4  -2  
16  33  10  1676  521  323  4  -2  
16  33  10  1684  521  323  4  -2  
16  33  10  1693  521  323  4  -2  
16  33  10  1702  521  323  4  -2  
16  33  10  1709  521  323  4  -2  
16  33  10  1717  521  323  4  -2  
16  33  10  1726  521  323  4  -2  
16  33  10  1735  521  323  4  -2  
16  33  10  1743  521  323  4  -2  
16  33  11  1753  518  323  4  -2  
16  33  11  1760  514  323  4  -2  
16  33  11  1770  506  323  4  -2  
16  33  11  1778  495  323  4  -2  
16  33  11  1787  485  323  4  -2  
16  33  11  1796  471  323  4  -2  
16  33  11  1805  460  323  4  -2  
16  33  11  1812  446  323  4  -2  
16  33  11  1822  436  323  4  -2  
16  33  11  1830  428  323  4  -2  
16  33  11  1839  418  323  4  -2  
16  33  11  1846  403  323  4  -2  
16  33  11  1854  403  323  4  -2  
16  33  11  1863  394  322  5  -2  
16  33  11  1872  390  321  5  -2  
16  33  11  1880  387  319  5  -2  
16  33  11  1889  386  319  5  -2  
16  33  11  1896  385  319  5  -2  
16  33  11  1905  381  319  5  -2  
16  33  11  1914  379  318  5  -2  
16  33  11  1923  378  318  5  -2  
16  33  11  1932  376  318  5  -2  
16  33  11  1942  372  318  5  -2  
16  33  11  1953  371  317  5  -2  
16  33  11  1960  363  317  5  -2  
16  33  11  1970  360  316  5  -2  
16  33  11  1976  358  314  5  -2  
16  33  11  1988  355  314  5  -2  
16  33  11  1995  353  314  5  -2  
16  33  11  2004  353  314  5  -2  
16  33  11  2012  353  314  5  -2  
16  33  11  2021  353  314  5  -2  
16  33  11  2028  353  314  5  -2  
16  33  11  2037  353  314  5  -2  
16  33  11  2046  353  314  5  -2  
16  33  11  2053  353  314  5  -2  
16  33  11  2062  353  314  5  -2  
16  33  11  2071  353  314  5  -2  
16  33  11  2078  357  314  5  -2  
16  33  11  2087  358  314  5  -2  
16  33  11  2096  359  314  5  -2  
16  33  11  2104  360  314  5  -2  
16  33  11  2112  361  314  5  -2  
16  33  11  2121  362  314  5  -2  
16  33  11  2129  362  314  5  -2  
16  33  11  2137  362  314  5  -2  
16  33  11  2146  362  314  5  -2  
16  33  11  2154  362  314  5  -2  
16  33  11  2162  362  314  5  -2  
16  33  11  2171  362  314  5  -2  
16  33  11  2179  362  314  5  -2  
16  33  11  2187  362  314  5  -2  
16  33  11  2196  362  314  5  -2  
16  33  11  2204  362  314  5  -2  
16  33  11  2212  362  314  5  -2  
16  33  11  2221  362  314  5  -2  
16  33  11  2229  362  314  5  -2  
16  33  11  2237  362  314  5  -2  
16  33  11  2246  362  314  5  -2  
16  33  11  2255  363  314  5  -2  
