14  50  31  0  366  321  1  -2  
14  50  31  9  366  321  1  -2  
14  50  31  17  366  321  1  -2  
14  50  31  25  366  321  1  -2  
14  50  31  34  366  321  1  -2  
14  50  31  43  366  321  1  -2  
14  50  31  50  366  321  1  -2  
14  50  31  58  366  321  1  -2  
14  50  31  67  366  321  1  -2  
14  50  31  75  366  321  1  -2  
14  50  31  84  366  321  1  -2  
14  50  31  93  366  321  1  -2  
14  50  31  100  366  321  1  -2  
14  50  31  108  366  321  1  -2  
14  50  31  117  366  321  1  -2  
14  50  31  125  366  321  1  -2  
14  50  31  134  366  320  1  -2  
14  50  31  142  367  320  1  -2  
14  50  31  150  368  320  1  -2  
14  50  31  158  372  320  1  -2  
14  50  31  167  376  320  1  -2  
14  50  31  178  379  320  1  -2  
14  50  31  184  389  320  1  -2  
14  50  31  194  395  320  1  -2  
14  50  31  200  401  320  1  -2  
14  50  31  210  404  320  1  -2  
14  50  31  217  408  320  1  -2  
14  50  31  225  412  320  1  -2  
14  50  31  234  412  320  1  -2  
14  50  31  242  415  320  1  -2  
14  50  31  252  415  320  1  -2  
14  50  31  259  415  320  1  -2  
14  50  31  267  415  320  1  -2  
14  50  31  275  416  320  1  -2  
14  50  31  284  416  320  1  -2  
14  50  31  293  417  320  1  -2  
14  50  31  300  417  320  1  -2  
14  50  31  309  417  320  1  -2  
14  50  31  317  417  320  1  -2  
14  50  31  327  417  320  1  -2  
14  50  31  334  417  320  1  -2  
14  50  31  342  417  320  1  -2  
14  50  31  350  417  320  1  -2  
14  50  31  359  418  320  1  -2  
14  50  31  367  418  320  1  -2  
14  50  31  375  418  320  1  -2  
14  50  31  383  418  320  1  -2  
14  50  31  394  418  320  1  -2  
14  50  31  402  418  320  1  -2  
14  50  31  410  418  320  1  -2  
14  50  31  419  418  320  1  -2  
14  50  31  425  418  320  1  -2  
14  50  31  434  418  320  1  -2  
14  50  31  443  418  320  1  -2  
14  50  31  450  418  320  1  -2  
14  50  31  459  418  320  1  -2  
14  50  31  467  418  320  1  -2  
14  50  31  477  418  320  1  -2  
14  50  31  484  418  320  1  -2  
14  50  31  493  418  320  1  -2  
14  50  31  500  418  320  1  -2  
14  50  31  509  418  320  1  -2  
14  50  31  517  418  320  1  -2  
14  50  32  527  418  320  1  -2  
14  50  32  534  418  320  1  -2  
14  50  32  543  418  320  1  -2  
14  50  32  550  418  320  1  -2  
14  50  32  559  418  320  1  -2  
14  50  32  567  418  320  1  -2  
14  50  32  575  418  320  1  -2  
14  50  32  584  418  320  1  -2  
14  50  32  593  418  320  1  -2  
14  50  32  599  418  320  1  -2  
14  50  32  610  418  320  1  -2  
14  50  32  618  418  320  1  -2  
14  50  32  625  418  320  1  -2  
14  50  32  634  418  320  1  -2  
14  50  32  643  418  320  1  -2  
14  50  32  650  418  320  1  -2  
14  50  32  659  418  320  1  -2  
14  50  32  667  418  320  1  -2  
14  50  32  677  418  320  1  -2  
14  50  32  684  418  320  1  -2  
14  50  32  695  418  320  1  -2  
14  50  32  701  418  320  1  -2  
14  50  32  710  418  320  1  -2  
14  50  32  719  418  320  1  -2  
14  50  32  725  418  320  1  -2  
14  50  32  734  418  320  1  -2  
14  50  32  744  418  320  1  -2  
14  50  32  750  418  320  1  -2  
14  50  32  760  418  320  1  -2  
14  50  32  767  418  320  1  -2  
14  50  32  777  418  320  1  -2  
14  50  32  784  418  320  1  -2  
14  50  32  793  418  320  1  -2  
14  50  32  800  418  320  1  -2  
14  50  32  810  418  320  1  -2  
14  50  32  817  418  320  1  -2  
14  50  32  826  418  320  1  -2  
14  50  32  835  418  320  1  -2  
14  50  32  843  418  320  1  -2  
14  50  32  850  418  320  1  -2  
14  50  32  861  418  320  1  -2  
14  50  32  867  418  320  1  -2  
14  50  32  877  421  320  1  -2  
14  50  32  884  423  320  1  -2  
14  50  32  892  423  320  1  -2  
14  50  32  900  425  320  1  -2  
14  50  32  909  427  320  1  -2  
14  50  32  917  429  320  1  -2  
14  50  32  926  433  320  1  -2  
14  50  32  933  436  320  1  -2  
14  50  32  944  438  320  1  -2  
14  50  32  951  441  320  1  -2  
14  50  32  960  445  320  1  -2  
14  50  32  967  451  320  1  -2  
14  50  32  976  455  320  1  -2  
14  50  32  983  459  320  1  -2  
14  50  32  994  459  320  1  -2  
14  50  32  1001  463  320  1  -2  
14  50  32  1009  463  320  1  -2  
14  50  32  1016  464  320  1  -2  
14  50  32  1026  467  320  1  -2  
14  50  32  1034  468  320  1  -2  
14  50  32  1043  471  320  1  -2  
14  50  32  1050  474  321  1  -2  
14  50  32  1061  476  321  1  -2  
14  50  32  1067  478  321  1  -2  
14  50  32  1077  482  322  1  -2  
14  50  32  1084  484  322  1  -2  
14  50  32  1093  487  322  1  -2  
14  50  32  1101  490  322  1  -2  
14  50  32  1109  491  322  1  -2  
14  50  32  1116  494  322  1  -2  
14  50  32  1127  496  322  2  -2  
14  50  32  1134  497  322  2  -2  
14  50  32  1143  498  322  2  -2  
14  50  32  1150  498  322  2  -2  
14  50  32  1159  499  322  2  -2  
14  50  32  1167  499  322  2  -2  
14  50  32  1177  499  322  2  -2  
14  50  32  1183  502  322  2  -2  
14  50  32  1193  502  322  2  -2  
14  50  32  1201  506  322  2  -2  
14  50  32  1209  507  322  2  -2  
14  50  32  1217  509  322  2  -2  
14  50  32  1226  510  322  2  -2  
14  50  32  1233  511  322  2  -2  
14  50  32  1242  512  322  2  -2  
14  50  32  1250  513  322  2  -2  
14  50  32  1261  514  322  2  -2  
14  50  32  1267  515  322  2  -2  
14  50  32  1276  517  322  2  -2  
14  50  32  1284  519  322  2  -2  
14  50  32  1293  521  322  2  -2  
14  50  32  1302  525  322  2  -2  
14  50  32  1309  528  322  2  -2  
14  50  32  1316  530  322  2  -2  
14  50  32  1327  531  322  2  -2  
14  50  32  1333  532  322  2  -2  
14  50  32  1345  533  322  2  -2  
14  50  32  1350  533  322  2  -2  
14  50  32  1361  533  322  2  -2  
14  50  32  1367  533  322  2  -2  
14  50  32  1378  533  322  2  -2  
14  50  32  1384  533  322  2  -2  
14  50  32  1393  533  322  2  -2  
14  50  32  1402  533  322  2  -2  
14  50  32  1409  533  322  2  -2  
14  50  32  1416  533  322  2  -2  
14  50  32  1428  533  322  2  -2  
14  50  32  1433  533  322  2  -2  
14  50  32  1443  533  322  2  -2  
14  50  32  1451  533  322  2  -2  
14  50  32  1461  533  322  2  -2  
14  50  32  1467  533  322  2  -2  
14  50  32  1477  533  322  2  -2  
14  50  32  1484  533  322  2  -2  
14  50  32  1493  533  322  2  -2  
14  50  32  1502  533  322  2  -2  
14  50  32  1511  533  322  2  -2  
14  50  32  1517  533  322  2  -2  
14  50  33  1527  533  322  2  -2  
14  50  33  1534  533  322  2  -2  
14  50  33  1544  533  322  2  -2  
14  50  33  1550  533  322  2  -2  
14  50  33  1562  533  322  2  -2  
14  50  33  1567  533  322  2  -2  
14  50  33  1578  533  322  2  -2  
14  50  33  1584  533  322  2  -2  
14  50  33  1595  533  322  2  -2  
14  50  33  1600  533  322  2  -2  
14  50  33  1611  533  322  2  -2  
14  50  33  1618  533  322  2  -2  
14  50  33  1627  533  322  2  -2  
14  50  33  1633  533  322  2  -2  
14  50  33  1644  533  322  2  -2  
14  50  33  1650  533  322  2  -2  
14  50  33  1661  533  322  2  -2  
14  50  33  1667  533  322  2  -2  
14  50  33  1678  533  322  2  -2  
14  50  33  1683  533  322  2  -2  
14  50  33  1695  533  322  2  -2  
14  50  33  1700  533  322  2  -2  
14  50  33  1711  533  322  2  -2  
14  50  33  1717  533  322  2  -2  
14  50  33  1732  532  322  2  -2  
14  50  33  1738  531  322  2  -2  
14  50  33  1746  527  322  2  -2  
14  50  33  1753  526  322  2  -2  
14  50  33  1763  523  322  2  -2  
14  50  33  1770  521  322  2  -2  
14  50  33  1778  520  322  2  -2  
14  50  33  1788  518  322  2  -2  
14  50  33  1795  517  322  2  -2  
14  50  33  1803  516  322  2  -2  
14  50  33  1812  514  322  2  -2  
14  50  33  1821  514  322  2  -2  
14  50  33  1828  513  322  2  -2  
14  50  33  1838  511  322  2  -2  
14  50  33  1845  510  322  2  -2  
14  50  33  1853  507  322  2  -2  
14  50  33  1863  504  323  2  -2  
14  50  33  1870  501  323  2  -2  
14  50  33  1878  500  323  2  -2  
14  50  33  1887  496  325  2  -2  
14  50  33  1895  493  325  2  -2  
14  50  33  1903  492  325  2  -2  
14  50  33  1912  490  326  2  -2  
14  50  33  1921  488  326  2  -2  
14  50  33  1928  486  326  2  -2  
14  50  33  1938  485  326  2  -2  
14  50  33  1945  484  326  2  -2  
14  50  33  1954  481  326  2  -2  
14  50  33  1963  480  326  2  -2  
14  50  33  1970  477  326  2  -2  
14  50  33  1979  475  326  2  -2  
14  50  33  1987  472  327  2  -2  
14  50  33  1995  467  329  2  -2  
14  50  33  2004  466  329  2  -2  
14  50  33  2012  463  329  2  -2  
14  50  33  2020  462  329  2  -2  
14  50  33  2029  458  330  2  -2  
14  50  33  2038  455  330  2  -2  
14  50  33  2047  452  331  2  -2  
14  50  33  2055  451  331  2  -2  
14  50  33  2064  448  332  2  -2  
14  50  33  2071  443  332  2  -2  
14  50  33  2080  437  334  2  -2  
14  50  33  2088  434  334  2  -2  
14  50  33  2097  430  335  2  -2  
14  50  33  2104  419  337  2  -2  
14  50  33  2114  411  337  2  -2  
14  50  33  2122  405  338  2  -2  
14  50  33  2130  397  338  2  -2  
14  50  33  2138  390  338  3  -2  
14  50  33  2146  385  340  3  -2  
14  50  33  2154  379  341  3  -2  
14  50  33  2163  375  341  3  -2  
14  50  33  2172  374  342  3  -2  
14  50  33  2179  373  342  3  -2  
14  50  33  2187  371  342  3  -2  
14  50  33  2195  370  342  3  -2  
14  50  33  2204  368  342  3  -2  
14  50  33  2213  367  343  3  -2  
14  50  33  2221  366  343  3  -2  
14  50  33  2230  365  343  3  -2  
14  50  33  2237  363  343  3  -2  
14  50  33  2246  362  343  3  -2  
14  50  33  2254  361  343  3  -2  
14  50  33  2263  361  343  3  -2  
14  50  33  2272  361  343  3  -2  
14  50  33  2279  360  343  3  -2  
14  50  33  2288  360  343  3  -2  
14  50  33  2296  360  343  3  -2  
14  50  33  2304  360  343  3  -2  
14  50  33  2313  360  343  3  -2  
14  50  33  2320  360  343  3  -2  
14  50  33  2329  360  343  3  -2  
14  50  33  2338  360  343  3  -2  
14  50  33  2347  360  343  3  -2  
14  50  33  2355  360  343  3  -2  
14  50  33  2363  360  343  3  -2  
14  50  33  2372  360  343  3  -2  
14  50  33  2379  360  343  3  -2  
14  50  33  2387  360  343  3  -2  
14  50  33  2397  360  343  3  -2  
14  50  33  2405  360  343  3  -2  
14  50  33  2413  360  343  3  -2  
14  50  33  2422  360  343  3  -2  
14  50  33  2429  360  343  3  -2  
14  50  33  2438  360  343  3  -2  
14  50  33  2446  360  343  3  -2  
14  50  33  2454  360  343  3  -2  
14  50  33  2463  360  343  3  -2  
14  50  33  2472  360  343  3  -2  
14  50  33  2481  360  343  3  -2  
14  50  33  2488  360  343  3  -2  
14  50  33  2496  360  343  3  -2  
14  50  33  2504  360  343  3  -2  
14  50  33  2514  360  343  3  -2  
14  50  34  2522  360  343  3  -2  
14  50  34  2529  360  343  3  -2  
14  50  34  2538  360  343  3  -2  
14  50  34  2546  360  343  3  -2  
14  50  34  2554  360  343  3  -2  
14  50  34  2563  360  343  3  -2  
14  50  34  2572  360  343  3  -2  
14  50  34  2579  360  343  3  -2  
14  50  34  2587  360  343  3  -2  
14  50  34  2596  360  343  3  -2  
14  50  34  2605  360  343  3  -2  
14  50  34  2613  360  343  3  -2  
14  50  34  2622  360  343  3  -2  
14  50  34  2629  360  343  3  -2  
14  50  34  2637  360  343  3  -2  
14  50  34  2646  360  343  3  -2  
14  50  34  2654  360  343  3  -2  
14  50  34  2662  360  343  3  -2  
14  50  34  2671  360  343  3  -2  
14  50  34  2678  360  343  3  -2  
14  50  34  2688  360  343  3  -2  
14  50  34  2696  361  343  3  -2  
14  50  34  2705  362  343  3  -2  
14  50  34  2713  362  343  3  -2  
14  50  34  2721  363  343  3  -2  
14  50  34  2729  365  343  3  -2  
14  50  34  2737  365  343  3  -2  
14  50  34  2745  367  343  3  -2  
14  50  34  2753  369  343  3  -2  
14  50  34  2763  369  343  3  -2  
14  50  34  2771  371  343  3  -2  
14  50  34  2779  373  343  3  -2  
14  50  34  2787  376  343  3  -2  
14  50  34  2796  379  341  3  -2  
14  50  34  2805  384  341  3  -2  
14  50  34  2812  388  341  3  -2  
14  50  34  2822  393  341  3  -2  
14  50  34  2829  398  341  3  -2  
14  50  34  2837  405  341  3  -2  
14  50  34  2846  410  341  3  -2  
14  50  34  2854  416  341  3  -2  
14  50  34  2862  425  341  3  -2  
14  50  34  2872  430  341  3  -2  
14  50  34  2879  439  341  3  -2  
14  50  34  2888  443  341  3  -2  
14  50  34  2896  446  341  3  -2  
14  50  34  2905  450  340  3  -2  
14  50  34  2913  452  340  3  -2  
14  50  34  2922  455  340  3  -2  
14  50  34  2930  456  340  3  -2  
14  50  34  2938  459  340  3  -2  
14  50  34  2945  464  340  3  -2  
14  50  34  2954  469  340  3  -2  
14  50  34  2962  474  340  3  -2  
14  50  34  2972  481  340  3  -2  
14  50  34  2979  488  340  3  -2  
14  50  34  2987  493  340  3  -2  
14  50  34  2995  501  340  3  -2  
14  50  34  3003  505  340  4  -2  
14  50  34  3014  509  340  4  -2  
14  50  34  3022  512  340  4  -2  
14  50  34  3030  513  340  4  -2  
14  50  34  3037  515  340  4  -2  
14  50  34  3045  515  340  4  -2  
14  50  34  3054  515  340  4  -2  
14  50  34  3063  515  340  4  -2  
14  50  34  3072  515  340  4  -2  
14  50  34  3080  515  340  4  -2  
14  50  34  3087  515  340  4  -2  
14  50  34  3097  515  340  4  -2  
14  50  34  3103  515  340  4  -2  
14  50  34  3112  515  340  4  -2  
14  50  34  3122  515  340  4  -2  
14  50  34  3129  515  340  4  -2  
14  50  34  3137  515  340  4  -2  
14  50  34  3146  515  340  4  -2  
14  50  34  3153  515  340  4  -2  
14  50  34  3163  515  340  4  -2  
14  50  34  3172  516  340  4  -2  
14  50  34  3179  516  340  4  -2  
14  50  34  3187  516  340  4  -2  
14  50  34  3196  516  340  4  -2  
14  50  34  3203  516  340  4  -2  
14  50  34  3213  516  340  4  -2  
14  50  34  3222  516  340  4  -2  
14  50  34  3230  517  340  4  -2  
14  50  34  3238  517  340  4  -2  
14  50  34  3246  518  340  4  -2  
14  50  34  3255  520  340  4  -2  
14  50  34  3263  521  339  4  -2  
14  50  34  3272  521  339  4  -2  
14  50  34  3279  521  339  4  -2  
14  50  34  3287  521  339  4  -2  
14  50  34  3297  521  339  4  -2  
14  50  34  3305  521  339  4  -2  
14  50  34  3313  521  339  4  -2  
14  50  34  3323  521  339  4  -2  
14  50  34  3329  521  339  4  -2  
14  50  34  3338  521  339  4  -2  
14  50  34  3346  521  339  4  -2  
14  50  34  3354  521  339  4  -2  
14  50  34  3363  521  339  4  -2  
14  50  34  3372  521  339  4  -2  
14  50  34  3380  521  339  4  -2  
14  50  34  3389  521  339  4  -2  
14  50  34  3396  521  339  4  -2  
14  50  34  3404  521  339  4  -2  
14  50  34  3413  521  339  4  -2  
14  50  34  3422  521  339  4  -2  
14  50  34  3429  521  339  4  -2  
14  50  34  3438  521  339  4  -2  
14  50  34  3446  521  339  4  -2  
14  50  34  3454  519  339  4  -2  
14  50  34  3463  513  339  4  -2  
14  50  34  3471  508  339  4  -2  
14  50  34  3479  503  339  4  -2  
14  50  34  3489  494  339  4  -2  
14  50  34  3497  481  339  4  -2  
14  50  34  3505  474  339  4  -2  
14  50  34  3513  465  339  4  -2  
14  50  35  3521  460  339  4  -2  
14  50  35  3530  455  339  4  -2  
14  50  35  3538  450  339  4  -2  
14  50  35  3547  445  339  4  -2  
14  50  35  3554  442  339  4  -2  
14  50  35  3563  437  339  4  -2  
14  50  35  3573  430  339  4  -2  
14  50  35  3581  427  339  4  -2  
14  50  35  3588  420  338  4  -2  
14  50  35  3596  413  336  4  -2  
14  50  35  3605  408  336  4  -2  
14  50  35  3614  401  335  4  -2  
14  50  35  3622  395  334  4  -2  
