16  33  3  0  370  320  1  -2  
16  33  3  8  370  320  1  -2  
16  33  3  16  370  320  1  -2  
16  33  3  24  370  320  1  -2  
16  33  3  32  370  320  1  -2  
16  33  3  41  370  320  1  -2  
16  33  3  50  370  320  1  -2  
16  33  3  59  370  320  1  -2  
16  33  3  66  370  320  1  -2  
16  33  3  75  370  320  1  -2  
16  33  3  84  370  320  1  -2  
16  33  3  92  370  320  1  -2  
16  33  3  100  370  320  1  -2  
16  33  3  108  370  320  1  -2  
16  33  3  116  370  320  1  -2  
16  33  3  125  376  320  1  -2  
16  33  3  133  386  320  1  -2  
16  33  3  142  398  320  1  -2  
16  33  3  150  409  320  1  -2  
16  33  3  158  420  320  1  -2  
16  33  3  166  433  320  1  -2  
16  33  3  175  444  320  1  -2  
16  33  3  183  456  320  1  -2  
16  33  3  192  465  320  1  -2  
16  33  3  200  476  320  1  -2  
16  33  3  209  485  320  1  -2  
16  33  3  216  493  320  1  -2  
16  33  3  224  498  320  2  -2  
16  33  3  234  503  320  2  -2  
16  33  3  240  510  321  2  -2  
16  33  3  251  510  321  2  -2  
16  33  3  259  523  321  2  -2  
16  33  3  267  530  321  2  -2  
16  33  3  275  535  321  2  -2  
16  33  3  283  541  321  2  -2  
16  33  3  291  544  321  2  -2  
16  33  3  300  547  321  2  -2  
16  33  3  309  550  321  2  -2  
16  33  3  316  551  321  2  -2  
16  33  3  325  551  321  2  -2  
16  33  3  333  551  321  2  -2  
16  33  3  342  551  321  2  -2  
16  33  3  350  551  321  2  -2  
16  33  3  359  551  321  2  -2  
16  33  3  366  551  321  2  -2  
16  33  3  374  551  321  2  -2  
16  33  3  383  551  321  2  -2  
16  33  3  393  551  321  2  -2  
16  33  3  401  551  321  2  -2  
16  33  3  409  551  321  2  -2  
16  33  3  416  551  321  2  -2  
16  33  3  426  551  321  2  -2  
16  33  3  434  551  321  2  -2  
16  33  3  442  551  321  2  -2  
16  33  3  451  551  321  2  -2  
16  33  3  458  551  321  2  -2  
16  33  3  467  551  321  2  -2  
16  33  3  474  551  321  2  -2  
16  33  3  484  551  321  2  -2  
16  33  3  491  551  321  2  -2  
16  33  3  501  551  321  2  -2  
16  33  3  509  551  321  2  -2  
16  33  3  516  551  321  2  -2  
16  33  3  525  551  321  2  -2  
16  33  3  534  551  321  2  -2  
16  33  3  542  551  321  2  -2  
16  33  3  551  551  321  2  -2  
16  33  3  559  544  321  2  -2  
16  33  3  567  531  321  2  -2  
16  33  3  576  516  321  2  -2  
16  33  3  583  500  321  2  -2  
16  33  3  592  490  321  2  -2  
16  33  3  601  471  321  2  -2  
16  33  3  609  457  321  2  -2  
16  33  3  617  443  321  2  -2  
16  33  3  624  433  321  2  -2  
16  33  3  634  426  321  2  -2  
16  33  3  643  416  321  2  -2  
16  33  3  651  412  321  2  -2  
16  33  3  659  409  321  2  -2  
16  33  3  667  406  321  2  -2  
16  33  3  675  402  321  2  -2  
16  33  3  684  397  321  3  -2  
16  33  3  692  393  321  3  -2  
16  33  3  701  390  321  3  -2  
16  33  3  709  387  321  3  -2  
16  33  3  717  383  321  3  -2  
16  33  3  724  380  321  3  -2  
16  33  3  735  379  321  3  -2  
16  33  3  742  378  321  3  -2  
16  33  3  751  378  321  3  -2  
16  33  3  760  378  321  3  -2  
16  33  3  766  378  321  3  -2  
16  33  3  776  378  321  3  -2  
16  33  3  784  378  321  3  -2  
16  33  3  792  378  321  3  -2  
16  33  3  801  378  321  3  -2  
16  33  3  809  378  321  3  -2  
16  33  3  817  378  321  3  -2  
16  33  3  826  378  321  3  -2  
16  33  3  833  378  321  3  -2  
16  33  3  842  378  321  3  -2  
16  33  3  851  378  321  3  -2  
16  33  3  860  378  321  3  -2  
16  33  3  866  378  321  3  -2  
16  33  3  875  378  321  3  -2  
16  33  3  885  378  321  3  -2  
16  33  3  891  378  321  3  -2  
16  33  3  901  378  321  3  -2  
16  33  3  910  378  321  3  -2  
16  33  3  918  378  321  3  -2  
16  33  3  926  378  321  3  -2  
16  33  3  934  378  321  3  -2  
16  33  3  943  378  321  3  -2  
16  33  3  952  378  321  3  -2  
16  33  3  958  378  321  3  -2  
16  33  4  968  378  321  3  -2  
16  33  4  976  378  321  3  -2  
16  33  4  985  378  321  3  -2  
16  33  4  993  378  321  3  -2  
16  33  4  1001  378  321  3  -2  
16  33  4  1010  378  321  3  -2  
16  33  4  1019  378  321  3  -2  
16  33  4  1026  378  321  3  -2  
16  33  4  1035  378  321  3  -2  
16  33  4  1043  378  321  3  -2  
16  33  4  1051  378  321  3  -2  
16  33  4  1060  378  321  3  -2  
16  33  4  1067  378  321  3  -2  
16  33  4  1077  378  321  3  -2  
16  33  4  1085  379  321  3  -2  
16  33  4  1093  383  321  3  -2  
16  33  4  1102  389  321  3  -2  
16  33  4  1109  398  321  3  -2  
16  33  4  1118  408  321  3  -2  
16  33  4  1125  419  321  3  -2  
16  33  4  1135  434  321  3  -2  
16  33  4  1144  455  321  3  -2  
16  33  4  1152  475  321  3  -2  
16  33  4  1162  504  324  4  -2  
16  33  4  1168  528  324  4  -2  
16  33  4  1175  549  324  4  -2  
16  33  4  1185  565  326  4  -2  
16  33  4  1193  577  326  4  -2  
16  33  4  1202  585  326  4  -2  
16  33  4  1209  591  326  4  -2  
16  33  4  1218  591  326  4  -2  
16  33  4  1227  591  326  4  -2  
16  33  4  1235  591  326  4  -2  
16  33  4  1243  591  326  4  -2  
16  33  4  1252  591  326  4  -2  
16  33  4  1260  591  326  4  -2  
16  33  4  1268  591  326  4  -2  
16  33  4  1277  591  326  4  -2  
16  33  4  1284  591  326  4  -2  
16  33  4  1294  591  326  4  -2  
16  33  4  1302  591  326  4  -2  
16  33  4  1310  591  326  4  -2  
16  33  4  1318  591  326  4  -2  
16  33  4  1327  591  326  4  -2  
16  33  4  1335  591  326  4  -2  
16  33  4  1342  591  326  4  -2  
16  33  4  1351  591  326  4  -2  
16  33  4  1359  591  326  4  -2  
16  33  4  1367  591  326  4  -2  
16  33  4  1375  591  326  4  -2  
16  33  4  1384  591  326  4  -2  
16  33  4  1392  591  326  4  -2  
16  33  4  1401  591  326  4  -2  
16  33  4  1409  591  326  4  -2  
16  33  4  1417  591  326  4  -2  
16  33  4  1425  591  326  4  -2  
16  33  4  1434  590  326  4  -2  
16  33  4  1443  588  327  4  -2  
16  33  4  1452  588  327  4  -2  
16  33  4  1459  587  327  4  -2  
16  33  4  1468  585  327  4  -2  
16  33  4  1476  581  327  4  -2  
16  33  4  1484  578  327  4  -2  
16  33  4  1492  573  327  4  -2  
16  33  4  1501  568  327  4  -2  
16  33  4  1509  563  327  4  -2  
16  33  4  1517  553  327  4  -2  
16  33  4  1526  546  327  4  -2  
16  33  4  1534  539  327  4  -2  
16  33  4  1543  529  327  4  -2  
16  33  4  1550  521  327  4  -2  
16  33  4  1560  512  326  4  -2  
16  33  4  1570  502  326  4  -2  
16  33  4  1576  493  325  4  -2  
16  33  4  1584  483  325  4  -2  
16  33  4  1592  473  325  4  -2  
16  33  4  1601  465  325  4  -2  
16  33  4  1609  450  325  4  -2  
16  33  4  1618  443  325  4  -2  
16  33  4  1626  436  322  4  -2  
16  33  4  1635  431  322  4  -2  
16  33  4  1643  425  321  4  -2  
16  33  4  1653  421  321  4  -2  
16  33  4  1660  418  321  4  -2  
16  33  4  1667  416  320  4  -2  
16  33  4  1675  413  320  4  -2  
16  33  4  1684  412  320  4  -2  
16  33  4  1693  409  320  4  -2  
16  33  4  1701  407  320  4  -2  
16  33  4  1710  405  319  4  -2  
16  33  4  1718  403  319  4  -2  
16  33  4  1727  402  319  4  -2  
16  33  4  1736  400  318  4  -2  
16  33  4  1743  400  318  4  -2  
16  33  4  1753  400  318  4  -2  
16  33  4  1760  400  318  4  -2  
16  33  4  1767  400  318  4  -2  
16  33  4  1776  400  318  4  -2  
16  33  4  1784  400  318  4  -2  
16  33  4  1792  400  318  4  -2  
16  33  4  1802  400  318  4  -2  
16  33  4  1811  397  318  5  -2  
16  33  4  1819  396  318  5  -2  
16  33  4  1827  395  318  5  -2  
16  33  4  1835  392  318  5  -2  
16  33  4  1843  392  318  5  -2  
16  33  4  1851  392  318  5  -2  
16  33  4  1859  392  318  5  -2  
16  33  4  1867  392  318  5  -2  
16  33  4  1876  392  318  5  -2  
16  33  4  1884  392  318  5  -2  
16  33  4  1894  391  318  5  -2  
16  33  4  1902  391  318  5  -2  
16  33  4  1910  389  318  5  -2  
16  33  4  1919  388  318  5  -2  
16  33  4  1926  385  318  5  -2  
16  33  4  1935  383  318  5  -2  
16  33  4  1943  380  318  5  -2  
16  33  4  1952  378  318  5  -2  
16  33  4  1961  374  318  5  -2  
16  33  5  1970  373  318  5  -2  
16  33  5  1976  370  318  5  -2  
16  33  5  1984  370  318  5  -2  
16  33  5  1993  370  318  5  -2  
16  33  5  2002  370  318  5  -2  
16  33  5  2010  370  318  5  -2  
16  33  5  2017  370  318  5  -2  
16  33  5  2026  370  318  5  -2  
16  33  5  2035  370  318  5  -2  
16  33  5  2044  370  318  5  -2  
16  33  5  2053  369  318  5  -2  
16  33  5  2060  368  318  5  -2  
16  33  5  2069  366  318  5  -2  
16  33  5  2076  365  318  5  -2  
16  33  5  2084  364  318  5  -2  
16  33  5  2092  364  318  5  -2  
16  33  5  2103  364  318  5  -2  
16  33  5  2111  364  318  5  -2  
16  33  5  2120  364  318  5  -2  
16  33  5  2127  364  318  5  -2  
16  33  5  2136  364  318  5  -2  
16  33  5  2143  364  318  5  -2  
16  33  5  2152  364  318  5  -2  
16  33  5  2161  364  318  5  -2  
16  33  5  2170  364  318  5  -2  
16  33  5  2176  364  318  5  -2  
16  33  5  2185  364  318  5  -2  
16  33  5  2193  364  318  5  -2  
16  33  5  2203  364  318  5  -2  
16  33  5  2210  364  318  5  -2  
16  33  5  2221  364  318  5  -2  
16  33  5  2228  364  318  5  -2  
16  33  5  2239  364  318  5  -2  
16  33  5  2246  364  318  5  -2  
16  33  5  2256  364  318  5  -2  
16  33  5  2263  364  318  5  -2  
16  33  5  2273  364  318  5  -2  
16  33  5  2282  364  318  5  -2  
16  33  5  2291  364  318  5  -2  
16  33  5  2299  364  318  5  -2  
16  33  5  2307  364  318  5  -2  
16  33  5  2317  364  318  5  -2  
