14  50  48  0  344  322  1  -2  
14  50  48  9  344  322  1  -2  
14  50  48  17  344  322  1  -2  
14  50  48  25  344  322  1  -2  
14  50  48  33  344  322  1  -2  
14  50  48  43  344  322  1  -2  
14  50  48  50  344  322  1  -2  
14  50  48  59  344  322  1  -2  
14  50  48  67  344  322  1  -2  
14  50  48  75  344  322  1  -2  
14  50  48  83  344  322  1  -2  
14  50  48  93  344  322  1  -2  
14  50  48  100  344  322  1  -2  
14  50  48  108  344  322  1  -2  
14  50  48  117  344  322  1  -2  
14  50  48  125  345  321  1  -2  
14  50  48  133  345  321  1  -2  
14  50  48  143  345  321  1  -2  
14  50  48  150  354  321  1  -2  
14  50  48  159  354  321  1  -2  
14  50  48  167  372  321  1  -2  
14  50  48  176  386  321  1  -2  
14  50  48  184  399  321  1  -2  
14  50  48  193  414  321  1  -2  
14  50  48  201  427  321  1  -2  
14  50  48  208  440  321  1  -2  
14  50  48  218  452  321  1  -2  
14  50  48  225  459  321  1  -2  
14  50  48  234  467  321  1  -2  
14  50  48  243  474  321  1  -2  
14  50  48  250  478  321  1  -2  
14  50  48  259  479  321  1  -2  
14  50  48  267  480  321  1  -2  
14  50  48  275  482  321  1  -2  
14  50  48  284  482  321  1  -2  
14  50  48  293  482  321  1  -2  
14  50  48  301  482  321  1  -2  
14  50  48  308  482  321  1  -2  
14  50  48  317  482  321  1  -2  
14  50  48  325  483  321  1  -2  
14  50  48  335  485  321  1  -2  
14  50  48  343  487  321  1  -2  
14  50  48  350  496  321  2  -2  
14  50  48  360  496  321  2  -2  
14  50  48  367  501  321  2  -2  
14  50  48  375  504  321  2  -2  
14  50  48  384  504  321  2  -2  
14  50  48  393  504  321  2  -2  
14  50  48  402  504  321  2  -2  
14  50  48  408  505  321  2  -2  
14  50  48  418  505  321  2  -2  
14  50  48  425  505  321  2  -2  
14  50  49  434  505  321  2  -2  
14  50  49  443  505  321  2  -2  
14  50  49  452  505  321  2  -2  
14  50  49  459  505  321  2  -2  
14  50  49  467  505  321  2  -2  
14  50  49  475  506  321  2  -2  
14  50  49  484  507  321  2  -2  
14  50  49  493  507  321  2  -2  
14  50  49  501  507  321  2  -2  
14  50  49  509  507  321  2  -2  
14  50  49  517  507  321  2  -2  
14  50  49  526  507  321  2  -2  
14  50  49  534  507  321  2  -2  
14  50  49  543  507  321  2  -2  
14  50  49  551  507  321  2  -2  
14  50  49  559  507  321  2  -2  
14  50  49  567  507  321  2  -2  
14  50  49  575  507  321  2  -2  
14  50  49  585  507  321  2  -2  
14  50  49  595  507  321  2  -2  
14  50  49  602  507  321  2  -2  
14  50  49  610  507  321  2  -2  
14  50  49  618  507  321  2  -2  
14  50  49  627  507  321  2  -2  
14  50  49  635  507  321  2  -2  
14  50  49  643  507  321  2  -2  
14  50  49  651  507  321  2  -2  
14  50  49  659  507  321  2  -2  
14  50  49  668  507  321  2  -2  
14  50  49  675  507  321  2  -2  
14  50  49  685  507  321  2  -2  
14  50  49  694  507  321  2  -2  
14  50  49  701  507  321  2  -2  
14  50  49  709  507  321  2  -2  
14  50  49  718  507  321  2  -2  
14  50  49  725  507  321  2  -2  
14  50  49  734  507  321  2  -2  
14  50  49  743  507  321  2  -2  
14  50  49  752  507  321  2  -2  
14  50  49  759  504  321  2  -2  
14  50  49  767  502  321  2  -2  
14  50  49  775  501  321  2  -2  
14  50  49  785  501  321  2  -2  
14  50  49  793  500  321  2  -2  
14  50  49  801  498  321  2  -2  
14  50  49  809  498  321  2  -2  
14  50  49  818  498  321  2  -2  
14  50  49  826  497  321  2  -2  
14  50  49  835  496  321  2  -2  
14  50  49  844  495  321  2  -2  
14  50  49  851  494  321  2  -2  
14  50  49  859  493  321  2  -2  
14  50  49  868  491  321  2  -2  
14  50  49  874  488  322  2  -2  
14  50  49  888  488  322  2  -2  
14  50  49  893  485  322  2  -2  
14  50  49  901  485  322  2  -2  
14  50  49  909  481  323  2  -2  
14  50  49  918  479  323  2  -2  
14  50  49  924  477  323  2  -2  
14  50  49  936  475  323  2  -2  
14  50  49  943  471  324  2  -2  
14  50  49  951  471  324  2  -2  
14  50  49  960  463  326  2  -2  
14  50  49  969  459  326  2  -2  
14  50  49  976  455  327  2  -2  
14  50  49  985  452  327  2  -2  
14  50  49  993  448  328  2  -2  
14  50  49  1001  443  328  2  -2  
14  50  49  1009  437  329  2  -2  
14  50  49  1018  433  329  2  -2  
14  50  49  1026  429  331  2  -2  
14  50  49  1035  424  331  2  -2  
14  50  49  1043  422  332  2  -2  
14  50  49  1051  417  332  2  -2  
14  50  49  1060  411  333  2  -2  
14  50  49  1068  406  333  2  -2  
14  50  49  1076  401  334  2  -2  
14  50  49  1086  397  334  2  -2  
14  50  49  1094  392  336  3  -2  
14  50  49  1101  386  336  3  -2  
14  50  49  1110  381  336  3  -2  
14  50  49  1118  374  338  3  -2  
14  50  49  1126  370  338  3  -2  
14  50  49  1136  365  339  3  -2  
14  50  49  1144  354  340  3  -2  
14  50  49  1151  350  340  3  -2  
14  50  49  1160  349  342  3  -2  
14  50  49  1168  349  342  3  -2  
14  50  49  1177  349  342  3  -2  
14  50  49  1184  349  342  3  -2  
14  50  49  1192  349  342  3  -2  
14  50  49  1200  349  342  3  -2  
14  50  49  1208  349  342  3  -2  
14  50  49  1217  347  342  3  -2  
14  50  49  1225  347  342  3  -2  
14  50  49  1234  347  342  3  -2  
14  50  49  1242  347  342  3  -2  
14  50  49  1250  347  342  3  -2  
14  50  49  1259  347  342  3  -2  
14  50  49  1267  347  342  3  -2  
14  50  49  1275  347  342  3  -2  
14  50  49  1283  347  342  3  -2  
14  50  49  1293  347  342  3  -2  
14  50  49  1300  347  342  3  -2  
14  50  49  1309  347  342  3  -2  
14  50  49  1318  347  342  3  -2  
14  50  49  1325  347  342  3  -2  
14  50  49  1335  347  342  3  -2  
14  50  49  1344  347  342  3  -2  
14  50  49  1350  347  342  3  -2  
14  50  49  1359  347  342  3  -2  
14  50  49  1368  347  342  3  -2  
14  50  49  1375  347  342  3  -2  
14  50  49  1385  347  342  3  -2  
14  50  49  1393  347  342  3  -2  
14  50  49  1400  347  342  3  -2  
14  50  49  1409  347  342  3  -2  
14  50  49  1417  347  342  3  -2  
14  50  49  1425  347  342  3  -2  
14  50  50  1435  347  342  3  -2  
14  50  50  1443  347  342  3  -2  
14  50  50  1450  347  342  3  -2  
14  50  50  1459  347  342  3  -2  
14  50  50  1467  347  342  3  -2  
14  50  50  1475  347  342  3  -2  
14  50  50  1485  347  342  3  -2  
14  50  50  1493  347  342  3  -2  
14  50  50  1500  347  342  3  -2  
14  50  50  1509  347  342  3  -2  
14  50  50  1518  347  342  3  -2  
14  50  50  1526  347  342  3  -2  
14  50  50  1535  347  342  3  -2  
14  50  50  1543  347  342  3  -2  
14  50  50  1550  347  342  3  -2  
14  50  50  1560  347  342  3  -2  
14  50  50  1567  347  342  3  -2  
14  50  50  1575  347  342  3  -2  
14  50  50  1585  347  342  3  -2  
14  50  50  1594  347  342  3  -2  
14  50  50  1603  347  342  3  -2  
14  50  50  1609  347  342  3  -2  
14  50  50  1617  347  342  3  -2  
14  50  50  1625  347  342  3  -2  
14  50  50  1633  347  342  3  -2  
14  50  50  1643  347  342  3  -2  
14  50  50  1651  347  342  3  -2  
14  50  50  1659  347  342  3  -2  
14  50  50  1667  347  342  3  -2  
14  50  50  1676  347  342  3  -2  
14  50  50  1684  347  342  3  -2  
14  50  50  1693  347  342  3  -2  
14  50  50  1700  347  342  3  -2  
14  50  50  1709  347  342  3  -2  
14  50  50  1717  347  342  3  -2  
14  50  50  1725  347  342  3  -2  
14  50  50  1735  347  342  3  -2  
14  50  50  1743  347  342  3  -2  
14  50  50  1750  347  342  3  -2  
14  50  50  1759  347  342  3  -2  
14  50  50  1768  347  342  3  -2  
14  50  50  1776  347  342  3  -2  
14  50  50  1785  347  342  3  -2  
14  50  50  1793  347  342  3  -2  
14  50  50  1801  347  342  3  -2  
14  50  50  1809  347  342  3  -2  
14  50  50  1818  347  342  3  -2  
14  50  50  1825  347  342  3  -2  
14  50  50  1835  347  342  3  -2  
14  50  50  1844  347  342  3  -2  
14  50  50  1850  347  342  3  -2  
14  50  50  1859  347  342  3  -2  
14  50  50  1868  347  342  3  -2  
14  50  50  1875  347  342  3  -2  
14  50  50  1884  347  342  3  -2  
14  50  50  1893  347  342  3  -2  
14  50  50  1900  347  342  3  -2  
14  50  50  1909  347  342  3  -2  
14  50  50  1918  347  342  3  -2  
14  50  50  1925  347  342  3  -2  
14  50  50  1936  347  342  3  -2  
14  50  50  1943  347  342  3  -2  
14  50  50  1950  347  342  3  -2  
14  50  50  1959  347  342  3  -2  
14  50  50  1967  347  342  3  -2  
14  50  50  1975  347  342  3  -2  
14  50  50  1985  347  342  3  -2  
14  50  50  1993  347  342  3  -2  
14  50  50  2000  348  342  3  -2  
14  50  50  2009  350  342  3  -2  
14  50  50  2018  352  342  3  -2  
14  50  50  2025  353  342  3  -2  
14  50  50  2034  355  341  3  -2  
14  50  50  2043  357  341  3  -2  
14  50  50  2053  359  341  3  -2  
14  50  50  2059  362  340  3  -2  
14  50  50  2068  363  340  3  -2  
14  50  50  2075  368  340  3  -2  
14  50  50  2086  372  340  3  -2  
14  50  50  2094  377  340  3  -2  
14  50  50  2100  382  340  3  -2  
14  50  50  2109  389  340  3  -2  
14  50  50  2118  401  340  3  -2  
14  50  50  2124  411  340  3  -2  
14  50  50  2136  419  340  3  -2  
14  50  50  2143  434  340  3  -2  
14  50  50  2150  439  340  3  -2  
14  50  50  2160  439  340  3  -2  
14  50  50  2168  445  338  3  -2  
14  50  50  2176  446  338  3  -2  
14  50  50  2186  446  338  3  -2  
14  50  50  2194  448  338  3  -2  
14  50  50  2201  448  338  3  -2  
14  50  50  2209  449  337  3  -2  
14  50  50  2220  449  337  3  -2  
14  50  50  2226  453  337  3  -2  
14  50  50  2233  456  337  3  -2  
14  50  50  2243  460  337  3  -2  
14  50  50  2250  465  337  3  -2  
14  50  50  2259  471  337  3  -2  
14  50  50  2268  478  337  3  -2  
14  50  50  2276  483  337  3  -2  
14  50  50  2286  486  337  3  -2  
14  50  50  2293  490  337  3  -2  
14  50  50  2303  493  337  3  -2  
14  50  50  2309  495  337  3  -2  
14  50  50  2321  495  337  3  -2  
14  50  50  2328  498  336  3  -2  
14  50  50  2336  500  336  3  -2  
14  50  50  2343  501  336  3  -2  
14  50  50  2351  503  336  4  -2  
14  50  50  2359  503  336  4  -2  
14  50  50  2368  507  334  4  -2  
14  50  50  2375  509  334  4  -2  
14  50  50  2387  509  334  4  -2  
14  50  50  2394  509  334  4  -2  
14  50  50  2403  509  334  4  -2  
14  50  50  2409  509  334  4  -2  
14  50  50  2420  509  334  4  -2  
14  50  50  2426  509  334  4  -2  
14  50  51  2437  510  334  4  -2  
14  50  51  2445  510  334  4  -2  
14  50  51  2453  510  334  4  -2  
14  50  51  2460  510  334  4  -2  
14  50  51  2471  510  334  4  -2  
14  50  51  2476  510  334  4  -2  
14  50  51  2486  511  333  4  -2  
14  50  51  2494  511  333  4  -2  
14  50  51  2503  511  333  4  -2  
14  50  51  2510  512  333  4  -2  
14  50  51  2520  512  333  4  -2  
14  50  51  2527  512  333  4  -2  
14  50  51  2536  512  333  4  -2  
14  50  51  2543  512  333  4  -2  
14  50  51  2553  512  333  4  -2  
14  50  51  2560  512  333  4  -2  
14  50  51  2570  512  333  4  -2  
14  50  51  2578  512  333  4  -2  
14  50  51  2587  512  333  4  -2  
14  50  51  2594  512  333  4  -2  
14  50  51  2604  512  333  4  -2  
14  50  51  2610  512  333  4  -2  
14  50  51  2620  512  333  4  -2  
14  50  51  2626  512  333  4  -2  
14  50  51  2637  512  333  4  -2  
14  50  51  2644  512  333  4  -2  
14  50  51  2654  512  333  4  -2  
14  50  51  2659  512  333  4  -2  
14  50  51  2670  512  333  4  -2  
14  50  51  2677  512  333  4  -2  
14  50  51  2687  512  333  4  -2  
14  50  51  2694  512  333  4  -2  
14  50  51  2703  512  333  4  -2  
14  50  51  2711  512  333  4  -2  
14  50  51  2720  512  333  4  -2  
14  50  51  2727  512  333  4  -2  
14  50  51  2737  512  333  4  -2  
14  50  51  2744  512  333  4  -2  
14  50  51  2753  512  333  4  -2  
14  50  51  2760  512  333  4  -2  
14  50  51  2770  512  333  4  -2  
14  50  51  2777  512  333  4  -2  
14  50  51  2787  512  333  4  -2  
14  50  51  2794  512  333  4  -2  
14  50  51  2803  512  333  4  -2  
14  50  51  2811  512  333  4  -2  
14  50  51  2820  512  333  4  -2  
14  50  51  2827  512  333  4  -2  
14  50  51  2837  512  333  4  -2  
14  50  51  2844  512  333  4  -2  
14  50  51  2854  512  333  4  -2  
14  50  51  2860  512  333  4  -2  
14  50  51  2871  511  333  4  -2  
14  50  51  2876  510  333  4  -2  
14  50  51  2887  510  333  4  -2  
14  50  51  2894  506  333  4  -2  
14  50  51  2904  506  333  4  -2  
14  50  51  2911  500  333  4  -2  
14  50  51  2920  500  333  4  -2  
14  50  51  2925  495  333  4  -2  
14  50  51  2937  495  333  4  -2  
14  50  51  2943  489  333  4  -2  
14  50  51  2954  484  333  4  -2  
14  50  51  2960  480  333  4  -2  
14  50  51  2970  477  333  4  -2  
14  50  51  2977  472  333  4  -2  
14  50  51  2986  464  333  4  -2  
14  50  51  2993  458  334  4  -2  
14  50  51  3003  451  335  4  -2  
14  50  51  3009  445  335  4  -2  
14  50  51  3019  434  339  4  -2  
14  50  51  3026  429  339  4  -2  
14  50  51  3036  422  339  4  -2  
14  50  51  3043  417  339  4  -2  
14  50  51  3053  412  339  4  -2  
14  50  51  3060  407  339  4  -2  
14  50  51  3069  403  339  4  -2  
14  50  51  3076  398  340  4  -2  
14  50  51  3087  395  340  4  -2  
