16  33  15  0  363  314  1  -2  
16  33  15  9  363  314  1  -2  
16  33  15  18  363  314  1  -2  
16  33  15  27  363  314  1  -2  
16  33  15  34  363  314  1  -2  
16  33  15  42  363  314  1  -2  
16  33  15  51  363  314  1  -2  
16  33  15  59  363  314  1  -2  
16  33  15  67  363  314  1  -2  
16  33  15  77  363  314  1  -2  
16  33  15  84  363  314  1  -2  
16  33  15  93  363  314  1  -2  
16  33  15  101  363  314  1  -2  
16  33  15  109  363  314  1  -2  
16  33  15  117  363  314  1  -2  
16  33  15  127  363  314  1  -2  
16  33  15  134  363  314  1  -2  
16  33  15  143  366  314  1  -2  
16  33  15  151  371  314  1  -2  
16  33  15  159  375  314  1  -2  
16  33  15  168  388  317  1  -2  
16  33  15  176  398  317  1  -2  
16  33  15  183  407  317  1  -2  
16  33  15  193  417  317  1  -2  
16  33  15  202  425  317  1  -2  
16  33  15  210  437  317  1  -2  
16  33  15  219  444  317  1  -2  
16  33  15  227  454  317  1  -2  
16  33  15  234  462  317  1  -2  
16  33  15  243  470  317  1  -2  
16  33  15  252  476  319  1  -2  
16  33  15  259  478  319  1  -2  
16  33  15  268  478  320  1  -2  
16  33  15  277  478  320  1  -2  
16  33  15  285  478  320  1  -2  
16  33  15  293  478  320  1  -2  
16  33  15  302  478  320  1  -2  
16  33  15  311  478  320  1  -2  
16  33  15  318  478  320  1  -2  
16  33  15  327  478  320  1  -2  
16  33  15  335  478  320  1  -2  
16  33  15  343  478  320  1  -2  
16  33  15  351  478  320  1  -2  
16  33  15  360  478  320  1  -2  
16  33  16  369  478  320  1  -2  
16  33  16  376  478  320  1  -2  
16  33  16  385  478  320  1  -2  
16  33  16  393  478  320  1  -2  
16  33  16  402  478  320  1  -2  
16  33  16  409  480  320  1  -2  
16  33  16  417  480  320  1  -2  
16  33  16  426  481  320  1  -2  
16  33  16  436  484  320  1  -2  
16  33  16  443  487  320  1  -2  
16  33  16  451  489  320  1  -2  
16  33  16  460  493  320  1  -2  
16  33  16  468  496  320  2  -2  
16  33  16  477  499  320  2  -2  
16  33  16  486  499  320  2  -2  
16  33  16  493  500  320  2  -2  
16  33  16  501  501  320  2  -2  
16  33  16  509  501  320  2  -2  
16  33  16  517  501  320  2  -2  
16  33  16  526  501  320  2  -2  
16  33  16  534  501  320  2  -2  
16  33  16  543  501  320  2  -2  
16  33  16  551  501  320  2  -2  
16  33  16  560  501  320  2  -2  
16  33  16  567  501  320  2  -2  
16  33  16  577  501  320  2  -2  
16  33  16  586  501  320  2  -2  
16  33  16  593  501  320  2  -2  
16  33  16  601  501  320  2  -2  
16  33  16  610  501  320  2  -2  
16  33  16  619  501  320  2  -2  
16  33  16  626  501  320  2  -2  
16  33  16  634  501  320  2  -2  
16  33  16  643  501  320  2  -2  
16  33  16  653  501  320  2  -2  
16  33  16  659  501  320  2  -2  
16  33  16  667  501  320  2  -2  
16  33  16  676  501  320  2  -2  
16  33  16  686  501  320  2  -2  
16  33  16  693  501  320  2  -2  
16  33  16  702  501  320  2  -2  
16  33  16  710  501  320  2  -2  
16  33  16  717  501  320  2  -2  
16  33  16  727  501  320  2  -2  
16  33  16  736  500  320  2  -2  
16  33  16  743  490  320  2  -2  
16  33  16  751  485  320  2  -2  
16  33  16  761  478  320  2  -2  
16  33  16  769  471  320  2  -2  
16  33  16  777  464  320  2  -2  
16  33  16  786  456  320  2  -2  
16  33  16  793  449  320  2  -2  
16  33  16  802  442  321  2  -2  
16  33  16  810  435  321  2  -2  
16  33  16  818  428  322  2  -2  
16  33  16  827  421  322  2  -2  
16  33  16  834  419  322  2  -2  
16  33  16  844  414  322  2  -2  
16  33  16  851  411  322  2  -2  
16  33  16  860  409  322  2  -2  
16  33  16  869  407  322  2  -2  
16  33  16  876  406  322  2  -2  
16  33  16  886  405  322  2  -2  
16  33  16  893  403  322  2  -2  
16  33  16  902  399  322  3  -2  
16  33  16  910  396  322  3  -2  
16  33  16  918  391  322  3  -2  
16  33  16  928  388  322  3  -2  
16  33  16  936  384  322  3  -2  
16  33  16  944  384  322  3  -2  
16  33  16  952  383  322  3  -2  
16  33  16  961  383  322  3  -2  
16  33  16  968  381  322  3  -2  
16  33  16  977  381  322  3  -2  
16  33  16  986  381  322  3  -2  
16  33  16  994  381  322  3  -2  
16  33  16  1001  381  322  3  -2  
16  33  16  1009  381  322  3  -2  
16  33  16  1020  380  322  3  -2  
16  33  16  1027  380  322  3  -2  
16  33  16  1036  380  322  3  -2  
16  33  16  1043  380  322  3  -2  
16  33  16  1052  380  322  3  -2  
16  33  16  1060  380  322  3  -2  
16  33  16  1067  380  322  3  -2  
16  33  16  1077  380  322  3  -2  
16  33  16  1086  380  322  3  -2  
16  33  16  1093  380  322  3  -2  
16  33  16  1102  380  322  3  -2  
16  33  16  1110  380  322  3  -2  
16  33  16  1118  380  322  3  -2  
16  33  16  1127  380  322  3  -2  
16  33  16  1136  380  322  3  -2  
16  33  16  1144  380  322  3  -2  
16  33  16  1152  380  322  3  -2  
16  33  16  1161  380  322  3  -2  
16  33  16  1170  380  322  3  -2  
16  33  16  1177  380  322  3  -2  
16  33  16  1186  380  322  3  -2  
16  33  16  1193  380  322  3  -2  
16  33  16  1203  380  322  3  -2  
16  33  16  1214  380  322  3  -2  
16  33  16  1220  380  322  3  -2  
16  33  16  1231  380  322  3  -2  
16  33  16  1238  380  322  3  -2  
16  33  16  1248  380  322  3  -2  
16  33  16  1252  380  322  3  -2  
16  33  16  1263  380  322  3  -2  
16  33  16  1270  380  322  3  -2  
16  33  16  1280  380  322  3  -2  
16  33  16  1287  380  322  3  -2  
16  33  16  1294  383  322  3  -2  
16  33  16  1304  388  322  3  -2  
16  33  16  1312  396  322  3  -2  
16  33  16  1320  398  322  3  -2  
16  33  16  1330  402  322  3  -2  
16  33  16  1337  403  322  3  -2  
16  33  16  1345  404  322  3  -2  
16  33  16  1353  408  324  3  -2  
16  33  16  1363  412  324  3  -2  
16  33  17  1370  416  324  3  -2  
16  33  17  1377  417  324  3  -2  
16  33  17  1387  420  325  3  -2  
16  33  17  1395  422  325  3  -2  
16  33  17  1404  424  325  3  -2  
16  33  17  1412  425  325  3  -2  
16  33  17  1420  425  325  3  -2  
16  33  17  1430  425  325  3  -2  
16  33  17  1437  425  325  3  -2  
16  33  17  1445  425  325  3  -2  
16  33  17  1453  425  325  3  -2  
16  33  17  1462  425  325  3  -2  
16  33  17  1470  425  325  3  -2  
16  33  17  1480  425  325  3  -2  
16  33  17  1487  426  325  3  -2  
16  33  17  1495  426  325  3  -2  
16  33  17  1504  426  325  3  -2  
16  33  17  1512  430  325  3  -2  
16  33  17  1520  435  325  3  -2  
16  33  17  1530  435  325  3  -2  
16  33  17  1537  444  325  3  -2  
16  33  17  1548  452  325  3  -2  
16  33  17  1554  462  325  3  -2  
16  33  17  1563  469  325  3  -2  
16  33  17  1571  480  325  3  -2  
16  33  17  1580  495  325  3  -2  
16  33  17  1587  507  325  4  -2  
16  33  17  1595  520  325  4  -2  
16  33  17  1604  532  325  4  -2  
16  33  17  1614  539  325  4  -2  
16  33  17  1620  544  325  4  -2  
16  33  17  1630  547  325  4  -2  
16  33  17  1637  548  325  4  -2  
16  33  17  1645  549  325  4  -2  
16  33  17  1654  549  325  4  -2  
16  33  17  1663  549  325  4  -2  
16  33  17  1671  549  325  4  -2  
16  33  17  1681  549  325  4  -2  
16  33  17  1687  549  325  4  -2  
16  33  17  1695  549  325  4  -2  
16  33  17  1703  549  325  4  -2  
16  33  17  1713  549  325  4  -2  
16  33  17  1720  549  325  4  -2  
16  33  17  1730  549  325  4  -2  
16  33  17  1737  549  325  4  -2  
16  33  17  1747  549  325  4  -2  
16  33  17  1753  549  325  4  -2  
16  33  17  1763  549  325  4  -2  
16  33  17  1770  549  325  4  -2  
16  33  17  1780  550  325  4  -2  
16  33  17  1787  550  325  4  -2  
16  33  17  1797  550  325  4  -2  
16  33  17  1804  550  325  4  -2  
16  33  17  1813  547  325  4  -2  
16  33  17  1820  542  325  4  -2  
16  33  17  1830  534  325  4  -2  
16  33  17  1838  525  325  4  -2  
16  33  17  1847  517  325  4  -2  
16  33  17  1854  512  325  4  -2  
16  33  17  1863  502  325  4  -2  
16  33  17  1871  493  325  4  -2  
16  33  17  1878  483  325  4  -2  
16  33  17  1888  472  325  4  -2  
16  33  17  1898  462  325  4  -2  
16  33  17  1903  443  325  4  -2  
16  33  17  1913  438  325  4  -2  
16  33  17  1920  434  325  4  -2  
16  33  17  1929  432  324  4  -2  
16  33  17  1937  431  324  4  -2  
16  33  17  1947  430  324  4  -2  
16  33  17  1953  429  324  4  -2  
16  33  17  1963  428  324  4  -2  
16  33  17  1970  426  324  4  -2  
16  33  17  1979  424  324  4  -2  
16  33  17  1986  422  324  4  -2  
16  33  17  1994  419  324  4  -2  
16  33  17  2003  417  324  4  -2  
16  33  17  2012  413  324  4  -2  
16  33  17  2020  409  324  4  -2  
16  33  17  2029  405  324  4  -2  
16  33  17  2037  403  324  4  -2  
16  33  17  2047  399  324  4  -2  
16  33  17  2053  396  324  5  -2  
16  33  17  2063  396  324  5  -2  
16  33  17  2070  396  324  5  -2  
16  33  17  2079  396  324  5  -2  
16  33  17  2086  396  324  5  -2  
16  33  17  2094  396  324  5  -2  
16  33  17  2103  396  324  5  -2  
16  33  17  2113  396  324  5  -2  
16  33  17  2120  395  324  5  -2  
16  33  17  2129  395  324  5  -2  
16  33  17  2137  394  324  5  -2  
16  33  17  2147  394  324  5  -2  
16  33  17  2153  394  324  5  -2  
16  33  17  2163  394  324  5  -2  
16  33  17  2170  393  324  5  -2  
16  33  17  2179  393  324  5  -2  
16  33  17  2187  391  324  5  -2  
16  33  17  2197  390  324  5  -2  
16  33  17  2204  388  324  5  -2  
16  33  17  2212  386  324  5  -2  
16  33  17  2220  385  324  5  -2  
16  33  17  2229  384  324  5  -2  
16  33  17  2237  383  324  5  -2  
16  33  17  2247  383  324  5  -2  
16  33  17  2254  383  324  5  -2  
16  33  17  2262  383  324  5  -2  
16  33  17  2270  383  324  5  -2  
16  33  17  2279  383  324  5  -2  
16  33  17  2286  383  324  5  -2  
16  33  17  2297  383  324  5  -2  
16  33  17  2303  383  324  5  -2  
16  33  17  2313  383  324  5  -2  
16  33  17  2320  383  324  5  -2  
16  33  17  2330  383  324  5  -2  
16  33  17  2337  383  324  5  -2  
16  33  17  2347  383  324  5  -2  
16  33  17  2353  383  324  5  -2  
16  33  17  2362  383  324  5  -2  
16  33  18  2370  383  324  5  -2  
16  33  18  2380  383  324  5  -2  
16  33  18  2387  383  324  5  -2  
16  33  18  2397  383  324  5  -2  
16  33  18  2403  383  324  5  -2  
16  33  18  2414  383  324  5  -2  
16  33  18  2420  383  324  5  -2  
16  33  18  2430  383  324  5  -2  
16  33  18  2437  383  324  5  -2  
16  33  18  2447  383  324  5  -2  
16  33  18  2453  383  324  5  -2  
16  33  18  2464  383  324  5  -2  
16  33  18  2471  383  324  5  -2  
16  33  18  2480  383  324  5  -2  
16  33  18  2487  383  324  5  -2  
16  33  18  2497  383  324  5  -2  
16  33  18  2504  383  324  5  -2  
