16  31  22  0  372  314  1  -2  
16  31  22  8  372  314  1  -2  
16  31  22  14  372  314  1  -2  
16  31  22  23  372  314  1  -2  
16  31  22  31  372  314  1  -2  
16  31  22  41  372  314  1  -2  
16  31  22  49  375  314  1  -2  
16  31  22  59  383  314  1  -2  
16  31  22  68  390  314  1  -2  
16  31  22  76  398  314  1  -2  
16  31  22  84  410  314  1  -2  
16  31  22  92  421  314  1  -2  
16  31  22  100  435  314  1  -2  
16  31  22  109  446  314  1  -2  
16  31  22  118  459  314  1  -2  
16  31  22  127  475  314  1  -2  
16  31  22  134  489  314  1  -2  
16  31  22  143  504  314  2  -2  
16  31  22  151  516  314  2  -2  
16  31  22  159  528  315  2  -2  
16  31  22  168  532  316  2  -2  
16  31  22  177  534  316  2  -2  
16  31  22  184  536  316  2  -2  
16  31  22  192  536  316  2  -2  
16  31  22  200  536  316  2  -2  
16  31  23  209  536  316  2  -2  
16  31  23  218  536  316  2  -2  
16  31  23  226  536  316  2  -2  
16  31  23  234  536  316  2  -2  
16  31  23  243  536  316  2  -2  
16  31  23  250  536  316  2  -2  
16  31  23  258  536  316  2  -2  
16  31  23  268  536  316  2  -2  
16  31  23  277  536  316  2  -2  
16  31  23  284  536  316  2  -2  
16  31  23  293  536  316  2  -2  
16  31  23  301  536  316  2  -2  
16  31  23  308  536  316  2  -2  
16  31  23  318  536  316  2  -2  
16  31  23  325  536  316  2  -2  
16  31  23  334  536  316  2  -2  
16  31  23  343  536  316  2  -2  
16  31  23  351  536  316  2  -2  
16  31  23  359  536  316  2  -2  
16  31  23  368  536  316  2  -2  
16  31  23  377  536  316  2  -2  
16  31  23  385  536  316  2  -2  
16  31  23  393  536  316  2  -2  
16  31  23  402  536  316  2  -2  
16  31  23  411  535  317  2  -2  
16  31  23  420  531  318  2  -2  
16  31  23  426  521  318  2  -2  
16  31  23  435  506  318  2  -2  
16  31  23  443  488  318  2  -2  
16  31  23  451  470  318  2  -2  
16  31  23  460  452  318  2  -2  
16  31  23  468  437  318  2  -2  
16  31  23  477  425  318  2  -2  
16  31  23  484  419  318  2  -2  
16  31  23  493  413  318  2  -2  
16  31  23  501  411  318  2  -2  
16  31  23  509  409  318  2  -2  
16  31  23  519  408  318  2  -2  
16  31  23  528  408  318  2  -2  
16  31  23  536  408  318  2  -2  
16  31  23  543  408  318  2  -2  
16  31  23  551  408  318  2  -2  
16  31  23  560  406  318  2  -2  
16  31  23  569  405  318  2  -2  
16  31  23  578  404  318  2  -2  
16  31  23  586  402  319  2  -2  
16  31  23  592  402  319  2  -2  
16  31  23  601  402  319  2  -2  
16  31  23  610  402  319  2  -2  
16  31  23  620  402  319  2  -2  
16  31  23  628  401  319  2  -2  
16  31  23  636  401  319  2  -2  
16  31  23  643  399  319  3  -2  
16  31  23  651  396  320  3  -2  
16  31  23  661  394  320  3  -2  
16  31  23  671  393  320  3  -2  
16  31  23  679  390  323  3  -2  
16  31  23  689  389  323  3  -2  
16  31  23  707  386  324  3  -2  
16  31  23  717  384  325  3  -2  
16  31  23  727  381  327  3  -2  
16  31  23  738  379  327  3  -2  
16  31  23  747  372  328  3  -2  
16  31  23  758  367  328  3  -2  
16  31  23  766  362  328  3  -2  
16  31  23  775  360  328  3  -2  
16  31  23  784  357  328  3  -2  
16  31  23  795  357  328  3  -2  
16  31  23  805  357  328  3  -2  
16  31  23  813  357  328  3  -2  
16  31  23  824  356  328  3  -2  
16  31  23  831  356  328  3  -2  
16  31  23  841  354  328  3  -2  
16  31  23  850  353  328  3  -2  
16  31  23  860  352  328  3  -2  
16  31  23  871  352  328  3  -2  
16  31  23  880  352  328  3  -2  
16  31  23  891  352  328  3  -2  
16  31  23  900  352  328  3  -2  
16  31  23  909  352  328  3  -2  
16  31  23  917  352  328  3  -2  
16  31  23  926  352  328  3  -2  
16  31  23  934  352  328  3  -2  
16  31  23  943  352  328  3  -2  
16  31  23  951  352  328  3  -2  
16  31  23  960  352  328  3  -2  
16  31  23  968  352  328  3  -2  
16  31  23  975  352  328  3  -2  
16  31  23  983  352  328  3  -2  
16  31  23  993  352  328  3  -2  
16  31  23  1001  352  328  3  -2  
16  31  23  1009  352  328  3  -2  
16  31  23  1017  352  328  3  -2  
16  31  23  1026  352  328  3  -2  
16  31  23  1033  352  328  3  -2  
16  31  23  1043  352  328  3  -2  
16  31  23  1050  352  328  3  -2  
16  31  23  1059  352  328  3  -2  
16  31  23  1068  352  328  3  -2  
16  31  23  1077  352  328  3  -2  
16  31  23  1083  352  328  3  -2  
16  31  23  1093  352  328  3  -2  
16  31  23  1100  352  328  3  -2  
16  31  23  1109  352  328  3  -2  
16  31  23  1118  352  328  3  -2  
16  31  23  1127  354  327  3  -2  
16  31  23  1135  354  327  3  -2  
16  31  23  1142  357  327  3  -2  
16  31  23  1150  359  327  3  -2  
16  31  23  1159  364  326  3  -2  
16  31  23  1167  369  326  3  -2  
16  31  23  1176  374  326  3  -2  
16  31  23  1184  380  326  3  -2  
16  31  23  1193  386  326  3  -2  
16  31  23  1201  390  326  3  -2  
16  31  24  1209  400  326  3  -2  
16  31  24  1218  405  326  3  -2  
16  31  24  1226  410  326  3  -2  
16  31  24  1235  415  326  3  -2  
16  31  24  1244  421  326  3  -2  
16  31  24  1252  431  326  3  -2  
16  31  24  1260  436  326  3  -2  
16  31  24  1268  444  326  3  -2  
16  31  24  1277  453  326  3  -2  
16  31  24  1285  459  326  3  -2  
16  31  24  1295  465  326  3  -2  
16  31  24  1303  470  326  3  -2  
16  31  24  1310  473  326  3  -2  
16  31  24  1321  474  326  3  -2  
16  31  24  1328  476  326  3  -2  
16  31  24  1337  476  326  3  -2  
16  31  24  1345  478  326  3  -2  
16  31  24  1353  478  326  3  -2  
16  31  24  1361  479  326  3  -2  
16  31  24  1371  479  326  3  -2  
16  31  24  1378  482  325  3  -2  
16  31  24  1387  482  325  3  -2  
16  31  24  1395  482  325  3  -2  
16  31  24  1405  482  325  3  -2  
16  31  24  1411  482  325  3  -2  
16  31  24  1421  482  325  3  -2  
16  31  24  1427  482  325  3  -2  
16  31  24  1437  483  325  3  -2  
16  31  24  1444  485  325  3  -2  
16  31  24  1453  486  325  3  -2  
16  31  24  1462  490  325  3  -2  
16  31  24  1471  492  325  3  -2  
16  31  24  1478  493  325  3  -2  
16  31  24  1487  494  325  3  -2  
16  31  24  1495  496  325  4  -2  
16  31  24  1506  498  325  4  -2  
16  31  24  1512  512  323  4  -2  
16  31  24  1522  512  323  4  -2  
16  31  24  1530  524  322  4  -2  
16  31  24  1540  527  322  4  -2  
16  31  24  1546  528  322  4  -2  
16  31  24  1555  528  322  4  -2  
16  31  24  1564  528  322  4  -2  
16  31  24  1573  528  322  4  -2  
16  31  24  1580  528  322  4  -2  
16  31  24  1590  528  322  4  -2  
16  31  24  1597  528  322  4  -2  
16  31  24  1606  528  322  4  -2  
16  31  24  1613  528  322  4  -2  
16  31  24  1623  528  322  4  -2  
16  31  24  1630  528  322  4  -2  
16  31  24  1640  528  322  4  -2  
16  31  24  1647  528  322  4  -2  
16  31  24  1656  528  322  4  -2  
16  31  24  1664  528  322  4  -2  
16  31  24  1674  527  321  4  -2  
16  31  24  1680  521  320  4  -2  
16  31  24  1690  521  320  4  -2  
16  31  24  1697  508  320  4  -2  
16  31  24  1707  501  320  4  -2  
16  31  24  1715  494  320  4  -2  
16  31  24  1724  487  320  4  -2  
16  31  24  1732  479  320  4  -2  
16  31  24  1740  472  320  4  -2  
16  31  24  1749  464  320  4  -2  
16  31  24  1756  452  320  4  -2  
16  31  24  1764  440  317  4  -2  
16  31  24  1773  429  317  4  -2  
16  31  24  1782  420  317  4  -2  
16  31  24  1790  410  316  4  -2  
16  31  24  1799  402  316  4  -2  
16  31  24  1808  396  315  5  -2  
16  31  24  1815  388  314  5  -2  
16  31  24  1824  388  314  5  -2  
16  31  24  1832  386  312  5  -2  
16  31  24  1841  383  311  5  -2  
16  31  24  1849  382  311  5  -2  
16  31  24  1859  379  310  5  -2  
16  31  24  1865  378  310  5  -2  
16  31  24  1874  376  310  5  -2  
16  31  24  1882  374  309  5  -2  
16  31  24  1891  372  309  5  -2  
16  31  24  1899  370  309  5  -2  
16  31  24  1908  369  309  5  -2  
16  31  24  1916  368  309  5  -2  
16  31  24  1925  368  309  5  -2  
16  31  24  1933  367  309  5  -2  
16  31  24  1942  367  309  5  -2  
16  31  24  1950  367  309  5  -2  
16  31  24  1957  367  309  5  -2  
16  31  24  1966  367  309  5  -2  
16  31  24  1975  367  309  5  -2  
16  31  24  1983  367  309  5  -2  
16  31  24  1992  367  309  5  -2  
16  31  24  1999  367  309  5  -2  
16  31  24  2008  367  309  5  -2  
16  31  24  2016  367  309  5  -2  
16  31  24  2025  367  309  5  -2  
16  31  24  2033  367  309  5  -2  
16  31  24  2042  367  309  5  -2  
16  31  24  2050  367  309  5  -2  
16  31  24  2059  367  309  5  -2  
16  31  24  2068  367  309  5  -2  
16  31  24  2074  367  309  5  -2  
16  31  24  2083  367  309  5  -2  
16  31  24  2092  367  309  5  -2  
16  31  24  2100  367  309  5  -2  
16  31  24  2108  367  309  5  -2  
16  31  24  2116  367  309  5  -2  
16  31  24  2125  367  309  5  -2  
16  31  24  2133  367  309  5  -2  
16  31  24  2142  367  309  5  -2  
16  31  24  2150  367  309  5  -2  
16  31  24  2158  367  309  5  -2  
16  31  24  2166  367  309  5  -2  
16  31  24  2175  367  309  5  -2  
16  31  24  2184  367  309  5  -2  
