14  48  44  0  347  320  1  -2  
14  48  44  11  347  320  1  -2  
14  48  44  19  347  320  1  -2  
14  48  44  28  347  320  1  -2  
14  48  44  35  347  320  1  -2  
14  48  44  44  347  320  1  -2  
14  48  44  52  347  320  1  -2  
14  48  44  60  347  320  1  -2  
14  48  44  68  347  320  1  -2  
14  48  44  77  347  320  1  -2  
14  48  44  85  347  320  1  -2  
14  48  44  93  347  320  1  -2  
14  48  44  102  347  320  1  -2  
14  48  44  110  347  320  1  -2  
14  48  44  119  350  321  1  -2  
14  48  44  126  356  321  1  -2  
14  48  44  135  362  321  1  -2  
14  48  44  144  370  321  1  -2  
14  48  44  152  383  321  1  -2  
14  48  44  161  410  321  1  -2  
14  48  44  170  423  321  1  -2  
14  48  44  178  436  321  1  -2  
14  48  44  185  450  322  1  -2  
14  48  44  194  465  326  1  -2  
14  48  44  203  477  328  1  -2  
14  48  44  210  489  328  1  -2  
14  48  44  219  494  328  1  -2  
14  48  44  227  497  328  2  -2  
14  48  44  235  499  328  2  -2  
14  48  44  243  499  328  2  -2  
14  48  44  252  501  328  2  -2  
14  48  44  260  501  328  2  -2  
14  48  44  269  501  328  2  -2  
14  48  44  278  501  328  2  -2  
14  48  44  286  501  328  2  -2  
14  48  44  293  502  328  2  -2  
14  48  44  302  503  328  2  -2  
14  48  44  310  503  328  2  -2  
14  48  44  318  504  328  2  -2  
14  48  44  328  506  328  2  -2  
14  48  44  336  507  328  2  -2  
14  48  44  344  510  328  2  -2  
14  48  44  353  511  327  2  -2  
14  48  44  360  511  326  2  -2  
14  48  44  369  511  326  2  -2  
14  48  44  378  511  326  2  -2  
14  48  44  385  511  326  2  -2  
14  48  44  395  511  326  2  -2  
14  48  44  403  511  326  2  -2  
14  48  44  410  511  326  2  -2  
14  48  44  418  511  326  2  -2  
14  48  44  427  511  326  2  -2  
14  48  44  435  511  326  2  -2  
14  48  44  443  511  326  2  -2  
14  48  44  452  511  326  2  -2  
14  48  44  460  511  326  2  -2  
14  48  44  470  511  326  2  -2  
14  48  44  478  511  326  2  -2  
14  48  44  485  511  326  2  -2  
14  48  44  494  511  326  2  -2  
14  48  44  501  511  326  2  -2  
14  48  44  511  511  326  2  -2  
14  48  44  520  511  326  2  -2  
14  48  44  528  511  326  2  -2  
14  48  44  535  511  326  2  -2  
14  48  44  544  511  326  2  -2  
14  48  44  552  511  326  2  -2  
14  48  44  560  511  326  2  -2  
14  48  44  570  511  326  2  -2  
14  48  44  578  511  326  2  -2  
14  48  44  585  510  326  2  -2  
14  48  44  595  509  326  2  -2  
14  48  44  604  506  326  2  -2  
14  48  44  611  504  327  2  -2  
14  48  44  620  500  327  2  -2  
14  48  44  629  498  327  2  -2  
14  48  44  635  496  328  2  -2  
14  48  44  647  495  328  2  -2  
14  48  44  654  493  328  2  -2  
14  48  44  663  492  328  2  -2  
14  48  44  672  491  329  2  -2  
14  48  44  681  490  329  2  -2  
14  48  44  686  488  329  2  -2  
14  48  45  698  488  329  2  -2  
14  48  45  705  485  329  2  -2  
14  48  45  715  482  331  2  -2  
14  48  45  721  480  331  2  -2  
14  48  45  732  479  331  2  -2  
14  48  45  740  478  331  2  -2  
14  48  45  749  476  331  2  -2  
14  48  45  755  475  331  2  -2  
14  48  45  764  472  331  2  -2  
14  48  45  771  471  331  2  -2  
14  48  45  781  469  331  2  -2  
14  48  45  789  467  331  2  -2  
14  48  45  798  465  331  2  -2  
14  48  45  805  463  331  2  -2  
14  48  45  815  460  331  2  -2  
14  48  45  822  459  331  2  -2  
14  48  45  832  456  331  2  -2  
14  48  45  838  454  331  2  -2  
14  48  45  849  451  331  2  -2  
14  48  45  856  445  331  2  -2  
14  48  45  866  442  331  2  -2  
14  48  45  872  438  331  2  -2  
14  48  45  882  438  331  2  -2  
14  48  45  890  433  331  2  -2  
14  48  45  899  430  331  2  -2  
14  48  45  907  428  331  2  -2  
14  48  45  916  425  331  2  -2  
14  48  45  922  423  331  2  -2  
14  48  45  932  419  331  2  -2  
14  48  45  940  417  331  2  -2  
14  48  45  950  414  331  2  -2  
14  48  45  956  411  331  2  -2  
14  48  45  966  410  331  2  -2  
14  48  45  973  407  331  2  -2  
14  48  45  983  403  331  2  -2  
14  48  45  990  401  331  2  -2  
14  48  45  999  398  331  2  -2  
14  48  45  1006  394  331  3  -2  
14  48  45  1016  393  331  3  -2  
14  48  45  1023  389  331  3  -2  
14  48  45  1032  387  331  3  -2  
14  48  45  1038  386  331  3  -2  
14  48  45  1049  384  331  3  -2  
14  48  45  1055  381  331  3  -2  
14  48  45  1066  381  331  3  -2  
14  48  45  1073  378  331  3  -2  
14  48  45  1081  378  331  3  -2  
14  48  45  1089  377  331  3  -2  
14  48  45  1098  375  331  3  -2  
14  48  45  1105  374  331  3  -2  
14  48  45  1115  372  331  3  -2  
14  48  45  1123  370  331  3  -2  
14  48  45  1132  369  331  3  -2  
14  48  45  1139  368  331  3  -2  
14  48  45  1149  368  331  3  -2  
14  48  45  1155  367  332  3  -2  
14  48  45  1165  367  332  3  -2  
14  48  45  1172  366  332  3  -2  
14  48  45  1181  366  332  3  -2  
14  48  45  1189  365  332  3  -2  
14  48  45  1198  364  332  3  -2  
14  48  45  1205  364  332  3  -2  
14  48  45  1215  364  332  3  -2  
14  48  45  1222  364  332  3  -2  
14  48  45  1231  364  332  3  -2  
14  48  45  1239  364  332  3  -2  
14  48  45  1248  362  332  3  -2  
14  48  45  1255  361  332  3  -2  
14  48  45  1265  361  332  3  -2  
14  48  45  1272  360  333  3  -2  
14  48  45  1282  360  333  3  -2  
14  48  45  1289  360  333  3  -2  
14  48  45  1298  360  333  3  -2  
14  48  45  1305  360  333  3  -2  
14  48  45  1315  360  333  3  -2  
14  48  45  1322  360  333  3  -2  
14  48  45  1331  360  333  3  -2  
14  48  45  1339  360  333  3  -2  
14  48  45  1349  360  333  3  -2  
14  48  45  1355  360  333  3  -2  
14  48  45  1365  360  333  3  -2  
14  48  45  1372  360  333  3  -2  
14  48  45  1382  360  333  3  -2  
14  48  45  1388  360  333  3  -2  
14  48  45  1399  360  333  3  -2  
14  48  45  1406  360  333  3  -2  
14  48  45  1415  360  333  3  -2  
14  48  45  1423  360  333  3  -2  
14  48  45  1432  360  333  3  -2  
14  48  45  1439  360  333  3  -2  
14  48  45  1449  360  333  3  -2  
14  48  45  1455  360  333  3  -2  
14  48  45  1465  360  333  3  -2  
14  48  45  1472  360  333  3  -2  
14  48  45  1482  360  333  3  -2  
14  48  45  1489  360  333  3  -2  
14  48  45  1498  360  333  3  -2  
14  48  45  1505  360  333  3  -2  
14  48  45  1515  360  333  3  -2  
14  48  45  1522  360  333  3  -2  
14  48  45  1532  360  333  3  -2  
14  48  45  1539  360  333  3  -2  
14  48  45  1549  360  333  3  -2  
14  48  45  1555  360  333  3  -2  
14  48  45  1566  360  333  3  -2  
14  48  45  1572  360  333  3  -2  
14  48  45  1582  360  333  3  -2  
14  48  45  1588  360  333  3  -2  
14  48  45  1599  360  333  3  -2  
14  48  45  1605  360  333  3  -2  
14  48  45  1615  360  333  3  -2  
14  48  45  1623  360  333  3  -2  
14  48  45  1632  360  333  3  -2  
14  48  45  1640  361  333  3  -2  
14  48  45  1649  361  333  3  -2  
14  48  45  1657  366  333  3  -2  
14  48  45  1665  371  333  3  -2  
14  48  45  1673  375  333  3  -2  
14  48  45  1682  381  333  3  -2  
14  48  45  1690  390  333  3  -2  
14  48  46  1699  397  333  3  -2  
14  48  46  1706  403  333  3  -2  
14  48  46  1715  409  333  3  -2  
14  48  46  1723  414  333  3  -2  
14  48  46  1732  421  333  3  -2  
14  48  46  1739  427  333  3  -2  
14  48  46  1749  436  333  3  -2  
14  48  46  1755  441  333  3  -2  
14  48  46  1765  446  333  3  -2  
14  48  46  1772  453  333  3  -2  
14  48  46  1782  458  333  3  -2  
14  48  46  1791  463  333  3  -2  
14  48  46  1800  470  333  3  -2  
14  48  46  1808  483  333  3  -2  
14  48  46  1815  483  333  3  -2  
14  48  46  1823  489  333  3  -2  
14  48  46  1832  494  335  3  -2  
14  48  46  1841  499  335  3  -2  
14  48  46  1848  506  335  4  -2  
14  48  46  1858  510  335  4  -2  
14  48  46  1865  515  335  4  -2  
14  48  46  1873  520  335  4  -2  
14  48  46  1882  525  335  4  -2  
14  48  46  1891  529  335  4  -2  
14  48  46  1898  534  335  4  -2  
14  48  46  1908  535  335  4  -2  
14  48  46  1915  536  335  4  -2  
14  48  46  1923  536  335  4  -2  
14  48  46  1932  536  335  4  -2  
14  48  46  1940  536  335  4  -2  
14  48  46  1950  536  335  4  -2  
14  48  46  1958  536  335  4  -2  
14  48  46  1965  536  335  4  -2  
14  48  46  1973  536  335  4  -2  
14  48  46  1982  536  335  4  -2  
14  48  46  1990  536  335  4  -2  
14  48  46  2000  536  335  4  -2  
14  48  46  2008  536  335  4  -2  
14  48  46  2015  536  335  4  -2  
14  48  46  2023  536  335  4  -2  
14  48  46  2032  536  335  4  -2  
14  48  46  2040  536  335  4  -2  
14  48  46  2050  536  335  4  -2  
14  48  46  2058  536  335  4  -2  
14  48  46  2065  536  335  4  -2  
14  48  46  2073  536  335  4  -2  
14  48  46  2082  536  335  4  -2  
14  48  46  2090  536  335  4  -2  
14  48  46  2098  536  335  4  -2  
14  48  46  2108  536  335  4  -2  
14  48  46  2115  536  335  4  -2  
14  48  46  2123  536  335  4  -2  
14  48  46  2132  536  335  4  -2  
14  48  46  2140  536  335  4  -2  
14  48  46  2151  536  335  4  -2  
14  48  46  2158  536  335  4  -2  
14  48  46  2168  536  335  4  -2  
14  48  46  2175  536  335  4  -2  
14  48  46  2184  536  335  4  -2  
14  48  46  2192  536  335  4  -2  
14  48  46  2200  536  335  4  -2  
14  48  46  2209  536  335  4  -2  
14  48  46  2218  536  335  4  -2  
14  48  46  2225  536  335  4  -2  
14  48  46  2233  536  335  4  -2  
14  48  46  2242  536  335  4  -2  
14  48  46  2251  536  335  4  -2  
14  48  46  2259  536  335  4  -2  
14  48  46  2268  536  335  4  -2  
14  48  46  2275  536  335  4  -2  
14  48  46  2284  536  335  4  -2  
14  48  46  2292  536  335  4  -2  
14  48  46  2300  535  336  4  -2  
14  48  46  2310  535  336  4  -2  
14  48  46  2317  532  336  4  -2  
14  48  46  2325  532  336  4  -2  
14  48  46  2334  530  337  4  -2  
14  48  46  2343  528  337  4  -2  
14  48  46  2351  528  337  4  -2  
14  48  46  2360  526  337  4  -2  
14  48  46  2369  523  337  4  -2  
14  48  46  2375  518  338  4  -2  
14  48  46  2385  518  338  4  -2  
14  48  46  2393  515  338  4  -2  
14  48  46  2401  511  340  4  -2  
14  48  46  2411  508  340  4  -2  
14  48  46  2419  505  340  4  -2  
14  48  46  2428  501  341  4  -2  
14  48  46  2434  499  342  4  -2  
14  48  46  2444  495  342  4  -2  
14  48  46  2452  492  342  4  -2  
14  48  46  2462  486  343  4  -2  
14  48  46  2469  483  343  4  -2  
14  48  46  2476  480  343  4  -2  
14  48  46  2485  476  345  4  -2  
14  48  46  2494  472  345  4  -2  
14  48  46  2502  467  345  4  -2  
14  48  46  2512  464  345  4  -2  
14  48  46  2519  459  345  4  -2  
14  48  46  2527  456  345  4  -2  
14  48  46  2536  452  345  4  -2  
14  48  46  2544  447  345  4  -2  
14  48  46  2553  443  345  4  -2  
14  48  46  2562  437  345  4  -2  
14  48  46  2571  432  345  4  -2  
14  48  46  2578  428  345  4  -2  
14  48  46  2585  425  345  4  -2  
14  48  46  2594  421  345  4  -2  
14  48  46  2602  418  345  4  -2  
14  48  46  2612  414  345  4  -2  
14  48  46  2620  411  346  4  -2  
14  48  46  2629  409  346  4  -2  
14  48  46  2636  405  346  4  -2  
14  48  46  2644  401  346  4  -2  
14  48  46  2653  400  346  4  -2  
14  48  46  2663  396  346  4  -2  
14  48  46  2669  392  346  4  -2  
14  48  46  2679  391  346  4  -2  
14  48  46  2687  388  346  4  -2  
14  48  46  2696  387  346  4  -2  
14  48  47  2702  385  346  4  -2  
14  48  47  2713  383  346  4  -2  
