10  32  19  0  370  297  1  -2  
10  32  19  7  370  297  1  -2  
10  32  19  16  371  298  1  -2  
10  32  19  25  372  298  1  -2  
10  32  19  32  374  298  1  -2  
10  32  19  42  378  298  1  -2  
10  32  19  49  379  298  1  -2  
10  32  19  58  381  298  1  -2  
10  32  19  65  383  298  1  -2  
10  32  19  75  386  298  1  -2  
10  32  19  83  388  298  1  -2  
10  32  19  91  391  298  1  -2  
10  32  19  99  394  298  1  -2  
10  32  19  108  397  298  1  -2  
10  32  19  115  402  298  1  -2  
10  32  19  125  411  301  1  -2  
10  32  19  132  419  302  1  -2  
10  32  19  142  429  302  1  -2  
10  32  19  148  440  303  1  -2  
10  32  19  158  450  305  1  -2  
10  32  20  167  458  305  1  -2  
10  32  20  178  468  305  1  -2  
10  32  20  194  477  305  1  -2  
10  32  20  203  481  305  1  -2  
10  32  20  212  482  305  1  -2  
10  32  20  219  483  305  1  -2  
10  32  20  228  483  305  1  -2  
10  32  20  237  483  305  1  -2  
10  32  20  245  483  305  1  -2  
10  32  20  253  484  305  1  -2  
10  32  20  261  484  305  1  -2  
10  32  20  271  486  305  1  -2  
10  32  20  279  487  305  1  -2  
10  32  20  288  496  307  2  -2  
10  32  20  295  500  307  2  -2  
10  32  20  303  504  308  2  -2  
10  32  20  312  507  308  2  -2  
10  32  20  321  511  309  2  -2  
10  32  20  329  513  309  2  -2  
10  32  20  340  514  309  2  -2  
10  32  20  347  514  309  2  -2  
10  32  20  357  514  309  2  -2  
10  32  20  363  514  309  2  -2  
10  32  20  373  514  309  2  -2  
10  32  20  380  514  309  2  -2  
10  32  20  391  514  309  2  -2  
10  32  20  397  514  309  2  -2  
10  32  20  407  514  309  2  -2  
10  32  20  416  514  309  2  -2  
10  32  20  427  514  309  2  -2  
10  32  20  436  515  310  2  -2  
10  32  20  445  515  310  2  -2  
10  32  20  456  515  310  2  -2  
10  32  20  463  516  310  2  -2  
10  32  20  474  516  310  2  -2  
10  32  20  482  516  310  2  -2  
10  32  20  493  516  310  2  -2  
10  32  20  500  516  310  2  -2  
10  32  20  511  516  310  2  -2  
10  32  20  520  516  310  2  -2  
10  32  20  535  516  311  2  -2  
10  32  20  546  516  311  2  -2  
10  32  20  556  516  311  2  -2  
10  32  20  563  516  311  2  -2  
10  32  20  574  516  311  2  -2  
10  32  20  582  516  311  2  -2  
10  32  20  593  516  312  2  -2  
10  32  20  600  514  312  2  -2  
10  32  20  609  509  312  2  -2  
10  32  20  617  506  312  2  -2  
10  32  20  627  499  312  2  -2  
10  32  20  636  491  312  2  -2  
10  32  20  645  481  312  2  -2  
10  32  20  654  469  312  2  -2  
10  32  20  661  457  312  2  -2  
10  32  20  673  447  312  2  -2  
10  32  20  681  422  312  2  -2  
10  32  20  693  411  312  2  -2  
10  32  20  702  402  312  2  -2  
10  32  20  711  394  311  3  -2  
10  32  20  720  389  311  3  -2  
10  32  20  729  380  311  3  -2  
10  32  20  739  376  311  3  -2  
10  32  20  748  373  311  3  -2  
10  32  20  759  370  311  3  -2  
10  32  20  766  368  311  3  -2  
10  32  20  777  364  310  3  -2  
10  32  20  787  355  310  3  -2  
10  32  20  797  350  310  3  -2  
10  32  20  808  348  310  3  -2  
10  32  20  816  337  310  3  -2  
10  32  20  828  332  310  3  -2  
10  32  20  846  328  310  3  -2  
10  32  20  857  321  310  3  -2  
10  32  20  866  321  310  3  -2  
10  32  20  877  315  309  3  -2  
10  32  20  887  314  309  3  -2  
10  32  20  895  314  309  3  -2  
10  32  20  907  314  309  3  -2  
10  32  20  915  314  309  3  -2  
10  32  20  926  314  309  3  -2  
10  32  20  934  314  309  3  -2  
10  32  20  943  314  309  3  -2  
10  32  20  951  312  309  3  -2  
10  32  20  959  312  309  3  -2  
10  32  20  968  312  309  3  -2  
10  32  20  977  312  309  3  -2  
10  32  20  986  312  309  3  -2  
10  32  20  994  312  309  3  -2  
10  32  20  1002  312  309  3  -2  
10  32  20  1011  312  309  3  -2  
10  32  20  1018  312  309  3  -2  
10  32  20  1026  312  309  3  -2  
10  32  20  1034  312  309  3  -2  
10  32  20  1044  312  309  3  -2  
10  32  20  1052  312  309  3  -2  
10  32  20  1061  312  309  3  -2  
10  32  20  1068  312  309  3  -2  
10  32  20  1078  312  309  3  -2  
10  32  20  1088  312  309  3  -2  
10  32  20  1096  312  309  3  -2  
10  32  20  1107  312  309  3  -2  
10  32  20  1116  312  309  3  -2  
10  32  20  1128  312  309  3  -2  
10  32  20  1139  312  309  3  -2  
10  32  20  1148  314  309  3  -2  
10  32  20  1159  314  309  3  -2  
10  32  21  1168  316  309  3  -2  
10  32  21  1180  320  311  3  -2  
10  32  21  1190  323  311  3  -2  
10  32  21  1198  327  311  3  -2  
10  32  21  1209  328  311  3  -2  
10  32  21  1218  334  311  3  -2  
10  32  21  1228  336  311  3  -2  
10  32  21  1238  338  311  3  -2  
10  32  21  1247  340  311  3  -2  
10  32  21  1257  342  311  3  -2  
10  32  21  1266  345  311  3  -2  
10  32  21  1277  349  312  3  -2  
10  32  21  1286  352  313  3  -2  
10  32  21  1295  354  313  3  -2  
10  32  21  1307  357  313  3  -2  
10  32  21  1316  362  313  3  -2  
10  32  21  1326  364  313  3  -2  
10  32  21  1336  366  313  3  -2  
10  32  21  1345  368  313  3  -2  
10  32  21  1355  370  313  3  -2  
10  32  21  1362  371  313  3  -2  
10  32  21  1372  374  313  3  -2  
10  32  21  1380  377  313  3  -2  
10  32  21  1390  380  313  3  -2  
10  32  21  1398  384  313  3  -2  
10  32  21  1409  391  316  3  -2  
10  32  21  1417  406  318  3  -2  
10  32  21  1427  415  319  3  -2  
10  32  21  1438  422  319  3  -2  
10  32  21  1447  430  321  3  -2  
10  32  21  1457  435  321  3  -2  
10  32  21  1463  443  321  3  -2  
10  32  21  1473  443  321  3  -2  
10  32  21  1481  452  321  3  -2  
10  32  21  1490  457  321  3  -2  
10  32  21  1497  461  321  3  -2  
10  32  21  1507  464  321  3  -2  
10  32  21  1513  467  321  3  -2  
10  32  21  1524  472  321  3  -2  
10  32  21  1531  477  321  3  -2  
10  32  21  1540  481  321  3  -2  
10  32  21  1548  485  321  3  -2  
10  32  21  1557  486  322  3  -2  
10  32  21  1565  490  322  3  -2  
10  32  21  1574  494  322  3  -2  
10  32  21  1581  496  323  4  -2  
10  32  21  1590  498  323  4  -2  
10  32  21  1597  501  324  4  -2  
10  32  21  1607  503  324  4  -2  
10  32  21  1615  510  326  4  -2  
10  32  21  1624  510  326  4  -2  
10  32  21  1631  516  326  4  -2  
10  32  21  1640  518  327  4  -2  
10  32  21  1647  518  327  4  -2  
10  32  21  1657  518  327  4  -2  
10  32  21  1664  520  327  4  -2  
10  32  21  1675  520  327  4  -2  
10  32  21  1681  520  327  4  -2  
10  32  21  1691  522  328  4  -2  
10  32  21  1698  522  328  4  -2  
10  32  21  1707  523  328  4  -2  
10  32  21  1714  524  328  4  -2  
10  32  21  1724  526  328  4  -2  
10  32  21  1732  530  330  4  -2  
10  32  21  1740  531  331  4  -2  
10  32  21  1747  536  332  4  -2  
10  32  21  1756  538  333  4  -2  
10  32  21  1766  539  333  4  -2  
10  32  21  1774  539  333  4  -2  
10  32  21  1782  539  333  4  -2  
10  32  21  1790  539  333  4  -2  
10  32  21  1799  539  333  4  -2  
10  32  21  1806  539  333  4  -2  
10  32  21  1816  540  334  4  -2  
10  32  21  1823  540  334  4  -2  
10  32  21  1832  540  334  4  -2  
10  32  21  1840  540  334  4  -2  
10  32  21  1848  539  335  4  -2  
10  32  21  1856  539  335  4  -2  
10  32  21  1866  535  335  4  -2  
10  32  21  1874  530  336  4  -2  
10  32  21  1883  523  336  4  -2  
10  32  21  1891  512  336  4  -2  
10  32  21  1899  500  336  4  -2  
10  32  21  1907  485  336  4  -2  
10  32  21  1914  472  336  4  -2  
10  32  21  1926  459  336  4  -2  
10  32  21  1934  447  336  4  -2  
10  32  21  1942  437  335  4  -2  
10  32  21  1951  426  334  4  -2  
10  32  21  1960  413  332  4  -2  
10  32  21  1968  409  331  4  -2  
10  32  21  1975  406  331  4  -2  
10  32  21  1984  404  330  4  -2  
10  32  21  1994  404  330  4  -2  
10  32  21  2001  403  329  4  -2  
10  32  21  2010  401  329  4  -2  
10  32  21  2018  400  329  4  -2  
