14  48  36  0  372  329  1  -2  
14  48  36  9  372  329  1  -2  
14  48  36  16  372  329  1  -2  
14  48  36  24  372  329  1  -2  
14  48  36  32  372  329  1  -2  
14  48  36  42  372  329  1  -2  
14  48  36  49  372  329  1  -2  
14  48  36  60  372  329  1  -2  
14  48  36  65  372  329  1  -2  
14  48  36  75  372  329  1  -2  
14  48  36  83  372  329  1  -2  
14  48  36  94  372  329  1  -2  
14  48  36  101  372  329  1  -2  
14  48  36  110  374  327  1  -2  
14  48  36  117  376  326  1  -2  
14  48  36  128  379  325  1  -2  
14  48  36  137  381  325  1  -2  
14  48  36  147  385  325  1  -2  
14  48  36  161  389  323  1  -2  
14  48  36  169  395  323  1  -2  
14  48  36  176  399  322  1  -2  
14  48  36  185  402  322  1  -2  
14  48  36  193  405  321  1  -2  
14  48  36  202  408  321  1  -2  
14  48  36  211  411  321  1  -2  
14  48  36  218  414  320  1  -2  
14  48  36  229  417  320  1  -2  
14  48  36  237  424  318  1  -2  
14  48  36  246  429  317  1  -2  
14  48  36  255  435  317  1  -2  
14  48  36  264  440  317  1  -2  
14  48  36  275  450  317  1  -2  
14  48  36  283  456  317  1  -2  
14  48  36  293  463  317  1  -2  
14  48  36  302  472  317  1  -2  
14  48  36  312  476  317  1  -2  
14  48  36  318  477  317  1  -2  
14  48  36  328  478  317  1  -2  
14  48  36  336  480  317  1  -2  
14  48  36  346  481  317  1  -2  
14  48  36  355  484  317  1  -2  
14  48  36  365  486  317  1  -2  
14  48  36  375  490  317  1  -2  
14  48  36  382  494  317  1  -2  
14  48  36  392  494  317  1  -2  
14  48  36  401  497  317  2  -2  
14  48  36  411  497  317  2  -2  
14  48  36  419  498  317  2  -2  
14  48  36  429  501  317  2  -2  
14  48  36  438  515  317  2  -2  
14  48  36  447  525  317  2  -2  
14  48  36  458  531  317  2  -2  
14  48  36  466  536  317  2  -2  
14  48  36  479  540  318  2  -2  
14  48  36  486  541  318  2  -2  
14  48  36  495  541  318  2  -2  
14  48  36  504  541  318  2  -2  
14  48  36  513  541  318  2  -2  
14  48  36  522  541  318  2  -2  
14  48  36  530  541  318  2  -2  
14  48  36  541  541  318  2  -2  
14  48  36  547  541  318  2  -2  
14  48  36  559  541  318  2  -2  
14  48  36  566  541  318  2  -2  
14  48  36  577  541  318  2  -2  
14  48  36  582  541  318  2  -2  
14  48  36  593  541  318  2  -2  
14  48  36  600  541  318  2  -2  
14  48  36  610  541  318  2  -2  
14  48  36  616  541  318  2  -2  
14  48  36  626  541  318  2  -2  
14  48  36  633  541  318  2  -2  
14  48  36  643  541  318  2  -2  
14  48  36  651  541  318  2  -2  
14  48  36  660  541  318  2  -2  
14  48  36  667  540  318  2  -2  
14  48  36  676  540  318  2  -2  
14  48  36  682  534  318  2  -2  
14  48  36  703  534  318  2  -2  
14  48  36  712  525  320  2  -2  
14  48  36  721  522  320  2  -2  
14  48  36  730  517  322  2  -2  
14  48  36  737  514  322  2  -2  
14  48  36  746  510  323  2  -2  
14  48  37  754  508  323  2  -2  
14  48  37  762  504  323  2  -2  
14  48  37  773  501  324  2  -2  
14  48  37  779  495  324  2  -2  
14  48  37  789  495  324  2  -2  
14  48  37  797  487  325  2  -2  
14  48  37  807  485  325  2  -2  
14  48  37  814  479  327  2  -2  
14  48  37  822  475  327  2  -2  
14  48  37  830  472  327  2  -2  
14  48  37  839  468  327  2  -2  
14  48  37  848  465  327  2  -2  
14  48  37  854  463  327  2  -2  
14  48  37  863  460  327  2  -2  
14  48  37  871  457  327  2  -2  
14  48  37  880  455  327  2  -2  
14  48  37  889  453  327  2  -2  
14  48  37  896  450  327  2  -2  
14  48  37  904  449  327  2  -2  
14  48  37  913  445  327  2  -2  
14  48  37  924  443  327  2  -2  
14  48  37  932  439  328  2  -2  
14  48  37  942  439  328  2  -2  
14  48  37  950  432  328  2  -2  
14  48  37  960  428  328  2  -2  
14  48  37  968  425  328  2  -2  
14  48  37  977  420  328  2  -2  
14  48  37  986  415  328  2  -2  
14  48  37  995  410  328  2  -2  
14  48  37  1003  405  328  2  -2  
14  48  37  1012  401  328  2  -2  
14  48  37  1020  397  328  3  -2  
14  48  37  1028  392  328  3  -2  
14  48  37  1036  386  328  3  -2  
14  48  37  1045  383  328  3  -2  
14  48  37  1053  381  328  3  -2  
14  48  37  1061  379  327  3  -2  
14  48  37  1070  377  327  3  -2  
14  48  37  1079  374  327  3  -2  
14  48  37  1087  373  326  3  -2  
14  48  37  1094  370  325  3  -2  
14  48  37  1102  369  325  3  -2  
14  48  37  1112  368  325  3  -2  
14  48  37  1120  368  325  3  -2  
14  48  37  1128  368  325  3  -2  
14  48  37  1136  367  325  3  -2  
14  48  37  1144  367  325  3  -2  
14  48  37  1152  367  325  3  -2  
14  48  37  1161  367  325  3  -2  
14  48  37  1170  367  325  3  -2  
14  48  37  1178  367  325  3  -2  
14  48  37  1186  367  325  3  -2  
14  48  37  1195  367  325  3  -2  
14  48  37  1203  367  325  3  -2  
14  48  37  1211  367  325  3  -2  
14  48  37  1219  367  325  3  -2  
14  48  37  1228  367  325  3  -2  
14  48  37  1236  367  325  3  -2  
14  48  37  1245  367  325  3  -2  
14  48  37  1253  367  325  3  -2  
14  48  37  1262  367  325  3  -2  
14  48  37  1270  367  325  3  -2  
14  48  37  1278  367  325  3  -2  
14  48  37  1286  367  325  3  -2  
14  48  37  1295  367  325  3  -2  
14  48  37  1303  367  325  3  -2  
14  48  37  1312  367  325  3  -2  
14  48  37  1320  367  325  3  -2  
14  48  37  1328  367  325  3  -2  
14  48  37  1336  367  325  3  -2  
14  48  37  1345  367  325  3  -2  
14  48  37  1353  367  325  3  -2  
14  48  37  1362  367  325  3  -2  
14  48  37  1370  367  325  3  -2  
14  48  37  1378  367  325  3  -2  
14  48  37  1386  367  325  3  -2  
14  48  37  1396  367  325  3  -2  
14  48  37  1406  367  325  3  -2  
14  48  37  1415  367  325  3  -2  
14  48  37  1427  367  325  3  -2  
14  48  37  1436  367  325  3  -2  
14  48  37  1445  367  325  3  -2  
14  48  37  1454  367  325  3  -2  
14  48  37  1463  367  325  3  -2  
14  48  37  1473  367  325  3  -2  
14  48  37  1480  367  325  3  -2  
14  48  37  1487  367  325  3  -2  
14  48  37  1495  367  325  3  -2  
14  48  37  1507  367  325  3  -2  
14  48  37  1513  367  325  3  -2  
14  48  37  1523  367  325  3  -2  
14  48  37  1531  367  325  3  -2  
14  48  37  1540  367  325  3  -2  
14  48  37  1547  367  325  3  -2  
14  48  37  1557  367  325  3  -2  
14  48  37  1564  367  325  3  -2  
14  48  37  1574  367  325  3  -2  
14  48  37  1581  367  325  3  -2  
14  48  37  1590  367  325  3  -2  
14  48  37  1596  367  325  3  -2  
14  48  37  1604  367  325  3  -2  
14  48  37  1613  367  325  3  -2  
14  48  37  1624  367  325  3  -2  
14  48  37  1631  367  325  3  -2  
14  48  37  1640  367  325  3  -2  
14  48  37  1647  367  325  3  -2  
14  48  37  1655  367  325  3  -2  
14  48  37  1665  367  325  3  -2  
14  48  37  1675  367  325  3  -2  
14  48  37  1682  367  325  3  -2  
14  48  37  1693  367  325  3  -2  
14  48  37  1699  367  325  3  -2  
14  48  37  1709  367  325  3  -2  
14  48  37  1715  367  325  3  -2  
14  48  37  1725  367  325  3  -2  
14  48  37  1732  367  325  3  -2  
14  48  37  1743  367  325  3  -2  
14  48  38  1750  367  325  3  -2  
14  48  38  1759  367  325  3  -2  
14  48  38  1765  367  325  3  -2  
14  48  38  1775  367  325  3  -2  
14  48  38  1782  367  325  3  -2  
14  48  38  1793  367  325  3  -2  
14  48  38  1799  367  325  3  -2  
14  48  38  1809  367  325  3  -2  
14  48  38  1815  367  325  3  -2  
14  48  38  1825  367  325  3  -2  
14  48  38  1832  367  325  3  -2  
14  48  38  1844  367  325  3  -2  
14  48  38  1850  367  325  3  -2  
14  48  38  1859  367  325  3  -2  
14  48  38  1867  368  325  3  -2  
14  48  38  1876  368  325  3  -2  
14  48  38  1884  368  325  3  -2  
14  48  38  1893  369  325  3  -2  
14  48  38  1901  369  325  3  -2  
14  48  38  1910  370  325  3  -2  
14  48  38  1917  370  325  3  -2  
14  48  38  1925  371  324  3  -2  
14  48  38  1933  372  324  3  -2  
14  48  38  1942  373  324  3  -2  
14  48  38  1951  373  324  3  -2  
14  48  38  1960  373  323  3  -2  
14  48  38  1968  373  323  3  -2  
14  48  38  1975  374  323  3  -2  
14  48  38  1983  375  323  3  -2  
14  48  38  1993  376  323  3  -2  
14  48  38  2000  377  323  3  -2  
14  48  38  2009  378  323  3  -2  
14  48  38  2017  379  323  3  -2  
14  48  38  2026  380  323  3  -2  
14  48  38  2033  381  323  3  -2  
14  48  38  2042  384  323  3  -2  
14  48  38  2050  386  323  3  -2  
14  48  38  2059  388  323  3  -2  
14  48  38  2067  393  323  3  -2  
14  48  38  2075  395  323  3  -2  
14  48  38  2084  399  323  3  -2  
14  48  38  2093  402  323  3  -2  
14  48  38  2101  408  323  3  -2  
14  48  38  2109  410  323  3  -2  
14  48  38  2118  411  323  3  -2  
14  48  38  2125  413  323  3  -2  
14  48  38  2134  415  323  3  -2  
14  48  38  2143  419  323  3  -2  
14  48  38  2150  421  323  3  -2  
14  48  38  2158  423  323  3  -2  
14  48  38  2166  425  323  3  -2  
14  48  38  2175  426  323  3  -2  
14  48  38  2182  428  323  3  -2  
14  48  38  2192  430  323  3  -2  
14  48  38  2199  432  323  3  -2  
14  48  38  2208  434  323  3  -2  
14  48  38  2216  438  323  3  -2  
14  48  38  2224  440  323  3  -2  
14  48  38  2233  443  323  3  -2  
14  48  38  2242  446  323  3  -2  
14  48  38  2250  447  323  3  -2  
14  48  38  2258  451  323  3  -2  
14  48  38  2265  452  323  3  -2  
14  48  38  2276  454  323  3  -2  
14  48  38  2285  461  323  3  -2  
14  48  38  2293  463  323  3  -2  
14  48  38  2302  467  323  3  -2  
14  48  38  2311  470  323  3  -2  
14  48  38  2322  472  323  3  -2  
14  48  38  2328  476  323  3  -2  
14  48  38  2337  479  323  3  -2  
14  48  38  2345  482  323  3  -2  
14  48  38  2354  485  323  3  -2  
14  48  38  2361  488  323  3  -2  
14  48  38  2372  491  323  3  -2  
14  48  38  2380  497  323  4  -2  
14  48  38  2389  499  323  4  -2  
14  48  38  2395  501  323  4  -2  
14  48  38  2404  501  323  4  -2  
14  48  38  2412  504  323  4  -2  
14  48  38  2422  504  323  4  -2  
14  48  38  2428  505  323  4  -2  
14  48  38  2439  505  323  4  -2  
14  48  38  2445  507  323  4  -2  
14  48  38  2455  507  323  4  -2  
14  48  38  2462  508  323  4  -2  
14  48  38  2472  509  323  4  -2  
14  48  38  2479  512  323  4  -2  
14  48  38  2488  515  323  4  -2  
14  48  38  2495  516  323  4  -2  
14  48  38  2504  517  323  4  -2  
14  48  38  2512  519  323  4  -2  
14  48  38  2521  519  323  4  -2  
14  48  38  2529  519  323  4  -2  
14  48  38  2539  519  323  4  -2  
14  48  38  2545  519  323  4  -2  
14  48  38  2554  520  323  4  -2  
14  48  38  2561  521  323  4  -2  
14  48  38  2572  522  323  4  -2  
14  48  38  2579  522  323  4  -2  
14  48  38  2587  522  323  4  -2  
14  48  38  2595  522  323  4  -2  
14  48  38  2605  522  323  4  -2  
14  48  38  2612  522  323  4  -2  
14  48  38  2622  522  323  4  -2  
14  48  38  2630  522  323  4  -2  
14  48  38  2639  522  323  4  -2  
14  48  38  2646  522  323  4  -2  
14  48  38  2655  522  323  4  -2  
14  48  38  2663  522  323  4  -2  
14  48  38  2672  522  323  4  -2  
14  48  38  2679  522  323  4  -2  
14  48  38  2689  522  323  4  -2  
14  48  38  2695  522  323  4  -2  
14  48  38  2706  522  323  4  -2  
14  48  38  2712  522  323  4  -2  
14  48  38  2722  522  323  4  -2  
14  48  38  2730  520  323  4  -2  
14  48  38  2739  515  323  4  -2  
14  48  38  2745  511  323  4  -2  
14  48  39  2756  506  324  4  -2  
14  48  39  2762  501  324  4  -2  
14  48  39  2774  495  325  4  -2  
14  48  39  2779  485  326  4  -2  
14  48  39  2790  485  326  4  -2  
14  48  39  2798  476  329  4  -2  
14  48  39  2806  471  329  4  -2  
14  48  39  2814  466  329  4  -2  
14  48  39  2823  461  329  4  -2  
14  48  39  2831  451  329  4  -2  
14  48  39  2842  444  329  4  -2  
14  48  39  2849  438  329  4  -2  
14  48  39  2857  426  329  4  -2  
14  48  39  2864  419  330  4  -2  
14  48  39  2874  410  330  4  -2  
14  48  39  2882  405  330  4  -2  
14  48  39  2891  398  331  4  -2  
