16  31  29  0  367  309  1  -2  
16  31  29  8  367  309  1  -2  
16  31  29  15  367  309  1  -2  
16  31  29  24  367  309  1  -2  
16  31  29  32  367  309  1  -2  
16  31  29  41  367  309  1  -2  
16  31  29  49  367  309  1  -2  
16  31  29  58  367  309  1  -2  
16  31  29  66  367  309  1  -2  
16  31  29  73  367  309  1  -2  
16  31  29  83  367  309  1  -2  
16  31  29  90  367  309  1  -2  
16  31  29  99  367  309  1  -2  
16  31  29  108  367  309  1  -2  
16  31  29  118  367  309  1  -2  
16  31  29  126  369  309  1  -2  
16  31  29  134  371  309  1  -2  
16  31  29  142  374  309  1  -2  
16  31  29  150  378  309  1  -2  
16  31  29  158  382  309  1  -2  
16  31  29  169  388  309  1  -2  
16  31  29  176  395  309  1  -2  
16  31  29  187  407  309  1  -2  
16  31  29  193  430  309  1  -2  
16  31  29  201  430  309  1  -2  
16  31  29  208  442  310  1  -2  
16  31  29  218  452  310  1  -2  
16  31  29  227  457  310  1  -2  
16  31  29  237  465  310  1  -2  
16  31  29  243  470  310  1  -2  
16  31  29  251  478  310  1  -2  
16  31  29  261  483  310  1  -2  
16  31  29  269  491  312  1  -2  
16  31  29  277  497  312  2  -2  
16  31  29  286  503  313  2  -2  
16  31  29  293  507  313  2  -2  
16  31  29  301  510  313  2  -2  
16  31  29  310  511  314  2  -2  
16  31  29  318  512  314  2  -2  
16  31  29  327  512  314  2  -2  
16  31  29  336  512  314  2  -2  
16  31  29  343  512  314  2  -2  
16  31  29  351  512  314  2  -2  
16  31  29  360  512  314  2  -2  
16  31  29  368  512  314  2  -2  
16  31  29  377  512  314  2  -2  
16  31  29  386  512  314  2  -2  
16  31  29  394  516  315  2  -2  
16  31  29  405  516  315  2  -2  
16  31  29  410  518  315  2  -2  
16  31  29  420  518  315  2  -2  
16  31  29  428  518  315  2  -2  
16  31  29  437  518  315  2  -2  
16  31  29  444  518  315  2  -2  
16  31  29  453  518  315  2  -2  
16  31  29  461  519  315  2  -2  
16  31  29  469  521  315  2  -2  
16  31  29  478  524  316  2  -2  
16  31  29  487  526  317  2  -2  
16  31  29  495  528  317  2  -2  
16  31  29  503  531  317  2  -2  
16  31  29  512  531  317  2  -2  
16  31  29  521  531  317  2  -2  
16  31  29  528  531  317  2  -2  
16  31  29  538  531  317  2  -2  
16  31  29  546  531  317  2  -2  
16  31  29  555  531  317  2  -2  
16  31  29  561  531  317  2  -2  
16  31  29  570  531  317  2  -2  
16  31  29  578  531  317  2  -2  
16  31  29  588  531  317  2  -2  
16  31  29  596  531  317  2  -2  
16  31  29  604  531  317  2  -2  
16  31  29  612  531  317  2  -2  
16  31  29  622  531  317  2  -2  
16  31  29  629  531  317  2  -2  
16  31  29  638  531  317  2  -2  
16  31  29  646  531  317  2  -2  
16  31  29  654  529  317  2  -2  
16  31  29  661  527  317  2  -2  
16  31  29  671  524  317  2  -2  
16  31  29  677  523  317  2  -2  
16  31  29  685  520  317  2  -2  
16  31  29  695  516  317  2  -2  
16  31  29  704  514  317  2  -2  
16  31  29  711  509  317  2  -2  
16  31  29  720  504  317  2  -2  
16  31  29  727  495  317  2  -2  
16  31  29  737  488  317  2  -2  
16  31  29  743  468  317  2  -2  
16  31  29  754  468  317  2  -2  
16  31  29  761  453  317  2  -2  
16  31  29  771  446  317  2  -2  
16  31  29  778  442  316  2  -2  
16  31  29  789  437  316  2  -2  
16  31  29  794  434  316  2  -2  
16  31  29  806  429  315  2  -2  
16  31  29  811  426  315  2  -2  
16  31  29  822  421  315  2  -2  
16  31  29  828  415  315  2  -2  
16  31  29  839  412  315  2  -2  
16  31  29  845  408  315  2  -2  
16  31  29  855  406  315  2  -2  
16  31  29  862  404  315  2  -2  
16  31  29  872  401  315  2  -2  
16  31  29  878  398  314  3  -2  
16  31  29  889  395  314  3  -2  
16  31  29  897  393  314  3  -2  
16  31  30  905  388  314  3  -2  
16  31  30  912  382  314  3  -2  
16  31  30  922  382  314  3  -2  
16  31  30  928  377  314  3  -2  
16  31  30  939  377  314  3  -2  
16  31  30  947  374  314  3  -2  
16  31  30  955  374  314  3  -2  
16  31  30  963  373  314  3  -2  
16  31  30  972  372  314  3  -2  
16  31  30  979  372  314  3  -2  
16  31  30  991  370  314  3  -2  
16  31  30  998  369  314  3  -2  
16  31  30  1007  366  314  3  -2  
16  31  30  1015  362  314  3  -2  
16  31  30  1024  359  314  3  -2  
16  31  30  1031  352  312  3  -2  
16  31  30  1039  349  312  3  -2  
16  31  30  1048  348  312  3  -2  
16  31  30  1057  347  311  3  -2  
16  31  30  1065  345  311  3  -2  
16  31  30  1074  345  311  3  -2  
16  31  30  1082  344  311  3  -2  
16  31  30  1089  344  311  3  -2  
16  31  30  1098  344  311  3  -2  
16  31  30  1107  344  311  3  -2  
16  31  30  1115  344  311  3  -2  
16  31  30  1122  344  311  3  -2  
16  31  30  1131  344  311  3  -2  
16  31  30  1141  344  311  3  -2  
16  31  30  1149  344  311  3  -2  
16  31  30  1157  344  311  3  -2  
16  31  30  1166  344  311  3  -2  
16  31  30  1173  344  311  3  -2  
16  31  30  1182  344  311  3  -2  
16  31  30  1189  344  311  3  -2  
16  31  30  1198  344  311  3  -2  
16  31  30  1207  344  311  3  -2  
16  31  30  1215  344  311  3  -2  
16  31  30  1222  344  311  3  -2  
16  31  30  1231  344  311  3  -2  
16  31  30  1241  344  311  3  -2  
16  31  30  1267  344  311  3  -2  
16  31  30  1277  344  311  3  -2  
16  31  30  1287  344  311  3  -2  
16  31  30  1293  344  311  3  -2  
16  31  30  1303  344  311  3  -2  
16  31  30  1310  344  311  3  -2  
16  31  30  1321  344  311  3  -2  
16  31  30  1327  344  311  3  -2  
16  31  30  1337  344  311  3  -2  
16  31  30  1345  344  311  3  -2  
16  31  30  1354  344  311  3  -2  
16  31  30  1362  344  311  3  -2  
16  31  30  1371  344  311  3  -2  
16  31  30  1378  344  311  3  -2  
16  31  30  1389  344  311  3  -2  
16  31  30  1395  344  311  3  -2  
16  31  30  1405  345  311  3  -2  
16  31  30  1413  350  311  3  -2  
16  31  30  1422  355  311  3  -2  
16  31  30  1429  361  311  3  -2  
16  31  30  1439  370  311  3  -2  
16  31  30  1446  375  311  3  -2  
16  31  30  1455  382  311  3  -2  
16  31  30  1463  387  311  3  -2  
16  31  30  1472  394  311  3  -2  
16  31  30  1479  404  311  3  -2  
16  31  30  1489  412  311  3  -2  
16  31  30  1496  422  311  3  -2  
16  31  30  1505  432  311  3  -2  
16  31  30  1513  442  311  3  -2  
16  31  30  1523  449  311  3  -2  
16  31  30  1531  455  311  3  -2  
16  31  30  1539  459  311  3  -2  
16  31  30  1548  462  311  3  -2  
16  31  30  1557  466  311  3  -2  
16  31  30  1565  468  311  3  -2  
16  31  30  1573  471  311  3  -2  
16  31  30  1582  473  311  3  -2  
16  31  30  1590  475  311  3  -2  
16  31  30  1598  478  312  3  -2  
16  31  30  1607  478  312  3  -2  
16  31  30  1616  478  312  3  -2  
16  31  30  1623  478  312  3  -2  
16  31  30  1632  478  312  3  -2  
16  31  30  1640  479  312  3  -2  
16  31  30  1648  479  312  3  -2  
16  31  30  1657  479  312  3  -2  
16  31  30  1665  480  312  3  -2  
16  31  30  1674  481  312  3  -2  
16  31  30  1682  486  312  3  -2  
16  31  30  1690  490  312  3  -2  
16  31  30  1699  493  312  3  -2  
16  31  30  1708  497  312  4  -2  
16  31  30  1715  501  312  4  -2  
16  31  30  1724  502  312  4  -2  
16  31  30  1732  502  312  4  -2  
16  31  30  1741  502  312  4  -2  
16  31  30  1749  502  312  4  -2  
16  31  30  1758  503  312  4  -2  
16  31  30  1766  504  312  4  -2  
16  31  30  1774  506  312  4  -2  
16  31  30  1782  511  312  4  -2  
16  31  30  1790  518  312  4  -2  
16  31  30  1799  523  312  4  -2  
16  31  30  1808  528  312  4  -2  
16  31  30  1817  532  312  4  -2  
16  31  30  1824  533  312  4  -2  
16  31  30  1832  534  312  4  -2  
16  31  30  1842  534  312  4  -2  
16  31  30  1850  534  312  4  -2  
16  31  30  1858  534  312  4  -2  
16  31  30  1866  534  312  4  -2  
16  31  30  1875  534  312  4  -2  
16  31  30  1882  534  312  4  -2  
16  31  30  1892  534  312  4  -2  
16  31  31  1900  534  312  4  -2  
16  31  31  1908  534  312  4  -2  
16  31  31  1916  534  312  4  -2  
16  31  31  1925  534  312  4  -2  
16  31  31  1934  534  312  4  -2  
16  31  31  1941  534  312  4  -2  
16  31  31  1950  534  312  4  -2  
16  31  31  1958  534  312  4  -2  
16  31  31  1968  534  312  4  -2  
16  31  31  1976  534  312  4  -2  
16  31  31  1984  534  312  4  -2  
16  31  31  1993  534  312  4  -2  
16  31  31  2002  534  312  4  -2  
16  31  31  2008  534  312  4  -2  
16  31  31  2019  534  312  4  -2  
16  31  31  2027  532  312  4  -2  
16  31  31  2036  525  312  4  -2  
16  31  31  2044  516  313  4  -2  
16  31  31  2055  506  313  4  -2  
16  31  31  2061  493  313  4  -2  
16  31  31  2071  480  313  4  -2  
16  31  31  2079  466  313  4  -2  
16  31  31  2089  453  313  4  -2  
16  31  31  2095  441  313  4  -2  
16  31  31  2105  433  313  4  -2  
16  31  31  2113  425  313  4  -2  
16  31  31  2121  419  313  4  -2  
16  31  31  2129  417  313  4  -2  
16  31  31  2139  412  313  4  -2  
16  31  31  2147  403  313  4  -2  
16  31  31  2155  400  313  4  -2  
16  31  31  2164  398  312  5  -2  
16  31  31  2172  395  312  5  -2  
16  31  31  2180  393  312  5  -2  
16  31  31  2189  392  312  5  -2  
16  31  31  2196  391  312  5  -2  
16  31  31  2205  390  312  5  -2  
16  31  31  2213  390  312  5  -2  
16  31  31  2222  390  312  5  -2  
16  31  31  2230  390  312  5  -2  
16  31  31  2239  390  312  5  -2  
16  31  31  2246  390  312  5  -2  
16  31  31  2255  388  312  5  -2  
16  31  31  2264  388  312  5  -2  
16  31  31  2274  386  312  5  -2  
16  31  31  2284  383  312  5  -2  
16  31  31  2293  383  312  5  -2  
16  31  31  2304  382  312  5  -2  
16  31  31  2312  380  312  5  -2  
16  31  31  2323  380  312  5  -2  
16  31  31  2331  380  312  5  -2  
16  31  31  2341  379  312  5  -2  
16  31  31  2353  379  312  5  -2  
16  31  31  2360  378  312  5  -2  
16  31  31  2371  377  312  5  -2  
16  31  31  2378  373  312  5  -2  
16  31  31  2388  372  312  5  -2  
16  31  31  2395  371  312  5  -2  
16  31  31  2406  371  312  5  -2  
16  31  31  2413  369  312  5  -2  
16  31  31  2421  369  312  5  -2  
16  31  31  2430  368  312  5  -2  
16  31  31  2438  368  312  5  -2  
16  31  31  2448  367  312  5  -2  
16  31  31  2455  367  312  5  -2  
16  31  31  2463  365  312  5  -2  
16  31  31  2472  365  312  5  -2  
16  31  31  2481  365  312  5  -2  
16  31  31  2490  365  312  5  -2  
16  31  31  2498  365  312  5  -2  
16  31  31  2507  365  312  5  -2  
16  31  31  2514  364  312  5  -2  
16  31  31  2523  364  312  5  -2  
16  31  31  2530  364  312  5  -2  
16  31  31  2539  364  312  5  -2  
16  31  31  2548  364  312  5  -2  
16  31  31  2558  364  312  5  -2  
16  31  31  2564  364  312  5  -2  
16  31  31  2573  364  312  5  -2  
16  31  31  2581  364  312  5  -2  
16  31  31  2590  364  312  5  -2  
16  31  31  2598  364  312  5  -2  
16  31  31  2608  364  312  5  -2  
16  31  31  2618  364  312  5  -2  
16  31  31  2623  364  312  5  -2  
16  31  31  2632  364  312  5  -2  
