14  50  7  0  379  317  1  -2  
14  50  7  9  379  317  1  -2  
14  50  7  17  379  317  1  -2  
14  50  7  25  379  317  1  -2  
14  50  7  33  379  317  1  -2  
14  50  7  42  379  317  1  -2  
14  50  7  50  379  317  1  -2  
14  50  7  58  379  317  1  -2  
14  50  7  67  379  317  1  -2  
14  50  7  75  379  317  1  -2  
14  50  7  83  379  317  1  -2  
14  50  7  93  379  317  1  -2  
14  50  7  100  379  317  1  -2  
14  50  7  109  379  317  1  -2  
14  50  7  116  379  317  1  -2  
14  50  7  125  379  317  1  -2  
14  50  7  134  379  317  1  -2  
14  50  7  142  379  317  1  -2  
14  50  7  150  379  317  1  -2  
14  50  7  159  379  317  1  -2  
14  50  7  166  379  317  1  -2  
14  50  7  175  379  316  1  -2  
14  50  7  184  381  316  1  -2  
14  50  7  191  381  316  1  -2  
14  50  7  200  384  316  1  -2  
14  50  7  208  384  316  1  -2  
14  50  7  216  387  316  1  -2  
14  50  7  225  388  316  1  -2  
14  50  7  234  389  316  1  -2  
14  50  7  241  391  316  1  -2  
14  50  7  250  393  316  1  -2  
14  50  7  259  396  316  1  -2  
14  50  7  267  400  316  1  -2  
14  50  7  275  402  316  1  -2  
14  50  7  282  405  316  1  -2  
14  50  7  291  409  316  1  -2  
14  50  7  300  410  316  1  -2  
14  50  7  307  411  316  1  -2  
14  50  7  317  414  316  1  -2  
14  50  7  325  417  316  1  -2  
14  50  7  334  420  316  1  -2  
14  50  7  344  425  316  1  -2  
14  50  7  350  432  316  1  -2  
14  50  7  358  432  316  1  -2  
14  50  7  367  436  316  1  -2  
14  50  7  375  441  316  1  -2  
14  50  7  385  442  316  1  -2  
14  50  7  393  444  316  1  -2  
14  50  7  401  447  316  1  -2  
14  50  7  409  450  316  1  -2  
14  50  7  417  455  316  1  -2  
14  50  7  425  460  316  1  -2  
14  50  7  433  465  316  1  -2  
14  50  7  443  470  316  1  -2  
14  50  7  450  475  316  1  -2  
14  50  7  458  482  316  1  -2  
14  50  7  466  489  316  1  -2  
14  50  7  476  494  316  1  -2  
14  50  7  484  498  316  2  -2  
14  50  7  492  502  316  2  -2  
14  50  7  500  503  316  2  -2  
14  50  7  508  506  316  2  -2  
14  50  7  519  507  316  2  -2  
14  50  7  525  509  316  2  -2  
14  50  7  534  511  316  2  -2  
14  50  7  541  513  316  2  -2  
14  50  7  550  515  316  2  -2  
14  50  7  559  518  316  2  -2  
14  50  7  567  519  316  2  -2  
14  50  7  574  520  316  2  -2  
14  50  7  584  520  316  2  -2  
14  50  7  593  521  316  2  -2  
14  50  7  600  521  316  2  -2  
14  50  7  608  521  316  2  -2  
14  50  7  617  521  316  2  -2  
14  50  7  625  521  316  2  -2  
14  50  7  634  521  316  2  -2  
14  50  7  641  521  316  2  -2  
14  50  7  650  521  316  2  -2  
14  50  7  658  521  316  2  -2  
14  50  7  667  521  316  2  -2  
14  50  8  674  521  316  2  -2  
14  50  8  684  521  316  2  -2  
14  50  8  691  521  316  2  -2  
14  50  8  700  521  316  2  -2  
14  50  8  708  521  316  2  -2  
14  50  8  717  521  316  2  -2  
14  50  8  725  521  316  2  -2  
14  50  8  736  521  316  2  -2  
14  50  8  742  521  316  2  -2  
14  50  8  750  521  316  2  -2  
14  50  8  758  521  316  2  -2  
14  50  8  770  521  316  2  -2  
14  50  8  776  521  316  2  -2  
14  50  8  786  521  316  2  -2  
14  50  8  793  521  316  2  -2  
14  50  8  803  521  316  2  -2  
14  50  8  810  521  316  2  -2  
14  50  8  819  521  316  2  -2  
14  50  8  826  521  316  2  -2  
14  50  8  835  521  316  2  -2  
14  50  8  844  521  316  2  -2  
14  50  8  852  521  316  2  -2  
14  50  8  859  521  316  2  -2  
14  50  8  869  521  316  2  -2  
14  50  8  876  521  316  2  -2  
14  50  8  885  521  316  2  -2  
14  50  8  894  521  316  2  -2  
14  50  8  902  521  316  2  -2  
14  50  8  909  521  316  2  -2  
14  50  8  917  521  316  2  -2  
14  50  8  926  521  316  2  -2  
14  50  8  934  521  316  2  -2  
14  50  8  944  521  316  2  -2  
14  50  8  953  518  316  2  -2  
14  50  8  959  516  316  2  -2  
14  50  8  970  515  316  2  -2  
14  50  8  977  514  316  2  -2  
14  50  8  986  511  317  2  -2  
14  50  8  992  509  317  2  -2  
14  50  8  1002  504  319  2  -2  
14  50  8  1009  502  319  2  -2  
14  50  8  1019  500  319  2  -2  
14  50  8  1026  497  320  2  -2  
14  50  8  1035  495  320  2  -2  
14  50  8  1044  492  320  2  -2  
14  50  8  1053  488  321  2  -2  
14  50  8  1060  484  321  2  -2  
14  50  8  1069  481  322  2  -2  
14  50  8  1076  478  322  2  -2  
14  50  8  1086  474  322  2  -2  
14  50  8  1093  472  324  2  -2  
14  50  8  1103  468  324  2  -2  
14  50  8  1109  465  325  2  -2  
14  50  8  1119  461  325  2  -2  
14  50  8  1126  458  325  2  -2  
14  50  8  1135  454  326  2  -2  
14  50  8  1143  451  326  2  -2  
14  50  8  1152  449  326  2  -2  
14  50  8  1159  438  329  2  -2  
14  50  8  1170  436  329  2  -2  
14  50  8  1176  431  329  2  -2  
14  50  8  1186  425  330  2  -2  
14  50  8  1193  421  331  2  -2  
14  50  8  1203  419  331  2  -2  
14  50  8  1209  411  331  2  -2  
14  50  8  1220  408  331  2  -2  
14  50  8  1227  403  331  2  -2  
14  50  8  1235  398  331  2  -2  
14  50  8  1244  393  332  3  -2  
14  50  8  1252  389  332  3  -2  
14  50  8  1259  385  332  3  -2  
14  50  8  1269  383  334  3  -2  
14  50  8  1275  381  334  3  -2  
14  50  8  1286  377  334  3  -2  
14  50  8  1294  375  334  3  -2  
14  50  8  1303  374  334  3  -2  
14  50  8  1309  371  335  3  -2  
14  50  8  1320  368  335  3  -2  
14  50  8  1327  367  335  3  -2  
14  50  8  1336  366  335  3  -2  
14  50  8  1343  365  335  3  -2  
14  50  8  1353  365  335  3  -2  
14  50  8  1359  364  335  3  -2  
14  50  8  1369  364  335  3  -2  
14  50  8  1375  364  335  3  -2  
14  50  8  1386  364  335  3  -2  
14  50  8  1394  364  335  3  -2  
14  50  8  1402  364  335  3  -2  
14  50  8  1409  364  335  3  -2  
14  50  8  1419  364  335  3  -2  
14  50  8  1426  364  335  3  -2  
14  50  8  1436  364  335  3  -2  
14  50  8  1442  364  335  3  -2  
14  50  8  1453  364  335  3  -2  
14  50  8  1460  364  335  3  -2  
14  50  8  1470  364  335  3  -2  
14  50  8  1476  364  335  3  -2  
14  50  8  1486  364  335  3  -2  
14  50  8  1494  364  335  3  -2  
14  50  8  1503  364  335  3  -2  
14  50  8  1509  364  335  3  -2  
14  50  8  1518  364  335  3  -2  
14  50  8  1526  364  335  3  -2  
14  50  8  1536  364  335  3  -2  
14  50  8  1544  364  335  3  -2  
14  50  8  1553  364  335  3  -2  
14  50  8  1558  364  335  3  -2  
14  50  8  1568  364  335  3  -2  
14  50  8  1576  365  335  3  -2  
14  50  8  1587  374  335  3  -2  
14  50  8  1594  386  334  3  -2  
14  50  8  1605  400  334  3  -2  
14  50  8  1612  417  334  3  -2  
14  50  8  1621  433  334  3  -2  
14  50  8  1630  448  334  3  -2  
14  50  8  1640  460  334  3  -2  
14  50  8  1647  477  334  3  -2  
14  50  8  1657  480  334  3  -2  
14  50  8  1665  480  333  3  -2  
14  50  9  1674  482  332  3  -2  
14  50  9  1682  482  332  3  -2  
14  50  9  1690  482  332  3  -2  
14  50  9  1698  482  332  3  -2  
14  50  9  1708  482  332  3  -2  
14  50  9  1715  482  332  3  -2  
14  50  9  1724  482  332  3  -2  
14  50  9  1731  482  332  3  -2  
14  50  9  1739  482  332  3  -2  
14  50  9  1748  482  332  3  -2  
14  50  9  1756  482  332  3  -2  
14  50  9  1766  482  332  3  -2  
14  50  9  1775  482  332  3  -2  
14  50  9  1783  482  332  3  -2  
14  50  9  1791  482  332  3  -2  
14  50  9  1798  482  332  3  -2  
14  50  9  1807  482  332  3  -2  
14  50  9  1815  482  332  3  -2  
14  50  9  1824  482  332  3  -2  
14  50  9  1833  483  332  3  -2  
14  50  9  1840  483  332  3  -2  
14  50  9  1850  484  332  3  -2  
14  50  9  1857  486  332  3  -2  
14  50  9  1866  490  332  3  -2  
14  50  9  1875  494  332  3  -2  
14  50  9  1883  499  332  4  -2  
14  50  9  1890  503  332  4  -2  
14  50  9  1899  505  332  4  -2  
14  50  9  1907  507  332  4  -2  
14  50  9  1915  509  332  4  -2  
14  50  9  1924  510  332  4  -2  
14  50  9  1931  510  332  4  -2  
14  50  9  1939  510  332  4  -2  
14  50  9  1947  510  332  4  -2  
14  50  9  1956  511  332  4  -2  
14  50  9  1964  512  332  4  -2  
14  50  9  1974  512  332  4  -2  
14  50  9  1982  512  332  4  -2  
14  50  9  1989  512  332  4  -2  
14  50  9  1998  512  332  4  -2  
14  50  9  2007  512  332  4  -2  
14  50  9  2015  513  332  4  -2  
14  50  9  2023  513  332  4  -2  
14  50  9  2032  513  332  4  -2  
14  50  9  2040  513  332  4  -2  
14  50  9  2048  513  332  4  -2  
14  50  9  2057  513  332  4  -2  
14  50  9  2064  513  332  4  -2  
14  50  9  2074  513  332  4  -2  
14  50  9  2082  513  332  4  -2  
14  50  9  2089  513  332  4  -2  
14  50  9  2099  513  332  4  -2  
14  50  9  2108  513  332  4  -2  
14  50  9  2115  513  332  4  -2  
14  50  9  2124  513  332  4  -2  
14  50  9  2132  513  332  4  -2  
14  50  9  2140  513  332  4  -2  
14  50  9  2148  513  332  4  -2  
14  50  9  2157  513  332  4  -2  
14  50  9  2165  513  332  4  -2  
14  50  9  2174  513  332  4  -2  
14  50  9  2182  513  332  4  -2  
14  50  9  2189  513  332  4  -2  
14  50  9  2198  513  332  4  -2  
14  50  9  2206  513  332  4  -2  
14  50  9  2215  513  332  4  -2  
14  50  9  2224  513  332  4  -2  
14  50  9  2232  513  332  4  -2  
14  50  9  2240  513  332  4  -2  
14  50  9  2248  513  332  4  -2  
14  50  9  2256  513  332  4  -2  
14  50  9  2266  513  332  4  -2  
14  50  9  2274  513  332  4  -2  
14  50  9  2283  513  332  4  -2  
14  50  9  2290  513  332  4  -2  
14  50  9  2298  513  332  4  -2  
14  50  9  2306  513  332  4  -2  
14  50  9  2315  513  332  4  -2  
14  50  9  2324  513  332  4  -2  
14  50  9  2333  513  332  4  -2  
14  50  9  2341  513  332  4  -2  
14  50  9  2349  513  332  4  -2  
14  50  9  2357  513  332  4  -2  
14  50  9  2365  513  332  4  -2  
14  50  9  2374  513  332  4  -2  
14  50  9  2382  513  332  4  -2  
14  50  9  2390  513  332  4  -2  
14  50  9  2398  513  332  4  -2  
14  50  9  2408  513  332  4  -2  
14  50  9  2415  513  332  4  -2  
14  50  9  2425  513  332  4  -2  
14  50  9  2433  513  332  4  -2  
14  50  9  2440  513  332  4  -2  
14  50  9  2448  513  332  4  -2  
14  50  9  2457  513  332  4  -2  
14  50  9  2465  513  332  4  -2  
14  50  9  2474  511  332  4  -2  
14  50  9  2481  510  332  4  -2  
14  50  9  2491  510  332  4  -2  
14  50  9  2498  509  332  4  -2  
14  50  9  2506  507  332  4  -2  
14  50  9  2515  507  332  4  -2  
14  50  9  2524  506  332  4  -2  
14  50  9  2532  505  332  4  -2  
14  50  9  2540  504  332  4  -2  
14  50  9  2549  502  332  4  -2  
14  50  9  2558  502  332  4  -2  
14  50  9  2565  499  332  4  -2  
14  50  9  2574  498  332  4  -2  
14  50  9  2584  495  332  4  -2  
14  50  9  2592  492  332  4  -2  
14  50  9  2601  489  333  4  -2  
14  50  9  2607  488  333  4  -2  
14  50  9  2618  487  333  4  -2  
14  50  9  2625  486  333  4  -2  
14  50  9  2634  485  334  4  -2  
14  50  9  2641  484  334  4  -2  
14  50  9  2650  483  334  4  -2  
14  50  9  2657  482  334  4  -2  
14  50  9  2667  479  334  4  -2  
14  50  10  2675  477  334  4  -2  
14  50  10  2683  474  334  4  -2  
14  50  10  2690  470  334  4  -2  
14  50  10  2700  465  334  4  -2  
14  50  10  2708  461  334  4  -2  
14  50  10  2717  456  334  4  -2  
14  50  10  2725  451  335  4  -2  
14  50  10  2733  447  335  4  -2  
14  50  10  2742  441  336  4  -2  
14  50  10  2751  435  336  4  -2  
14  50  10  2758  430  339  4  -2  
14  50  10  2769  424  340  4  -2  
14  50  10  2776  418  341  4  -2  
14  50  10  2787  414  341  4  -2  
14  50  10  2794  412  341  4  -2  
14  50  10  2804  410  341  4  -2  
14  50  10  2809  408  341  4  -2  
14  50  10  2820  405  341  4  -2  
14  50  10  2826  404  341  4  -2  
14  50  10  2837  400  341  4  -2  
14  50  10  2844  397  341  4  -2  
14  50  10  2854  395  341  4  -2  
14  50  10  2859  392  341  4  -2  
