16  32  48  0  352  322  1  -2  
16  32  48  8  352  322  1  -2  
16  32  48  15  352  322  1  -2  
16  32  48  24  352  322  1  -2  
16  32  48  32  352  322  1  -2  
16  32  48  41  352  322  1  -2  
16  32  48  48  352  322  1  -2  
16  32  48  58  352  322  1  -2  
16  32  48  65  352  322  1  -2  
16  32  48  75  352  322  1  -2  
16  32  48  82  352  322  1  -2  
16  32  48  92  352  322  1  -2  
16  32  48  99  352  322  1  -2  
16  32  48  108  352  322  1  -2  
16  32  48  117  352  322  1  -2  
16  32  48  124  357  322  1  -2  
16  32  48  132  367  322  1  -2  
16  32  48  142  374  322  1  -2  
16  32  48  150  381  322  1  -2  
16  32  48  158  389  322  1  -2  
16  32  48  166  396  322  1  -2  
16  32  48  174  403  322  1  -2  
16  32  48  182  413  322  1  -2  
16  32  48  192  421  322  1  -2  
16  32  48  200  440  322  1  -2  
16  32  48  208  445  323  1  -2  
16  32  48  216  449  323  1  -2  
16  32  48  225  449  323  1  -2  
16  32  49  233  449  323  1  -2  
16  32  49  242  449  323  1  -2  
16  32  49  250  449  323  1  -2  
16  32  49  258  449  323  1  -2  
16  32  49  266  450  323  1  -2  
16  32  49  275  450  323  1  -2  
16  32  49  282  451  323  1  -2  
16  32  49  292  453  323  1  -2  
16  32  49  300  455  323  1  -2  
16  32  49  308  457  323  1  -2  
16  32  49  316  461  323  1  -2  
16  32  49  325  464  323  1  -2  
16  32  49  332  469  323  1  -2  
16  32  49  342  472  323  1  -2  
16  32  49  350  476  323  1  -2  
16  32  49  358  478  323  1  -2  
16  32  49  365  479  323  1  -2  
16  32  49  374  479  323  1  -2  
16  32  49  382  479  323  1  -2  
16  32  49  392  480  324  1  -2  
16  32  49  400  482  324  1  -2  
16  32  49  408  484  324  1  -2  
16  32  49  415  486  324  1  -2  
16  32  49  424  486  324  1  -2  
16  32  49  433  486  324  1  -2  
16  32  49  442  486  324  1  -2  
16  32  49  450  486  324  1  -2  
16  32  49  458  486  324  1  -2  
16  32  49  465  486  324  1  -2  
16  32  49  474  486  324  1  -2  
16  32  49  483  486  324  1  -2  
16  32  49  492  486  324  1  -2  
16  32  49  500  486  324  1  -2  
16  32  49  508  486  324  1  -2  
16  32  49  516  486  324  1  -2  
16  32  49  524  486  324  1  -2  
16  32  49  533  486  324  1  -2  
16  32  49  542  486  324  1  -2  
16  32  49  550  481  326  1  -2  
16  32  49  558  474  327  1  -2  
16  32  49  566  463  328  1  -2  
16  32  49  574  453  328  1  -2  
16  32  49  583  439  330  1  -2  
16  32  49  592  413  330  1  -2  
16  32  49  600  401  330  1  -2  
16  32  49  609  393  330  1  -2  
16  32  49  616  386  330  1  -2  
16  32  49  625  381  330  1  -2  
16  32  49  634  380  330  1  -2  
16  32  49  642  379  330  1  -2  
16  32  49  650  378  330  1  -2  
16  32  49  658  378  330  1  -2  
16  32  49  665  378  330  1  -2  
16  32  49  675  378  330  1  -2  
16  32  49  684  378  330  1  -2  
16  32  49  692  378  330  1  -2  
16  32  49  700  378  330  1  -2  
16  32  49  709  378  330  1  -2  
16  32  49  718  378  330  1  -2  
16  32  49  726  378  330  1  -2  
16  32  49  736  378  330  1  -2  
16  32  49  745  378  330  1  -2  
16  32  49  754  378  330  1  -2  
16  32  49  762  378  330  1  -2  
16  32  49  772  378  330  1  -2  
16  32  49  780  378  330  1  -2  
16  32  49  791  377  330  1  -2  
16  32  49  798  376  330  1  -2  
16  32  49  809  375  330  1  -2  
16  32  49  816  373  330  1  -2  
16  32  49  825  373  330  1  -2  
16  32  49  833  373  330  1  -2  
16  32  49  843  372  330  1  -2  
16  32  49  850  372  330  1  -2  
16  32  49  860  372  330  1  -2  
16  32  49  869  372  330  1  -2  
16  32  49  878  372  330  1  -2  
16  32  49  887  372  330  1  -2  
16  32  49  895  371  330  1  -2  
16  32  49  905  369  330  1  -2  
16  32  49  913  364  330  1  -2  
16  32  49  924  364  330  1  -2  
16  32  49  932  363  330  1  -2  
16  32  49  942  361  330  1  -2  
16  32  49  949  361  330  1  -2  
16  32  49  958  360  330  1  -2  
16  32  49  968  360  330  1  -2  
16  32  49  978  359  330  1  -2  
16  32  49  987  358  330  1  -2  
16  32  49  996  357  330  1  -2  
16  32  49  1005  356  330  1  -2  
16  32  49  1012  356  330  1  -2  
16  32  49  1020  356  330  1  -2  
16  32  49  1028  356  330  1  -2  
16  32  49  1036  356  330  1  -2  
16  32  49  1045  356  330  1  -2  
16  32  49  1056  356  330  1  -2  
16  32  49  1062  356  330  1  -2  
16  32  49  1072  356  330  1  -2  
16  32  49  1078  356  330  1  -2  
16  32  49  1086  356  330  1  -2  
16  32  49  1094  356  330  1  -2  
16  32  49  1104  356  330  1  -2  
16  32  49  1112  356  330  1  -2  
16  32  49  1123  356  330  1  -2  
16  32  49  1130  356  330  1  -2  
16  32  49  1140  356  330  1  -2  
16  32  49  1147  356  330  1  -2  
16  32  49  1157  356  330  1  -2  
16  32  49  1163  356  330  1  -2  
16  32  49  1174  356  330  1  -2  
16  32  49  1181  356  330  1  -2  
16  32  49  1190  356  330  1  -2  
16  32  49  1196  356  330  1  -2  
16  32  49  1207  357  330  1  -2  
16  32  49  1213  359  330  1  -2  
16  32  49  1224  362  330  1  -2  
16  32  49  1231  364  330  1  -2  
16  32  50  1240  368  330  1  -2  
16  32  50  1246  376  328  1  -2  
16  32  50  1258  376  328  1  -2  
16  32  50  1264  386  328  1  -2  
16  32  50  1274  386  328  1  -2  
16  32  50  1282  391  328  1  -2  
16  32  50  1292  393  328  1  -2  
16  32  50  1297  395  328  1  -2  
16  32  50  1308  396  328  1  -2  
16  32  50  1314  398  328  1  -2  
16  32  50  1325  401  328  1  -2  
16  32  50  1332  403  328  1  -2  
16  32  50  1341  407  328  1  -2  
16  32  50  1349  412  328  1  -2  
16  32  50  1358  416  328  1  -2  
16  32  50  1365  421  328  1  -2  
16  32  50  1375  422  328  1  -2  
16  32  50  1382  426  328  1  -2  
16  32  50  1391  428  328  1  -2  
16  32  50  1398  429  328  1  -2  
16  32  50  1407  431  327  1  -2  
16  32  50  1414  435  327  1  -2  
16  32  50  1425  438  326  1  -2  
16  32  50  1432  443  326  1  -2  
16  32  50  1441  444  326  1  -2  
16  32  50  1449  446  326  1  -2  
16  32  50  1458  447  326  1  -2  
16  32  50  1464  448  326  1  -2  
16  32  50  1474  450  326  1  -2  
16  32  50  1482  450  326  1  -2  
16  32  50  1491  451  326  1  -2  
16  32  50  1497  451  326  1  -2  
16  32  50  1508  451  326  1  -2  
16  32  50  1515  453  326  1  -2  
16  32  50  1525  457  326  1  -2  
16  32  50  1532  462  326  1  -2  
16  32  50  1541  468  326  1  -2  
16  32  50  1549  475  326  1  -2  
16  32  50  1557  479  326  1  -2  
16  32  50  1564  481  326  1  -2  
16  32  50  1574  485  325  1  -2  
16  32  50  1582  485  325  1  -2  
16  32  50  1591  485  325  1  -2  
16  32  50  1598  485  325  1  -2  
16  32  50  1607  486  325  1  -2  
16  32  50  1614  487  325  1  -2  
16  32  50  1625  489  325  1  -2  
16  32  50  1632  491  325  1  -2  
16  32  50  1641  492  325  1  -2  
16  32  50  1648  492  325  1  -2  
16  32  50  1657  492  325  1  -2  
16  32  50  1665  492  325  1  -2  
16  32  50  1673  492  325  1  -2  
16  32  50  1681  492  325  1  -2  
16  32  50  1690  492  325  1  -2  
16  32  50  1697  492  325  1  -2  
16  32  50  1707  494  325  1  -2  
16  32  50  1714  494  325  1  -2  
16  32  50  1724  497  325  2  -2  
16  32  50  1731  498  325  2  -2  
16  32  50  1740  498  325  2  -2  
16  32  50  1747  498  325  2  -2  
16  32  50  1756  498  325  2  -2  
16  32  50  1763  498  325  2  -2  
16  32  50  1773  498  325  2  -2  
16  32  50  1781  498  325  2  -2  
16  32  50  1790  498  325  2  -2  
16  32  50  1797  498  325  2  -2  
16  32  50  1806  500  325  2  -2  
16  32  50  1815  500  325  2  -2  
16  32  50  1823  500  325  2  -2  
16  32  50  1831  500  325  2  -2  
16  32  50  1840  500  325  2  -2  
16  32  50  1847  500  325  2  -2  
16  32  50  1856  500  325  2  -2  
16  32  50  1864  500  325  2  -2  
16  32  50  1873  500  325  2  -2  
16  32  50  1881  500  325  2  -2  
16  32  50  1890  500  325  2  -2  
16  32  50  1897  500  325  2  -2  
16  32  50  1906  500  325  2  -2  
16  32  50  1914  500  325  2  -2  
16  32  50  1923  500  325  2  -2  
16  32  50  1932  500  325  2  -2  
16  32  50  1940  500  325  2  -2  
16  32  50  1948  500  325  2  -2  
16  32  50  1956  500  325  2  -2  
16  32  50  1965  500  325  2  -2  
16  32  50  1973  500  325  2  -2  
16  32  50  1982  500  325  2  -2  
16  32  50  1990  500  325  2  -2  
16  32  50  1997  500  325  2  -2  
16  32  50  2006  500  325  2  -2  
16  32  50  2015  500  325  2  -2  
16  32  50  2023  500  325  2  -2  
16  32  50  2032  500  325  2  -2  
16  32  50  2040  500  325  2  -2  
16  32  50  2048  500  325  2  -2  
16  32  50  2056  500  325  2  -2  
16  32  50  2064  500  325  2  -2  
16  32  50  2073  500  325  2  -2  
16  32  50  2081  500  325  2  -2  
16  32  50  2090  500  325  2  -2  
16  32  50  2098  500  325  2  -2  
16  32  50  2106  500  325  2  -2  
16  32  50  2115  500  325  2  -2  
16  32  50  2124  500  325  2  -2  
16  32  50  2132  500  325  2  -2  
16  32  50  2140  500  325  2  -2  
16  32  50  2148  500  325  2  -2  
16  32  50  2156  500  325  2  -2  
16  32  50  2163  500  325  2  -2  
16  32  50  2173  496  325  2  -2  
16  32  50  2182  491  325  2  -2  
16  32  50  2190  487  325  2  -2  
16  32  50  2197  486  325  2  -2  
16  32  50  2207  484  325  2  -2  
16  32  50  2214  484  325  2  -2  
16  32  50  2223  484  325  2  -2  
16  32  51  2232  484  325  2  -2  
16  32  51  2240  484  325  2  -2  
16  32  51  2249  482  325  2  -2  
16  32  51  2257  478  325  2  -2  
16  32  51  2265  473  325  2  -2  
16  32  51  2274  468  325  2  -2  
16  32  51  2282  461  325  2  -2  
16  32  51  2290  453  325  2  -2  
16  32  51  2299  446  325  2  -2  
16  32  51  2306  438  325  2  -2  
16  32  51  2314  426  325  2  -2  
16  32  51  2323  418  325  2  -2  
16  32  51  2332  408  325  2  -2  
16  32  51  2340  399  325  2  -2  
16  32  51  2348  391  325  3  -2  
16  32  51  2356  384  325  3  -2  
16  32  51  2364  379  325  3  -2  
16  32  51  2374  375  325  3  -2  
16  32  51  2384  374  325  3  -2  
16  32  51  2394  372  325  3  -2  
16  32  51  2401  372  325  3  -2  
16  32  51  2410  372  325  3  -2  
16  32  51  2417  372  325  3  -2  
16  32  51  2427  372  325  3  -2  
16  32  51  2434  372  325  3  -2  
16  32  51  2442  372  325  3  -2  
16  32  51  2451  371  325  3  -2  
16  32  51  2460  368  325  3  -2  
16  32  51  2468  366  325  3  -2  
16  32  51  2476  364  325  3  -2  
16  32  51  2484  363  325  3  -2  
16  32  51  2492  362  325  3  -2  
16  32  51  2502  362  325  3  -2  
16  32  51  2510  362  325  3  -2  
16  32  51  2517  362  325  3  -2  
16  32  51  2526  362  325  3  -2  
16  32  51  2534  362  325  3  -2  
16  32  51  2543  362  325  3  -2  
16  32  51  2553  362  325  3  -2  
16  32  51  2560  362  325  3  -2  
16  32  51  2570  362  325  3  -2  
16  32  51  2578  362  325  3  -2  
16  32  51  2587  362  325  3  -2  
16  32  51  2593  362  325  3  -2  
16  32  51  2604  362  325  3  -2  
16  32  51  2611  362  325  3  -2  
16  32  51  2620  362  325  3  -2  
16  32  51  2629  362  325  3  -2  
16  32  51  2637  362  325  3  -2  
16  32  51  2645  362  325  3  -2  
16  32  51  2654  362  325  3  -2  
16  32  51  2662  362  325  3  -2  
16  32  51  2671  362  325  3  -2  
16  32  51  2679  362  325  3  -2  
16  32  51  2688  362  325  3  -2  
16  32  51  2695  362  325  3  -2  
16  32  51  2705  362  325  3  -2  
16  32  51  2712  362  325  3  -2  
16  32  51  2722  362  325  3  -2  
