14  50  15  0  376  309  1  -2  
14  50  15  9  376  309  1  -2  
14  50  15  17  376  309  1  -2  
14  50  15  25  376  309  1  -2  
14  50  15  33  376  309  1  -2  
14  50  15  42  376  309  1  -2  
14  50  15  49  376  309  1  -2  
14  50  15  59  376  309  1  -2  
14  50  15  67  376  309  1  -2  
14  50  15  76  376  309  1  -2  
14  50  15  83  376  309  1  -2  
14  50  15  92  376  309  1  -2  
14  50  15  99  376  309  1  -2  
14  50  15  109  376  309  1  -2  
14  50  15  117  376  309  1  -2  
14  50  15  126  376  309  1  -2  
14  50  15  134  376  309  1  -2  
14  50  15  142  376  309  1  -2  
14  50  15  149  376  309  1  -2  
14  50  15  158  376  309  1  -2  
14  50  15  167  376  309  1  -2  
14  50  15  175  376  309  1  -2  
14  50  15  183  376  309  1  -2  
14  50  15  192  376  309  1  -2  
14  50  15  199  376  309  1  -2  
14  50  15  208  376  309  1  -2  
14  50  15  217  376  309  1  -2  
14  50  15  227  376  309  1  -2  
14  50  15  234  376  309  1  -2  
14  50  15  242  376  309  1  -2  
14  50  15  249  376  309  1  -2  
14  50  15  259  376  309  1  -2  
14  50  15  266  376  309  1  -2  
14  50  15  275  376  309  1  -2  
14  50  15  284  376  309  1  -2  
14  50  15  292  376  309  1  -2  
14  50  15  301  376  309  1  -2  
14  50  15  308  376  309  1  -2  
14  50  15  317  376  309  1  -2  
14  50  15  325  376  309  1  -2  
14  50  15  333  376  309  1  -2  
14  50  15  342  376  309  1  -2  
14  50  15  351  376  309  1  -2  
14  50  15  358  376  309  1  -2  
14  50  15  367  376  309  1  -2  
14  50  15  376  376  309  1  -2  
14  50  15  384  376  309  1  -2  
14  50  15  391  379  309  1  -2  
14  50  15  400  385  309  1  -2  
14  50  15  408  394  309  1  -2  
14  50  15  417  404  309  1  -2  
14  50  15  427  414  309  1  -2  
14  50  15  434  422  309  1  -2  
14  50  15  442  432  309  1  -2  
14  50  15  451  439  309  1  -2  
14  50  15  460  454  309  1  -2  
14  50  15  468  461  309  1  -2  
14  50  15  477  468  309  1  -2  
14  50  15  486  473  309  1  -2  
14  50  15  493  478  309  1  -2  
14  50  15  501  483  309  1  -2  
14  50  15  510  487  309  1  -2  
14  50  15  518  493  309  1  -2  
14  50  15  527  499  309  2  -2  
14  50  15  535  505  309  2  -2  
14  50  15  543  514  309  2  -2  
14  50  15  552  521  309  2  -2  
14  50  15  560  527  309  2  -2  
14  50  15  569  532  309  2  -2  
14  50  15  577  536  309  2  -2  
14  50  15  584  538  309  2  -2  
14  50  15  592  540  309  2  -2  
14  50  15  601  541  309  2  -2  
14  50  15  610  541  309  2  -2  
14  50  15  618  542  309  2  -2  
14  50  15  627  542  309  2  -2  
14  50  15  634  542  309  2  -2  
14  50  15  643  542  309  2  -2  
14  50  15  652  542  309  2  -2  
14  50  15  660  542  309  2  -2  
14  50  15  668  542  309  2  -2  
14  50  15  677  542  309  2  -2  
14  50  15  685  542  309  2  -2  
14  50  15  693  542  309  2  -2  
14  50  15  702  542  309  2  -2  
14  50  15  710  542  309  2  -2  
14  50  15  717  542  309  2  -2  
14  50  16  727  542  309  2  -2  
14  50  16  736  542  309  2  -2  
14  50  16  743  542  309  2  -2  
14  50  16  752  542  309  2  -2  
14  50  16  760  542  309  2  -2  
14  50  16  768  542  309  2  -2  
14  50  16  776  542  309  2  -2  
14  50  16  785  542  309  2  -2  
14  50  16  793  542  309  2  -2  
14  50  16  802  542  309  2  -2  
14  50  16  810  542  309  2  -2  
14  50  16  820  542  309  2  -2  
14  50  16  828  542  309  2  -2  
14  50  16  837  542  309  2  -2  
14  50  16  844  542  309  2  -2  
14  50  16  852  542  309  2  -2  
14  50  16  861  542  309  2  -2  
14  50  16  868  542  309  2  -2  
14  50  16  877  542  309  2  -2  
14  50  16  886  542  309  2  -2  
14  50  16  895  542  309  2  -2  
14  50  16  902  542  309  2  -2  
14  50  16  911  541  309  2  -2  
14  50  16  919  538  309  2  -2  
14  50  16  927  536  309  2  -2  
14  50  16  937  532  309  2  -2  
14  50  16  945  527  309  2  -2  
14  50  16  952  523  309  2  -2  
14  50  16  960  518  309  2  -2  
14  50  16  968  514  309  2  -2  
14  50  16  977  512  310  2  -2  
14  50  16  986  509  310  2  -2  
14  50  16  993  505  311  2  -2  
14  50  16  1001  501  312  2  -2  
14  50  16  1010  499  312  2  -2  
14  50  16  1018  491  314  2  -2  
14  50  16  1026  491  314  2  -2  
14  50  16  1035  486  314  2  -2  
14  50  16  1044  475  315  2  -2  
14  50  16  1051  469  315  2  -2  
14  50  16  1060  462  315  2  -2  
14  50  16  1068  450  315  2  -2  
14  50  16  1077  440  315  2  -2  
14  50  16  1085  429  315  2  -2  
14  50  16  1094  417  315  2  -2  
14  50  16  1101  405  315  2  -2  
14  50  16  1110  397  315  3  -2  
14  50  16  1118  387  315  3  -2  
14  50  16  1126  382  315  3  -2  
14  50  16  1135  378  315  3  -2  
14  50  16  1143  375  315  3  -2  
14  50  16  1150  373  315  3  -2  
14  50  16  1160  371  316  3  -2  
14  50  16  1169  369  316  3  -2  
14  50  16  1176  369  316  3  -2  
14  50  16  1186  369  316  3  -2  
14  50  16  1197  369  316  3  -2  
14  50  16  1202  368  316  3  -2  
14  50  16  1210  368  316  3  -2  
14  50  16  1218  368  316  3  -2  
14  50  16  1228  366  317  3  -2  
14  50  16  1236  366  317  3  -2  
14  50  16  1245  366  317  3  -2  
14  50  16  1252  366  317  3  -2  
14  50  16  1260  366  317  3  -2  
14  50  16  1268  366  317  3  -2  
14  50  16  1278  366  317  3  -2  
14  50  16  1284  366  317  3  -2  
14  50  16  1295  366  317  3  -2  
14  50  16  1302  366  317  3  -2  
14  50  16  1312  366  317  3  -2  
14  50  16  1319  366  317  3  -2  
14  50  16  1326  366  317  3  -2  
14  50  16  1336  366  317  3  -2  
14  50  16  1344  366  317  3  -2  
14  50  16  1352  366  317  3  -2  
14  50  16  1360  366  317  3  -2  
14  50  16  1369  366  317  3  -2  
14  50  16  1377  366  317  3  -2  
14  50  16  1386  366  317  3  -2  
14  50  16  1393  366  317  3  -2  
14  50  16  1401  366  317  3  -2  
14  50  16  1410  366  317  3  -2  
14  50  16  1418  366  317  3  -2  
14  50  16  1427  366  317  3  -2  
14  50  16  1437  366  317  3  -2  
14  50  16  1447  366  317  3  -2  
14  50  16  1453  366  317  3  -2  
14  50  16  1462  366  317  3  -2  
14  50  16  1470  366  317  3  -2  
14  50  16  1480  366  317  3  -2  
14  50  16  1487  366  317  3  -2  
14  50  16  1496  366  317  3  -2  
14  50  16  1504  366  317  3  -2  
14  50  16  1512  366  317  3  -2  
14  50  16  1520  366  317  3  -2  
14  50  16  1529  366  317  3  -2  
14  50  16  1536  366  317  3  -2  
14  50  16  1547  366  317  3  -2  
14  50  16  1554  366  317  3  -2  
14  50  16  1562  366  317  3  -2  
14  50  16  1570  366  317  3  -2  
14  50  16  1579  366  317  3  -2  
14  50  16  1587  366  317  3  -2  
14  50  16  1597  366  317  3  -2  
14  50  16  1604  366  317  3  -2  
14  50  16  1612  366  317  3  -2  
14  50  16  1619  366  317  3  -2  
14  50  16  1629  366  317  3  -2  
14  50  16  1637  366  317  3  -2  
14  50  16  1646  366  317  3  -2  
14  50  16  1653  366  317  3  -2  
14  50  16  1663  366  317  3  -2  
14  50  16  1670  366  317  3  -2  
14  50  16  1679  366  317  3  -2  
14  50  16  1688  366  317  3  -2  
14  50  16  1699  366  317  3  -2  
14  50  16  1707  369  317  3  -2  
14  50  16  1716  372  317  3  -2  
14  50  17  1724  377  317  3  -2  
14  50  17  1733  382  317  3  -2  
14  50  17  1740  388  317  3  -2  
14  50  17  1749  396  317  3  -2  
14  50  17  1757  408  317  3  -2  
14  50  17  1766  419  317  3  -2  
14  50  17  1774  431  321  3  -2  
14  50  17  1781  441  321  3  -2  
14  50  17  1789  451  321  3  -2  
14  50  17  1799  458  321  3  -2  
14  50  17  1807  468  321  3  -2  
14  50  17  1816  475  321  3  -2  
14  50  17  1824  482  321  3  -2  
14  50  17  1833  489  321  3  -2  
14  50  17  1841  494  321  3  -2  
14  50  17  1848  498  321  4  -2  
14  50  17  1857  502  321  4  -2  
14  50  17  1866  506  321  4  -2  
14  50  17  1876  513  321  4  -2  
14  50  17  1885  521  321  4  -2  
14  50  17  1898  525  321  4  -2  
14  50  17  1907  530  321  4  -2  
14  50  17  1918  535  321  4  -2  
14  50  17  1930  537  321  4  -2  
14  50  17  1940  540  321  4  -2  
14  50  17  1951  541  321  4  -2  
14  50  17  1966  543  321  4  -2  
14  50  17  1976  547  321  4  -2  
14  50  17  1987  547  321  4  -2  
14  50  17  1999  547  321  4  -2  
14  50  17  2007  547  321  4  -2  
14  50  17  2018  547  321  4  -2  
14  50  17  2029  547  321  4  -2  
14  50  17  2038  547  321  4  -2  
14  50  17  2048  547  321  4  -2  
14  50  17  2057  547  321  4  -2  
14  50  17  2067  547  321  4  -2  
14  50  17  2076  547  321  4  -2  
14  50  17  2082  547  321  4  -2  
14  50  17  2091  547  321  4  -2  
14  50  17  2099  547  321  4  -2  
14  50  17  2107  547  321  4  -2  
14  50  17  2117  547  321  4  -2  
14  50  17  2125  547  321  4  -2  
14  50  17  2134  547  321  4  -2  
14  50  17  2141  545  321  4  -2  
14  50  17  2150  545  321  4  -2  
14  50  17  2161  545  321  4  -2  
14  50  17  2169  545  321  4  -2  
14  50  17  2178  543  321  4  -2  
14  50  17  2186  539  321  4  -2  
14  50  17  2193  533  322  4  -2  
14  50  17  2202  528  322  4  -2  
14  50  17  2211  516  322  4  -2  
14  50  17  2222  503  324  4  -2  
14  50  17  2231  474  326  4  -2  
14  50  17  2238  461  326  4  -2  
14  50  17  2249  448  326  4  -2  
14  50  17  2256  436  326  4  -2  
14  50  17  2265  426  326  4  -2  
14  50  17  2272  416  326  4  -2  
14  50  17  2281  409  326  4  -2  
14  50  17  2288  405  326  4  -2  
14  50  17  2298  402  326  4  -2  
