10  33  56  0  362  310  1  -2  
10  33  56  8  362  310  1  -2  
10  33  56  18  362  310  1  -2  
10  33  56  25  362  310  1  -2  
10  33  56  35  362  310  1  -2  
10  33  56  42  362  310  1  -2  
10  33  56  50  362  310  1  -2  
10  33  56  58  362  310  1  -2  
10  33  56  67  362  310  1  -2  
10  33  56  75  362  310  1  -2  
10  33  56  85  362  310  1  -2  
10  33  56  92  362  310  1  -2  
10  33  56  100  362  311  1  -2  
10  33  56  109  362  311  1  -2  
10  33  56  117  362  311  1  -2  
10  33  56  125  362  311  1  -2  
10  33  56  134  362  311  1  -2  
10  33  56  144  362  311  1  -2  
10  33  56  150  362  311  1  -2  
10  33  56  159  362  311  1  -2  
10  33  56  168  362  311  1  -2  
10  33  56  176  362  311  1  -2  
10  33  56  185  362  311  1  -2  
10  33  56  194  362  311  1  -2  
10  33  56  201  362  311  1  -2  
10  33  56  211  362  311  1  -2  
10  33  56  218  362  311  1  -2  
10  33  56  226  362  311  1  -2  
10  33  56  235  362  311  1  -2  
10  33  57  244  362  311  1  -2  
10  33  57  251  362  311  1  -2  
10  33  57  259  362  311  1  -2  
10  33  57  267  362  311  1  -2  
10  33  57  276  362  311  1  -2  
10  33  57  286  362  311  1  -2  
10  33  57  294  362  311  1  -2  
10  33  57  301  362  311  1  -2  
10  33  57  311  362  311  1  -2  
10  33  57  318  362  311  1  -2  
10  33  57  326  362  311  1  -2  
10  33  57  334  362  311  1  -2  
10  33  57  345  362  311  1  -2  
10  33  57  351  362  311  1  -2  
10  33  57  361  362  311  1  -2  
10  33  57  368  362  311  1  -2  
10  33  57  376  362  311  1  -2  
10  33  57  385  362  311  1  -2  
10  33  57  394  362  311  1  -2  
10  33  57  401  362  311  1  -2  
10  33  57  411  362  311  1  -2  
10  33  57  418  362  311  1  -2  
10  33  57  426  365  311  1  -2  
10  33  57  435  366  311  1  -2  
10  33  57  442  371  311  1  -2  
10  33  57  451  376  311  1  -2  
10  33  57  461  387  312  1  -2  
10  33  57  468  398  313  1  -2  
10  33  57  478  412  313  1  -2  
10  33  57  486  427  316  1  -2  
10  33  57  494  442  316  1  -2  
10  33  57  502  461  319  1  -2  
10  33  57  511  476  320  1  -2  
10  33  57  518  489  320  1  -2  
10  33  57  529  503  324  2  -2  
10  33  57  536  521  326  2  -2  
10  33  57  546  528  327  2  -2  
10  33  57  552  535  329  2  -2  
10  33  57  561  541  329  2  -2  
10  33  57  568  546  330  2  -2  
10  33  57  577  548  330  2  -2  
10  33  57  585  549  330  2  -2  
10  33  57  594  550  331  2  -2  
10  33  57  601  550  331  2  -2  
10  33  57  611  550  331  2  -2  
10  33  57  618  550  331  2  -2  
10  33  57  626  550  331  2  -2  
10  33  57  636  550  331  2  -2  
10  33  57  644  551  331  2  -2  
10  33  57  651  551  331  2  -2  
10  33  57  661  552  331  2  -2  
10  33  57  668  552  331  2  -2  
10  33  57  676  553  331  2  -2  
10  33  57  686  553  331  2  -2  
10  33  57  695  553  331  2  -2  
10  33  57  703  553  331  2  -2  
10  33  57  712  553  331  2  -2  
10  33  57  721  554  331  2  -2  
10  33  57  731  554  331  2  -2  
10  33  57  739  554  331  2  -2  
10  33  57  749  554  331  2  -2  
10  33  57  757  554  331  2  -2  
10  33  57  765  554  331  2  -2  
10  33  57  774  554  331  2  -2  
10  33  57  781  554  331  2  -2  
10  33  57  790  554  331  2  -2  
10  33  57  799  554  331  2  -2  
10  33  57  806  554  331  2  -2  
10  33  57  815  554  331  2  -2  
10  33  57  822  554  331  2  -2  
10  33  57  831  554  331  2  -2  
10  33  57  840  554  331  2  -2  
10  33  57  849  554  331  2  -2  
10  33  57  856  554  331  2  -2  
10  33  57  865  554  331  2  -2  
10  33  57  873  554  331  2  -2  
10  33  57  881  554  331  2  -2  
10  33  57  890  554  331  2  -2  
10  33  57  897  554  331  2  -2  
10  33  57  906  554  331  2  -2  
10  33  57  915  554  331  2  -2  
10  33  57  923  554  331  2  -2  
10  33  57  931  554  331  2  -2  
10  33  57  940  554  331  2  -2  
10  33  57  949  554  331  2  -2  
10  33  57  956  554  331  2  -2  
10  33  57  965  554  331  2  -2  
10  33  57  973  554  331  2  -2  
10  33  57  981  554  331  2  -2  
10  33  57  990  554  331  2  -2  
10  33  57  998  554  331  2  -2  
10  33  57  1006  554  331  2  -2  
10  33  57  1015  554  331  2  -2  
10  33  57  1024  554  331  2  -2  
10  33  57  1033  554  331  2  -2  
10  33  57  1040  554  331  2  -2  
10  33  57  1049  554  331  2  -2  
10  33  57  1057  554  331  2  -2  
10  33  57  1065  554  331  2  -2  
10  33  57  1073  554  331  2  -2  
10  33  57  1081  554  331  2  -2  
10  33  57  1090  554  331  2  -2  
10  33  57  1098  554  331  2  -2  
10  33  57  1106  554  331  2  -2  
10  33  57  1115  554  330  2  -2  
10  33  57  1125  554  330  2  -2  
10  33  57  1133  553  330  2  -2  
10  33  57  1140  552  329  2  -2  
10  33  57  1149  552  329  2  -2  
10  33  57  1157  549  329  2  -2  
10  33  57  1165  549  329  2  -2  
10  33  57  1174  547  328  2  -2  
10  33  57  1181  545  328  2  -2  
10  33  57  1192  544  328  2  -2  
10  33  57  1200  537  326  2  -2  
10  33  57  1209  533  326  2  -2  
10  33  57  1216  530  326  2  -2  
10  33  57  1225  525  326  2  -2  
10  33  57  1233  521  325  2  -2  
10  33  58  1243  516  325  2  -2  
10  33  58  1250  512  325  2  -2  
10  33  58  1259  507  325  2  -2  
10  33  58  1266  501  324  2  -2  
10  33  58  1276  499  324  2  -2  
10  33  58  1284  496  323  2  -2  
10  33  58  1291  495  323  2  -2  
10  33  58  1301  494  323  2  -2  
10  33  58  1309  493  323  2  -2  
10  33  58  1316  492  323  2  -2  
10  33  58  1325  489  323  2  -2  
10  33  58  1334  487  323  2  -2  
10  33  58  1341  484  323  2  -2  
10  33  58  1350  480  323  2  -2  
10  33  58  1359  475  323  2  -2  
10  33  58  1366  470  323  2  -2  
10  33  58  1375  465  323  2  -2  
10  33  58  1384  451  323  2  -2  
10  33  58  1392  446  323  2  -2  
10  33  58  1401  441  323  2  -2  
10  33  58  1409  437  323  2  -2  
10  33  58  1417  433  323  2  -2  
10  33  58  1426  429  323  2  -2  
10  33  58  1434  428  323  2  -2  
10  33  58  1442  425  323  2  -2  
10  33  58  1450  424  323  2  -2  
10  33  58  1459  423  323  2  -2  
10  33  58  1466  421  323  2  -2  
10  33  58  1475  420  323  2  -2  
10  33  58  1482  417  323  2  -2  
10  33  58  1491  414  323  2  -2  
10  33  58  1500  411  323  2  -2  
10  33  58  1509  407  323  2  -2  
10  33  58  1516  402  323  2  -2  
10  33  58  1526  397  323  3  -2  
10  33  58  1534  392  323  3  -2  
10  33  58  1541  388  323  3  -2  
10  33  58  1550  386  323  3  -2  
10  33  58  1559  384  323  3  -2  
10  33  58  1566  383  323  3  -2  
10  33  58  1575  383  323  3  -2  
10  33  58  1584  382  323  3  -2  
10  33  58  1591  380  323  3  -2  
10  33  58  1600  378  323  3  -2  
10  33  58  1610  378  323  3  -2  
10  33  58  1617  376  323  3  -2  
10  33  58  1627  375  323  3  -2  
10  33  58  1634  374  323  3  -2  
10  33  58  1641  374  323  3  -2  
10  33  58  1650  371  323  3  -2  
10  33  58  1659  371  323  3  -2  
10  33  58  1666  370  323  3  -2  
10  33  58  1678  368  323  3  -2  
10  33  58  1684  367  323  3  -2  
10  33  58  1694  366  323  3  -2  
10  33  58  1700  365  323  3  -2  
10  33  58  1711  365  323  3  -2  
10  33  58  1717  365  323  3  -2  
10  33  58  1727  365  323  3  -2  
10  33  58  1734  365  323  3  -2  
10  33  58  1744  365  323  3  -2  
10  33  58  1750  365  323  3  -2  
10  33  58  1761  365  323  3  -2  
10  33  58  1768  364  323  3  -2  
10  33  58  1777  364  323  3  -2  
10  33  58  1786  364  323  3  -2  
10  33  58  1796  363  323  3  -2  
10  33  58  1802  362  323  3  -2  
10  33  58  1812  362  323  3  -2  
10  33  58  1819  362  323  3  -2  
10  33  58  1829  362  323  3  -2  
10  33  58  1835  362  323  3  -2  
10  33  58  1846  362  323  3  -2  
10  33  58  1854  362  324  3  -2  
10  33  58  1863  362  324  3  -2  
10  33  58  1869  362  324  3  -2  
10  33  58  1879  362  324  3  -2  
10  33  58  1886  365  324  3  -2  
10  33  58  1897  365  324  3  -2  
10  33  58  1902  388  324  3  -2  
10  33  58  1913  388  324  3  -2  
10  33  58  1919  413  324  3  -2  
10  33  58  1929  426  324  3  -2  
10  33  58  1937  438  324  3  -2  
10  33  58  1946  448  324  3  -2  
10  33  58  1954  460  324  3  -2  
10  33  58  1963  468  324  3  -2  
10  33  58  1970  478  324  3  -2  
10  33  58  1979  487  326  3  -2  
10  33  58  1986  495  327  3  -2  
10  33  58  1996  499  327  4  -2  
10  33  58  2004  503  327  4  -2  
10  33  58  2013  504  327  4  -2  
10  33  58  2019  505  327  4  -2  
10  33  58  2029  505  327  4  -2  
10  33  58  2036  505  327  4  -2  
10  33  58  2046  505  327  4  -2  
10  33  58  2055  505  327  4  -2  
10  33  58  2063  505  327  4  -2  
10  33  58  2070  505  327  4  -2  
10  33  58  2079  505  327  4  -2  
10  33  58  2086  505  327  4  -2  
10  33  58  2096  505  327  4  -2  
10  33  58  2105  506  327  4  -2  
10  33  58  2113  506  327  4  -2  
10  33  58  2121  506  327  4  -2  
10  33  58  2130  508  327  4  -2  
10  33  58  2138  510  327  4  -2  
10  33  58  2146  512  327  4  -2  
10  33  58  2154  514  327  4  -2  
10  33  58  2162  515  327  4  -2  
10  33  58  2170  516  327  4  -2  
10  33  58  2179  517  327  4  -2  
10  33  58  2187  517  327  4  -2  
10  33  58  2196  517  327  4  -2  
10  33  58  2204  517  327  4  -2  
10  33  58  2213  517  327  4  -2  
10  33  58  2221  517  327  4  -2  
10  33  58  2229  518  327  4  -2  
10  33  59  2237  518  327  4  -2  
10  33  59  2246  521  328  4  -2  
10  33  59  2255  524  328  4  -2  
10  33  59  2262  527  330  4  -2  
10  33  59  2270  531  330  4  -2  
10  33  59  2279  534  330  4  -2  
10  33  59  2287  535  330  4  -2  
10  33  59  2296  535  330  4  -2  
10  33  59  2307  535  330  4  -2  
10  33  59  2316  535  330  4  -2  
10  33  59  2327  535  330  4  -2  
10  33  59  2335  535  330  4  -2  
10  33  59  2345  535  330  4  -2  
10  33  59  2353  535  330  4  -2  
10  33  59  2364  535  330  4  -2  
10  33  59  2372  535  330  4  -2  
10  33  59  2380  535  330  4  -2  
10  33  59  2388  535  330  4  -2  
10  33  59  2397  534  330  4  -2  
10  33  59  2406  530  330  4  -2  
10  33  59  2414  525  329  4  -2  
10  33  59  2422  515  329  4  -2  
10  33  59  2432  507  328  4  -2  
10  33  59  2438  483  324  4  -2  
10  33  59  2447  483  324  4  -2  
10  33  59  2456  468  322  4  -2  
10  33  59  2465  442  318  4  -2  
10  33  59  2473  432  316  4  -2  
10  33  59  2480  424  316  4  -2  
10  33  59  2489  417  315  4  -2  
10  33  59  2498  412  313  4  -2  
10  33  59  2506  411  313  4  -2  
10  33  59  2515  408  313  4  -2  
10  33  59  2522  408  313  4  -2  
10  33  59  2531  407  313  4  -2  
10  33  59  2539  407  313  4  -2  
10  33  59  2547  406  312  4  -2  
10  33  59  2557  404  312  4  -2  
10  33  59  2567  400  312  4  -2  
