16  32  55  0  357  321  1  -2  
16  32  55  9  357  321  1  -2  
16  32  55  17  357  321  1  -2  
16  32  55  26  357  321  1  -2  
16  32  55  34  357  321  1  -2  
16  32  55  43  357  321  1  -2  
16  32  55  51  357  321  1  -2  
16  32  55  59  357  321  1  -2  
16  32  55  67  357  321  1  -2  
16  32  55  75  357  321  1  -2  
16  32  55  83  357  321  1  -2  
16  32  55  92  357  321  1  -2  
16  32  55  101  357  321  1  -2  
16  32  56  110  357  321  1  -2  
16  32  56  117  357  321  1  -2  
16  32  56  125  357  321  1  -2  
16  32  56  134  357  321  1  -2  
16  32  56  143  357  321  1  -2  
16  32  56  151  361  321  1  -2  
16  32  56  159  365  321  1  -2  
16  32  56  167  370  321  1  -2  
16  32  56  176  375  321  1  -2  
16  32  56  184  385  320  1  -2  
16  32  56  193  385  320  1  -2  
16  32  56  202  400  320  1  -2  
16  32  56  209  409  320  1  -2  
16  32  56  218  416  320  1  -2  
16  32  56  227  424  320  1  -2  
16  32  56  235  429  320  1  -2  
16  32  56  243  433  320  1  -2  
16  32  56  252  437  320  1  -2  
16  32  56  260  439  320  1  -2  
16  32  56  268  443  320  1  -2  
16  32  56  276  446  320  1  -2  
16  32  56  284  448  320  1  -2  
16  32  56  293  450  320  1  -2  
16  32  56  301  455  320  1  -2  
16  32  56  310  460  320  1  -2  
16  32  56  318  464  320  1  -2  
16  32  56  326  468  320  1  -2  
16  32  56  335  469  320  1  -2  
16  32  56  344  469  320  1  -2  
16  32  56  352  471  320  1  -2  
16  32  56  360  471  320  1  -2  
16  32  56  368  471  320  1  -2  
16  32  56  375  471  320  1  -2  
16  32  56  385  471  320  1  -2  
16  32  56  394  472  320  1  -2  
16  32  56  402  472  320  1  -2  
16  32  56  409  475  320  1  -2  
16  32  56  419  477  320  1  -2  
16  32  56  427  480  320  1  -2  
16  32  56  435  482  320  1  -2  
16  32  56  444  483  320  1  -2  
16  32  56  452  484  320  1  -2  
16  32  56  460  485  320  1  -2  
16  32  56  467  485  320  1  -2  
16  32  56  476  487  320  1  -2  
16  32  56  484  488  319  1  -2  
16  32  56  493  491  319  1  -2  
16  32  56  502  496  318  2  -2  
16  32  56  510  500  318  2  -2  
16  32  56  518  504  318  2  -2  
16  32  56  526  506  318  2  -2  
16  32  56  534  508  318  2  -2  
16  32  56  545  508  318  2  -2  
16  32  56  553  508  318  2  -2  
16  32  56  560  508  318  2  -2  
16  32  56  568  508  318  2  -2  
16  32  56  576  508  318  2  -2  
16  32  56  585  508  318  2  -2  
16  32  56  592  508  318  2  -2  
16  32  56  601  508  318  2  -2  
16  32  56  611  508  318  2  -2  
16  32  56  620  508  318  2  -2  
16  32  56  626  508  318  2  -2  
16  32  56  635  508  318  2  -2  
16  32  56  644  508  318  2  -2  
16  32  56  652  508  318  2  -2  
16  32  56  660  508  318  2  -2  
16  32  56  668  508  318  2  -2  
16  32  56  675  508  318  2  -2  
16  32  56  685  508  318  2  -2  
16  32  56  694  508  318  2  -2  
16  32  56  704  508  318  2  -2  
16  32  56  711  508  318  2  -2  
16  32  56  720  508  318  2  -2  
16  32  56  727  508  318  2  -2  
16  32  56  735  508  318  2  -2  
16  32  56  744  508  318  2  -2  
16  32  56  754  508  318  2  -2  
16  32  56  760  508  318  2  -2  
16  32  56  768  508  318  2  -2  
16  32  56  778  508  318  2  -2  
16  32  56  787  508  318  2  -2  
16  32  56  794  508  318  2  -2  
16  32  56  803  508  318  2  -2  
16  32  56  810  508  318  2  -2  
16  32  56  820  508  318  2  -2  
16  32  56  828  508  318  2  -2  
16  32  56  835  508  318  2  -2  
16  32  56  845  508  318  2  -2  
16  32  56  853  508  318  2  -2  
16  32  56  861  508  318  2  -2  
16  32  56  870  508  318  2  -2  
16  32  56  878  508  318  2  -2  
16  32  56  885  508  318  2  -2  
16  32  56  896  507  318  2  -2  
16  32  56  903  504  318  2  -2  
16  32  56  910  502  318  2  -2  
16  32  56  920  499  318  2  -2  
16  32  56  927  494  318  2  -2  
16  32  56  938  489  318  2  -2  
16  32  56  946  475  318  2  -2  
16  32  56  956  466  318  2  -2  
16  32  56  964  460  318  2  -2  
16  32  56  975  451  321  2  -2  
16  32  56  981  446  321  2  -2  
16  32  56  991  440  322  2  -2  
16  32  56  998  435  322  2  -2  
16  32  56  1007  430  322  2  -2  
16  32  56  1015  422  322  2  -2  
16  32  56  1024  418  322  2  -2  
16  32  56  1032  414  322  2  -2  
16  32  56  1040  409  322  2  -2  
16  32  56  1047  404  322  2  -2  
16  32  56  1057  400  322  2  -2  
16  32  56  1065  394  322  3  -2  
16  32  56  1074  391  322  3  -2  
16  32  56  1080  390  322  3  -2  
16  32  56  1090  390  322  3  -2  
16  32  56  1098  387  322  3  -2  
16  32  57  1108  387  322  3  -2  
16  32  57  1116  385  322  3  -2  
16  32  57  1126  385  322  3  -2  
16  32  57  1134  384  322  3  -2  
16  32  57  1142  384  322  3  -2  
16  32  57  1152  384  322  3  -2  
16  32  57  1160  383  322  3  -2  
16  32  57  1168  381  322  3  -2  
16  32  57  1176  381  322  3  -2  
16  32  57  1186  380  322  3  -2  
16  32  57  1194  375  322  3  -2  
16  32  57  1201  372  322  3  -2  
16  32  57  1210  371  322  3  -2  
16  32  57  1219  368  322  3  -2  
16  32  57  1227  367  322  3  -2  
16  32  57  1236  365  322  3  -2  
16  32  57  1244  362  322  3  -2  
16  32  57  1251  361  322  3  -2  
16  32  57  1260  359  322  3  -2  
16  32  57  1268  356  322  3  -2  
16  32  57  1277  356  322  3  -2  
16  32  57  1285  355  322  3  -2  
16  32  57  1294  355  322  3  -2  
16  32  57  1301  355  322  3  -2  
16  32  57  1311  355  322  3  -2  
16  32  57  1321  355  322  3  -2  
16  32  57  1326  355  322  3  -2  
16  32  57  1335  355  322  3  -2  
16  32  57  1344  355  322  3  -2  
16  32  57  1351  355  322  3  -2  
16  32  57  1360  355  322  3  -2  
16  32  57  1368  355  322  3  -2  
16  32  57  1376  355  322  3  -2  
16  32  57  1386  355  322  3  -2  
16  32  57  1394  355  322  3  -2  
16  32  57  1404  355  322  3  -2  
16  32  57  1412  355  322  3  -2  
16  32  57  1421  358  322  3  -2  
16  32  57  1427  364  322  3  -2  
16  32  57  1436  371  322  3  -2  
16  32  57  1444  381  322  3  -2  
16  32  57  1452  391  322  3  -2  
16  32  57  1460  403  322  3  -2  
16  32  57  1468  415  322  3  -2  
16  32  57  1476  426  322  3  -2  
16  32  57  1488  435  322  3  -2  
16  32  57  1495  446  322  3  -2  
16  32  57  1505  456  322  3  -2  
16  32  57  1511  466  322  3  -2  
16  32  57  1520  476  322  3  -2  
16  32  57  1527  483  322  3  -2  
16  32  57  1537  488  322  3  -2  
16  32  57  1544  491  322  3  -2  
16  32  57  1553  493  322  3  -2  
16  32  57  1561  496  323  4  -2  
16  32  57  1570  498  323  4  -2  
16  32  57  1578  502  323  4  -2  
16  32  57  1585  506  323  4  -2  
16  32  57  1594  510  323  4  -2  
16  32  57  1603  511  323  4  -2  
16  32  57  1612  514  323  4  -2  
16  32  57  1621  515  323  4  -2  
16  32  57  1627  515  323  4  -2  
16  32  57  1637  516  323  4  -2  
16  32  57  1643  518  323  4  -2  
16  32  57  1653  520  323  4  -2  
16  32  57  1661  523  323  4  -2  
16  32  57  1670  524  323  4  -2  
16  32  57  1677  528  323  4  -2  
16  32  57  1687  529  323  4  -2  
16  32  57  1695  530  323  4  -2  
16  32  57  1705  530  323  4  -2  
16  32  57  1710  530  323  4  -2  
16  32  57  1719  530  323  4  -2  
16  32  57  1727  530  323  4  -2  
16  32  57  1738  530  323  4  -2  
16  32  57  1744  530  323  4  -2  
16  32  57  1754  530  323  4  -2  
16  32  57  1761  530  323  4  -2  
16  32  57  1771  530  323  4  -2  
16  32  57  1779  530  323  4  -2  
16  32  57  1787  530  323  4  -2  
16  32  57  1795  530  323  4  -2  
16  32  57  1804  530  323  4  -2  
16  32  57  1812  530  323  4  -2  
16  32  57  1820  530  323  4  -2  
16  32  57  1828  530  323  4  -2  
16  32  57  1838  530  323  4  -2  
16  32  57  1845  530  323  4  -2  
16  32  57  1855  530  323  4  -2  
16  32  57  1862  530  323  4  -2  
16  32  57  1871  530  323  4  -2  
16  32  57  1879  526  323  4  -2  
16  32  57  1888  521  323  4  -2  
16  32  57  1895  503  323  4  -2  
16  32  57  1905  503  323  4  -2  
16  32  57  1913  486  323  4  -2  
16  32  57  1923  481  323  4  -2  
16  32  57  1928  476  323  4  -2  
16  32  57  1939  470  323  4  -2  
16  32  57  1945  467  323  4  -2  
16  32  57  1956  464  323  4  -2  
16  32  57  1962  461  323  4  -2  
16  32  57  1973  456  323  4  -2  
16  32  57  1980  450  323  4  -2  
16  32  57  1989  443  323  4  -2  
16  32  57  1996  433  323  4  -2  
16  32  57  2007  424  323  4  -2  
16  32  57  2015  414  323  4  -2  
16  32  57  2023  406  323  4  -2  
16  32  57  2031  397  323  5  -2  
16  32  57  2039  391  323  5  -2  
16  32  57  2048  387  323  5  -2  
16  32  57  2056  384  323  5  -2  
16  32  57  2065  380  321  5  -2  
16  32  57  2072  378  321  5  -2  
16  32  57  2081  377  321  5  -2  
16  32  57  2089  377  321  5  -2  
16  32  57  2098  377  321  5  -2  
16  32  58  2106  374  320  5  -2  
16  32  58  2114  373  320  5  -2  
16  32  58  2123  373  320  5  -2  
16  32  58  2131  372  320  5  -2  
16  32  58  2139  372  320  5  -2  
16  32  58  2147  372  320  5  -2  
16  32  58  2156  372  320  5  -2  
16  32  58  2164  372  320  5  -2  
16  32  58  2173  372  320  5  -2  
16  32  58  2180  370  320  5  -2  
16  32  58  2189  370  320  5  -2  
16  32  58  2198  370  320  5  -2  
16  32  58  2206  370  320  5  -2  
16  32  58  2214  370  320  5  -2  
16  32  58  2222  370  320  5  -2  
16  32  58  2231  370  320  5  -2  
16  32  58  2240  370  320  5  -2  
16  32  58  2248  370  320  5  -2  
16  32  58  2256  370  320  5  -2  
16  32  58  2265  370  320  5  -2  
16  32  58  2272  370  320  5  -2  
16  32  58  2281  370  320  5  -2  
16  32  58  2290  370  320  5  -2  
16  32  58  2299  370  320  5  -2  
16  32  58  2307  370  320  5  -2  
16  32  58  2315  370  320  5  -2  
16  32  58  2324  370  320  5  -2  
16  32  58  2331  370  320  5  -2  
16  32  58  2340  370  320  5  -2  
16  32  58  2348  370  320  5  -2  
16  32  58  2356  370  320  5  -2  
16  32  58  2364  370  320  5  -2  
16  32  58  2373  370  320  5  -2  
16  32  58  2381  370  320  5  -2  
16  32  58  2390  370  320  5  -2  
16  32  58  2398  370  320  5  -2  
16  32  58  2407  370  320  5  -2  
16  32  58  2415  370  320  5  -2  
16  32  58  2423  370  320  5  -2  
16  32  58  2431  370  320  5  -2  
16  32  58  2439  370  320  5  -2  
16  32  58  2448  370  320  5  -2  
16  32  58  2457  370  320  5  -2  
