10  33  16  0  368  304  1  -2  
10  33  16  7  368  304  1  -2  
10  33  16  14  368  304  1  -2  
10  33  16  24  368  304  1  -2  
10  33  16  32  368  304  1  -2  
10  33  16  40  368  304  1  -2  
10  33  16  48  368  304  1  -2  
10  33  16  56  368  304  1  -2  
10  33  16  66  373  304  1  -2  
10  33  16  74  379  304  1  -2  
10  33  16  84  387  304  1  -2  
10  33  16  91  394  304  1  -2  
10  33  16  100  401  304  1  -2  
10  33  16  108  407  304  1  -2  
10  33  16  116  413  304  1  -2  
10  33  16  124  416  304  1  -2  
10  33  16  133  419  304  1  -2  
10  33  16  140  420  304  1  -2  
10  33  16  149  420  304  1  -2  
10  33  16  158  421  304  1  -2  
10  33  16  167  423  304  1  -2  
10  33  16  174  423  304  1  -2  
10  33  16  183  423  304  1  -2  
10  33  16  192  425  304  1  -2  
10  33  16  200  427  304  1  -2  
10  33  16  207  429  304  1  -2  
10  33  16  216  433  304  1  -2  
10  33  16  224  435  304  1  -2  
10  33  16  233  438  305  1  -2  
10  33  16  241  441  305  1  -2  
10  33  16  249  442  305  1  -2  
10  33  16  258  444  305  1  -2  
10  33  16  266  445  305  1  -2  
10  33  16  275  445  305  1  -2  
10  33  16  284  445  305  1  -2  
10  33  16  291  446  305  1  -2  
10  33  16  300  446  305  1  -2  
10  33  16  308  448  305  1  -2  
10  33  16  317  448  305  1  -2  
10  33  16  325  448  305  1  -2  
10  33  16  333  448  305  1  -2  
10  33  16  343  448  305  1  -2  
10  33  16  350  449  305  1  -2  
10  33  16  359  451  305  1  -2  
10  33  16  367  452  305  1  -2  
10  33  16  374  453  305  1  -2  
10  33  16  383  454  305  1  -2  
10  33  16  392  454  305  1  -2  
10  33  16  400  455  305  1  -2  
10  33  16  408  455  305  1  -2  
10  33  16  417  455  305  1  -2  
10  33  16  424  455  305  1  -2  
10  33  16  434  455  305  1  -2  
10  33  16  443  456  305  1  -2  
10  33  16  450  456  305  1  -2  
10  33  16  458  456  305  1  -2  
10  33  16  467  456  305  1  -2  
10  33  16  474  457  305  1  -2  
10  33  16  484  457  305  1  -2  
10  33  16  491  457  305  1  -2  
10  33  16  500  459  305  1  -2  
10  33  16  508  459  305  1  -2  
10  33  16  516  459  305  1  -2  
10  33  16  524  459  305  1  -2  
10  33  16  534  459  305  1  -2  
10  33  16  544  459  305  1  -2  
10  33  16  550  460  305  1  -2  
10  33  16  558  460  305  1  -2  
10  33  16  567  461  305  1  -2  
10  33  16  575  462  305  1  -2  
10  33  16  583  463  305  1  -2  
10  33  16  591  463  305  1  -2  
10  33  16  599  464  305  1  -2  
10  33  16  608  465  305  1  -2  
10  33  16  616  465  305  1  -2  
10  33  16  624  466  305  1  -2  
10  33  16  633  467  305  1  -2  
10  33  16  641  467  305  1  -2  
10  33  16  649  467  305  1  -2  
10  33  16  658  468  305  1  -2  
10  33  16  666  468  305  1  -2  
10  33  16  674  470  306  1  -2  
10  33  16  683  470  306  1  -2  
10  33  16  691  470  306  1  -2  
10  33  16  699  470  306  1  -2  
10  33  16  707  470  306  1  -2  
10  33  16  716  470  306  1  -2  
10  33  16  724  471  306  1  -2  
10  33  16  733  471  306  1  -2  
10  33  16  742  471  306  1  -2  
10  33  16  750  471  306  1  -2  
10  33  16  758  471  306  1  -2  
10  33  16  766  472  306  1  -2  
10  33  16  774  472  306  1  -2  
10  33  16  783  472  306  1  -2  
10  33  16  792  472  306  1  -2  
10  33  16  798  473  306  1  -2  
10  33  16  808  473  306  1  -2  
10  33  16  816  475  307  1  -2  
10  33  16  824  475  307  1  -2  
10  33  16  833  478  307  1  -2  
10  33  16  841  480  308  1  -2  
10  33  16  849  483  308  1  -2  
10  33  16  858  485  309  1  -2  
10  33  16  866  489  309  1  -2  
10  33  16  875  491  309  1  -2  
10  33  16  883  494  311  1  -2  
10  33  16  891  496  311  2  -2  
10  33  16  899  497  311  2  -2  
10  33  16  908  497  311  2  -2  
10  33  16  916  498  311  2  -2  
10  33  16  924  498  311  2  -2  
10  33  16  933  500  311  2  -2  
10  33  16  942  500  311  2  -2  
10  33  16  949  500  311  2  -2  
10  33  16  958  501  311  2  -2  
10  33  16  966  503  311  2  -2  
10  33  16  974  505  311  2  -2  
10  33  16  983  510  311  2  -2  
10  33  16  991  514  312  2  -2  
10  33  17  999  518  312  2  -2  
10  33  17  1007  519  312  2  -2  
10  33  17  1016  522  312  2  -2  
10  33  17  1024  523  312  2  -2  
10  33  17  1033  523  312  2  -2  
10  33  17  1041  523  312  2  -2  
10  33  17  1050  523  312  2  -2  
10  33  17  1057  523  312  2  -2  
10  33  17  1067  523  312  2  -2  
10  33  17  1075  523  312  2  -2  
10  33  17  1083  523  312  2  -2  
10  33  17  1091  523  312  2  -2  
10  33  17  1100  523  312  2  -2  
10  33  17  1107  523  312  2  -2  
10  33  17  1116  523  312  2  -2  
10  33  17  1124  523  312  2  -2  
10  33  17  1133  523  312  2  -2  
10  33  17  1142  523  312  2  -2  
10  33  17  1149  523  312  2  -2  
10  33  17  1157  523  313  2  -2  
10  33  17  1167  518  315  2  -2  
10  33  17  1176  512  315  2  -2  
10  33  17  1184  498  315  2  -2  
10  33  17  1192  480  315  2  -2  
10  33  17  1199  464  315  2  -2  
10  33  17  1208  445  315  2  -2  
10  33  17  1216  429  315  2  -2  
10  33  17  1224  414  315  2  -2  
10  33  17  1233  402  315  2  -2  
10  33  17  1242  397  315  3  -2  
10  33  17  1249  393  315  3  -2  
10  33  17  1258  393  315  3  -2  
10  33  17  1266  393  315  3  -2  
10  33  17  1274  393  315  3  -2  
10  33  17  1283  393  315  3  -2  
10  33  17  1292  393  315  3  -2  
10  33  17  1299  393  315  3  -2  
10  33  17  1310  393  315  3  -2  
10  33  17  1316  393  315  3  -2  
10  33  17  1326  393  315  3  -2  
10  33  17  1333  393  315  3  -2  
10  33  17  1342  393  315  3  -2  
10  33  17  1350  393  315  3  -2  
10  33  17  1358  393  315  3  -2  
10  33  17  1366  393  315  3  -2  
10  33  17  1376  393  315  3  -2  
10  33  17  1383  393  315  3  -2  
10  33  17  1394  393  315  3  -2  
10  33  17  1400  393  315  3  -2  
10  33  17  1409  393  315  3  -2  
10  33  17  1417  393  315  3  -2  
10  33  17  1424  393  315  3  -2  
10  33  17  1433  393  315  3  -2  
10  33  17  1442  393  315  3  -2  
10  33  17  1449  393  315  3  -2  
10  33  17  1461  393  315  3  -2  
10  33  17  1467  393  315  3  -2  
10  33  17  1476  393  315  3  -2  
10  33  17  1484  393  315  3  -2  
10  33  17  1494  393  315  3  -2  
10  33  17  1501  393  315  3  -2  
10  33  17  1509  393  315  3  -2  
10  33  17  1516  393  315  3  -2  
10  33  17  1526  393  315  3  -2  
10  33  17  1533  393  315  3  -2  
10  33  17  1542  393  315  3  -2  
10  33  17  1550  393  315  3  -2  
10  33  17  1559  393  315  3  -2  
10  33  17  1566  393  315  3  -2  
10  33  17  1576  393  315  3  -2  
10  33  17  1583  393  315  3  -2  
10  33  17  1592  393  315  3  -2  
10  33  17  1600  393  315  3  -2  
10  33  17  1609  393  315  3  -2  
10  33  17  1616  393  315  3  -2  
10  33  17  1626  393  315  3  -2  
10  33  17  1634  393  315  3  -2  
10  33  17  1644  393  315  3  -2  
10  33  17  1650  393  315  3  -2  
10  33  17  1659  393  315  3  -2  
10  33  17  1666  393  315  3  -2  
10  33  17  1676  393  315  3  -2  
10  33  17  1684  393  315  3  -2  
10  33  17  1693  393  315  3  -2  
10  33  17  1701  393  315  3  -2  
10  33  17  1711  393  315  3  -2  
10  33  17  1717  393  315  3  -2  
10  33  17  1726  393  315  3  -2  
10  33  17  1734  393  315  3  -2  
10  33  17  1742  393  315  3  -2  
10  33  17  1752  393  315  3  -2  
10  33  17  1760  393  315  3  -2  
10  33  17  1767  393  315  3  -2  
10  33  17  1778  393  315  3  -2  
10  33  17  1784  393  315  3  -2  
10  33  17  1792  393  315  3  -2  
10  33  17  1800  393  315  3  -2  
10  33  17  1811  393  315  3  -2  
10  33  17  1817  393  315  3  -2  
10  33  17  1827  393  315  3  -2  
10  33  17  1833  393  315  3  -2  
10  33  17  1844  393  315  3  -2  
10  33  17  1849  393  315  3  -2  
10  33  17  1858  392  316  3  -2  
10  33  17  1867  392  318  3  -2  
10  33  17  1875  394  319  3  -2  
10  33  17  1883  395  320  3  -2  
10  33  17  1894  401  321  3  -2  
10  33  17  1900  405  321  3  -2  
10  33  17  1911  405  321  3  -2  
10  33  17  1918  411  321  3  -2  
10  33  17  1927  416  321  3  -2  
10  33  17  1935  421  321  3  -2  
10  33  17  1944  428  321  3  -2  
10  33  17  1951  437  321  3  -2  
10  33  17  1961  448  321  3  -2  
10  33  17  1968  460  321  3  -2  
10  33  17  1978  472  321  3  -2  
10  33  17  1984  482  321  3  -2  
10  33  17  1993  493  321  3  -2  
10  33  18  2000  500  321  4  -2  
10  33  18  2010  505  321  4  -2  
10  33  18  2017  510  321  4  -2  
10  33  18  2026  513  321  4  -2  
10  33  18  2034  515  321  4  -2  
10  33  18  2044  516  321  4  -2  
10  33  18  2052  516  321  4  -2  
10  33  18  2059  516  321  4  -2  
10  33  18  2067  516  321  4  -2  
10  33  18  2078  516  321  4  -2  
10  33  18  2084  516  321  4  -2  
10  33  18  2094  516  321  4  -2  
10  33  18  2100  516  321  4  -2  
10  33  18  2111  516  321  4  -2  
10  33  18  2117  517  321  4  -2  
10  33  18  2126  517  321  4  -2  
10  33  18  2134  517  321  4  -2  
10  33  18  2144  517  321  4  -2  
10  33  18  2150  517  321  4  -2  
10  33  18  2161  517  321  4  -2  
10  33  18  2167  517  321  4  -2  
10  33  18  2177  517  321  4  -2  
10  33  18  2184  517  321  4  -2  
10  33  18  2194  517  321  4  -2  
10  33  18  2200  517  321  4  -2  
10  33  18  2211  517  321  4  -2  
10  33  18  2217  517  321  4  -2  
10  33  18  2228  517  321  4  -2  
10  33  18  2234  517  321  4  -2  
10  33  18  2244  517  321  4  -2  
10  33  18  2250  517  321  4  -2  
10  33  18  2260  517  321  4  -2  
10  33  18  2268  517  321  4  -2  
10  33  18  2277  517  321  4  -2  
10  33  18  2284  517  321  4  -2  
10  33  18  2294  517  321  4  -2  
10  33  18  2301  517  321  4  -2  
10  33  18  2310  517  321  4  -2  
10  33  18  2317  517  321  4  -2  
10  33  18  2326  515  320  4  -2  
10  33  18  2334  511  320  4  -2  
10  33  18  2343  505  320  4  -2  
10  33  18  2349  494  319  4  -2  
10  33  18  2360  481  319  4  -2  
10  33  18  2367  465  319  4  -2  
10  33  18  2377  450  318  4  -2  
10  33  18  2383  428  313  4  -2  
10  33  18  2395  413  313  4  -2  
10  33  18  2401  400  313  4  -2  
