14  49  43  0  366  320  1  -2  
14  49  43  8  366  320  1  -2  
14  49  43  17  366  320  1  -2  
14  49  43  24  366  320  1  -2  
14  49  43  33  366  320  1  -2  
14  49  43  41  366  320  1  -2  
14  49  43  50  366  320  1  -2  
14  49  43  58  366  320  1  -2  
14  49  43  66  366  320  1  -2  
14  49  43  74  366  320  1  -2  
14  49  43  83  366  320  1  -2  
14  49  43  91  366  320  1  -2  
14  49  43  100  367  319  1  -2  
14  49  43  108  367  319  1  -2  
14  49  43  117  367  319  1  -2  
14  49  43  126  368  319  1  -2  
14  49  43  133  370  319  1  -2  
14  49  43  141  374  319  1  -2  
14  49  43  150  379  319  1  -2  
14  49  43  158  391  319  1  -2  
14  49  43  168  391  319  1  -2  
14  49  43  176  403  319  1  -2  
14  49  43  183  410  319  1  -2  
14  49  43  191  415  319  1  -2  
14  49  43  200  420  319  1  -2  
14  49  43  208  425  319  1  -2  
14  49  43  217  428  319  1  -2  
14  49  43  224  429  319  1  -2  
14  49  43  233  431  319  1  -2  
14  49  43  241  432  319  1  -2  
14  49  43  250  432  319  1  -2  
14  49  43  258  432  319  1  -2  
14  49  43  267  433  319  1  -2  
14  49  43  275  435  318  1  -2  
14  49  43  283  436  318  1  -2  
14  49  43  291  439  318  1  -2  
14  49  43  300  440  318  1  -2  
14  49  43  308  442  318  1  -2  
14  49  43  317  445  318  1  -2  
14  49  43  324  445  318  1  -2  
14  49  43  333  449  318  1  -2  
14  49  43  341  452  318  1  -2  
14  49  43  350  457  318  1  -2  
14  49  43  358  469  318  1  -2  
14  49  43  367  476  318  1  -2  
14  49  44  376  481  318  1  -2  
14  49  44  383  485  318  1  -2  
14  49  44  391  489  318  1  -2  
14  49  44  400  490  318  1  -2  
14  49  44  408  494  318  1  -2  
14  49  44  418  498  318  2  -2  
14  49  44  427  499  318  2  -2  
14  49  44  433  502  318  2  -2  
14  49  44  443  503  318  2  -2  
14  49  44  450  504  318  2  -2  
14  49  44  458  505  318  2  -2  
14  49  44  466  506  318  2  -2  
14  49  44  476  507  318  2  -2  
14  49  44  482  511  318  2  -2  
14  49  44  491  516  318  2  -2  
14  49  44  500  521  318  2  -2  
14  49  44  508  526  318  2  -2  
14  49  44  517  529  318  2  -2  
14  49  44  526  531  318  2  -2  
14  49  44  533  531  318  2  -2  
14  49  44  542  533  318  2  -2  
14  49  44  550  534  318  2  -2  
14  49  44  558  534  318  2  -2  
14  49  44  567  534  318  2  -2  
14  49  44  575  534  318  2  -2  
14  49  44  584  534  318  2  -2  
14  49  44  592  534  318  2  -2  
14  49  44  600  534  318  2  -2  
14  49  44  608  534  318  2  -2  
14  49  44  617  534  318  2  -2  
14  49  44  626  534  318  2  -2  
14  49  44  633  534  318  2  -2  
14  49  44  641  534  318  2  -2  
14  49  44  650  534  318  2  -2  
14  49  44  658  534  318  2  -2  
14  49  44  666  534  318  2  -2  
14  49  44  675  534  318  2  -2  
14  49  44  684  534  318  2  -2  
14  49  44  691  534  318  2  -2  
14  49  44  700  534  318  2  -2  
14  49  44  709  534  318  2  -2  
14  49  44  717  534  318  2  -2  
14  49  44  725  534  318  2  -2  
14  49  44  733  534  318  2  -2  
14  49  44  742  534  318  2  -2  
14  49  44  749  534  318  2  -2  
14  49  44  759  534  318  2  -2  
14  49  44  767  531  318  2  -2  
14  49  44  776  530  318  2  -2  
14  49  44  783  527  318  2  -2  
14  49  44  792  525  320  2  -2  
14  49  44  801  523  320  2  -2  
14  49  44  809  519  321  2  -2  
14  49  44  817  517  321  2  -2  
14  49  44  825  516  321  2  -2  
14  49  44  833  514  321  2  -2  
14  49  44  842  512  321  2  -2  
14  49  44  850  510  322  2  -2  
14  49  44  858  508  323  2  -2  
14  49  44  867  506  323  2  -2  
14  49  44  876  504  323  2  -2  
14  49  44  883  502  324  2  -2  
14  49  44  892  501  324  2  -2  
14  49  44  900  500  324  2  -2  
14  49  44  908  497  324  2  -2  
14  49  44  916  495  325  2  -2  
14  49  44  926  495  325  2  -2  
14  49  44  933  493  325  2  -2  
14  49  44  942  491  325  2  -2  
14  49  44  950  489  325  2  -2  
14  49  44  958  489  325  2  -2  
14  49  44  966  488  325  2  -2  
14  49  44  975  487  326  2  -2  
14  49  44  984  487  326  2  -2  
14  49  44  992  484  327  2  -2  
14  49  44  1000  484  327  2  -2  
14  49  44  1009  483  327  2  -2  
14  49  44  1018  480  327  2  -2  
14  49  44  1026  479  327  2  -2  
14  49  44  1033  476  327  2  -2  
14  49  44  1041  474  329  2  -2  
14  49  44  1050  473  329  2  -2  
14  49  44  1059  471  329  2  -2  
14  49  44  1067  468  330  2  -2  
14  49  44  1075  468  330  2  -2  
14  49  44  1084  466  330  2  -2  
14  49  44  1092  465  330  2  -2  
14  49  44  1100  463  330  2  -2  
14  49  44  1108  462  330  2  -2  
14  49  44  1118  461  330  2  -2  
14  49  44  1125  460  330  2  -2  
14  49  44  1134  459  330  2  -2  
14  49  44  1142  456  330  2  -2  
14  49  44  1151  454  330  2  -2  
14  49  44  1159  447  332  2  -2  
14  49  44  1167  445  333  2  -2  
14  49  44  1176  440  333  2  -2  
14  49  44  1184  435  333  2  -2  
14  49  44  1193  431  333  2  -2  
14  49  44  1201  428  333  2  -2  
14  49  44  1209  426  333  2  -2  
14  49  44  1218  423  333  2  -2  
14  49  44  1225  419  333  2  -2  
14  49  44  1233  418  333  2  -2  
14  49  44  1242  417  333  2  -2  
14  49  44  1250  415  333  2  -2  
14  49  44  1258  414  333  2  -2  
14  49  44  1267  411  333  2  -2  
14  49  44  1276  409  333  2  -2  
14  49  44  1283  406  333  2  -2  
14  49  44  1291  402  333  2  -2  
14  49  44  1301  400  333  2  -2  
14  49  44  1308  397  333  2  -2  
14  49  44  1317  395  333  3  -2  
14  49  44  1326  392  333  3  -2  
14  49  44  1335  389  334  3  -2  
14  49  44  1342  388  334  3  -2  
14  49  44  1350  386  334  3  -2  
14  49  44  1359  385  334  3  -2  
14  49  44  1368  383  335  3  -2  
14  49  45  1376  381  335  3  -2  
14  49  45  1384  381  335  3  -2  
14  49  45  1392  380  335  3  -2  
14  49  45  1401  378  336  3  -2  
14  49  45  1408  378  336  3  -2  
14  49  45  1416  377  336  3  -2  
14  49  45  1426  376  336  3  -2  
14  49  45  1434  375  336  3  -2  
14  49  45  1442  375  336  3  -2  
14  49  45  1451  374  336  3  -2  
14  49  45  1458  374  336  3  -2  
14  49  45  1468  374  336  3  -2  
14  49  45  1478  374  336  3  -2  
14  49  45  1485  374  336  3  -2  
14  49  45  1493  374  336  3  -2  
14  49  45  1501  374  336  3  -2  
14  49  45  1512  374  336  3  -2  
14  49  45  1519  374  336  3  -2  
14  49  45  1527  374  336  3  -2  
14  49  45  1536  374  336  3  -2  
14  49  45  1543  374  336  3  -2  
14  49  45  1551  374  336  3  -2  
14  49  45  1562  374  336  3  -2  
14  49  45  1569  374  336  3  -2  
14  49  45  1577  374  336  3  -2  
14  49  45  1586  374  336  3  -2  
14  49  45  1596  374  336  3  -2  
14  49  45  1602  374  336  3  -2  
14  49  45  1612  374  336  3  -2  
14  49  45  1619  374  336  3  -2  
14  49  45  1627  374  336  3  -2  
14  49  45  1637  374  336  3  -2  
14  49  45  1645  374  336  3  -2  
14  49  45  1653  374  336  3  -2  
14  49  45  1663  374  336  3  -2  
14  49  45  1668  374  336  3  -2  
14  49  45  1679  374  336  3  -2  
14  49  45  1687  374  336  3  -2  
14  49  45  1695  374  336  3  -2  
14  49  45  1702  374  336  3  -2  
14  49  45  1712  374  336  3  -2  
14  49  45  1719  374  336  3  -2  
14  49  45  1728  374  336  3  -2  
14  49  45  1736  374  336  3  -2  
14  49  45  1745  374  336  3  -2  
14  49  45  1753  374  336  3  -2  
14  49  45  1760  374  336  3  -2  
14  49  45  1769  374  336  3  -2  
14  49  45  1779  374  336  3  -2  
14  49  45  1787  374  336  3  -2  
14  49  45  1795  373  336  3  -2  
14  49  45  1802  373  336  3  -2  
14  49  45  1811  373  336  3  -2  
14  49  45  1819  373  336  3  -2  
14  49  45  1827  373  336  3  -2  
14  49  45  1835  373  336  3  -2  
14  49  45  1845  373  337  3  -2  
14  49  45  1853  373  337  3  -2  
14  49  45  1862  374  337  3  -2  
14  49  45  1869  376  337  3  -2  
14  49  45  1879  376  337  3  -2  
14  49  45  1887  380  337  3  -2  
14  49  45  1896  382  336  3  -2  
14  49  45  1902  385  336  3  -2  
14  49  45  1913  386  336  3  -2  
14  49  45  1919  389  335  3  -2  
14  49  45  1930  393  335  3  -2  
14  49  45  1936  395  335  3  -2  
14  49  45  1945  399  335  3  -2  
14  49  45  1952  403  335  3  -2  
14  49  45  1962  407  335  3  -2  
14  49  45  1970  409  335  3  -2  
14  49  45  1980  413  335  3  -2  
14  49  45  1987  416  335  3  -2  
14  49  45  1995  418  335  3  -2  
14  49  45  2003  424  333  3  -2  
14  49  45  2012  426  333  3  -2  
14  49  45  2019  430  333  3  -2  
14  49  45  2030  432  332  3  -2  
14  49  45  2037  436  332  3  -2  
14  49  45  2045  437  332  3  -2  
14  49  45  2052  441  332  3  -2  
14  49  45  2062  445  332  3  -2  
14  49  45  2069  453  332  3  -2  
14  49  45  2080  453  332  3  -2  
14  49  45  2087  459  332  3  -2  
14  49  45  2097  460  332  3  -2  
14  49  45  2103  462  332  3  -2  
14  49  45  2113  463  332  3  -2  
14  49  45  2119  464  332  3  -2  
14  49  45  2130  467  332  3  -2  
14  49  45  2137  468  332  3  -2  
14  49  45  2146  471  332  3  -2  
14  49  45  2153  475  332  3  -2  
14  49  45  2162  477  332  3  -2  
14  49  45  2169  480  332  3  -2  
14  49  45  2179  485  332  3  -2  
14  49  45  2187  488  332  3  -2  
14  49  45  2196  489  332  3  -2  
14  49  45  2203  491  332  3  -2  
14  49  45  2213  493  331  3  -2  
14  49  45  2219  493  331  3  -2  
14  49  45  2229  493  331  3  -2  
14  49  45  2237  494  331  3  -2  
14  49  45  2247  497  331  3  -2  
14  49  45  2253  499  331  4  -2  
14  49  45  2262  499  331  4  -2  
14  49  45  2269  500  331  4  -2  
14  49  45  2279  501  331  4  -2  
14  49  45  2287  502  331  4  -2  
14  49  45  2295  502  331  4  -2  
14  49  45  2302  502  331  4  -2  
14  49  45  2312  503  331  4  -2  
14  49  45  2319  503  331  4  -2  
14  49  45  2330  504  331  4  -2  
14  49  45  2337  504  331  4  -2  
14  49  45  2346  504  331  4  -2  
14  49  45  2353  505  331  4  -2  
14  49  45  2362  505  331  4  -2  
14  49  45  2369  505  331  4  -2  
14  49  46  2379  505  331  4  -2  
14  49  46  2387  505  331  4  -2  
14  49  46  2396  505  331  4  -2  
14  49  46  2402  505  331  4  -2  
14  49  46  2413  505  331  4  -2  
14  49  46  2420  505  331  4  -2  
14  49  46  2429  505  331  4  -2  
14  49  46  2438  505  331  4  -2  
14  49  46  2447  506  330  4  -2  
14  49  46  2454  507  329  4  -2  
14  49  46  2464  507  329  4  -2  
14  49  46  2471  507  329  4  -2  
14  49  46  2480  507  329  4  -2  
14  49  46  2487  507  329  4  -2  
14  49  46  2502  507  329  4  -2  
14  49  46  2509  507  329  4  -2  
14  49  46  2519  507  329  4  -2  
14  49  46  2526  507  329  4  -2  
14  49  46  2533  507  329  4  -2  
14  49  46  2542  507  329  4  -2  
14  49  46  2550  507  329  4  -2  
14  49  46  2560  507  329  4  -2  
14  49  46  2569  507  329  4  -2  
14  49  46  2576  507  329  4  -2  
14  49  46  2584  507  329  4  -2  
14  49  46  2592  507  329  4  -2  
14  49  46  2601  507  329  4  -2  
14  49  46  2609  506  329  4  -2  
14  49  46  2618  500  329  4  -2  
14  49  46  2626  492  329  4  -2  
14  49  46  2634  482  329  4  -2  
14  49  46  2642  468  329  4  -2  
14  49  46  2650  453  329  4  -2  
14  49  46  2660  439  329  4  -2  
14  49  46  2667  418  329  4  -2  
14  49  46  2677  398  329  4  -2  
