10  33  31  0  361  307  1  -2  
10  33  31  11  361  307  1  -2  
10  33  31  17  361  307  1  -2  
10  33  31  27  361  307  1  -2  
10  33  31  35  361  307  1  -2  
10  33  31  45  360  307  1  -2  
10  33  31  52  360  307  1  -2  
10  33  31  62  367  307  1  -2  
10  33  31  70  378  308  1  -2  
10  33  31  79  390  308  1  -2  
10  33  31  87  405  310  1  -2  
10  33  31  97  420  310  1  -2  
10  33  31  105  450  310  1  -2  
10  33  31  114  458  310  1  -2  
10  33  31  123  465  310  1  -2  
10  33  31  131  469  310  1  -2  
10  33  31  142  473  310  1  -2  
10  33  31  148  473  310  1  -2  
10  33  31  156  474  310  1  -2  
10  33  31  165  474  310  1  -2  
10  33  31  174  475  310  1  -2  
10  33  31  181  475  310  1  -2  
10  33  31  189  475  310  1  -2  
10  33  31  199  475  310  1  -2  
10  33  31  206  476  310  1  -2  
10  33  31  214  476  310  1  -2  
10  33  31  222  476  310  1  -2  
10  33  31  231  477  310  1  -2  
10  33  31  240  478  310  1  -2  
10  33  31  247  479  310  1  -2  
10  33  31  256  479  310  1  -2  
10  33  31  264  480  310  1  -2  
10  33  31  272  481  310  1  -2  
10  33  31  281  483  310  1  -2  
10  33  31  291  484  310  1  -2  
10  33  31  298  485  310  1  -2  
10  33  31  307  485  310  1  -2  
10  33  31  315  487  310  1  -2  
10  33  31  324  487  310  1  -2  
10  33  31  332  487  310  1  -2  
10  33  31  341  489  310  1  -2  
10  33  31  348  491  310  1  -2  
10  33  31  356  493  310  1  -2  
10  33  31  365  497  310  2  -2  
10  33  31  374  501  310  2  -2  
10  33  31  382  502  310  2  -2  
10  33  31  389  506  310  2  -2  
10  33  32  397  507  310  2  -2  
10  33  32  406  508  310  2  -2  
10  33  32  414  509  310  2  -2  
10  33  32  422  509  310  2  -2  
10  33  32  431  510  310  2  -2  
10  33  32  440  510  310  2  -2  
10  33  32  447  510  310  2  -2  
10  33  32  456  510  310  2  -2  
10  33  32  464  510  310  2  -2  
10  33  32  473  510  310  2  -2  
10  33  32  481  510  310  2  -2  
10  33  32  489  510  310  2  -2  
10  33  32  499  510  310  2  -2  
10  33  32  506  510  310  2  -2  
10  33  32  514  510  310  2  -2  
10  33  32  522  510  310  2  -2  
10  33  32  531  510  310  2  -2  
10  33  32  541  510  310  2  -2  
10  33  32  549  510  310  2  -2  
10  33  32  557  510  310  2  -2  
10  33  32  564  510  310  2  -2  
10  33  32  572  510  310  2  -2  
10  33  32  582  510  310  2  -2  
10  33  32  591  510  310  2  -2  
10  33  32  599  510  310  2  -2  
10  33  32  607  510  310  2  -2  
10  33  32  614  510  310  2  -2  
10  33  32  624  510  310  2  -2  
10  33  32  630  510  310  2  -2  
10  33  32  639  510  310  2  -2  
10  33  32  647  510  310  2  -2  
10  33  32  656  510  310  2  -2  
10  33  32  663  510  310  2  -2  
10  33  32  671  510  310  2  -2  
10  33  32  680  510  310  2  -2  
10  33  32  690  510  310  2  -2  
10  33  32  698  510  310  2  -2  
10  33  32  705  510  310  2  -2  
10  33  32  713  510  310  2  -2  
10  33  32  721  510  310  2  -2  
10  33  32  729  510  310  2  -2  
10  33  32  740  510  310  2  -2  
10  33  32  747  510  310  2  -2  
10  33  32  756  510  310  2  -2  
10  33  32  763  510  310  2  -2  
10  33  32  771  510  310  2  -2  
10  33  32  780  510  310  2  -2  
10  33  32  790  510  310  2  -2  
10  33  32  798  510  310  2  -2  
10  33  32  805  510  310  2  -2  
10  33  32  813  510  310  2  -2  
10  33  32  821  510  310  2  -2  
10  33  32  830  510  310  2  -2  
10  33  32  841  510  310  2  -2  
10  33  32  848  509  310  2  -2  
10  33  32  856  507  310  2  -2  
10  33  32  864  506  310  2  -2  
10  33  32  873  504  310  2  -2  
10  33  32  880  503  310  2  -2  
10  33  32  890  500  310  2  -2  
10  33  32  897  496  310  2  -2  
10  33  32  906  492  310  2  -2  
10  33  32  914  488  310  2  -2  
10  33  32  924  485  310  2  -2  
10  33  32  931  480  310  2  -2  
10  33  32  940  475  310  2  -2  
10  33  32  948  468  310  2  -2  
10  33  32  957  461  310  2  -2  
10  33  32  964  454  310  2  -2  
10  33  32  973  449  310  2  -2  
10  33  32  981  441  310  2  -2  
10  33  32  990  434  310  2  -2  
10  33  32  996  426  310  2  -2  
10  33  32  1006  415  310  2  -2  
10  33  32  1013  407  310  2  -2  
10  33  32  1023  399  310  3  -2  
10  33  32  1032  392  310  3  -2  
10  33  32  1041  388  310  3  -2  
10  33  32  1048  380  310  3  -2  
10  33  32  1058  380  310  3  -2  
10  33  32  1064  377  310  3  -2  
10  33  32  1075  377  310  3  -2  
10  33  32  1081  375  310  3  -2  
10  33  32  1091  375  310  3  -2  
10  33  32  1099  373  311  3  -2  
10  33  32  1108  373  311  3  -2  
10  33  32  1114  373  311  3  -2  
10  33  32  1125  373  311  3  -2  
10  33  32  1131  373  311  3  -2  
10  33  32  1140  373  311  3  -2  
10  33  32  1149  373  311  3  -2  
10  33  32  1158  373  311  3  -2  
10  33  32  1164  373  311  3  -2  
10  33  32  1175  373  311  3  -2  
10  33  32  1181  373  311  3  -2  
10  33  32  1191  373  311  3  -2  
10  33  32  1199  373  311  3  -2  
10  33  32  1208  373  311  3  -2  
10  33  32  1214  373  311  3  -2  
10  33  32  1225  373  311  3  -2  
10  33  32  1231  373  311  3  -2  
10  33  32  1242  373  311  3  -2  
10  33  32  1249  373  311  3  -2  
10  33  32  1258  373  311  3  -2  
10  33  32  1264  373  311  3  -2  
10  33  32  1275  373  311  3  -2  
10  33  32  1281  373  311  3  -2  
10  33  32  1292  373  311  3  -2  
10  33  32  1299  373  311  3  -2  
10  33  32  1308  373  311  3  -2  
10  33  32  1314  373  311  3  -2  
10  33  32  1325  373  311  3  -2  
10  33  32  1331  373  311  3  -2  
10  33  32  1341  373  311  3  -2  
10  33  32  1349  373  311  3  -2  
10  33  32  1358  373  311  3  -2  
10  33  32  1364  373  311  3  -2  
10  33  32  1375  373  311  3  -2  
10  33  32  1382  373  311  3  -2  
10  33  33  1391  373  311  3  -2  
10  33  33  1399  373  311  3  -2  
10  33  33  1408  373  311  3  -2  
10  33  33  1414  373  311  3  -2  
10  33  33  1425  373  311  3  -2  
10  33  33  1432  373  311  3  -2  
10  33  33  1441  373  311  3  -2  
10  33  33  1449  373  311  3  -2  
10  33  33  1458  373  311  3  -2  
10  33  33  1464  373  311  3  -2  
10  33  33  1475  373  311  3  -2  
10  33  33  1481  373  311  3  -2  
10  33  33  1492  373  311  3  -2  
10  33  33  1499  373  311  3  -2  
10  33  33  1508  373  311  3  -2  
10  33  33  1514  373  311  3  -2  
10  33  33  1525  373  311  3  -2  
10  33  33  1532  373  311  3  -2  
10  33  33  1541  373  311  3  -2  
10  33  33  1550  373  311  3  -2  
10  33  33  1560  373  311  3  -2  
10  33  33  1566  373  311  3  -2  
10  33  33  1576  373  311  3  -2  
10  33  33  1582  373  311  3  -2  
10  33  33  1592  373  311  3  -2  
10  33  33  1599  373  311  3  -2  
10  33  33  1610  373  311  3  -2  
10  33  33  1616  373  311  3  -2  
10  33  33  1626  373  311  3  -2  
10  33  33  1633  373  311  3  -2  
10  33  33  1642  373  311  3  -2  
10  33  33  1650  373  311  3  -2  
10  33  33  1660  373  311  3  -2  
10  33  33  1667  373  311  3  -2  
10  33  33  1676  373  311  3  -2  
10  33  33  1683  373  311  3  -2  
10  33  33  1692  373  311  3  -2  
10  33  33  1700  373  311  3  -2  
10  33  33  1710  373  311  3  -2  
10  33  33  1716  377  311  3  -2  
10  33  33  1726  384  311  3  -2  
10  33  33  1733  397  311  3  -2  
10  33  33  1742  415  311  3  -2  
10  33  33  1752  438  311  3  -2  
10  33  33  1760  472  311  3  -2  
10  33  33  1768  510  311  4  -2  
10  33  33  1775  550  311  4  -2  
10  33  33  1783  588  311  4  -2  
10  33  33  1792  618  311  4  -2  
10  33  33  1801  639  311  4  -2  
10  33  33  1810  651  311  4  -2  
10  33  33  1818  656  311  4  -2  
10  33  33  1826  656  311  4  -2  
10  33  33  1834  656  311  4  -2  
10  33  33  1842  656  311  4  -2  
10  33  33  1852  654  311  4  -2  
10  33  33  1860  648  311  4  -2  
10  33  33  1868  638  311  4  -2  
10  33  33  1876  626  310  4  -2  
10  33  33  1884  616  310  4  -2  
10  33  33  1893  608  310  4  -2  
10  33  33  1901  601  310  4  -2  
10  33  33  1909  591  310  4  -2  
10  33  33  1918  582  310  4  -2  
10  33  33  1926  571  310  4  -2  
10  33  33  1934  557  309  4  -2  
10  33  33  1944  542  306  4  -2  
10  33  33  1951  525  305  4  -2  
10  33  33  1959  512  305  4  -2  
10  33  33  1968  497  305  4  -2  
10  33  33  1975  485  303  4  -2  
10  33  33  1985  473  299  4  -2  
10  33  33  1993  470  299  4  -2  
10  33  33  2002  466  299  4  -2  
10  33  33  2010  465  299  4  -2  
10  33  33  2019  465  299  4  -2  
10  33  33  2027  465  299  4  -2  
10  33  33  2036  465  299  4  -2  
10  33  33  2043  464  299  4  -2  
10  33  33  2053  464  299  4  -2  
10  33  33  2061  462  299  4  -2  
10  33  33  2070  459  299  4  -2  
10  33  33  2079  457  298  4  -2  
10  33  33  2087  453  298  4  -2  
10  33  33  2096  450  298  4  -2  
10  33  33  2103  448  298  4  -2  
10  33  33  2113  445  298  4  -2  
10  33  33  2121  444  298  4  -2  
10  33  33  2128  442  298  4  -2  
10  33  33  2137  439  298  4  -2  
10  33  33  2146  434  297  4  -2  
10  33  33  2154  425  297  4  -2  
10  33  33  2162  422  297  4  -2  
10  33  33  2170  420  297  4  -2  
10  33  33  2179  418  297  4  -2  
10  33  33  2189  418  297  4  -2  
10  33  33  2195  417  297  4  -2  
10  33  33  2205  417  297  4  -2  
10  33  33  2212  416  297  4  -2  
10  33  33  2221  415  297  4  -2  
10  33  33  2230  414  297  4  -2  
10  33  33  2238  414  297  4  -2  
10  33  33  2246  414  297  4  -2  
10  33  33  2254  414  297  4  -2  
10  33  33  2263  414  297  4  -2  
10  33  33  2271  413  297  4  -2  
10  33  33  2279  413  297  4  -2  
10  33  33  2287  413  297  4  -2  
10  33  33  2296  413  297  4  -2  
10  33  33  2305  411  297  4  -2  
10  33  33  2312  410  297  4  -2  
10  33  33  2321  410  297  4  -2  
10  33  33  2330  410  297  4  -2  
10  33  33  2339  409  297  4  -2  
10  33  33  2346  409  297  4  -2  
10  33  33  2354  407  297  4  -2  
10  33  33  2361  407  297  4  -2  
10  33  33  2370  407  297  4  -2  
10  33  33  2378  404  297  4  -2  
10  33  33  2386  401  297  4  -2  
10  33  34  2395  398  297  4  -2  
10  33  34  2403  396  298  4  -2  
10  33  34  2412  396  298  4  -2  
10  33  34  2420  396  298  4  -2  
10  33  34  2428  396  298  4  -2  
10  33  34  2438  396  298  4  -2  
10  33  34  2444  396  298  4  -2  
10  33  34  2454  396  298  4  -2  
10  33  34  2462  396  298  4  -2  
10  33  34  2470  396  298  4  -2  
