16  32  23  0  352  308  1  -2  
16  32  23  10  352  308  1  -2  
16  32  23  15  352  308  1  -2  
16  32  23  26  352  308  1  -2  
16  32  23  33  352  308  1  -2  
16  32  23  41  352  308  1  -2  
16  32  23  50  352  308  1  -2  
16  32  23  60  352  308  1  -2  
16  32  23  67  352  308  1  -2  
16  32  23  74  352  308  1  -2  
16  32  23  83  352  308  1  -2  
16  32  23  91  353  308  1  -2  
16  32  23  100  353  308  1  -2  
16  32  23  109  353  308  1  -2  
16  32  23  118  353  308  1  -2  
16  32  23  126  356  308  1  -2  
16  32  23  133  357  308  1  -2  
16  32  23  142  361  308  1  -2  
16  32  23  150  366  306  1  -2  
16  32  23  160  373  306  1  -2  
16  32  23  166  381  306  1  -2  
16  32  23  174  388  306  1  -2  
16  32  23  183  397  303  1  -2  
16  32  23  193  405  303  1  -2  
16  32  23  199  415  303  1  -2  
16  32  23  211  424  303  1  -2  
16  32  23  217  431  303  1  -2  
16  32  23  226  433  303  1  -2  
16  32  23  234  434  303  1  -2  
16  32  23  243  434  303  1  -2  
16  32  23  249  434  303  1  -2  
16  32  23  259  434  303  1  -2  
16  32  23  267  434  303  1  -2  
16  32  23  276  434  303  1  -2  
16  32  23  282  434  303  1  -2  
16  32  23  292  434  303  1  -2  
16  32  23  299  434  303  1  -2  
16  32  23  309  434  303  1  -2  
16  32  23  317  434  303  1  -2  
16  32  23  327  435  303  1  -2  
16  32  23  333  435  303  1  -2  
16  32  23  343  435  303  1  -2  
16  32  23  349  435  304  1  -2  
16  32  23  359  435  304  1  -2  
16  32  23  367  438  304  1  -2  
16  32  23  376  444  304  1  -2  
16  32  23  382  451  304  1  -2  
16  32  23  392  461  304  1  -2  
16  32  23  399  471  304  1  -2  
16  32  23  411  476  304  1  -2  
16  32  23  418  481  304  1  -2  
16  32  23  428  485  304  1  -2  
16  32  23  434  488  304  1  -2  
16  32  23  444  488  304  1  -2  
16  32  23  451  489  304  1  -2  
16  32  23  461  489  304  1  -2  
16  32  23  468  490  304  1  -2  
16  32  23  478  491  304  1  -2  
16  32  23  484  492  304  1  -2  
16  32  23  494  494  304  1  -2  
16  32  23  501  496  304  2  -2  
16  32  23  511  500  304  2  -2  
16  32  23  519  502  304  2  -2  
16  32  23  528  504  304  2  -2  
16  32  23  535  506  304  2  -2  
16  32  23  544  507  304  2  -2  
16  32  23  551  509  304  2  -2  
16  32  23  561  512  304  2  -2  
16  32  23  568  512  303  2  -2  
16  32  23  578  513  303  2  -2  
16  32  23  584  513  303  2  -2  
16  32  23  594  514  303  2  -2  
16  32  23  602  515  303  2  -2  
16  32  23  611  516  303  2  -2  
16  32  23  619  518  303  2  -2  
16  32  23  628  521  303  2  -2  
16  32  23  635  522  303  2  -2  
16  32  23  644  522  303  2  -2  
16  32  23  651  522  303  2  -2  
16  32  23  662  522  303  2  -2  
16  32  23  668  522  303  2  -2  
16  32  23  678  522  303  2  -2  
16  32  23  685  522  303  2  -2  
16  32  23  694  522  303  2  -2  
16  32  23  702  522  303  2  -2  
16  32  23  711  522  303  2  -2  
16  32  23  719  522  303  2  -2  
16  32  23  728  522  303  2  -2  
16  32  23  735  522  303  2  -2  
16  32  23  744  522  303  2  -2  
16  32  23  751  518  303  2  -2  
16  32  23  762  513  303  2  -2  
16  32  23  769  506  303  2  -2  
16  32  23  778  495  303  2  -2  
16  32  23  786  481  303  2  -2  
16  32  23  794  466  303  2  -2  
16  32  23  802  455  303  2  -2  
16  32  23  811  446  303  2  -2  
16  32  23  819  435  303  2  -2  
16  32  23  828  428  303  2  -2  
16  32  23  835  416  303  2  -2  
16  32  23  844  416  303  2  -2  
16  32  23  852  412  303  2  -2  
16  32  23  861  409  303  2  -2  
16  32  23  868  409  303  2  -2  
16  32  23  878  409  303  2  -2  
16  32  23  886  408  302  2  -2  
16  32  23  894  408  302  2  -2  
16  32  23  903  406  302  2  -2  
16  32  24  912  405  302  2  -2  
16  32  24  919  402  302  2  -2  
16  32  24  928  398  300  2  -2  
16  32  24  935  394  300  3  -2  
16  32  24  944  392  300  3  -2  
16  32  24  952  388  300  3  -2  
16  32  24  961  387  300  3  -2  
16  32  24  969  387  300  3  -2  
16  32  24  978  387  300  3  -2  
16  32  24  986  387  300  3  -2  
16  32  24  994  387  300  3  -2  
16  32  24  1002  387  300  3  -2  
16  32  24  1011  387  300  3  -2  
16  32  24  1019  387  300  3  -2  
16  32  24  1028  387  300  3  -2  
16  32  24  1036  386  300  3  -2  
16  32  24  1044  384  300  3  -2  
16  32  24  1052  382  300  3  -2  
16  32  24  1061  373  300  3  -2  
16  32  24  1069  369  300  3  -2  
16  32  24  1078  365  300  3  -2  
16  32  24  1086  364  300  3  -2  
16  32  24  1094  363  300  3  -2  
16  32  24  1103  362  300  3  -2  
16  32  24  1111  361  300  3  -2  
16  32  24  1119  361  300  3  -2  
16  32  24  1128  361  300  3  -2  
16  32  24  1135  359  300  3  -2  
16  32  24  1144  359  300  3  -2  
16  32  24  1152  359  300  3  -2  
16  32  24  1161  359  300  3  -2  
16  32  24  1169  359  300  3  -2  
16  32  24  1178  359  300  3  -2  
16  32  24  1186  359  300  3  -2  
16  32  24  1194  359  300  3  -2  
16  32  24  1202  359  300  3  -2  
16  32  24  1211  359  300  3  -2  
16  32  24  1219  359  300  3  -2  
16  32  24  1228  359  300  3  -2  
16  32  24  1235  359  300  3  -2  
16  32  24  1245  359  300  3  -2  
16  32  24  1253  359  300  3  -2  
16  32  24  1261  359  300  3  -2  
16  32  24  1269  359  300  3  -2  
16  32  24  1278  359  300  3  -2  
16  32  24  1286  359  300  3  -2  
16  32  24  1294  359  300  3  -2  
16  32  24  1302  359  300  3  -2  
16  32  24  1311  359  300  3  -2  
16  32  24  1319  359  300  3  -2  
16  32  24  1328  359  300  3  -2  
16  32  24  1335  359  300  3  -2  
16  32  24  1344  359  300  3  -2  
16  32  24  1352  361  300  3  -2  
16  32  24  1361  363  300  3  -2  
16  32  24  1369  365  300  3  -2  
16  32  24  1378  366  300  3  -2  
16  32  24  1386  366  300  3  -2  
16  32  24  1394  366  300  3  -2  
16  32  24  1403  366  300  3  -2  
16  32  24  1412  366  300  3  -2  
16  32  24  1420  366  300  3  -2  
16  32  24  1428  366  300  3  -2  
16  32  24  1438  367  300  3  -2  
16  32  24  1445  371  300  3  -2  
16  32  24  1454  374  300  3  -2  
16  32  24  1463  379  300  3  -2  
16  32  24  1471  384  300  3  -2  
16  32  24  1480  393  300  3  -2  
16  32  24  1488  403  300  3  -2  
16  32  24  1497  416  300  3  -2  
16  32  24  1504  432  300  3  -2  
16  32  24  1512  447  300  3  -2  
16  32  24  1520  461  300  3  -2  
16  32  24  1529  472  300  3  -2  
16  32  24  1538  479  300  3  -2  
16  32  24  1547  481  300  3  -2  
16  32  24  1554  483  300  3  -2  
16  32  24  1563  483  300  3  -2  
16  32  24  1571  484  300  3  -2  
16  32  24  1579  484  300  3  -2  
16  32  24  1588  485  300  3  -2  
16  32  24  1596  485  300  3  -2  
16  32  24  1603  486  300  3  -2  
16  32  24  1612  486  300  3  -2  
16  32  24  1621  487  300  3  -2  
16  32  24  1630  490  300  3  -2  
16  32  24  1638  493  300  3  -2  
16  32  24  1647  500  300  4  -2  
16  32  24  1655  507  300  4  -2  
16  32  24  1663  514  300  4  -2  
16  32  24  1671  519  300  4  -2  
16  32  24  1680  521  300  4  -2  
16  32  24  1688  521  300  4  -2  
16  32  24  1696  521  300  4  -2  
16  32  24  1704  521  300  4  -2  
16  32  24  1714  521  300  4  -2  
16  32  24  1721  521  300  4  -2  
16  32  24  1729  521  300  4  -2  
16  32  24  1739  521  300  4  -2  
16  32  24  1746  521  300  4  -2  
16  32  24  1755  522  300  4  -2  
16  32  24  1765  524  300  4  -2  
16  32  24  1776  527  300  4  -2  
16  32  24  1783  533  301  4  -2  
16  32  24  1792  534  302  4  -2  
16  32  24  1799  534  302  4  -2  
16  32  24  1810  534  302  4  -2  
16  32  24  1817  534  302  4  -2  
16  32  24  1826  534  302  4  -2  
16  32  24  1832  534  302  4  -2  
16  32  24  1842  534  302  4  -2  
16  32  24  1850  534  302  4  -2  
16  32  24  1859  534  303  4  -2  
16  32  24  1867  533  303  4  -2  
16  32  24  1876  531  303  4  -2  
16  32  24  1884  529  303  4  -2  
16  32  24  1893  527  304  4  -2  
16  32  24  1899  525  304  4  -2  
16  32  25  1909  525  304  4  -2  
16  32  25  1918  515  304  4  -2  
16  32  25  1926  508  304  4  -2  
16  32  25  1934  499  304  4  -2  
16  32  25  1943  489  304  4  -2  
16  32  25  1951  479  304  4  -2  
16  32  25  1961  469  304  4  -2  
16  32  25  1967  459  304  4  -2  
16  32  25  1977  451  304  4  -2  
16  32  25  1984  444  304  4  -2  
16  32  25  1993  434  304  4  -2  
16  32  25  1999  426  304  4  -2  
16  32  25  2010  416  304  4  -2  
16  32  25  2016  409  304  4  -2  
16  32  25  2027  404  304  4  -2  
16  32  25  2034  398  304  5  -2  
16  32  25  2043  396  304  5  -2  
16  32  25  2050  395  304  5  -2  
16  32  25  2059  394  303  5  -2  
16  32  25  2066  394  303  5  -2  
16  32  25  2076  394  303  5  -2  
16  32  25  2084  391  303  5  -2  
16  32  25  2093  391  303  5  -2  
16  32  25  2099  391  303  5  -2  
16  32  25  2110  391  303  5  -2  
16  32  25  2117  391  303  5  -2  
16  32  25  2127  391  303  5  -2  
16  32  25  2134  391  303  5  -2  
16  32  25  2143  390  303  5  -2  
16  32  25  2149  388  303  5  -2  
16  32  25  2160  387  303  5  -2  
16  32  25  2168  384  303  5  -2  
16  32  25  2176  381  303  5  -2  
16  32  25  2184  378  303  5  -2  
16  32  25  2193  377  303  5  -2  
16  32  25  2200  377  303  5  -2  
16  32  25  2210  377  303  5  -2  
16  32  25  2217  377  303  5  -2  
16  32  25  2226  377  303  5  -2  
16  32  25  2233  377  303  5  -2  
16  32  25  2243  377  303  5  -2  
16  32  25  2250  377  303  5  -2  
16  32  25  2260  377  303  5  -2  
16  32  25  2268  377  303  5  -2  
16  32  25  2276  377  303  5  -2  
16  32  25  2284  377  303  5  -2  
16  32  25  2293  377  303  5  -2  
16  32  25  2300  377  303  5  -2  
16  32  25  2310  377  303  5  -2  
16  32  25  2317  377  303  5  -2  
16  32  25  2326  377  303  5  -2  
16  32  25  2333  377  303  5  -2  
16  32  25  2343  377  303  5  -2  
16  32  25  2349  377  303  5  -2  
16  32  25  2360  377  303  5  -2  
16  32  25  2368  377  303  5  -2  
16  32  25  2376  377  303  5  -2  
16  32  25  2384  377  303  5  -2  
16  32  25  2392  377  303  5  -2  
16  32  25  2400  377  303  5  -2  
16  32  25  2411  377  303  5  -2  
16  32  25  2418  377  303  5  -2  
16  32  25  2426  377  303  5  -2  
16  32  25  2434  377  303  5  -2  
16  32  25  2443  377  303  5  -2  
16  32  25  2451  377  303  5  -2  
16  32  25  2460  377  303  5  -2  
16  32  25  2468  377  303  5  -2  
16  32  25  2476  377  303  5  -2  
16  32  25  2484  377  303  5  -2  
16  32  25  2494  377  303  5  -2  
