10  33  0  0  383  310  1  -2  
10  33  0  8  387  311  1  -2  
10  33  0  17  392  311  1  -2  
10  33  0  26  396  312  1  -2  
10  33  0  36  401  312  1  -2  
10  33  0  44  409  313  1  -2  
10  33  0  55  412  315  1  -2  
10  33  0  62  416  315  1  -2  
10  33  0  72  419  316  1  -2  
10  33  0  79  420  316  1  -2  
10  33  0  89  422  317  1  -2  
10  33  0  94  426  318  1  -2  
10  33  0  105  427  318  1  -2  
10  33  0  112  428  319  1  -2  
10  33  1  122  431  319  1  -2  
10  33  1  128  433  319  1  -2  
10  33  1  139  434  320  1  -2  
10  33  1  146  435  320  1  -2  
10  33  1  156  437  320  1  -2  
10  33  1  162  440  321  1  -2  
10  33  1  172  440  321  1  -2  
10  33  1  178  443  322  1  -2  
10  33  1  189  443  322  1  -2  
10  33  1  196  448  324  1  -2  
10  33  1  205  451  324  1  -2  
10  33  1  212  454  324  1  -2  
10  33  1  223  456  324  1  -2  
10  33  1  230  460  324  1  -2  
10  33  1  240  463  324  1  -2  
10  33  1  246  465  324  1  -2  
10  33  1  256  466  324  1  -2  
10  33  1  263  469  324  1  -2  
10  33  1  272  469  324  1  -2  
10  33  1  278  469  324  1  -2  
10  33  1  289  469  324  1  -2  
10  33  1  296  469  324  1  -2  
10  33  1  305  470  324  1  -2  
10  33  1  312  470  324  1  -2  
10  33  1  322  472  324  1  -2  
10  33  1  329  472  324  1  -2  
10  33  1  339  472  324  1  -2  
10  33  1  346  474  324  1  -2  
10  33  1  356  476  324  1  -2  
10  33  1  363  480  324  1  -2  
10  33  1  372  480  324  1  -2  
10  33  1  380  481  324  1  -2  
10  33  1  389  482  324  1  -2  
10  33  1  396  482  324  1  -2  
10  33  1  406  482  324  1  -2  
10  33  1  412  483  324  1  -2  
10  33  1  422  483  324  1  -2  
10  33  1  430  483  324  1  -2  
10  33  1  440  484  324  1  -2  
10  33  1  446  485  324  1  -2  
10  33  1  456  486  324  1  -2  
10  33  1  462  488  324  1  -2  
10  33  1  472  489  324  1  -2  
10  33  1  480  489  323  1  -2  
10  33  1  489  491  323  1  -2  
10  33  1  496  492  323  1  -2  
10  33  1  505  492  323  1  -2  
10  33  1  513  492  323  1  -2  
10  33  1  522  492  323  1  -2  
10  33  1  530  492  323  1  -2  
10  33  1  539  492  323  1  -2  
10  33  1  545  493  322  1  -2  
10  33  1  554  493  322  1  -2  
10  33  1  562  494  321  1  -2  
10  33  1  571  494  321  1  -2  
10  33  1  580  495  320  2  -2  
10  33  1  588  495  320  2  -2  
10  33  1  596  495  320  2  -2  
10  33  1  604  495  320  2  -2  
10  33  1  613  495  320  2  -2  
10  33  1  621  495  320  2  -2  
10  33  1  629  495  320  2  -2  
10  33  1  638  495  320  2  -2  
10  33  1  645  496  320  2  -2  
10  33  1  654  497  320  2  -2  
10  33  1  662  497  320  2  -2  
10  33  1  671  497  320  2  -2  
10  33  1  679  497  320  2  -2  
10  33  1  689  497  320  2  -2  
10  33  1  695  497  320  2  -2  
10  33  1  704  497  320  2  -2  
10  33  1  712  497  320  2  -2  
10  33  1  721  497  320  2  -2  
10  33  1  729  497  320  2  -2  
10  33  1  738  497  320  2  -2  
10  33  1  745  497  320  2  -2  
10  33  1  754  497  320  2  -2  
10  33  1  762  497  320  2  -2  
10  33  1  771  497  320  2  -2  
10  33  1  779  497  320  2  -2  
10  33  1  788  497  320  2  -2  
10  33  1  796  497  320  2  -2  
10  33  1  804  497  320  2  -2  
10  33  1  812  497  320  2  -2  
10  33  1  821  495  320  2  -2  
10  33  1  829  493  320  2  -2  
10  33  1  840  490  320  2  -2  
10  33  1  848  486  320  2  -2  
10  33  1  857  481  320  2  -2  
10  33  1  866  476  320  2  -2  
10  33  1  876  469  320  2  -2  
10  33  1  884  454  320  2  -2  
10  33  1  892  447  320  2  -2  
10  33  1  899  442  320  2  -2  
10  33  1  909  437  320  2  -2  
10  33  1  918  430  320  2  -2  
10  33  1  926  425  320  2  -2  
10  33  1  933  420  320  2  -2  
10  33  1  941  416  320  2  -2  
10  33  1  949  411  320  2  -2  
10  33  1  959  409  320  2  -2  
10  33  1  966  408  320  2  -2  
10  33  1  974  407  320  2  -2  
10  33  1  983  406  320  2  -2  
10  33  1  992  405  320  2  -2  
10  33  1  999  403  321  2  -2  
10  33  1  1009  403  321  2  -2  
10  33  1  1018  400  321  2  -2  
10  33  1  1025  400  321  2  -2  
10  33  1  1034  398  321  3  -2  
10  33  1  1042  396  321  3  -2  
10  33  1  1049  394  321  3  -2  
10  33  1  1059  392  321  3  -2  
10  33  1  1067  390  321  3  -2  
10  33  1  1075  390  321  3  -2  
10  33  1  1083  388  321  3  -2  
10  33  1  1091  387  321  3  -2  
10  33  1  1099  385  321  3  -2  
10  33  1  1109  384  321  3  -2  
10  33  1  1118  382  321  3  -2  
10  33  2  1126  380  321  3  -2  
10  33  2  1134  378  321  3  -2  
10  33  2  1142  376  321  3  -2  
10  33  2  1151  374  321  3  -2  
10  33  2  1159  372  321  3  -2  
10  33  2  1169  372  321  3  -2  
10  33  2  1175  372  321  3  -2  
10  33  2  1185  372  321  3  -2  
10  33  2  1192  371  321  3  -2  
10  33  2  1199  370  321  3  -2  
10  33  2  1208  369  321  3  -2  
10  33  2  1219  368  321  3  -2  
10  33  2  1225  367  321  3  -2  
10  33  2  1234  367  321  3  -2  
10  33  2  1241  367  321  3  -2  
10  33  2  1252  367  321  3  -2  
10  33  2  1259  367  321  3  -2  
10  33  2  1267  367  321  3  -2  
10  33  2  1275  367  321  3  -2  
10  33  2  1285  367  321  3  -2  
10  33  2  1292  367  321  3  -2  
10  33  2  1300  367  321  3  -2  
10  33  2  1309  367  321  3  -2  
10  33  2  1320  367  321  3  -2  
10  33  2  1326  367  321  3  -2  
10  33  2  1335  367  321  3  -2  
10  33  2  1343  367  321  3  -2  
10  33  2  1351  367  321  3  -2  
10  33  2  1361  367  321  3  -2  
10  33  2  1371  367  321  3  -2  
10  33  2  1376  367  321  3  -2  
10  33  2  1387  367  321  3  -2  
10  33  2  1393  367  321  3  -2  
10  33  2  1401  367  321  3  -2  
10  33  2  1410  367  321  3  -2  
10  33  2  1420  367  321  3  -2  
10  33  2  1426  367  321  3  -2  
10  33  2  1436  367  321  3  -2  
10  33  2  1443  367  321  3  -2  
10  33  2  1454  367  321  3  -2  
10  33  2  1461  367  321  3  -2  
10  33  2  1472  367  321  3  -2  
10  33  2  1477  367  321  3  -2  
10  33  2  1488  367  321  3  -2  
10  33  2  1494  367  321  3  -2  
10  33  2  1504  367  321  3  -2  
10  33  2  1510  367  321  3  -2  
10  33  2  1520  367  321  3  -2  
10  33  2  1528  367  321  3  -2  
10  33  2  1538  367  321  3  -2  
10  33  2  1544  367  321  3  -2  
10  33  2  1554  367  321  3  -2  
10  33  2  1561  367  321  3  -2  
10  33  2  1572  367  321  3  -2  
10  33  2  1579  367  321  3  -2  
10  33  2  1588  367  321  3  -2  
10  33  2  1594  367  321  3  -2  
10  33  2  1604  367  321  3  -2  
10  33  2  1612  367  321  3  -2  
10  33  2  1621  367  321  3  -2  
10  33  2  1628  367  321  3  -2  
10  33  2  1638  367  321  3  -2  
10  33  2  1644  367  321  3  -2  
10  33  2  1654  367  321  3  -2  
10  33  2  1661  367  321  3  -2  
10  33  2  1671  367  321  3  -2  
10  33  2  1679  367  321  3  -2  
10  33  2  1688  367  321  3  -2  
10  33  2  1694  367  321  3  -2  
10  33  2  1704  367  321  3  -2  
10  33  2  1709  367  321  3  -2  
10  33  2  1719  367  321  3  -2  
10  33  2  1726  366  321  3  -2  
10  33  2  1737  366  321  3  -2  
10  33  2  1743  366  321  3  -2  
10  33  2  1753  366  321  3  -2  
10  33  2  1760  366  321  3  -2  
10  33  2  1769  366  320  3  -2  
10  33  2  1779  366  320  3  -2  
10  33  2  1787  372  320  3  -2  
10  33  2  1793  377  320  3  -2  
10  33  2  1803  377  320  3  -2  
10  33  2  1811  390  320  3  -2  
10  33  2  1821  402  320  3  -2  
10  33  2  1828  417  320  3  -2  
10  33  2  1837  435  320  3  -2  
10  33  2  1843  457  320  3  -2  
10  33  2  1854  481  320  3  -2  
10  33  2  1861  505  320  4  -2  
10  33  2  1871  522  320  4  -2  
10  33  2  1879  535  320  4  -2  
10  33  2  1887  544  320  4  -2  
10  33  2  1894  546  320  4  -2  
10  33  2  1903  549  320  4  -2  
10  33  2  1911  550  320  4  -2  
10  33  2  1920  550  320  4  -2  
10  33  2  1928  550  320  4  -2  
10  33  2  1937  550  320  4  -2  
10  33  2  1944  550  320  4  -2  
10  33  2  1953  550  320  4  -2  
10  33  2  1960  550  320  4  -2  
10  33  2  1970  550  320  4  -2  
10  33  2  1978  550  320  4  -2  
10  33  2  1987  550  320  4  -2  
10  33  2  1995  550  320  4  -2  
10  33  2  2003  550  320  4  -2  
10  33  2  2009  550  320  4  -2  
10  33  2  2021  550  320  4  -2  
10  33  2  2028  544  320  4  -2  
10  33  2  2037  533  320  4  -2  
10  33  2  2045  519  320  4  -2  
10  33  2  2053  506  320  4  -2  
10  33  2  2061  489  320  4  -2  
10  33  2  2071  473  320  4  -2  
10  33  2  2078  458  320  4  -2  
10  33  2  2087  446  320  4  -2  
10  33  2  2094  438  320  4  -2  
10  33  2  2104  435  320  4  -2  
10  33  2  2111  434  320  4  -2  
10  33  3  2121  431  320  4  -2  
10  33  3  2129  429  320  4  -2  
10  33  3  2137  426  320  4  -2  
10  33  3  2145  422  320  4  -2  
10  33  3  2153  419  320  4  -2  
10  33  3  2163  417  320  4  -2  
10  33  3  2171  413  320  4  -2  
10  33  3  2179  410  320  4  -2  
10  33  3  2187  406  320  4  -2  
10  33  3  2195  404  320  4  -2  
10  33  3  2203  404  320  4  -2  
10  33  3  2211  404  320  4  -2  
10  33  3  2220  404  320  4  -2  
10  33  3  2229  404  320  4  -2  
10  33  3  2237  404  320  4  -2  
10  33  3  2245  404  320  4  -2  
10  33  3  2253  404  320  4  -2  
10  33  3  2262  403  320  4  -2  
10  33  3  2270  401  319  4  -2  
10  33  3  2279  401  319  4  -2  
10  33  3  2287  400  319  4  -2  
10  33  3  2295  400  319  4  -2  
