10  32  52  0  370  310  1  -2  
10  32  52  8  370  310  1  -2  
10  32  52  17  370  310  1  -2  
10  32  52  25  370  310  1  -2  
10  32  52  34  370  310  1  -2  
10  32  52  41  370  311  1  -2  
10  32  52  49  370  311  1  -2  
10  32  52  58  370  311  1  -2  
10  32  52  67  373  311  1  -2  
10  32  53  75  377  311  1  -2  
10  32  53  83  379  312  1  -2  
10  32  53  92  383  312  1  -2  
10  32  53  99  389  313  1  -2  
10  32  53  108  389  313  1  -2  
10  32  53  116  394  315  1  -2  
10  32  53  124  396  315  1  -2  
10  32  53  133  398  315  1  -2  
10  32  53  142  401  315  1  -2  
10  32  53  150  403  316  1  -2  
10  32  53  158  406  316  1  -2  
10  32  53  167  410  316  1  -2  
10  32  53  175  413  316  1  -2  
10  32  53  184  420  320  1  -2  
10  32  53  192  427  320  1  -2  
10  32  53  200  432  320  1  -2  
10  32  53  208  439  320  1  -2  
10  32  53  216  449  320  1  -2  
10  32  53  225  457  320  1  -2  
10  32  53  234  466  320  1  -2  
10  32  53  242  472  320  1  -2  
10  32  53  250  478  320  1  -2  
10  32  53  259  481  320  1  -2  
10  32  53  268  483  320  1  -2  
10  32  53  275  485  320  1  -2  
10  32  53  283  485  320  1  -2  
10  32  53  292  485  320  1  -2  
10  32  53  299  485  320  1  -2  
10  32  53  308  485  320  1  -2  
10  32  53  317  485  320  1  -2  
10  32  53  324  485  320  1  -2  
10  32  53  334  486  320  1  -2  
10  32  53  342  487  320  1  -2  
10  32  53  351  487  320  1  -2  
10  32  53  360  487  320  1  -2  
10  32  53  367  489  320  1  -2  
10  32  53  377  490  320  1  -2  
10  32  53  386  490  320  1  -2  
10  32  53  395  491  320  1  -2  
10  32  53  403  491  320  1  -2  
10  32  53  413  491  320  1  -2  
10  32  53  418  492  320  1  -2  
10  32  53  427  492  320  1  -2  
10  32  53  437  492  320  1  -2  
10  32  53  443  494  320  1  -2  
10  32  53  452  494  320  1  -2  
10  32  53  464  497  320  2  -2  
10  32  53  469  499  320  2  -2  
10  32  53  477  501  320  2  -2  
10  32  53  486  503  320  2  -2  
10  32  53  496  504  320  2  -2  
10  32  53  503  506  320  2  -2  
10  32  53  512  509  320  2  -2  
10  32  53  519  509  320  2  -2  
10  32  53  528  509  320  2  -2  
10  32  53  536  509  320  2  -2  
10  32  53  544  509  320  2  -2  
10  32  53  553  510  321  2  -2  
10  32  53  562  510  321  2  -2  
10  32  53  569  510  321  2  -2  
10  32  53  578  510  321  2  -2  
10  32  53  586  510  321  2  -2  
10  32  53  594  510  321  2  -2  
10  32  53  603  510  321  2  -2  
10  32  53  612  510  321  2  -2  
10  32  53  619  510  321  2  -2  
10  32  53  628  510  321  2  -2  
10  32  53  636  510  321  2  -2  
10  32  53  644  510  321  2  -2  
10  32  53  653  510  321  2  -2  
10  32  53  662  510  321  2  -2  
10  32  53  669  510  321  2  -2  
10  32  53  678  510  321  2  -2  
10  32  53  686  510  321  2  -2  
10  32  53  694  510  321  2  -2  
10  32  53  703  510  321  2  -2  
10  32  53  711  510  321  2  -2  
10  32  53  720  510  321  2  -2  
10  32  53  728  510  321  2  -2  
10  32  53  737  510  321  2  -2  
10  32  53  746  511  321  2  -2  
10  32  53  753  511  321  2  -2  
10  32  53  762  511  321  2  -2  
10  32  53  770  511  321  2  -2  
10  32  53  778  511  321  2  -2  
10  32  53  786  511  321  2  -2  
10  32  53  794  511  321  2  -2  
10  32  53  803  511  321  2  -2  
10  32  53  812  511  321  2  -2  
10  32  53  820  511  321  2  -2  
10  32  53  831  511  321  2  -2  
10  32  53  837  511  321  2  -2  
10  32  53  846  511  321  2  -2  
10  32  53  852  511  321  2  -2  
10  32  53  862  511  321  2  -2  
10  32  53  871  511  321  2  -2  
10  32  53  880  511  321  2  -2  
10  32  53  887  511  321  2  -2  
10  32  53  896  511  321  2  -2  
10  32  53  903  511  321  2  -2  
10  32  53  912  511  321  2  -2  
10  32  53  919  511  321  2  -2  
10  32  53  928  511  321  2  -2  
10  32  53  936  511  321  2  -2  
10  32  53  946  511  321  2  -2  
10  32  53  953  511  321  2  -2  
10  32  53  963  511  321  2  -2  
10  32  53  969  511  321  2  -2  
10  32  53  981  511  321  2  -2  
10  32  53  987  511  321  2  -2  
10  32  53  996  511  321  2  -2  
10  32  53  1004  511  321  2  -2  
10  32  53  1014  511  321  2  -2  
10  32  53  1022  511  321  2  -2  
10  32  53  1031  511  321  2  -2  
10  32  53  1037  511  321  2  -2  
10  32  53  1046  511  321  2  -2  
10  32  53  1054  511  321  2  -2  
10  32  53  1064  511  321  2  -2  
10  32  53  1072  511  321  2  -2  
10  32  54  1081  511  321  2  -2  
10  32  54  1087  511  321  2  -2  
10  32  54  1097  511  321  2  -2  
10  32  54  1104  511  321  2  -2  
10  32  54  1114  511  321  2  -2  
10  32  54  1122  511  321  2  -2  
10  32  54  1132  511  321  2  -2  
10  32  54  1138  511  321  2  -2  
10  32  54  1147  511  321  2  -2  
10  32  54  1154  511  321  2  -2  
10  32  54  1164  511  321  2  -2  
10  32  54  1172  511  321  2  -2  
10  32  54  1181  511  321  2  -2  
10  32  54  1188  511  321  2  -2  
10  32  54  1197  511  321  2  -2  
10  32  54  1205  511  321  2  -2  
10  32  54  1214  511  321  2  -2  
10  32  54  1222  511  321  2  -2  
10  32  54  1231  510  321  2  -2  
10  32  54  1237  510  321  2  -2  
10  32  54  1247  510  321  2  -2  
10  32  54  1254  509  321  2  -2  
10  32  54  1265  507  321  2  -2  
10  32  54  1273  506  321  2  -2  
10  32  54  1282  503  321  2  -2  
10  32  54  1289  502  321  2  -2  
10  32  54  1299  498  321  2  -2  
10  32  54  1306  494  321  2  -2  
10  32  54  1316  492  321  2  -2  
10  32  54  1323  488  321  2  -2  
10  32  54  1333  485  321  2  -2  
10  32  54  1339  480  321  2  -2  
10  32  54  1349  480  321  2  -2  
10  32  54  1356  474  321  2  -2  
10  32  54  1365  474  321  2  -2  
10  32  54  1373  460  321  2  -2  
10  32  54  1383  453  321  2  -2  
10  32  54  1389  445  321  2  -2  
10  32  54  1399  435  321  2  -2  
10  32  54  1407  427  321  2  -2  
10  32  54  1416  418  320  2  -2  
10  32  54  1423  413  320  2  -2  
10  32  54  1433  409  319  2  -2  
10  32  54  1440  408  319  2  -2  
10  32  54  1449  407  319  2  -2  
10  32  54  1457  407  319  2  -2  
10  32  54  1466  407  319  2  -2  
10  32  54  1473  407  319  2  -2  
10  32  54  1483  407  319  2  -2  
10  32  54  1491  407  319  2  -2  
10  32  54  1499  407  319  2  -2  
10  32  54  1507  407  319  2  -2  
10  32  54  1516  407  319  2  -2  
10  32  54  1524  406  319  2  -2  
10  32  54  1532  404  319  2  -2  
10  32  54  1540  402  319  2  -2  
10  32  54  1548  401  319  2  -2  
10  32  54  1557  399  319  3  -2  
10  32  54  1564  398  319  3  -2  
10  32  54  1572  398  319  3  -2  
10  32  54  1582  398  319  3  -2  
10  32  54  1589  398  319  3  -2  
10  32  54  1598  398  319  3  -2  
10  32  54  1605  398  319  3  -2  
10  32  54  1615  398  319  3  -2  
10  32  54  1622  398  319  3  -2  
10  32  54  1632  398  319  3  -2  
10  32  54  1639  396  319  3  -2  
10  32  54  1648  396  319  3  -2  
10  32  54  1656  394  319  3  -2  
10  32  54  1665  392  319  3  -2  
10  32  54  1672  390  320  3  -2  
10  32  54  1682  387  320  3  -2  
10  32  54  1689  383  320  3  -2  
10  32  54  1698  383  320  3  -2  
10  32  54  1706  382  320  3  -2  
10  32  54  1715  382  320  3  -2  
10  32  54  1722  382  320  3  -2  
10  32  54  1731  382  320  3  -2  
10  32  54  1740  381  321  3  -2  
10  32  54  1749  381  321  3  -2  
10  32  54  1755  381  321  3  -2  
10  32  54  1765  381  321  3  -2  
10  32  54  1773  386  322  3  -2  
10  32  54  1782  394  325  3  -2  
10  32  54  1790  400  325  3  -2  
10  32  54  1798  409  326  3  -2  
10  32  54  1807  418  328  3  -2  
10  32  54  1815  423  328  3  -2  
10  32  54  1824  430  328  3  -2  
10  32  54  1832  435  328  3  -2  
10  32  54  1840  443  328  3  -2  
10  32  54  1848  448  328  3  -2  
10  32  54  1856  455  328  3  -2  
10  32  54  1865  462  328  3  -2  
10  32  54  1872  469  328  3  -2  
10  32  54  1882  475  328  3  -2  
10  32  54  1889  484  328  3  -2  
10  32  54  1898  492  328  3  -2  
10  32  54  1907  497  328  4  -2  
10  32  54  1915  501  328  4  -2  
10  32  54  1923  504  328  4  -2  
10  32  54  1932  505  328  4  -2  
10  32  54  1940  506  328  4  -2  
10  32  54  1948  506  328  4  -2  
10  32  54  1956  508  328  4  -2  
10  32  54  1965  508  328  4  -2  
10  32  54  1973  508  328  4  -2  
10  32  54  1982  509  328  4  -2  
10  32  54  1990  509  328  4  -2  
10  32  54  1998  510  328  4  -2  
10  32  54  2006  511  328  4  -2  
10  32  54  2015  513  328  4  -2  
10  32  54  2023  513  328  4  -2  
10  32  54  2032  513  328  4  -2  
10  32  54  2040  513  328  4  -2  
10  32  54  2048  514  328  4  -2  
10  32  54  2056  514  328  4  -2  
10  32  54  2065  514  328  4  -2  
10  32  55  2073  515  328  4  -2  
10  32  55  2082  516  328  4  -2  
10  32  55  2091  517  328  4  -2  
10  32  55  2098  518  328  4  -2  
10  32  55  2106  518  328  4  -2  
10  32  55  2115  519  328  4  -2  
10  32  55  2124  519  328  4  -2  
10  32  55  2131  519  328  4  -2  
10  32  55  2139  519  328  4  -2  
10  32  55  2148  519  328  4  -2  
10  32  55  2156  519  328  4  -2  
10  32  55  2165  519  328  4  -2  
10  32  55  2172  519  328  4  -2  
10  32  55  2182  519  328  4  -2  
10  32  55  2190  519  328  4  -2  
10  32  55  2198  519  328  4  -2  
10  32  55  2206  519  328  4  -2  
10  32  55  2215  519  328  4  -2  
10  32  55  2223  519  328  4  -2  
10  32  55  2231  519  328  4  -2  
10  32  55  2241  519  328  4  -2  
10  32  55  2248  519  328  4  -2  
10  32  55  2256  519  328  4  -2  
10  32  55  2266  519  328  4  -2  
10  32  55  2273  520  327  4  -2  
10  32  55  2282  520  327  4  -2  
10  32  55  2291  520  327  4  -2  
10  32  55  2298  520  327  4  -2  
10  32  55  2306  520  327  4  -2  
10  32  55  2315  520  327  4  -2  
10  32  55  2323  520  327  4  -2  
10  32  55  2331  520  327  4  -2  
10  32  55  2340  520  327  4  -2  
10  32  55  2348  520  326  4  -2  
10  32  55  2356  519  325  4  -2  
10  32  55  2365  517  324  4  -2  
10  32  55  2374  516  324  4  -2  
10  32  55  2381  515  324  4  -2  
10  32  55  2390  513  323  4  -2  
10  32  55  2399  512  323  4  -2  
10  32  55  2407  509  323  4  -2  
10  32  55  2415  504  323  4  -2  
10  32  55  2423  500  323  4  -2  
10  32  55  2432  492  323  4  -2  
10  32  55  2441  485  323  4  -2  
10  32  55  2449  474  323  4  -2  
10  32  55  2458  467  323  4  -2  
10  32  55  2466  455  323  4  -2  
10  32  55  2474  449  323  4  -2  
10  32  55  2483  443  323  4  -2  
10  32  55  2492  438  323  4  -2  
10  32  55  2501  434  323  4  -2  
10  32  55  2509  425  321  4  -2  
10  32  55  2516  423  321  4  -2  
10  32  55  2526  418  320  4  -2  
10  32  55  2534  414  319  4  -2  
10  32  55  2542  405  319  4  -2  
