10  32  43  0  375  321  1  -2  
10  32  43  7  375  321  1  -2  
10  32  43  15  375  321  1  -2  
10  32  43  24  375  321  1  -2  
10  32  43  32  375  321  1  -2  
10  32  43  40  375  321  1  -2  
10  32  43  49  375  321  1  -2  
10  32  43  58  375  321  1  -2  
10  32  43  67  375  321  1  -2  
10  32  43  74  375  323  1  -2  
10  32  43  82  375  323  1  -2  
10  32  43  90  375  323  1  -2  
10  32  43  100  375  323  1  -2  
10  32  43  109  375  323  1  -2  
10  32  43  118  375  323  1  -2  
10  32  43  127  375  323  1  -2  
10  32  43  136  375  323  1  -2  
10  32  43  145  375  323  1  -2  
10  32  43  156  375  323  1  -2  
10  32  43  165  375  323  1  -2  
10  32  43  175  375  323  1  -2  
10  32  43  185  375  323  1  -2  
10  32  43  194  375  323  1  -2  
10  32  43  205  375  323  1  -2  
10  32  43  213  375  323  1  -2  
10  32  43  224  375  323  1  -2  
10  32  43  232  375  323  1  -2  
10  32  43  241  375  323  1  -2  
10  32  43  250  375  323  1  -2  
10  32  43  260  375  323  1  -2  
10  32  43  270  375  323  1  -2  
10  32  43  279  375  323  1  -2  
10  32  43  288  375  323  1  -2  
10  32  43  296  375  323  1  -2  
10  32  43  307  375  323  1  -2  
10  32  43  314  375  323  1  -2  
10  32  43  325  375  323  1  -2  
10  32  43  331  375  323  1  -2  
10  32  44  340  375  323  1  -2  
10  32  44  348  375  323  1  -2  
10  32  44  357  375  323  1  -2  
10  32  44  364  375  323  1  -2  
10  32  44  373  375  323  1  -2  
10  32  44  381  375  323  1  -2  
10  32  44  391  375  323  1  -2  
10  32  44  398  375  323  1  -2  
10  32  44  409  375  323  1  -2  
10  32  44  417  375  323  1  -2  
10  32  44  425  375  323  1  -2  
10  32  44  435  375  323  1  -2  
10  32  44  443  375  323  1  -2  
10  32  44  453  376  324  1  -2  
10  32  44  461  385  324  1  -2  
10  32  44  470  392  325  1  -2  
10  32  44  478  399  326  1  -2  
10  32  44  489  405  326  1  -2  
10  32  44  497  414  327  1  -2  
10  32  44  507  421  330  1  -2  
10  32  44  516  428  330  1  -2  
10  32  44  525  435  331  1  -2  
10  32  44  533  446  333  1  -2  
10  32  44  542  450  333  1  -2  
10  32  44  552  453  333  1  -2  
10  32  44  560  454  333  1  -2  
10  32  44  571  456  335  1  -2  
10  32  44  578  456  335  1  -2  
10  32  44  589  457  335  1  -2  
10  32  44  596  459  335  1  -2  
10  32  44  606  461  335  1  -2  
10  32  44  612  463  335  1  -2  
10  32  44  622  467  335  1  -2  
10  32  44  629  469  335  1  -2  
10  32  44  639  471  336  1  -2  
10  32  44  647  475  336  1  -2  
10  32  44  656  476  336  1  -2  
10  32  44  664  476  336  1  -2  
10  32  44  673  476  336  1  -2  
10  32  44  679  476  336  1  -2  
10  32  44  689  478  336  1  -2  
10  32  44  697  478  336  1  -2  
10  32  44  707  479  336  1  -2  
10  32  44  713  479  336  1  -2  
10  32  44  722  480  336  1  -2  
10  32  44  729  482  336  1  -2  
10  32  44  739  482  336  1  -2  
10  32  44  747  484  336  1  -2  
10  32  44  756  485  336  1  -2  
10  32  44  763  487  336  1  -2  
10  32  44  772  487  336  1  -2  
10  32  44  780  488  336  1  -2  
10  32  44  789  488  336  1  -2  
10  32  44  797  489  336  1  -2  
10  32  44  807  489  336  1  -2  
10  32  44  814  490  336  1  -2  
10  32  44  823  491  336  1  -2  
10  32  44  830  494  336  1  -2  
10  32  44  840  495  336  1  -2  
10  32  44  847  496  336  1  -2  
10  32  44  856  497  336  1  -2  
10  32  44  863  497  336  1  -2  
10  32  44  872  497  336  1  -2  
10  32  44  880  498  336  1  -2  
10  32  44  890  498  336  1  -2  
10  32  44  897  498  336  1  -2  
10  32  44  906  499  336  1  -2  
10  32  44  915  501  336  1  -2  
10  32  44  922  501  336  1  -2  
10  32  44  930  503  335  2  -2  
10  32  44  939  506  334  2  -2  
10  32  44  948  506  334  2  -2  
10  32  44  956  506  334  2  -2  
10  32  44  963  507  333  2  -2  
10  32  44  972  507  333  2  -2  
10  32  44  980  507  333  2  -2  
10  32  44  991  507  333  2  -2  
10  32  44  999  507  333  2  -2  
10  32  44  1007  507  333  2  -2  
10  32  44  1016  510  333  2  -2  
10  32  44  1023  510  332  2  -2  
10  32  44  1032  511  331  2  -2  
10  32  44  1039  512  330  2  -2  
10  32  44  1048  512  330  2  -2  
10  32  44  1057  513  330  2  -2  
10  32  44  1066  513  330  2  -2  
10  32  44  1073  513  330  2  -2  
10  32  44  1082  513  330  2  -2  
10  32  44  1090  513  330  2  -2  
10  32  44  1098  513  330  2  -2  
10  32  44  1107  513  330  2  -2  
10  32  44  1116  513  330  2  -2  
10  32  44  1123  513  330  2  -2  
10  32  44  1132  513  330  2  -2  
10  32  44  1140  513  330  2  -2  
10  32  44  1148  513  330  2  -2  
10  32  44  1157  513  330  2  -2  
10  32  44  1164  513  330  2  -2  
10  32  44  1174  513  330  2  -2  
10  32  44  1182  513  330  2  -2  
10  32  44  1190  513  330  2  -2  
10  32  44  1199  513  330  2  -2  
10  32  44  1207  513  330  2  -2  
10  32  44  1216  513  330  2  -2  
10  32  44  1225  513  330  2  -2  
10  32  44  1233  513  330  2  -2  
10  32  44  1241  513  330  2  -2  
10  32  44  1249  513  330  2  -2  
10  32  44  1257  513  330  2  -2  
10  32  44  1269  513  330  2  -2  
10  32  44  1278  513  330  2  -2  
10  32  44  1289  513  330  2  -2  
10  32  44  1298  513  330  2  -2  
10  32  44  1307  513  330  2  -2  
10  32  44  1317  511  330  2  -2  
10  32  44  1327  506  330  2  -2  
10  32  45  1337  504  330  2  -2  
10  32  45  1345  500  330  2  -2  
10  32  45  1356  495  329  2  -2  
10  32  45  1361  484  327  2  -2  
10  32  45  1372  484  327  2  -2  
10  32  45  1379  461  324  2  -2  
10  32  45  1389  461  324  2  -2  
10  32  45  1396  432  320  2  -2  
10  32  45  1405  432  320  2  -2  
10  32  45  1412  400  314  2  -2  
10  32  45  1423  392  314  3  -2  
10  32  45  1429  385  313  3  -2  
10  32  45  1438  381  313  3  -2  
10  32  45  1446  380  313  3  -2  
10  32  45  1455  378  313  3  -2  
10  32  45  1461  377  313  3  -2  
10  32  45  1472  377  313  3  -2  
10  32  45  1479  377  313  3  -2  
10  32  45  1488  376  313  3  -2  
10  32  45  1497  373  313  3  -2  
10  32  45  1506  370  313  3  -2  
10  32  45  1512  365  312  3  -2  
10  32  45  1522  359  312  3  -2  
10  32  45  1529  354  312  3  -2  
10  32  45  1539  352  312  3  -2  
10  32  45  1546  349  312  3  -2  
10  32  45  1556  348  312  3  -2  
10  32  45  1562  348  312  3  -2  
10  32  45  1572  348  312  3  -2  
10  32  45  1579  348  312  3  -2  
10  32  45  1589  348  312  3  -2  
10  32  45  1596  348  312  3  -2  
10  32  45  1606  348  312  3  -2  
10  32  45  1612  348  312  3  -2  
10  32  45  1622  348  312  3  -2  
10  32  45  1629  348  312  3  -2  
10  32  45  1639  348  312  3  -2  
10  32  45  1646  348  312  3  -2  
10  32  45  1656  348  312  3  -2  
10  32  45  1662  348  312  3  -2  
10  32  45  1672  348  312  3  -2  
10  32  45  1680  348  312  3  -2  
10  32  45  1689  348  312  3  -2  
10  32  45  1697  348  312  3  -2  
10  32  45  1706  348  312  3  -2  
10  32  45  1712  348  312  3  -2  
10  32  45  1722  348  312  3  -2  
10  32  45  1730  348  312  3  -2  
10  32  45  1739  348  312  3  -2  
10  32  45  1748  348  312  3  -2  
10  32  45  1756  348  312  3  -2  
10  32  45  1763  348  312  3  -2  
10  32  45  1772  348  312  3  -2  
10  32  45  1780  348  312  3  -2  
10  32  45  1789  351  313  3  -2  
10  32  45  1797  355  313  3  -2  
10  32  45  1806  362  314  3  -2  
10  32  45  1814  369  315  3  -2  
10  32  45  1823  378  315  3  -2  
10  32  45  1830  386  315  3  -2  
10  32  45  1839  396  315  3  -2  
10  32  45  1847  405  315  3  -2  
10  32  45  1856  411  315  3  -2  
10  32  45  1863  418  315  3  -2  
10  32  45  1872  425  315  3  -2  
10  32  45  1880  435  315  3  -2  
10  32  45  1889  442  315  3  -2  
10  32  45  1897  452  315  3  -2  
10  32  45  1906  462  315  3  -2  
10  32  45  1913  474  315  3  -2  
10  32  45  1922  485  315  3  -2  
10  32  45  1930  494  315  3  -2  
10  32  45  1940  502  315  4  -2  
10  32  45  1947  507  315  4  -2  
10  32  45  1956  511  315  4  -2  
10  32  45  1963  514  315  4  -2  
10  32  45  1972  516  315  4  -2  
10  32  45  1981  518  315  4  -2  
10  32  45  1989  520  315  4  -2  
10  32  45  1998  521  315  4  -2  
10  32  45  2006  522  315  4  -2  
10  32  45  2013  525  315  4  -2  
10  32  45  2022  526  315  4  -2  
10  32  45  2031  526  315  4  -2  
10  32  45  2039  528  315  4  -2  
10  32  45  2048  529  315  4  -2  
10  32  45  2056  529  316  4  -2  
10  32  45  2063  530  316  4  -2  
10  32  45  2071  530  316  4  -2  
10  32  45  2079  530  316  4  -2  
10  32  45  2089  532  316  4  -2  
10  32  45  2096  532  316  4  -2  
10  32  45  2104  532  316  4  -2  
10  32  45  2114  532  316  4  -2  
10  32  45  2121  532  316  4  -2  
10  32  45  2128  532  316  4  -2  
10  32  45  2138  532  316  4  -2  
10  32  45  2147  532  316  4  -2  
10  32  45  2155  532  316  4  -2  
10  32  45  2164  532  316  4  -2  
10  32  45  2171  532  316  4  -2  
10  32  45  2180  532  316  4  -2  
10  32  45  2188  532  318  4  -2  
10  32  45  2197  532  318  4  -2  
10  32  45  2204  529  318  4  -2  
10  32  45  2214  525  318  4  -2  
10  32  45  2222  520  318  4  -2  
10  32  45  2230  515  318  4  -2  
10  32  45  2238  510  318  4  -2  
10  32  45  2247  505  318  4  -2  
10  32  45  2256  496  318  4  -2  
10  32  45  2264  485  318  4  -2  
10  32  45  2271  475  318  4  -2  
10  32  45  2279  463  319  4  -2  
10  32  45  2288  451  319  4  -2  
10  32  45  2297  440  319  4  -2  
10  32  45  2304  433  319  4  -2  
10  32  45  2314  426  319  4  -2  
10  32  45  2321  418  319  4  -2  
10  32  45  2329  411  319  4  -2  
10  32  46  2338  409  319  4  -2  
10  32  46  2347  405  319  4  -2  
10  32  46  2355  402  319  4  -2  
