9  40  55  0  371  327  1  -2  
9  40  55  5  371  327  1  -2  
9  40  55  14  371  327  1  -2  
9  40  55  22  371  327  1  -2  
9  40  55  33  371  327  1  -2  
9  40  55  40  371  327  1  -2  
9  40  55  49  371  327  1  -2  
9  40  55  55  371  327  1  -2  
9  40  55  65  371  327  1  -2  
9  40  55  72  371  327  1  -2  
9  40  55  82  371  327  1  -2  
9  40  55  89  371  327  1  -2  
9  40  55  99  371  327  1  -2  
9  40  55  105  371  327  1  -2  
9  40  55  115  371  327  1  -2  
9  40  55  122  371  327  1  -2  
9  40  55  132  372  327  1  -2  
9  40  55  139  376  327  1  -2  
9  40  55  149  380  326  1  -2  
9  40  55  156  382  326  1  -2  
9  40  55  165  387  324  1  -2  
9  40  55  172  391  324  1  -2  
9  40  55  182  398  322  1  -2  
9  40  55  189  403  321  1  -2  
9  40  55  199  413  321  1  -2  
9  40  55  205  425  321  1  -2  
9  40  55  215  440  321  1  -2  
9  40  55  222  455  321  1  -2  
9  40  55  243  502  325  2  -2  
9  40  55  249  512  328  2  -2  
9  40  55  256  517  328  2  -2  
9  40  55  266  521  328  2  -2  
9  40  55  274  525  328  2  -2  
9  40  55  283  525  328  2  -2  
9  40  55  291  526  328  2  -2  
9  40  55  299  526  328  2  -2  
9  40  55  306  527  328  2  -2  
9  40  55  315  527  328  2  -2  
9  40  55  324  527  328  2  -2  
9  40  55  333  527  328  2  -2  
9  40  55  341  527  328  2  -2  
9  40  55  349  527  328  2  -2  
9  40  55  357  527  328  2  -2  
9  40  55  365  527  328  2  -2  
9  40  55  374  527  328  2  -2  
9  40  55  381  527  328  2  -2  
9  40  55  390  527  328  2  -2  
9  40  55  399  527  328  2  -2  
9  40  55  407  528  328  2  -2  
9  40  55  414  530  327  2  -2  
9  40  55  423  530  327  2  -2  
9  40  55  431  530  327  2  -2  
9  40  55  440  530  327  2  -2  
9  40  55  448  530  327  2  -2  
9  40  55  456  530  327  2  -2  
9  40  55  465  530  325  2  -2  
9  40  55  473  523  323  2  -2  
9  40  55  482  511  322  2  -2  
9  40  55  490  498  322  2  -2  
9  40  55  498  483  321  2  -2  
9  40  55  506  468  321  2  -2  
9  40  55  514  452  321  2  -2  
9  40  55  523  435  321  2  -2  
9  40  55  532  424  321  2  -2  
9  40  55  540  415  321  2  -2  
9  40  55  548  410  321  2  -2  
9  40  55  556  406  321  2  -2  
9  40  55  564  406  321  2  -2  
9  40  55  573  405  321  2  -2  
9  40  55  582  405  321  2  -2  
9  40  55  590  403  321  2  -2  
9  40  55  598  403  321  2  -2  
9  40  55  606  401  322  2  -2  
9  40  55  615  398  323  3  -2  
9  40  55  623  396  324  3  -2  
9  40  55  631  396  324  3  -2  
9  40  55  640  396  324  3  -2  
9  40  55  649  396  324  3  -2  
9  40  55  656  396  324  3  -2  
9  40  55  664  396  324  3  -2  
9  40  55  673  396  324  3  -2  
9  40  55  682  395  324  3  -2  
9  40  55  690  395  324  3  -2  
9  40  55  699  395  324  3  -2  
9  40  55  706  395  324  3  -2  
9  40  55  714  395  324  3  -2  
9  40  55  723  395  324  3  -2  
9  40  55  731  395  324  3  -2  
9  40  55  741  395  324  3  -2  
9  40  55  748  395  324  3  -2  
9  40  56  756  395  324  3  -2  
9  40  56  764  395  324  3  -2  
9  40  56  773  395  324  3  -2  
9  40  56  782  395  324  3  -2  
9  40  56  790  395  324  3  -2  
9  40  56  798  395  324  3  -2  
9  40  56  806  395  324  3  -2  
9  40  56  814  395  324  3  -2  
9  40  56  823  395  324  3  -2  
9  40  56  832  395  324  3  -2  
9  40  56  840  395  324  3  -2  
9  40  56  849  395  324  3  -2  
9  40  56  857  395  324  3  -2  
9  40  56  864  395  324  3  -2  
9  40  56  874  395  324  3  -2  
9  40  56  882  395  324  3  -2  
9  40  56  891  395  324  3  -2  
9  40  56  899  395  324  3  -2  
9  40  56  907  395  324  3  -2  
9  40  56  914  395  324  3  -2  
9  40  56  923  395  324  3  -2  
9  40  56  932  395  324  3  -2  
9  40  56  940  395  324  3  -2  
9  40  56  948  395  324  3  -2  
9  40  56  957  395  324  3  -2  
9  40  56  964  395  324  3  -2  
9  40  56  972  395  324  3  -2  
9  40  56  982  395  324  3  -2  
9  40  56  991  395  324  3  -2  
9  40  56  998  395  324  3  -2  
9  40  56  1006  395  324  3  -2  
9  40  56  1015  395  324  3  -2  
9  40  56  1023  395  324  3  -2  
9  40  56  1032  395  324  3  -2  
9  40  56  1040  395  324  3  -2  
9  40  56  1048  395  324  3  -2  
9  40  56  1056  395  324  3  -2  
9  40  56  1065  395  324  3  -2  
9  40  56  1073  395  324  3  -2  
9  40  56  1082  395  324  3  -2  
9  40  56  1091  395  324  3  -2  
9  40  56  1098  395  324  3  -2  
9  40  56  1107  395  324  3  -2  
9  40  56  1115  395  324  3  -2  
9  40  56  1123  395  324  3  -2  
9  40  56  1132  395  324  3  -2  
9  40  56  1141  395  324  3  -2  
9  40  56  1149  395  324  3  -2  
9  40  56  1158  395  324  3  -2  
9  40  56  1164  395  324  3  -2  
9  40  56  1174  395  324  3  -2  
9  40  56  1182  395  324  3  -2  
9  40  56  1191  395  324  3  -2  
9  40  56  1198  395  324  3  -2  
9  40  56  1206  395  324  3  -2  
9  40  56  1215  395  324  3  -2  
9  40  56  1223  395  324  3  -2  
9  40  56  1232  395  324  3  -2  
9  40  56  1241  395  324  3  -2  
9  40  56  1248  395  324  3  -2  
9  40  56  1257  395  324  3  -2  
9  40  56  1265  395  324  3  -2  
9  40  56  1273  395  324  3  -2  
9  40  56  1282  395  324  3  -2  
9  40  56  1291  395  324  3  -2  
9  40  56  1298  395  324  3  -2  
9  40  56  1307  395  324  3  -2  
9  40  56  1316  395  324  3  -2  
9  40  56  1323  395  324  3  -2  
9  40  56  1331  395  324  3  -2  
9  40  56  1341  395  324  3  -2  
9  40  56  1349  395  324  3  -2  
9  40  56  1356  395  324  3  -2  
9  40  56  1365  395  324  3  -2  
9  40  56  1375  395  324  3  -2  
9  40  56  1382  395  324  3  -2  
9  40  56  1392  395  324  3  -2  
9  40  56  1398  395  324  3  -2  
9  40  56  1408  395  324  3  -2  
9  40  56  1415  395  324  3  -2  
9  40  56  1424  395  324  3  -2  
9  40  56  1431  395  324  3  -2  
9  40  56  1441  395  324  3  -2  
9  40  56  1448  395  324  3  -2  
9  40  56  1457  395  324  3  -2  
9  40  56  1465  395  324  3  -2  
9  40  56  1474  395  324  3  -2  
9  40  56  1482  395  324  3  -2  
9  40  56  1491  395  324  3  -2  
9  40  56  1499  395  324  3  -2  
9  40  56  1507  395  324  3  -2  
9  40  56  1515  395  324  3  -2  
9  40  56  1524  395  324  3  -2  
9  40  56  1532  395  324  3  -2  
9  40  56  1541  395  324  3  -2  
9  40  56  1550  395  324  3  -2  
9  40  56  1557  395  324  3  -2  
9  40  56  1565  395  324  3  -2  
9  40  56  1573  395  324  3  -2  
9  40  56  1583  395  324  3  -2  
9  40  56  1591  395  324  3  -2  
9  40  56  1600  395  324  3  -2  
9  40  56  1607  395  324  3  -2  
9  40  56  1616  395  324  3  -2  
9  40  56  1625  395  324  3  -2  
9  40  56  1632  395  324  3  -2  
9  40  56  1641  395  324  3  -2  
9  40  56  1649  395  324  3  -2  
9  40  56  1657  395  324  3  -2  
9  40  56  1665  395  324  3  -2  
9  40  56  1675  395  324  3  -2  
9  40  56  1681  395  324  3  -2  
9  40  56  1691  395  324  3  -2  
9  40  56  1701  395  324  3  -2  
9  40  56  1707  395  324  3  -2  
9  40  56  1715  395  324  3  -2  
9  40  56  1724  395  324  3  -2  
9  40  56  1731  395  324  3  -2  
9  40  56  1742  395  324  3  -2  
9  40  57  1750  395  324  3  -2  
9  40  57  1757  395  324  3  -2  
9  40  57  1765  395  324  3  -2  
9  40  57  1773  395  324  3  -2  
9  40  57  1782  395  324  3  -2  
9  40  57  1791  395  324  3  -2  
9  40  57  1800  395  324  3  -2  
9  40  57  1808  395  324  3  -2  
9  40  57  1815  395  324  3  -2  
9  40  57  1823  395  324  3  -2  
9  40  57  1832  395  324  3  -2  
9  40  57  1842  395  324  3  -2  
9  40  57  1850  395  324  3  -2  
9  40  57  1857  395  324  3  -2  
9  40  57  1865  395  324  3  -2  
9  40  57  1875  395  324  3  -2  
9  40  57  1882  395  324  3  -2  
9  40  57  1891  395  324  3  -2  
9  40  57  1900  395  324  3  -2  
9  40  57  1908  395  324  3  -2  
9  40  57  1916  395  324  3  -2  
9  40  57  1924  395  324  3  -2  
9  40  57  1933  395  324  3  -2  
9  40  57  1941  395  324  3  -2  
9  40  57  1950  395  324  3  -2  
9  40  57  1957  395  324  3  -2  
9  40  57  1965  395  324  3  -2  
9  40  57  1974  395  324  3  -2  
9  40  57  1982  395  324  3  -2  
9  40  57  1991  395  324  3  -2  
9  40  57  2000  395  324  3  -2  
9  40  57  2007  395  324  3  -2  
9  40  57  2015  395  324  3  -2  
9  40  57  2024  395  324  3  -2  
9  40  57  2033  395  324  3  -2  
9  40  57  2041  395  324  3  -2  
9  40  57  2050  395  324  3  -2  
9  40  57  2057  395  324  3  -2  
9  40  57  2066  395  324  3  -2  
9  40  57  2074  395  324  3  -2  
9  40  57  2082  395  324  3  -2  
9  40  57  2091  395  324  3  -2  
9  40  57  2100  395  324  3  -2  
9  40  57  2108  395  324  3  -2  
9  40  57  2115  395  324  3  -2  
9  40  57  2124  395  324  3  -2  
9  40  57  2131  395  324  3  -2  
9  40  57  2140  395  324  3  -2  
9  40  57  2149  395  324  3  -2  
9  40  57  2157  395  324  3  -2  
9  40  57  2165  395  324  3  -2  
9  40  57  2173  395  324  3  -2  
9  40  57  2182  395  324  3  -2  
9  40  57  2190  395  324  3  -2  
9  40  57  2199  395  324  3  -2  
9  40  57  2206  395  324  3  -2  
9  40  57  2216  395  324  3  -2  
9  40  57  2223  395  324  3  -2  
9  40  57  2233  395  324  3  -2  
9  40  57  2241  395  324  3  -2  
9  40  57  2249  395  324  3  -2  
9  40  57  2256  395  324  3  -2  
9  40  57  2265  395  324  3  -2  
9  40  57  2273  395  324  3  -2  
9  40  57  2283  395  324  3  -2  
9  40  57  2290  395  324  3  -2  
9  40  57  2299  395  324  3  -2  
9  40  57  2306  395  324  3  -2  
9  40  57  2315  395  324  3  -2  
9  40  57  2323  395  324  3  -2  
9  40  57  2332  395  324  3  -2  
9  40  57  2340  395  324  3  -2  
9  40  57  2349  395  324  3  -2  
9  40  57  2356  397  324  3  -2  
9  40  57  2365  398  324  3  -2  
9  40  57  2373  401  324  3  -2  
9  40  57  2383  405  324  3  -2  
9  40  57  2390  419  324  3  -2  
9  40  57  2399  419  324  3  -2  
9  40  57  2407  443  328  3  -2  
9  40  57  2416  458  331  3  -2  
9  40  57  2424  473  332  3  -2  
9  40  57  2432  485  335  3  -2  
9  40  57  2441  497  336  3  -2  
9  40  57  2449  504  337  4  -2  
9  40  57  2456  511  337  4  -2  
9  40  57  2465  515  337  4  -2  
9  40  57  2474  517  337  4  -2  
9  40  57  2482  519  337  4  -2  
9  40  57  2490  520  337  4  -2  
9  40  57  2499  521  337  4  -2  
9  40  57  2506  522  337  4  -2  
9  40  57  2515  522  337  4  -2  
9  40  57  2522  523  338  4  -2  
9  40  57  2532  525  338  4  -2  
9  40  57  2540  527  338  4  -2  
9  40  57  2549  530  338  4  -2  
9  40  57  2556  534  338  4  -2  
9  40  57  2565  537  340  4  -2  
9  40  57  2574  539  340  4  -2  
9  40  57  2581  539  340  4  -2  
9  40  57  2591  539  340  4  -2  
9  40  57  2598  539  340  4  -2  
9  40  57  2607  539  340  4  -2  
9  40  57  2615  539  340  4  -2  
9  40  57  2624  539  340  4  -2  
9  40  57  2632  539  340  4  -2  
9  40  57  2640  539  340  4  -2  
9  40  57  2649  539  340  4  -2  
9  40  57  2658  539  340  4  -2  
9  40  57  2665  539  340  4  -2  
9  40  57  2674  537  340  4  -2  
9  40  57  2683  537  340  4  -2  
9  40  57  2690  537  340  4  -2  
9  40  57  2700  537  339  4  -2  
9  40  57  2706  537  339  4  -2  
9  40  57  2715  537  339  4  -2  
9  40  57  2725  537  339  4  -2  
9  40  57  2732  537  339  4  -2  
9  40  57  2741  537  339  4  -2  
9  40  58  2749  537  339  4  -2  
9  40  58  2756  537  339  4  -2  
9  40  58  2766  537  339  4  -2  
9  40  58  2775  537  339  4  -2  
9  40  58  2783  537  339  4  -2  
9  40  58  2791  537  339  4  -2  
9  40  58  2800  537  339  4  -2  
9  40  58  2808  537  339  4  -2  
9  40  58  2815  537  339  4  -2  
9  40  58  2824  537  339  4  -2  
9  40  58  2831  537  339  4  -2  
9  40  58  2841  537  339  4  -2  
9  40  58  2850  537  339  4  -2  
9  40  58  2857  537  339  4  -2  
9  40  58  2865  537  339  4  -2  
9  40  58  2875  537  339  4  -2  
9  40  58  2882  536  339  4  -2  
9  40  58  2891  535  339  4  -2  
9  40  58  2898  532  340  4  -2  
9  40  58  2908  531  340  4  -2  
9  40  58  2915  530  340  4  -2  
9  40  58  2925  527  341  4  -2  
9  40  58  2932  527  341  4  -2  
9  40  58  2942  527  341  4  -2  
9  40  58  2964  523  342  4  -2  
9  40  58  2973  523  342  4  -2  
9  40  58  2981  523  342  4  -2  
9  40  58  2991  523  342  4  -2  
9  40  58  2999  522  342  4  -2  
9  40  58  3007  522  342  4  -2  
9  40  58  3014  522  342  4  -2  
9  40  58  3022  521  342  4  -2  
9  40  58  3033  521  342  4  -2  
9  40  58  3040  519  343  4  -2  
9  40  58  3049  519  343  4  -2  
9  40  58  3056  519  343  4  -2  
9  40  58  3065  519  343  4  -2  
9  40  58  3073  518  343  4  -2  
9  40  58  3081  516  343  4  -2  
9  40  58  3091  513  343  4  -2  
9  40  58  3099  511  343  4  -2  
9  40  58  3106  507  343  4  -2  
9  40  58  3116  502  345  4  -2  
9  40  58  3123  498  345  4  -2  
9  40  58  3131  493  345  4  -2  
9  40  58  3141  489  345  4  -2  
9  40  58  3149  487  345  4  -2  
9  40  58  3157  482  345  4  -2  
9  40  58  3165  476  345  4  -2  
9  40  58  3175  470  345  4  -2  
9  40  58  3182  463  345  4  -2  
9  40  58  3191  456  345  4  -2  
9  40  58  3199  451  345  4  -2  
9  40  58  3207  446  345  4  -2  
9  40  58  3216  441  345  4  -2  
9  40  58  3224  430  346  4  -2  
9  40  58  3232  425  346  4  -2  
9  40  58  3241  420  346  4  -2  
9  40  58  3249  415  346  4  -2  
9  40  58  3257  411  346  4  -2  
9  40  58  3265  408  346  4  -2  
9  40  58  3274  405  346  4  -2  
9  40  58  3281  404  346  4  -2  
9  40  58  3290  401  346  4  -2  
9  40  58  3299  400  346  4  -2  
9  40  58  3307  400  346  4  -2  
9  40  58  3315  398  346  4  -2  
9  40  58  3324  397  346  4  -2  
9  40  58  3332  394  346  4  -2  
9  40  58  3341  391  346  4  -2  
9  40  58  3349  386  346  4  -2  
9  40  58  3357  383  346  4  -2  
