16  5  16  0  367  309  1  -2  
16  5  16  9  367  309  1  -2  
16  5  16  16  367  309  1  -2  
16  5  16  25  366  309  1  -2  
16  5  16  33  366  309  1  -2  
16  5  17  42  366  309  1  -2  
16  5  17  50  366  309  1  -2  
16  5  17  59  366  309  1  -2  
16  5  17  66  366  309  1  -2  
16  5  17  76  366  309  1  -2  
16  5  17  82  366  310  1  -2  
16  5  17  92  366  310  1  -2  
16  5  17  100  369  311  1  -2  
16  5  17  110  373  312  1  -2  
16  5  17  116  378  314  1  -2  
16  5  17  126  384  317  1  -2  
16  5  17  133  388  317  1  -2  
16  5  17  142  393  318  1  -2  
16  5  17  151  395  318  1  -2  
16  5  17  159  396  319  1  -2  
16  5  17  166  397  319  1  -2  
16  5  17  175  398  319  1  -2  
16  5  17  183  400  319  1  -2  
16  5  17  192  402  320  1  -2  
16  5  17  199  407  320  1  -2  
16  5  17  210  413  322  1  -2  
16  5  17  217  418  322  1  -2  
16  5  17  227  420  323  1  -2  
16  5  17  234  421  323  1  -2  
16  5  17  243  422  323  1  -2  
16  5  17  251  422  323  1  -2  
16  5  17  260  422  323  1  -2  
16  5  17  266  422  323  1  -2  
16  5  17  276  422  323  1  -2  
16  5  17  283  422  323  1  -2  
16  5  17  292  422  323  1  -2  
16  5  17  300  422  323  1  -2  
16  5  17  309  422  323  1  -2  
16  5  17  316  422  323  1  -2  
16  5  17  325  422  323  1  -2  
16  5  17  333  422  323  1  -2  
16  5  17  342  422  323  1  -2  
16  5  17  350  422  323  1  -2  
16  5  17  359  422  323  1  -2  
16  5  17  367  422  323  1  -2  
16  5  17  375  422  323  1  -2  
16  5  17  383  422  323  1  -2  
16  5  17  392  422  323  1  -2  
16  5  17  400  422  323  1  -2  
16  5  17  409  422  323  1  -2  
16  5  17  416  422  323  1  -2  
16  5  17  425  422  323  1  -2  
16  5  17  433  423  323  1  -2  
16  5  17  442  424  323  1  -2  
16  5  17  450  426  323  1  -2  
16  5  17  459  428  324  1  -2  
16  5  17  467  431  324  1  -2  
16  5  17  477  434  324  1  -2  
16  5  17  483  437  325  1  -2  
16  5  17  492  437  325  1  -2  
16  5  17  501  439  325  1  -2  
16  5  17  509  441  325  1  -2  
16  5  17  517  444  326  1  -2  
16  5  17  526  446  326  1  -2  
16  5  17  533  451  326  1  -2  
16  5  17  542  456  326  1  -2  
16  5  17  550  462  328  1  -2  
16  5  17  559  466  328  1  -2  
16  5  17  566  466  328  1  -2  
16  5  17  575  467  328  1  -2  
16  5  17  584  468  328  1  -2  
16  5  17  592  468  328  1  -2  
16  5  17  600  468  328  1  -2  
16  5  17  609  468  328  1  -2  
16  5  17  616  468  328  1  -2  
16  5  17  625  469  328  1  -2  
16  5  17  634  470  328  1  -2  
16  5  17  642  471  328  1  -2  
16  5  17  650  475  328  1  -2  
16  5  17  661  479  329  1  -2  
16  5  17  667  483  329  1  -2  
16  5  17  676  483  329  1  -2  
16  5  17  683  486  331  1  -2  
16  5  17  692  486  331  1  -2  
16  5  17  700  486  331  1  -2  
16  5  17  709  486  331  1  -2  
16  5  17  716  486  331  1  -2  
16  5  17  726  486  331  1  -2  
16  5  17  734  486  331  1  -2  
16  5  17  742  486  331  1  -2  
16  5  17  750  486  331  1  -2  
16  5  17  759  486  331  1  -2  
16  5  17  766  486  331  1  -2  
16  5  17  775  486  331  1  -2  
16  5  17  784  486  331  1  -2  
16  5  17  792  486  331  1  -2  
16  5  17  801  486  331  1  -2  
16  5  17  808  486  331  1  -2  
16  5  17  816  482  331  1  -2  
16  5  17  825  471  331  1  -2  
16  5  17  834  462  331  1  -2  
16  5  17  842  452  331  1  -2  
16  5  17  850  441  331  1  -2  
16  5  17  859  431  331  1  -2  
16  5  17  866  419  331  1  -2  
16  5  17  874  407  331  1  -2  
16  5  17  884  394  332  1  -2  
16  5  17  892  369  335  1  -2  
16  5  17  900  360  339  1  -2  
16  5  17  909  354  341  1  -2  
16  5  17  916  351  341  1  -2  
16  5  17  925  350  343  1  -2  
16  5  17  932  348  343  1  -2  
16  5  17  941  347  343  1  -2  
16  5  17  949  344  343  1  -2  
16  5  17  958  341  344  1  -2  
16  5  17  966  337  345  1  -2  
16  5  17  974  332  348  1  -2  
16  5  17  982  330  348  1  -2  
16  5  17  991  329  348  1  -2  
16  5  17  1000  329  348  1  -2  
16  5  17  1008  329  348  1  -2  
16  5  17  1015  329  348  1  -2  
16  5  17  1025  329  348  1  -2  
16  5  17  1032  329  348  1  -2  
16  5  18  1041  329  348  1  -2  
16  5  18  1049  329  348  1  -2  
16  5  18  1058  329  348  1  -2  
16  5  18  1066  329  348  1  -2  
16  5  18  1074  329  348  1  -2  
16  5  18  1084  329  348  1  -2  
16  5  18  1092  329  348  1  -2  
16  5  18  1100  328  349  1  -2  
16  5  18  1109  328  349  1  -2  
16  5  18  1116  328  349  1  -2  
16  5  18  1124  328  349  1  -2  
16  5  18  1133  328  349  1  -2  
16  5  18  1141  328  349  1  -2  
16  5  18  1150  331  349  1  -2  
16  5  18  1158  336  350  1  -2  
16  5  18  1166  343  353  1  -2  
16  5  18  1174  348  353  1  -2  
16  5  18  1183  354  354  1  -2  
16  5  18  1191  359  354  1  -2  
16  5  18  1199  364  355  1  -2  
16  5  18  1209  370  356  1  -2  
16  5  18  1216  375  356  1  -2  
16  5  18  1225  382  358  1  -2  
16  5  18  1233  387  358  1  -2  
16  5  18  1242  396  361  1  -2  
16  5  18  1250  408  361  1  -2  
16  5  18  1257  418  361  1  -2  
16  5  18  1266  428  361  1  -2  
16  5  18  1274  438  362  1  -2  
16  5  18  1284  445  362  1  -2  
16  5  18  1292  456  362  1  -2  
16  5  18  1300  461  364  1  -2  
16  5  18  1309  461  364  1  -2  
16  5  18  1317  461  364  1  -2  
16  5  18  1324  463  364  1  -2  
16  5  18  1334  463  364  1  -2  
16  5  18  1342  463  365  1  -2  
16  5  18  1350  465  366  1  -2  
16  5  18  1358  469  367  1  -2  
16  5  18  1366  476  368  1  -2  
16  5  18  1375  484  369  1  -2  
16  5  18  1382  495  370  1  -2  
16  5  18  1391  505  372  1  -2  
16  5  18  1400  513  373  1  -2  
16  5  18  1409  519  373  1  -2  
16  5  18  1417  521  374  1  -2  
16  5  18  1424  521  374  1  -2  
16  5  18  1433  521  374  1  -2  
16  5  18  1441  521  374  1  -2  
16  5  18  1451  521  374  1  -2  
16  5  18  1459  521  374  1  -2  
16  5  18  1466  521  374  1  -2  
16  5  18  1475  521  374  1  -2  
16  5  18  1483  521  374  1  -2  
16  5  18  1492  521  374  1  -2  
16  5  18  1501  521  374  1  -2  
16  5  18  1509  521  374  1  -2  
16  5  18  1516  521  374  1  -2  
16  5  18  1524  521  374  1  -2  
16  5  18  1534  521  374  1  -2  
16  5  18  1541  521  374  1  -2  
16  5  18  1551  521  374  1  -2  
16  5  18  1559  521  374  1  -2  
16  5  18  1566  521  374  1  -2  
16  5  18  1575  521  374  1  -2  
16  5  18  1584  519  374  1  -2  
16  5  18  1591  519  374  1  -2  
16  5  18  1600  518  374  1  -2  
16  5  18  1609  514  374  1  -2  
16  5  18  1616  509  374  1  -2  
16  5  18  1625  504  374  1  -2  
16  5  18  1634  495  374  1  -2  
16  5  18  1641  487  374  1  -2  
16  5  18  1651  480  374  1  -2  
16  5  18  1660  473  376  1  -2  
16  5  18  1668  456  376  1  -2  
16  5  18  1674  448  376  1  -2  
16  5  18  1684  448  376  1  -2  
16  5  18  1691  428  377  1  -2  
16  5  18  1701  419  378  1  -2  
16  5  18  1709  414  378  1  -2  
16  5  18  1718  410  378  1  -2  
16  5  18  1726  409  378  1  -2  
16  5  18  1734  407  380  1  -2  
16  5  18  1743  405  380  1  -2  
16  5  18  1751  400  381  1  -2  
16  5  18  1758  398  381  1  -2  
16  5  18  1767  394  381  1  -2  
16  5  18  1775  390  382  1  -2  
16  5  18  1784  389  382  1  -2  
16  5  18  1794  389  382  1  -2  
16  5  18  1800  389  382  1  -2  
16  5  18  1808  389  382  1  -2  
16  5  18  1817  389  382  1  -2  
16  5  18  1826  389  382  1  -2  
16  5  18  1834  389  382  1  -2  
16  5  18  1841  388  382  1  -2  
16  5  18  1851  388  382  1  -2  
16  5  18  1860  388  382  1  -2  
16  5  18  1868  388  382  1  -2  
16  5  18  1875  388  382  1  -2  
16  5  18  1885  388  382  1  -2  
16  5  18  1894  388  382  1  -2  
16  5  18  1903  388  382  1  -2  
16  5  18  1910  386  383  1  -2  
16  5  18  1918  386  383  1  -2  
16  5  18  1927  386  383  1  -2  
16  5  18  1935  386  383  1  -2  
16  5  18  1944  386  383  1  -2  
16  5  18  1951  386  383  1  -2  
16  5  18  1960  383  383  1  -2  
16  5  18  1968  379  383  1  -2  
16  5  18  1977  377  383  1  -2  
16  5  18  1985  374  383  1  -2  
16  5  18  1992  374  383  1  -2  
16  5  18  2002  374  383  1  -2  
16  5  18  2010  374  383  1  -2  
16  5  18  2018  374  383  1  -2  
16  5  18  2027  374  383  1  -2  
16  5  19  2035  374  383  1  -2  
16  5  19  2043  374  383  1  -2  
16  5  19  2052  374  383  1  -2  
16  5  19  2061  377  383  1  -2  
16  5  19  2069  383  383  1  -2  
16  5  19  2077  390  383  1  -2  
16  5  19  2085  402  387  1  -2  
16  5  19  2093  416  389  1  -2  
16  5  19  2102  437  392  1  -2  
16  5  19  2110  460  397  1  -2  
16  5  19  2119  483  401  1  -2  
16  5  19  2127  505  404  1  -2  
16  5  19  2135  518  405  1  -2  
16  5  19  2144  529  408  1  -2  
16  5  19  2152  531  409  1  -2  
16  5  19  2161  531  409  1  -2  
16  5  19  2169  531  409  1  -2  
16  5  19  2177  531  409  1  -2  
16  5  19  2185  531  409  1  -2  
16  5  19  2194  531  409  1  -2  
16  5  19  2202  531  409  1  -2  
16  5  19  2211  531  409  1  -2  
16  5  19  2219  532  409  1  -2  
16  5  19  2227  532  409  1  -2  
16  5  19  2235  532  409  1  -2  
16  5  19  2243  532  409  1  -2  
16  5  19  2252  532  409  1  -2  
16  5  19  2261  532  409  1  -2  
16  5  19  2269  532  409  1  -2  
16  5  19  2277  532  409  1  -2  
16  5  19  2285  532  409  1  -2  
16  5  19  2294  532  409  1  -2  
16  5  19  2302  532  409  1  -2  
16  5  19  2311  532  409  1  -2  
16  5  19  2319  532  409  1  -2  
16  5  19  2327  532  409  1  -2  
16  5  19  2335  532  409  1  -2  
16  5  19  2344  531  409  1  -2  
16  5  19  2352  528  409  1  -2  
16  5  19  2361  521  409  1  -2  
16  5  19  2369  512  408  1  -2  
16  5  19  2377  502  406  1  -2  
16  5  19  2386  488  406  1  -2  
16  5  19  2393  478  406  1  -2  
16  5  19  2402  468  406  1  -2  
16  5  19  2411  462  406  1  -2  
16  5  19  2419  456  406  1  -2  
16  5  19  2428  445  406  1  -2  
16  5  19  2436  438  406  1  -2  
16  5  19  2443  428  406  1  -2  
16  5  19  2452  428  406  1  -2  
16  5  19  2461  409  406  1  -2  
16  5  19  2469  402  406  1  -2  
16  5  19  2477  397  406  1  -2  
16  5  19  2486  394  406  1  -2  
16  5  19  2494  392  406  1  -2  
16  5  19  2502  391  406  1  -2  
16  5  19  2510  391  406  1  -2  
16  5  19  2518  391  406  1  -2  
16  5  19  2527  391  406  1  -2  
16  5  19  2535  391  406  1  -2  
16  5  19  2544  391  406  1  -2  
16  5  19  2552  387  406  1  -2  
16  5  19  2560  384  406  1  -2  
16  5  19  2569  380  406  1  -2  
16  5  19  2577  375  406  1  -2  
16  5  19  2585  372  406  1  -2  
16  5  19  2594  371  406  1  -2  
16  5  19  2602  371  406  1  -2  
16  5  19  2610  371  406  1  -2  
16  5  19  2617  371  406  1  -2  
16  5  19  2626  371  406  1  -2  
16  5  19  2634  371  406  1  -2  
16  5  19  2643  371  406  1  -2  
16  5  19  2651  371  406  1  -2  
16  5  19  2661  371  406  1  -2  
16  5  19  2670  371  406  1  -2  
16  5  19  2677  371  406  1  -2  
16  5  19  2684  371  406  1  -2  
16  5  19  2693  371  406  1  -2  
16  5  19  2701  371  406  1  -2  
16  5  19  2710  371  406  1  -2  
16  5  19  2718  371  406  1  -2  
16  5  19  2727  371  406  1  -2  
16  5  19  2734  371  406  1  -2  
16  5  19  2743  371  406  1  -2  
16  5  19  2752  371  406  1  -2  
16  5  19  2760  371  406  1  -2  
16  5  19  2769  371  406  1  -2  
