14  46  41  0  359  330  1  -2  
14  46  41  8  359  330  1  -2  
14  46  41  18  359  330  1  -2  
14  46  41  25  359  330  1  -2  
14  46  41  33  359  330  1  -2  
14  46  41  41  359  330  1  -2  
14  46  41  50  359  330  1  -2  
14  46  41  59  359  330  1  -2  
14  46  41  68  359  330  1  -2  
14  46  41  75  359  330  1  -2  
14  46  41  84  359  330  1  -2  
14  46  41  93  359  330  1  -2  
14  46  41  101  359  330  1  -2  
14  46  41  109  359  330  1  -2  
14  46  41  116  359  330  1  -2  
14  46  41  125  359  330  1  -2  
14  46  41  133  359  330  1  -2  
14  46  41  141  359  330  1  -2  
14  46  41  149  359  330  1  -2  
14  46  41  158  359  330  1  -2  
14  46  41  166  359  330  1  -2  
14  46  41  174  359  330  1  -2  
14  46  41  183  359  330  1  -2  
14  46  41  190  359  330  1  -2  
14  46  41  199  362  330  1  -2  
14  46  41  208  371  330  1  -2  
14  46  41  215  383  330  1  -2  
14  46  41  225  396  330  1  -2  
14  46  41  232  408  330  1  -2  
14  46  42  241  421  330  1  -2  
14  46  42  249  431  330  1  -2  
14  46  42  258  439  330  1  -2  
14  46  42  265  449  330  1  -2  
14  46  42  274  454  330  1  -2  
14  46  42  282  456  330  1  -2  
14  46  42  291  458  330  1  -2  
14  46  42  300  458  330  1  -2  
14  46  42  308  458  330  1  -2  
14  46  42  316  458  330  1  -2  
14  46  42  324  458  330  1  -2  
14  46  42  333  458  330  1  -2  
14  46  42  341  458  330  1  -2  
14  46  42  349  458  330  1  -2  
14  46  42  358  458  330  1  -2  
14  46  42  367  458  330  1  -2  
14  46  42  374  458  330  1  -2  
14  46  42  383  458  330  1  -2  
14  46  42  391  458  330  1  -2  
14  46  42  399  458  330  1  -2  
14  46  42  408  459  330  1  -2  
14  46  42  417  463  330  1  -2  
14  46  42  424  473  330  1  -2  
14  46  42  433  483  330  1  -2  
14  46  42  442  493  330  1  -2  
14  46  42  450  500  330  2  -2  
14  46  42  459  507  330  2  -2  
14  46  42  467  512  330  2  -2  
14  46  42  476  515  330  2  -2  
14  46  42  486  515  330  2  -2  
14  46  42  492  515  330  2  -2  
14  46  42  501  515  330  2  -2  
14  46  42  509  515  330  2  -2  
14  46  42  518  515  330  2  -2  
14  46  42  527  515  330  2  -2  
14  46  42  534  515  330  2  -2  
14  46  42  542  515  330  2  -2  
14  46  42  551  515  330  2  -2  
14  46  42  559  515  330  2  -2  
14  46  42  568  515  330  2  -2  
14  46  42  576  515  330  2  -2  
14  46  42  584  515  330  2  -2  
14  46  42  592  515  330  2  -2  
14  46  42  600  515  330  2  -2  
14  46  42  608  515  330  2  -2  
14  46  42  618  515  330  2  -2  
14  46  42  626  515  330  2  -2  
14  46  42  635  515  330  2  -2  
14  46  42  642  515  330  2  -2  
14  46  42  650  515  330  2  -2  
14  46  42  660  515  330  2  -2  
14  46  42  668  515  330  2  -2  
14  46  42  675  515  330  2  -2  
14  46  42  685  515  330  2  -2  
14  46  42  692  515  330  2  -2  
14  46  42  701  515  330  2  -2  
14  46  42  709  515  330  2  -2  
14  46  42  718  515  330  2  -2  
14  46  42  725  515  330  2  -2  
14  46  42  737  515  330  2  -2  
14  46  42  743  515  330  2  -2  
14  46  42  751  515  330  2  -2  
14  46  42  760  515  330  2  -2  
14  46  42  768  515  330  2  -2  
14  46  42  778  515  330  2  -2  
14  46  42  786  515  330  2  -2  
14  46  42  794  515  330  2  -2  
14  46  42  801  515  330  2  -2  
14  46  42  810  515  330  2  -2  
14  46  42  819  515  330  2  -2  
14  46  42  827  515  330  2  -2  
14  46  42  837  515  330  2  -2  
14  46  42  844  515  330  2  -2  
14  46  42  854  515  330  2  -2  
14  46  42  861  515  330  2  -2  
14  46  42  871  515  330  2  -2  
14  46  42  878  515  330  2  -2  
14  46  42  887  515  330  2  -2  
14  46  42  894  515  330  2  -2  
14  46  42  903  515  330  2  -2  
14  46  42  910  515  330  2  -2  
14  46  42  921  515  330  2  -2  
14  46  42  928  515  330  2  -2  
14  46  42  937  515  330  2  -2  
14  46  42  943  515  330  2  -2  
14  46  42  954  515  330  2  -2  
14  46  42  960  515  330  2  -2  
14  46  42  969  515  330  2  -2  
14  46  42  978  515  330  2  -2  
14  46  42  987  515  330  2  -2  
14  46  42  994  515  330  2  -2  
14  46  42  1003  515  330  2  -2  
14  46  42  1010  515  330  2  -2  
14  46  42  1020  515  330  2  -2  
14  46  42  1027  515  330  2  -2  
14  46  42  1036  515  330  2  -2  
14  46  42  1043  515  330  2  -2  
14  46  42  1054  515  330  2  -2  
14  46  42  1060  515  330  2  -2  
14  46  42  1071  515  330  2  -2  
14  46  42  1077  507  330  2  -2  
14  46  42  1087  507  330  2  -2  
14  46  42  1095  488  330  2  -2  
14  46  42  1102  477  330  2  -2  
14  46  42  1111  464  330  2  -2  
14  46  42  1121  452  330  2  -2  
14  46  42  1128  439  330  2  -2  
14  46  42  1137  425  330  2  -2  
14  46  42  1144  414  330  2  -2  
14  46  42  1153  404  330  2  -2  
14  46  42  1160  394  330  3  -2  
14  46  42  1171  384  330  3  -2  
14  46  42  1178  376  328  3  -2  
14  46  42  1188  371  328  3  -2  
14  46  42  1194  364  328  3  -2  
14  46  42  1205  359  328  3  -2  
14  46  42  1211  354  328  3  -2  
14  46  42  1222  349  328  3  -2  
14  46  42  1228  343  328  3  -2  
14  46  43  1237  343  328  3  -2  
14  46  43  1244  341  328  3  -2  
14  46  43  1254  341  328  3  -2  
14  46  43  1261  341  328  3  -2  
14  46  43  1272  341  328  3  -2  
14  46  43  1278  340  328  3  -2  
14  46  43  1287  340  328  3  -2  
14  46  43  1295  340  328  3  -2  
14  46  43  1304  340  328  3  -2  
14  46  43  1310  340  328  3  -2  
14  46  43  1322  340  328  3  -2  
14  46  43  1328  340  328  3  -2  
14  46  43  1337  340  328  3  -2  
14  46  43  1343  340  328  3  -2  
14  46  43  1354  340  328  3  -2  
14  46  43  1360  340  328  3  -2  
14  46  43  1369  340  328  3  -2  
14  46  43  1378  340  328  3  -2  
14  46  43  1387  340  328  3  -2  
14  46  43  1395  340  328  3  -2  
14  46  43  1404  340  328  3  -2  
14  46  43  1412  340  328  3  -2  
14  46  43  1420  340  328  3  -2  
14  46  43  1428  340  328  3  -2  
14  46  43  1437  340  328  3  -2  
14  46  43  1445  340  328  3  -2  
14  46  43  1455  340  328  3  -2  
14  46  43  1461  340  328  3  -2  
14  46  43  1472  340  328  3  -2  
14  46  43  1478  340  328  3  -2  
14  46  43  1487  340  328  3  -2  
14  46  43  1495  340  328  3  -2  
14  46  43  1504  340  328  3  -2  
14  46  43  1511  340  328  3  -2  
14  46  43  1521  340  328  3  -2  
14  46  43  1528  340  328  3  -2  
14  46  43  1537  340  328  3  -2  
14  46  43  1544  340  328  3  -2  
14  46  43  1554  340  328  3  -2  
14  46  43  1560  340  328  3  -2  
14  46  43  1570  339  328  3  -2  
14  46  43  1579  339  328  3  -2  
14  46  43  1586  340  328  3  -2  
14  46  43  1594  341  328  3  -2  
14  46  43  1605  341  328  3  -2  
14  46  43  1611  345  328  3  -2  
14  46  43  1621  346  328  3  -2  
14  46  43  1629  355  329  3  -2  
14  46  43  1637  360  329  3  -2  
14  46  43  1645  360  329  3  -2  
14  46  43  1654  366  329  3  -2  
14  46  43  1662  377  329  3  -2  
14  46  43  1672  386  331  3  -2  
14  46  43  1679  393  331  3  -2  
14  46  43  1689  400  331  3  -2  
14  46  43  1696  405  331  3  -2  
14  46  43  1706  412  331  3  -2  
14  46  43  1712  417  333  3  -2  
14  46  43  1722  427  333  3  -2  
14  46  43  1729  437  333  3  -2  
14  46  43  1738  447  334  3  -2  
14  46  43  1745  459  335  3  -2  
14  46  43  1754  468  335  3  -2  
14  46  43  1762  478  335  3  -2  
14  46  43  1772  483  335  3  -2  
14  46  43  1778  490  335  3  -2  
14  46  43  1788  495  335  3  -2  
14  46  43  1795  499  335  3  -2  
14  46  43  1804  504  335  4  -2  
14  46  43  1812  505  335  4  -2  
14  46  43  1821  509  335  4  -2  
14  46  43  1829  512  335  4  -2  
14  46  43  1839  512  335  4  -2  
14  46  43  1845  513  335  4  -2  
14  46  43  1854  513  335  4  -2  
14  46  43  1859  514  335  4  -2  
14  46  43  1870  514  335  4  -2  
14  46  43  1878  514  335  4  -2  
14  46  43  1888  514  335  4  -2  
14  46  43  1893  515  335  4  -2  
14  46  43  1904  515  335  4  -2  
14  46  43  1910  516  335  4  -2  
14  46  43  1921  516  335  4  -2  
14  46  43  1928  516  335  4  -2  
14  46  43  1938  516  335  4  -2  
14  46  43  1944  516  335  4  -2  
14  46  43  1955  516  335  4  -2  
14  46  43  1961  516  335  4  -2  
14  46  43  1971  516  335  4  -2  
14  46  43  1977  516  335  4  -2  
14  46  43  1988  516  335  4  -2  
14  46  43  1994  516  335  4  -2  
14  46  43  2003  516  335  4  -2  
14  46  43  2011  516  335  4  -2  
14  46  43  2021  516  335  4  -2  
14  46  43  2028  516  335  4  -2  
14  46  43  2038  516  335  4  -2  
14  46  43  2044  516  335  4  -2  
14  46  43  2054  516  335  4  -2  
14  46  43  2061  516  335  4  -2  
14  46  43  2071  516  335  4  -2  
14  46  43  2078  516  335  4  -2  
14  46  43  2088  516  335  4  -2  
14  46  43  2094  516  335  4  -2  
14  46  43  2104  516  335  4  -2  
14  46  43  2111  516  335  4  -2  
14  46  43  2121  516  335  4  -2  
14  46  43  2127  516  335  4  -2  
14  46  43  2138  516  335  4  -2  
14  46  43  2144  516  335  4  -2  
14  46  43  2154  516  335  4  -2  
14  46  43  2161  516  335  4  -2  
14  46  43  2171  516  335  4  -2  
14  46  43  2178  516  335  4  -2  
14  46  43  2188  516  335  4  -2  
14  46  43  2194  516  335  4  -2  
14  46  43  2205  516  335  4  -2  
14  46  43  2211  516  335  4  -2  
14  46  43  2221  516  335  4  -2  
14  46  43  2228  516  335  4  -2  
14  46  44  2238  516  335  4  -2  
14  46  44  2244  516  335  4  -2  
14  46  44  2254  516  335  4  -2  
14  46  44  2261  516  335  4  -2  
14  46  44  2271  516  335  4  -2  
14  46  44  2276  516  335  4  -2  
14  46  44  2287  516  335  4  -2  
14  46  44  2295  516  335  4  -2  
14  46  44  2303  516  335  4  -2  
14  46  44  2312  516  335  4  -2  
14  46  44  2321  516  335  4  -2  
14  46  44  2329  516  335  4  -2  
14  46  44  2337  516  335  4  -2  
14  46  44  2345  516  335  4  -2  
14  46  44  2354  516  335  4  -2  
14  46  44  2362  516  335  4  -2  
14  46  44  2370  516  335  4  -2  
14  46  44  2378  516  335  4  -2  
14  46  44  2388  516  335  4  -2  
14  46  44  2395  516  335  4  -2  
14  46  44  2404  516  335  4  -2  
14  46  44  2411  514  335  4  -2  
14  46  44  2420  509  335  4  -2  
14  46  44  2428  500  335  4  -2  
14  46  44  2437  490  335  4  -2  
14  46  44  2446  462  332  4  -2  
14  46  44  2455  447  331  4  -2  
14  46  44  2462  428  331  4  -2  
14  46  44  2471  412  331  4  -2  
14  46  44  2479  394  331  5  -2  
14  46  44  2488  379  331  5  -2  
14  46  44  2494  367  331  5  -2  
14  46  44  2504  360  331  5  -2  
14  46  44  2511  355  331  5  -2  
14  46  44  2521  354  331  5  -2  
14  46  44  2528  352  330  5  -2  
14  46  44  2537  352  330  5  -2  
14  46  44  2545  352  330  5  -2  
14  46  44  2554  352  330  5  -2  
14  46  44  2561  352  330  5  -2  
14  46  44  2570  352  330  5  -2  
14  46  44  2578  352  330  5  -2  
14  46  44  2587  352  330  5  -2  
14  46  44  2595  352  330  5  -2  
14  46  44  2603  352  330  5  -2  
14  46  44  2611  352  330  5  -2  
14  46  44  2620  352  330  5  -2  
14  46  44  2628  352  330  5  -2  
14  46  44  2637  352  330  5  -2  
14  46  44  2645  352  330  5  -2  
14  46  44  2654  352  330  5  -2  
14  46  44  2661  352  330  5  -2  
14  46  44  2670  352  330  5  -2  
14  46  44  2679  352  330  5  -2  
14  46  44  2687  352  330  5  -2  
14  46  44  2695  352  330  5  -2  
14  46  44  2705  352  330  5  -2  
14  46  44  2712  352  330  5  -2  
14  46  44  2721  352  330  5  -2  
14  46  44  2728  352  330  5  -2  
14  46  44  2739  352  330  5  -2  
14  46  44  2745  352  330  5  -2  
14  46  44  2754  352  330  5  -2  
14  46  44  2762  352  330  5  -2  
14  46  44  2771  352  330  5  -2  
14  46  44  2778  352  330  5  -2  
14  46  44  2787  352  330  5  -2  
14  46  44  2795  352  330  5  -2  
14  46  44  2804  352  330  5  -2  
14  46  44  2812  352  330  5  -2  
14  46  44  2821  352  330  5  -2  
14  46  44  2828  352  330  5  -2  
14  46  44  2837  352  330  5  -2  
14  46  44  2845  352  330  5  -2  
14  46  44  2854  352  330  5  -2  
14  46  44  2862  352  330  5  -2  
14  46  44  2870  352  330  5  -2  
14  46  44  2879  352  330  5  -2  
14  46  44  2887  352  330  5  -2  
14  46  44  2894  352  330  5  -2  
14  46  44  2904  352  330  5  -2  
14  46  44  2912  352  330  5  -2  
