16  5  25  0  379  320  1  -2  
16  5  25  8  379  320  1  -2  
16  5  25  16  379  320  1  -2  
16  5  25  25  379  320  1  -2  
16  5  25  34  379  320  1  -2  
16  5  25  41  379  320  1  -2  
16  5  25  50  379  320  1  -2  
16  5  25  58  379  320  1  -2  
16  5  25  67  379  320  1  -2  
16  5  25  75  379  320  1  -2  
16  5  25  83  382  320  1  -2  
16  5  25  91  387  320  1  -2  
16  5  25  100  396  320  1  -2  
16  5  25  109  404  321  1  -2  
16  5  25  116  413  323  1  -2  
16  5  25  125  423  324  1  -2  
16  5  25  135  432  326  1  -2  
16  5  25  141  439  327  1  -2  
16  5  25  150  444  327  1  -2  
16  5  25  158  449  327  1  -2  
16  5  25  166  451  329  1  -2  
16  5  25  175  452  329  1  -2  
16  5  25  184  453  329  1  -2  
16  5  25  191  453  329  1  -2  
16  5  25  200  455  329  1  -2  
16  5  25  209  456  330  1  -2  
16  5  25  219  457  330  1  -2  
16  5  25  227  461  331  1  -2  
16  5  25  236  467  333  1  -2  
16  5  25  244  474  335  1  -2  
16  5  25  254  477  335  1  -2  
16  5  25  260  479  335  1  -2  
16  5  25  269  480  335  1  -2  
16  5  25  277  480  335  1  -2  
16  5  25  287  480  335  1  -2  
16  5  25  294  480  335  1  -2  
16  5  25  305  480  335  1  -2  
16  5  25  309  480  335  1  -2  
16  5  25  321  480  335  1  -2  
16  5  25  327  480  335  1  -2  
16  5  25  338  480  335  1  -2  
16  5  25  344  480  335  1  -2  
16  5  25  354  480  335  1  -2  
16  5  25  361  480  335  1  -2  
16  5  25  370  480  335  1  -2  
16  5  25  377  473  336  1  -2  
16  5  25  388  463  339  1  -2  
16  5  25  395  450  340  1  -2  
16  5  25  405  438  343  1  -2  
16  5  25  412  426  343  1  -2  
16  5  25  421  417  347  1  -2  
16  5  25  429  407  349  1  -2  
16  5  25  438  401  352  1  -2  
16  5  25  445  394  354  1  -2  
16  5  25  455  387  355  1  -2  
16  5  25  462  376  359  1  -2  
16  5  25  472  376  359  1  -2  
16  5  25  479  365  364  1  -2  
16  5  25  488  362  364  1  -2  
16  5  25  496  360  365  1  -2  
16  5  25  505  358  365  1  -2  
16  5  25  512  357  366  1  -2  
16  5  25  521  357  366  1  -2  
16  5  25  528  357  366  1  -2  
16  5  25  537  357  366  1  -2  
16  5  25  545  357  366  1  -2  
16  5  25  555  357  366  1  -2  
16  5  25  561  357  366  1  -2  
16  5  25  573  357  366  1  -2  
16  5  25  578  357  366  1  -2  
16  5  25  587  357  366  1  -2  
16  5  25  595  357  366  1  -2  
16  5  25  605  357  366  1  -2  
16  5  25  613  357  366  1  -2  
16  5  25  621  357  366  1  -2  
16  5  25  628  357  366  1  -2  
16  5  25  637  357  366  1  -2  
16  5  25  645  357  366  1  -2  
16  5  25  654  357  366  1  -2  
16  5  25  663  357  366  1  -2  
16  5  25  670  357  366  1  -2  
16  5  25  678  357  366  1  -2  
16  5  25  687  357  366  1  -2  
16  5  25  695  357  366  1  -2  
16  5  25  704  357  366  1  -2  
16  5  25  713  357  366  1  -2  
16  5  25  721  357  366  1  -2  
16  5  25  728  357  366  1  -2  
16  5  25  737  357  366  1  -2  
16  5  25  745  357  366  1  -2  
16  5  25  755  357  366  1  -2  
16  5  25  762  357  366  1  -2  
16  5  25  771  357  366  1  -2  
16  5  25  778  357  366  1  -2  
16  5  25  787  357  366  1  -2  
16  5  25  795  357  366  1  -2  
16  5  25  804  357  366  1  -2  
16  5  25  813  357  366  1  -2  
16  5  25  821  357  366  1  -2  
16  5  25  828  357  366  1  -2  
16  5  25  837  357  366  1  -2  
16  5  26  845  357  366  1  -2  
16  5  26  854  357  366  1  -2  
16  5  26  863  357  366  1  -2  
16  5  26  870  357  366  1  -2  
16  5  26  878  357  366  1  -2  
16  5  26  887  357  366  1  -2  
16  5  26  895  357  366  1  -2  
16  5  26  904  357  366  1  -2  
16  5  26  913  357  366  1  -2  
16  5  26  920  357  366  1  -2  
16  5  26  928  357  366  1  -2  
16  5  26  938  357  366  1  -2  
16  5  26  945  357  368  1  -2  
16  5  26  955  358  369  1  -2  
16  5  26  963  363  370  1  -2  
16  5  26  971  370  373  1  -2  
16  5  26  978  380  374  1  -2  
16  5  26  988  392  375  1  -2  
16  5  26  995  407  377  1  -2  
16  5  26  1004  422  379  1  -2  
16  5  26  1012  437  379  1  -2  
16  5  26  1021  450  379  1  -2  
16  5  26  1029  460  379  1  -2  
16  5  26  1038  467  381  1  -2  
16  5  26  1045  473  382  1  -2  
16  5  26  1054  478  382  1  -2  
16  5  26  1063  482  383  1  -2  
16  5  26  1071  488  386  1  -2  
16  5  26  1078  502  391  1  -2  
16  5  26  1088  502  391  1  -2  
16  5  26  1096  514  394  1  -2  
16  5  26  1105  519  397  1  -2  
16  5  26  1113  519  397  1  -2  
16  5  26  1120  520  397  1  -2  
16  5  26  1128  520  397  1  -2  
16  5  26  1138  520  397  1  -2  
16  5  26  1145  521  397  1  -2  
16  5  26  1154  521  397  1  -2  
16  5  26  1163  521  397  1  -2  
16  5  26  1171  521  397  1  -2  
16  5  26  1178  521  397  1  -2  
16  5  26  1187  521  397  1  -2  
16  5  26  1195  521  397  1  -2  
16  5  26  1205  521  397  1  -2  
16  5  26  1213  521  397  1  -2  
16  5  26  1220  521  397  1  -2  
16  5  26  1229  521  397  1  -2  
16  5  26  1237  521  397  1  -2  
16  5  26  1247  521  397  1  -2  
16  5  26  1255  521  397  1  -2  
16  5  26  1263  521  397  1  -2  
16  5  26  1270  521  397  1  -2  
16  5  26  1279  521  397  1  -2  
16  5  26  1287  521  397  1  -2  
16  5  26  1296  521  397  1  -2  
16  5  26  1304  521  397  1  -2  
16  5  26  1313  521  397  1  -2  
16  5  26  1321  521  397  1  -2  
16  5  26  1329  521  397  1  -2  
16  5  26  1337  521  397  1  -2  
16  5  26  1347  521  397  1  -2  
16  5  26  1355  521  397  1  -2  
16  5  26  1363  521  397  1  -2  
16  5  26  1370  521  397  1  -2  
16  5  26  1379  521  397  1  -2  
16  5  26  1388  521  397  1  -2  
16  5  26  1397  521  397  1  -2  
16  5  26  1403  521  397  1  -2  
16  5  26  1412  521  397  1  -2  
16  5  26  1420  521  397  1  -2  
16  5  26  1428  519  397  1  -2  
16  5  26  1436  516  397  1  -2  
16  5  26  1446  510  397  1  -2  
16  5  26  1453  497  397  1  -2  
16  5  26  1463  479  397  1  -2  
16  5  26  1470  428  398  1  -2  
16  5  26  1480  428  398  1  -2  
16  5  26  1487  395  398  1  -2  
16  5  26  1496  383  398  1  -2  
16  5  26  1505  377  398  1  -2  
16  5  26  1513  374  398  1  -2  
16  5  26  1521  372  398  1  -2  
16  5  26  1529  369  398  1  -2  
16  5  26  1537  366  398  1  -2  
16  5  26  1546  362  399  1  -2  
16  5  26  1554  355  400  1  -2  
16  5  26  1563  351  400  1  -2  
16  5  26  1573  345  401  1  -2  
16  5  26  1580  342  402  1  -2  
16  5  26  1587  340  403  1  -2  
16  5  26  1596  340  403  1  -2  
16  5  26  1605  340  403  1  -2  
16  5  26  1613  340  403  1  -2  
16  5  26  1621  340  403  1  -2  
16  5  26  1630  340  403  1  -2  
16  5  26  1638  340  403  1  -2  
16  5  26  1646  340  403  1  -2  
16  5  26  1655  340  403  1  -2  
16  5  26  1663  339  403  1  -2  
16  5  26  1670  338  403  1  -2  
16  5  26  1680  338  403  1  -2  
16  5  26  1688  338  403  1  -2  
16  5  26  1697  338  403  1  -2  
16  5  26  1705  338  403  1  -2  
16  5  26  1713  338  403  1  -2  
16  5  26  1720  338  403  1  -2  
16  5  26  1730  338  403  1  -2  
16  5  26  1738  338  403  1  -2  
16  5  26  1747  338  403  1  -2  
16  5  26  1755  338  403  1  -2  
16  5  26  1764  338  403  1  -2  
16  5  26  1772  338  403  1  -2  
16  5  26  1780  338  403  1  -2  
16  5  26  1788  338  403  1  -2  
16  5  26  1796  338  403  1  -2  
16  5  26  1805  338  403  1  -2  
16  5  26  1813  338  403  1  -2  
16  5  26  1821  338  403  1  -2  
16  5  26  1830  338  403  1  -2  
16  5  27  1838  338  403  1  -2  
16  5  27  1847  338  403  1  -2  
