9  40  46  0  348  318  1  -2  
9  40  46  8  348  318  1  -2  
9  40  47  16  348  318  1  -2  
9  40  47  25  348  318  1  -2  
9  40  47  32  348  318  1  -2  
9  40  47  41  348  318  1  -2  
9  40  47  48  348  318  1  -2  
9  40  47  57  348  318  1  -2  
9  40  47  65  348  318  1  -2  
9  40  47  73  348  318  1  -2  
9  40  47  82  348  318  1  -2  
9  40  47  91  348  318  1  -2  
9  40  47  98  348  318  1  -2  
9  40  47  107  348  318  1  -2  
9  40  47  116  348  318  1  -2  
9  40  47  123  348  318  1  -2  
9  40  47  133  348  318  1  -2  
9  40  47  141  348  318  1  -2  
9  40  47  148  348  318  1  -2  
9  40  47  157  348  318  1  -2  
9  40  47  166  348  318  1  -2  
9  40  47  174  348  318  1  -2  
9  40  47  183  348  318  1  -2  
9  40  47  191  348  318  1  -2  
9  40  47  198  348  318  1  -2  
9  40  47  207  348  318  1  -2  
9  40  47  215  348  318  1  -2  
9  40  47  223  348  318  1  -2  
9  40  47  232  348  318  1  -2  
9  40  47  241  348  318  1  -2  
9  40  47  250  349  318  1  -2  
9  40  47  258  351  318  1  -2  
9  40  47  266  352  318  1  -2  
9  40  47  275  354  317  1  -2  
9  40  47  282  356  317  1  -2  
9  40  47  291  357  317  1  -2  
9  40  47  298  362  317  1  -2  
9  40  47  307  371  317  1  -2  
9  40  47  316  377  317  1  -2  
9  40  47  325  386  317  1  -2  
9  40  47  332  397  317  1  -2  
9  40  47  341  409  317  1  -2  
9  40  47  348  422  317  1  -2  
9  40  47  357  434  317  1  -2  
9  40  47  367  444  317  1  -2  
9  40  47  376  456  317  1  -2  
9  40  47  383  476  317  1  -2  
9  40  47  391  476  317  1  -2  
9  40  47  399  487  317  1  -2  
9  40  47  408  494  317  1  -2  
9  40  47  416  509  317  2  -2  
9  40  47  425  513  317  2  -2  
9  40  47  433  513  317  2  -2  
9  40  47  441  515  317  2  -2  
9  40  47  449  516  315  2  -2  
9  40  47  458  518  315  2  -2  
9  40  47  466  519  314  2  -2  
9  40  47  475  520  314  2  -2  
9  40  47  482  521  314  2  -2  
9  40  47  491  522  314  2  -2  
9  40  47  499  522  314  2  -2  
9  40  47  508  523  314  2  -2  
9  40  47  516  526  314  2  -2  
9  40  47  524  527  314  2  -2  
9  40  47  533  531  314  2  -2  
9  40  47  541  535  314  2  -2  
9  40  47  550  536  314  2  -2  
9  40  47  557  540  314  2  -2  
9  40  47  566  543  314  2  -2  
9  40  47  575  545  314  2  -2  
9  40  47  583  548  314  2  -2  
9  40  47  591  549  314  2  -2  
9  40  47  600  552  314  2  -2  
9  40  47  607  553  314  2  -2  
9  40  47  616  553  314  2  -2  
9  40  47  626  556  314  2  -2  
9  40  47  633  557  314  2  -2  
9  40  47  641  560  314  2  -2  
9  40  47  650  560  314  2  -2  
9  40  47  658  560  314  2  -2  
9  40  47  666  561  314  2  -2  
9  40  47  676  561  314  2  -2  
9  40  47  683  563  313  2  -2  
9  40  47  691  563  313  2  -2  
9  40  47  699  563  313  2  -2  
9  40  47  708  563  313  2  -2  
9  40  47  716  563  313  2  -2  
9  40  47  725  563  313  2  -2  
9  40  47  733  563  313  2  -2  
9  40  47  740  563  313  2  -2  
9  40  47  749  563  313  2  -2  
9  40  47  758  563  313  2  -2  
9  40  47  766  563  313  2  -2  
9  40  47  776  563  313  2  -2  
9  40  47  782  563  313  2  -2  
9  40  47  791  563  313  2  -2  
9  40  47  800  563  313  2  -2  
9  40  47  807  563  313  2  -2  
9  40  47  816  563  313  2  -2  
9  40  47  826  563  313  2  -2  
9  40  47  833  563  313  2  -2  
9  40  47  840  563  313  2  -2  
9  40  47  849  563  313  2  -2  
9  40  47  858  563  313  2  -2  
9  40  47  867  563  313  2  -2  
9  40  47  875  563  313  2  -2  
9  40  47  884  563  313  2  -2  
9  40  47  891  563  313  2  -2  
9  40  47  900  563  313  2  -2  
9  40  47  907  563  313  2  -2  
9  40  47  916  563  313  2  -2  
9  40  47  926  563  313  2  -2  
9  40  47  933  561  313  2  -2  
9  40  47  941  560  313  2  -2  
9  40  47  950  556  313  2  -2  
9  40  47  958  551  315  2  -2  
9  40  47  966  549  315  2  -2  
9  40  47  976  546  315  2  -2  
9  40  47  984  542  315  2  -2  
9  40  47  991  541  315  2  -2  
9  40  47  1000  541  315  2  -2  
9  40  47  1008  538  315  2  -2  
9  40  48  1017  535  315  2  -2  
9  40  48  1026  533  315  2  -2  
9  40  48  1035  531  315  2  -2  
9  40  48  1042  528  315  2  -2  
9  40  48  1050  524  315  2  -2  
9  40  48  1058  521  315  2  -2  
9  40  48  1067  516  316  2  -2  
9  40  48  1076  514  316  2  -2  
9  40  48  1084  510  316  2  -2  
9  40  48  1093  505  316  2  -2  
9  40  48  1101  501  317  2  -2  
9  40  48  1110  497  317  2  -2  
9  40  48  1118  494  318  2  -2  
9  40  48  1125  491  319  2  -2  
9  40  48  1134  487  319  2  -2  
9  40  48  1142  483  319  2  -2  
9  40  48  1150  478  319  2  -2  
9  40  48  1158  475  319  2  -2  
9  40  48  1166  468  319  2  -2  
9  40  48  1176  463  319  2  -2  
9  40  48  1186  451  318  2  -2  
9  40  48  1191  445  317  2  -2  
9  40  48  1200  440  317  2  -2  
9  40  48  1208  434  315  2  -2  
9  40  48  1217  428  315  2  -2  
9  40  48  1226  422  314  2  -2  
9  40  48  1234  417  313  2  -2  
9  40  48  1243  412  313  2  -2  
9  40  48  1252  406  312  2  -2  
9  40  48  1259  401  312  2  -2  
9  40  48  1268  395  309  3  -2  
9  40  48  1276  391  308  3  -2  
9  40  48  1285  390  308  3  -2  
9  40  48  1292  386  308  3  -2  
9  40  48  1299  383  308  3  -2  
9  40  48  1308  383  308  3  -2  
9  40  48  1316  381  308  3  -2  
9  40  48  1325  380  308  3  -2  
9  40  48  1333  379  308  3  -2  
9  40  48  1343  378  308  3  -2  
9  40  48  1352  377  308  3  -2  
9  40  48  1360  375  308  3  -2  
9  40  48  1369  375  308  3  -2  
9  40  48  1377  375  308  3  -2  
9  40  48  1386  372  308  3  -2  
9  40  48  1393  371  308  3  -2  
9  40  48  1405  368  309  3  -2  
9  40  48  1412  366  309  3  -2  
9  40  48  1421  364  310  3  -2  
9  40  48  1429  362  310  3  -2  
9  40  48  1438  358  310  3  -2  
9  40  48  1446  357  311  3  -2  
9  40  48  1455  355  311  3  -2  
9  40  48  1461  354  311  3  -2  
9  40  48  1470  353  312  3  -2  
9  40  48  1477  353  312  3  -2  
9  40  48  1487  350  313  3  -2  
9  40  48  1496  350  313  3  -2  
9  40  48  1504  350  313  3  -2  
9  40  48  1511  350  313  3  -2  
9  40  48  1520  350  313  3  -2  
9  40  48  1529  350  313  3  -2  
9  40  48  1538  350  313  3  -2  
9  40  48  1545  350  313  3  -2  
9  40  48  1554  350  313  3  -2  
9  40  48  1562  350  313  3  -2  
9  40  48  1570  349  314  3  -2  
9  40  48  1579  349  314  3  -2  
9  40  48  1587  349  314  3  -2  
9  40  48  1596  349  314  3  -2  
9  40  48  1604  349  314  3  -2  
9  40  48  1612  349  314  3  -2  
9  40  48  1621  349  314  3  -2  
9  40  48  1628  349  314  3  -2  
9  40  48  1638  349  314  3  -2  
9  40  48  1645  349  314  3  -2  
9  40  48  1654  349  314  3  -2  
9  40  48  1661  349  314  3  -2  
9  40  48  1671  349  314  3  -2  
9  40  48  1679  349  314  3  -2  
9  40  48  1687  349  314  3  -2  
9  40  48  1695  349  314  3  -2  
9  40  48  1705  349  314  3  -2  
9  40  48  1711  349  314  3  -2  
9  40  48  1720  349  314  3  -2  
9  40  48  1728  349  314  3  -2  
9  40  48  1738  349  314  3  -2  
9  40  48  1745  349  314  3  -2  
9  40  48  1754  349  314  3  -2  
9  40  48  1762  349  314  3  -2  
9  40  48  1770  349  314  3  -2  
9  40  48  1778  349  314  3  -2  
9  40  48  1787  349  314  3  -2  
9  40  48  1796  349  314  3  -2  
9  40  48  1804  349  314  3  -2  
9  40  48  1812  349  314  3  -2  
9  40  48  1820  349  314  3  -2  
9  40  48  1829  349  314  3  -2  
9  40  48  1838  348  315  3  -2  
9  40  48  1845  348  315  3  -2  
9  40  48  1854  348  315  3  -2  
9  40  48  1862  348  315  3  -2  
9  40  48  1870  348  315  3  -2  
9  40  48  1879  348  315  3  -2  
9  40  48  1887  348  315  3  -2  
9  40  48  1896  348  315  3  -2  
9  40  48  1904  348  315  3  -2  
9  40  48  1912  348  315  3  -2  
9  40  48  1920  348  315  3  -2  
9  40  48  1928  348  315  3  -2  
9  40  48  1938  348  315  3  -2  
9  40  48  1946  348  315  3  -2  
9  40  48  1954  348  315  3  -2  
9  40  48  1962  348  315  3  -2  
9  40  48  1970  348  315  3  -2  
9  40  48  1978  348  315  3  -2  
9  40  48  1987  348  316  3  -2  
9  40  48  1996  348  316  3  -2  
9  40  48  2004  350  317  3  -2  
9  40  48  2012  353  318  3  -2  
9  40  49  2020  357  319  3  -2  
9  40  49  2029  365  319  3  -2  
9  40  49  2038  372  321  3  -2  
9  40  49  2045  387  323  3  -2  
9  40  49  2054  400  323  3  -2  
9  40  49  2062  419  326  3  -2  
9  40  49  2071  438  328  3  -2  
9  40  49  2079  455  331  3  -2  
9  40  49  2087  470  333  3  -2  
9  40  49  2096  484  335  3  -2  
9  40  49  2104  494  337  3  -2  
9  40  49  2112  503  338  4  -2  
9  40  49  2120  508  339  4  -2  
9  40  49  2129  516  339  4  -2  
9  40  49  2138  517  339  4  -2  
9  40  49  2146  520  339  4  -2  
9  40  49  2154  522  339  4  -2  
9  40  49  2163  525  339  4  -2  
9  40  49  2170  527  339  4  -2  
9  40  49  2178  532  339  4  -2  
9  40  49  2188  536  341  4  -2  
9  40  49  2195  542  342  4  -2  
9  40  49  2204  548  342  4  -2  
9  40  49  2211  555  343  4  -2  
9  40  49  2220  564  343  4  -2  
9  40  49  2228  571  344  4  -2  
9  40  49  2238  576  347  4  -2  
9  40  49  2246  583  348  4  -2  
9  40  49  2254  587  348  4  -2  
9  40  49  2263  590  348  4  -2  
9  40  49  2270  591  348  4  -2  
9  40  49  2279  591  348  4  -2  
9  40  49  2288  591  348  4  -2  
9  40  49  2296  591  348  4  -2  
9  40  49  2304  591  348  4  -2  
9  40  49  2311  591  348  4  -2  
9  40  49  2321  591  348  4  -2  
9  40  49  2329  591  348  4  -2  
9  40  49  2338  591  348  4  -2  
9  40  49  2346  591  348  4  -2  
9  40  49  2354  591  348  4  -2  
9  40  49  2363  590  348  4  -2  
9  40  49  2371  586  348  4  -2  
9  40  49  2379  580  348  4  -2  
9  40  49  2388  570  348  4  -2  
9  40  49  2396  557  348  4  -2  
9  40  49  2404  542  348  4  -2  
9  40  49  2412  525  348  4  -2  
9  40  49  2420  507  348  4  -2  
9  40  49  2430  489  348  4  -2  
9  40  49  2438  472  348  4  -2  
9  40  49  2446  456  348  4  -2  
9  40  49  2455  441  348  4  -2  
9  40  49  2463  431  348  4  -2  
9  40  49  2470  424  348  4  -2  
9  40  49  2479  419  348  4  -2  
9  40  49  2487  416  348  4  -2  
9  40  49  2497  412  349  4  -2  
9  40  49  2505  409  349  4  -2  
9  40  49  2512  408  350  4  -2  
9  40  49  2520  408  350  4  -2  
9  40  49  2530  400  350  4  -2  
9  40  49  2537  397  350  4  -2  
9  40  49  2545  392  350  4  -2  
9  40  49  2554  387  350  4  -2  
9  40  49  2563  384  350  4  -2  
9  40  49  2571  380  350  4  -2  
9  40  49  2579  377  350  4  -2  
9  40  49  2588  375  350  4  -2  
9  40  49  2596  374  350  4  -2  
9  40  49  2604  372  350  4  -2  
9  40  49  2612  372  350  4  -2  
9  40  49  2621  372  350  4  -2  
9  40  49  2629  372  350  4  -2  
9  40  49  2637  372  350  4  -2  
9  40  49  2646  372  350  4  -2  
9  40  49  2655  372  350  4  -2  
9  40  49  2662  372  350  4  -2  
9  40  49  2671  372  350  4  -2  
9  40  49  2679  372  350  4  -2  
9  40  49  2688  372  350  4  -2  
9  40  49  2696  372  350  4  -2  
9  40  49  2704  372  350  4  -2  
9  40  49  2712  372  350  4  -2  
9  40  49  2721  372  350  4  -2  
9  40  49  2729  371  350  4  -2  
9  40  49  2738  371  350  4  -2  
9  40  49  2747  371  350  4  -2  
9  40  49  2755  370  350  4  -2  
