16  5  40  0  362  279  1  -2  
16  5  40  8  362  279  1  -2  
16  5  40  17  362  279  1  -2  
16  5  40  25  362  279  1  -2  
16  5  40  33  362  279  1  -2  
16  5  40  42  362  279  1  -2  
16  5  40  50  362  279  1  -2  
16  5  40  58  362  279  1  -2  
16  5  40  67  362  279  1  -2  
16  5  40  74  366  279  1  -2  
16  5  40  83  371  279  1  -2  
16  5  40  91  376  279  1  -2  
16  5  41  100  383  279  1  -2  
16  5  41  108  389  281  1  -2  
16  5  41  117  399  281  1  -2  
16  5  41  126  426  284  1  -2  
16  5  41  134  441  288  1  -2  
16  5  41  141  459  288  1  -2  
16  5  41  150  474  289  1  -2  
16  5  41  159  489  289  1  -2  
16  5  41  167  501  289  1  -2  
16  5  41  176  508  289  1  -2  
16  5  41  183  511  289  1  -2  
16  5  41  191  513  289  1  -2  
16  5  41  200  513  289  1  -2  
16  5  41  208  515  289  1  -2  
16  5  41  217  515  289  1  -2  
16  5  41  225  515  289  1  -2  
16  5  41  233  515  289  1  -2  
16  5  41  241  516  290  1  -2  
16  5  41  250  516  290  1  -2  
16  5  41  258  518  291  1  -2  
16  5  41  267  518  291  1  -2  
16  5  41  274  519  291  1  -2  
16  5  41  283  519  291  1  -2  
16  5  41  291  519  291  1  -2  
16  5  41  300  519  291  1  -2  
16  5  41  308  520  292  1  -2  
16  5  41  317  521  293  1  -2  
16  5  41  325  523  293  1  -2  
16  5  41  333  523  293  1  -2  
16  5  41  342  524  294  1  -2  
16  5  41  350  525  295  1  -2  
16  5  41  359  525  295  1  -2  
16  5  41  367  526  296  1  -2  
16  5  41  375  526  296  1  -2  
16  5  41  383  526  296  1  -2  
16  5  41  391  527  297  1  -2  
16  5  41  400  527  297  1  -2  
16  5  41  409  527  297  1  -2  
16  5  41  417  527  298  1  -2  
16  5  41  426  527  298  1  -2  
16  5  41  433  527  298  1  -2  
16  5  41  442  527  298  1  -2  
16  5  41  450  527  298  1  -2  
16  5  41  458  527  298  1  -2  
16  5  41  467  527  298  1  -2  
16  5  41  476  527  298  1  -2  
16  5  41  483  527  299  1  -2  
16  5  41  491  527  300  1  -2  
16  5  41  500  522  301  1  -2  
16  5  41  508  517  301  1  -2  
16  5  41  517  509  302  1  -2  
16  5  41  525  500  303  1  -2  
16  5  41  534  493  306  1  -2  
16  5  41  541  476  307  1  -2  
16  5  41  551  469  308  1  -2  
16  5  41  559  462  308  1  -2  
16  5  41  567  453  312  1  -2  
16  5  41  576  445  312  1  -2  
16  5  41  583  436  313  1  -2  
16  5  41  591  428  314  1  -2  
16  5  41  601  419  316  1  -2  
16  5  41  608  410  318  1  -2  
16  5  41  617  403  319  1  -2  
16  5  41  626  396  322  2  -2  
16  5  41  633  389  324  2  -2  
16  5  41  641  378  327  2  -2  
16  5  41  650  372  327  2  -2  
16  5  41  659  365  328  2  -2  
16  5  41  667  361  328  2  -2  
16  5  41  676  356  328  2  -2  
16  5  41  683  352  328  2  -2  
16  5  41  691  351  328  2  -2  
16  5  41  700  348  328  2  -2  
16  5  41  709  347  328  2  -2  
16  5  41  717  346  328  2  -2  
16  5  41  727  345  328  2  -2  
16  5  41  734  343  329  2  -2  
16  5  41  743  343  329  2  -2  
16  5  41  750  343  329  2  -2  
16  5  41  759  343  329  2  -2  
16  5  41  767  343  329  2  -2  
16  5  41  776  343  329  2  -2  
16  5  41  783  343  329  2  -2  
16  5  41  792  343  329  2  -2  
16  5  41  800  343  329  2  -2  
16  5  41  810  343  329  2  -2  
16  5  41  817  343  329  2  -2  
16  5  41  826  343  329  2  -2  
16  5  41  834  343  329  2  -2  
16  5  41  843  343  329  2  -2  
16  5  41  850  343  329  2  -2  
16  5  41  860  343  329  2  -2  
16  5  41  868  343  329  2  -2  
16  5  41  876  343  329  2  -2  
16  5  41  885  343  329  2  -2  
16  5  41  892  343  329  2  -2  
16  5  41  900  343  329  2  -2  
16  5  41  909  343  329  2  -2  
16  5  41  918  343  329  2  -2  
16  5  41  926  343  329  2  -2  
16  5  41  935  343  329  2  -2  
16  5  41  942  343  329  2  -2  
16  5  41  950  343  329  2  -2  
16  5  41  958  343  329  2  -2  
16  5  41  967  343  329  2  -2  
16  5  41  976  343  329  2  -2  
16  5  41  985  343  329  2  -2  
16  5  41  993  343  329  2  -2  
16  5  41  1000  343  329  2  -2  
16  5  41  1010  343  329  2  -2  
16  5  41  1017  343  329  2  -2  
16  5  41  1026  343  329  2  -2  
16  5  41  1033  343  329  2  -2  
16  5  41  1042  343  329  2  -2  
16  5  41  1050  343  329  2  -2  
16  5  41  1059  343  329  2  -2  
16  5  41  1067  343  329  2  -2  
16  5  41  1076  343  330  2  -2  
16  5  41  1083  349  330  2  -2  
16  5  41  1092  358  330  2  -2  
16  5  42  1101  366  330  2  -2  
16  5  42  1110  371  330  2  -2  
16  5  42  1118  382  330  2  -2  
16  5  42  1127  389  330  2  -2  
16  5  42  1135  400  330  2  -2  
16  5  42  1143  420  330  2  -2  
16  5  42  1151  448  330  2  -2  
16  5  42  1159  472  330  2  -2  
16  5  42  1168  502  330  3  -2  
16  5  42  1177  523  330  3  -2  
16  5  42  1185  541  330  3  -2  
16  5  42  1193  551  330  3  -2  
16  5  42  1201  556  330  3  -2  
16  5  42  1210  559  330  3  -2  
16  5  42  1217  559  330  3  -2  
16  5  42  1227  559  330  3  -2  
16  5  42  1235  559  330  3  -2  
16  5  42  1243  559  330  3  -2  
16  5  42  1250  560  331  3  -2  
16  5  42  1259  560  331  3  -2  
16  5  42  1268  560  332  3  -2  
16  5  42  1276  560  332  3  -2  
16  5  42  1283  562  333  3  -2  
16  5  42  1292  562  333  3  -2  
16  5  42  1300  562  333  3  -2  
16  5  42  1310  562  333  3  -2  
16  5  42  1318  563  334  3  -2  
16  5  42  1327  563  334  3  -2  
16  5  42  1335  563  334  3  -2  
16  5  42  1342  563  334  3  -2  
16  5  42  1349  563  334  3  -2  
16  5  42  1358  563  334  3  -2  
16  5  42  1367  563  334  3  -2  
16  5  42  1376  563  334  3  -2  
16  5  42  1384  563  334  3  -2  
16  5  42  1392  563  334  3  -2  
16  5  42  1400  563  334  3  -2  
16  5  42  1409  563  334  3  -2  
16  5  42  1417  563  334  3  -2  
16  5  42  1425  563  334  3  -2  
16  5  42  1433  563  334  3  -2  
16  5  42  1442  563  334  3  -2  
16  5  42  1450  563  334  3  -2  
16  5  42  1459  563  334  3  -2  
16  5  42  1467  564  335  3  -2  
16  5  42  1477  564  335  3  -2  
16  5  42  1484  564  335  3  -2  
16  5  42  1491  564  335  3  -2  
16  5  42  1501  564  335  3  -2  
16  5  42  1509  564  335  3  -2  
16  5  42  1517  564  335  3  -2  
16  5  42  1526  564  335  3  -2  
16  5  42  1534  564  335  3  -2  
16  5  42  1543  564  335  3  -2  
16  5  42  1551  564  335  3  -2  
16  5  42  1559  564  335  3  -2  
16  5  42  1568  563  335  3  -2  
16  5  42  1576  563  335  3  -2  
16  5  42  1584  562  336  3  -2  
16  5  42  1592  560  337  3  -2  
16  5  42  1601  553  338  3  -2  
16  5  42  1611  548  338  3  -2  
16  5  42  1619  535  339  3  -2  
16  5  42  1628  521  341  3  -2  
16  5  42  1636  506  341  3  -2  
16  5  42  1645  493  341  3  -2  
16  5  42  1652  468  343  3  -2  
16  5  42  1660  468  343  3  -2  
16  5  42  1669  461  343  3  -2  
16  5  42  1679  447  346  3  -2  
16  5  42  1686  442  347  3  -2  
16  5  42  1694  435  347  3  -2  
16  5  42  1702  431  349  3  -2  
16  5  42  1711  424  351  3  -2  
16  5  42  1719  422  352  3  -2  
16  5  42  1729  417  352  3  -2  
16  5  42  1736  411  356  3  -2  
16  5  42  1744  404  357  3  -2  
16  5  42  1753  395  358  3  -2  
16  5  42  1761  388  360  3  -2  
16  5  42  1769  381  362  3  -2  
16  5  42  1778  376  362  3  -2  
16  5  42  1785  372  363  3  -2  
16  5  42  1794  370  363  3  -2  
16  5  42  1803  369  363  3  -2  
16  5  42  1811  369  363  3  -2  
16  5  42  1819  369  363  3  -2  
16  5  42  1828  369  363  3  -2  
16  5  42  1836  369  363  3  -2  
16  5  42  1847  369  363  3  -2  
16  5  42  1853  369  363  3  -2  
16  5  42  1861  369  363  3  -2  
16  5  42  1869  368  363  3  -2  
16  5  42  1878  368  363  3  -2  
16  5  42  1885  367  363  3  -2  
16  5  42  1895  366  363  3  -2  
16  5  42  1903  366  363  3  -2  
16  5  42  1911  366  363  3  -2  
16  5  42  1920  366  363  3  -2  
16  5  42  1927  365  363  3  -2  
16  5  42  1936  365  363  3  -2  
16  5  42  1944  364  363  3  -2  
16  5  42  1953  361  363  3  -2  
16  5  42  1961  359  363  3  -2  
16  5  42  1969  358  363  3  -2  
16  5  42  1978  358  363  3  -2  
16  5  42  1986  358  363  3  -2  
16  5  42  1994  358  363  3  -2  
16  5  42  2003  358  363  3  -2  
16  5  42  2011  358  363  3  -2  
16  5  42  2019  358  363  3  -2  
16  5  42  2028  357  363  3  -2  
16  5  42  2036  357  363  3  -2  
16  5  42  2044  357  363  3  -2  
16  5  42  2053  357  363  3  -2  
16  5  42  2061  356  363  3  -2  
16  5  42  2070  356  363  3  -2  
16  5  42  2078  356  363  3  -2  
16  5  42  2086  356  363  3  -2  
16  5  42  2094  356  363  3  -2  
16  5  43  2103  356  363  3  -2  
16  5  43  2111  356  363  3  -2  
16  5  43  2119  356  363  3  -2  
16  5  43  2128  356  363  3  -2  
16  5  43  2136  356  363  3  -2  
16  5  43  2144  356  363  3  -2  
16  5  43  2153  356  363  3  -2  
16  5  43  2161  356  363  3  -2  
16  5  43  2170  356  363  3  -2  
16  5  43  2178  356  363  3  -2  
16  5  43  2186  356  363  3  -2  
16  5  43  2194  356  363  3  -2  
16  5  43  2203  356  363  3  -2  
16  5  43  2211  356  363  3  -2  
16  5  43  2218  356  363  3  -2  
16  5  43  2228  356  363  3  -2  
16  5  43  2236  356  363  3  -2  
16  5  43  2246  356  363  3  -2  
16  5  43  2253  356  363  3  -2  
16  5  43  2263  356  363  3  -2  
16  5  43  2270  356  363  3  -2  
16  5  43  2278  356  363  3  -2  
16  5  43  2286  356  363  3  -2  
16  5  43  2294  356  363  3  -2  
16  5  43  2303  356  363  3  -2  
16  5  43  2311  356  363  3  -2  
16  5  43  2319  356  363  3  -2  
16  5  43  2328  356  363  3  -2  
16  5  43  2337  356  363  3  -2  
16  5  43  2346  356  363  3  -2  
16  5  43  2353  356  363  3  -2  
16  5  43  2361  356  363  3  -2  
16  5  43  2370  356  363  3  -2  
16  5  43  2378  356  363  3  -2  
16  5  43  2387  358  363  3  -2  
16  5  43  2394  370  367  3  -2  
16  5  43  2403  383  370  3  -2  
16  5  43  2411  407  374  3  -2  
16  5  43  2420  440  378  3  -2  
16  5  43  2428  476  386  3  -2  
16  5  43  2436  503  394  3  -2  
16  5  43  2447  530  401  3  -2  
16  5  43  2453  563  409  3  -2  
16  5  43  2461  563  409  3  -2  
16  5  43  2470  576  411  3  -2  
16  5  43  2479  603  412  3  -2  
16  5  43  2487  611  414  3  -2  
16  5  43  2497  618  414  3  -2  
16  5  43  2503  625  416  3  -2  
16  5  43  2513  627  416  3  -2  
16  5  43  2519  630  417  3  -2  
16  5  43  2529  630  417  3  -2  
16  5  43  2537  630  417  3  -2  
16  5  43  2544  630  417  3  -2  
16  5  43  2553  630  417  3  -2  
16  5  43  2561  630  417  3  -2  
16  5  43  2570  630  417  3  -2  
16  5  43  2578  630  417  3  -2  
16  5  43  2587  630  417  3  -2  
16  5  43  2596  630  417  3  -2  
16  5  43  2603  630  417  3  -2  
16  5  43  2613  630  417  3  -2  
16  5  43  2620  630  417  3  -2  
16  5  43  2628  630  417  3  -2  
16  5  43  2637  630  417  3  -2  
16  5  43  2645  630  417  3  -2  
16  5  43  2653  630  417  3  -2  
16  5  43  2663  630  417  3  -2  
16  5  43  2670  630  417  3  -2  
16  5  43  2679  630  417  3  -2  
16  5  43  2687  630  417  3  -2  
16  5  43  2697  630  417  3  -2  
16  5  43  2702  630  417  3  -2  
16  5  43  2711  630  417  3  -2  
16  5  43  2719  630  417  3  -2  
16  5  43  2730  630  417  3  -2  
16  5  43  2736  630  417  3  -2  
16  5  43  2747  628  417  3  -2  
16  5  43  2753  628  417  3  -2  
16  5  43  2761  626  417  3  -2  
16  5  43  2770  625  417  3  -2  
16  5  43  2780  622  417  3  -2  
16  5  43  2788  618  417  3  -2  
16  5  43  2797  609  417  3  -2  
16  5  43  2803  599  417  3  -2  
16  5  43  2813  584  417  3  -2  
16  5  43  2820  571  417  3  -2  
16  5  43  2829  559  417  3  -2  
16  5  43  2837  548  417  3  -2  
16  5  43  2847  541  417  3  -2  
16  5  43  2854  526  417  3  -2  
16  5  43  2861  517  415  3  -2  
16  5  43  2869  517  415  3  -2  
16  5  43  2880  505  415  3  -2  
16  5  43  2888  472  414  3  -2  
16  5  43  2897  453  411  3  -2  
16  5  43  2904  437  411  3  -2  
16  5  43  2912  421  407  3  -2  
16  5  43  2921  410  407  3  -2  
16  5  43  2931  403  405  3  -2  
16  5  43  2937  399  404  3  -2  
16  5  43  2947  397  404  3  -2  
16  5  43  2954  396  404  3  -2  
16  5  43  2964  395  404  3  -2  
16  5  43  2971  392  403  3  -2  
16  5  43  2980  385  402  3  -2  
16  5  43  2987  376  402  3  -2  
16  5  43  2995  364  402  3  -2  
16  5  43  3003  353  402  3  -2  
16  5  43  3014  341  402  3  -2  
16  5  43  3021  328  402  3  -2  
16  5  43  3029  328  402  3  -2  
16  5  43  3037  325  402  3  -2  
16  5  43  3047  325  402  3  -2  
16  5  43  3053  325  402  3  -2  
16  5  43  3063  325  402  3  -2  
16  5  43  3070  325  402  3  -2  
16  5  43  3079  325  402  3  -2  
16  5  43  3087  325  402  3  -2  
16  5  43  3096  325  402  3  -2  
16  5  44  3102  325  402  3  -2  
16  5  44  3112  325  402  3  -2  
16  5  44  3119  325  402  3  -2  
16  5  44  3128  325  402  3  -2  
16  5  44  3136  325  402  3  -2  
16  5  44  3143  325  402  3  -2  
16  5  44  3152  325  402  3  -2  
16  5  44  3163  325  402  3  -2  
16  5  44  3169  325  402  3  -2  
16  5  44  3180  325  402  3  -2  
16  5  44  3186  325  402  3  -2  
16  5  44  3196  325  402  3  -2  
16  5  44  3202  325  402  3  -2  
16  5  44  3212  325  402  3  -2  
16  5  44  3219  325  402  3  -2  
16  5  44  3228  325  402  3  -2  
16  5  44  3236  325  402  3  -2  
16  5  44  3246  325  402  3  -2  
16  5  44  3252  325  402  3  -2  
16  5  44  3262  325  402  3  -2  
16  5  44  3269  325  402  3  -2  
16  5  44  3278  325  402  3  -2  
16  5  44  3287  325  402  3  -2  
16  5  44  3296  325  402  3  -2  
16  5  44  3302  325  402  3  -2  
16  5  44  3312  325  402  3  -2  
16  5  44  3319  325  402  3  -2  
16  5  44  3329  325  402  3  -2  
