9  39  39  0  375  321  1  -2  
9  39  39  7  375  321  1  -2  
9  39  39  14  375  321  1  -2  
9  39  39  25  375  321  1  -2  
9  39  39  31  375  321  1  -2  
9  39  39  41  375  321  1  -2  
9  39  39  48  375  321  1  -2  
9  39  39  58  375  321  1  -2  
9  39  39  65  375  321  1  -2  
9  39  39  75  375  321  1  -2  
9  39  39  82  375  321  1  -2  
9  39  39  92  375  321  1  -2  
9  39  39  99  375  321  1  -2  
9  39  39  108  375  319  1  -2  
9  39  39  115  375  319  1  -2  
9  39  39  125  375  318  1  -2  
9  39  39  133  378  317  1  -2  
9  39  39  142  379  316  1  -2  
9  39  39  148  383  314  1  -2  
9  39  39  158  387  313  1  -2  
9  39  39  165  398  312  1  -2  
9  39  39  175  398  312  1  -2  
9  39  39  181  415  311  1  -2  
9  39  39  192  415  311  1  -2  
9  39  39  198  435  311  1  -2  
9  39  39  209  435  311  1  -2  
9  39  39  215  455  311  1  -2  
9  39  39  225  462  311  1  -2  
9  39  39  233  467  311  1  -2  
9  39  39  243  472  311  1  -2  
9  39  39  249  476  311  1  -2  
9  39  39  258  476  311  1  -2  
9  39  39  265  479  311  1  -2  
9  39  39  275  480  311  1  -2  
9  39  39  283  480  311  1  -2  
9  39  39  292  482  311  1  -2  
9  39  39  299  483  311  1  -2  
9  39  39  308  487  311  1  -2  
9  39  39  315  491  311  1  -2  
9  39  39  325  495  311  2  -2  
9  39  39  333  498  311  2  -2  
9  39  39  342  503  311  2  -2  
9  39  39  348  507  311  2  -2  
9  39  39  358  510  311  2  -2  
9  39  39  365  512  311  2  -2  
9  39  39  375  515  311  2  -2  
9  39  40  382  519  311  2  -2  
9  39  40  392  519  311  2  -2  
9  39  40  398  523  311  2  -2  
9  39  40  408  523  311  2  -2  
9  39  40  415  523  311  2  -2  
9  39  40  425  523  311  2  -2  
9  39  40  433  524  311  2  -2  
9  39  40  443  524  311  2  -2  
9  39  40  448  524  311  2  -2  
9  39  40  458  524  311  2  -2  
9  39  40  465  524  311  2  -2  
9  39  40  475  525  311  2  -2  
9  39  40  482  526  311  2  -2  
9  39  40  492  527  311  2  -2  
9  39  40  498  528  311  2  -2  
9  39  40  508  528  311  2  -2  
9  39  40  515  530  311  2  -2  
9  39  40  525  530  311  2  -2  
9  39  40  532  530  311  2  -2  
9  39  40  542  530  311  2  -2  
9  39  40  549  530  311  2  -2  
9  39  40  558  530  311  2  -2  
9  39  40  565  530  311  2  -2  
9  39  40  576  530  311  2  -2  
9  39  40  583  531  311  2  -2  
9  39  40  592  531  311  2  -2  
9  39  40  598  531  311  2  -2  
9  39  40  608  531  311  2  -2  
9  39  40  616  530  310  2  -2  
9  39  40  625  526  310  2  -2  
9  39  40  633  517  310  2  -2  
9  39  40  642  509  310  2  -2  
9  39  40  649  497  310  2  -2  
9  39  40  658  489  310  2  -2  
9  39  40  665  477  310  2  -2  
9  39  40  675  467  310  2  -2  
9  39  40  683  459  310  2  -2  
9  39  40  692  452  310  2  -2  
9  39  40  698  442  310  2  -2  
9  39  40  707  435  310  2  -2  
9  39  40  714  428  309  2  -2  
9  39  40  724  423  309  2  -2  
9  39  40  731  419  308  2  -2  
9  39  40  742  416  308  2  -2  
9  39  40  747  411  307  2  -2  
9  39  40  758  411  307  2  -2  
9  39  40  766  409  307  2  -2  
9  39  40  774  407  307  2  -2  
9  39  40  782  405  305  2  -2  
9  39  40  791  405  305  2  -2  
9  39  40  797  403  305  2  -2  
9  39  40  808  403  305  2  -2  
9  39  40  814  400  305  2  -2  
9  39  40  824  398  304  3  -2  
9  39  40  832  395  304  3  -2  
9  39  40  841  394  304  3  -2  
9  39  40  848  393  304  3  -2  
9  39  40  857  390  302  3  -2  
9  39  40  864  387  300  3  -2  
9  39  40  875  386  300  3  -2  
9  39  40  881  381  300  3  -2  
9  39  40  891  379  300  3  -2  
9  39  40  898  377  300  3  -2  
9  39  40  907  376  300  3  -2  
9  39  40  914  373  300  3  -2  
9  39  40  924  373  300  3  -2  
9  39  40  933  373  300  3  -2  
9  39  40  944  373  300  3  -2  
9  39  40  958  373  300  3  -2  
9  39  40  966  373  300  3  -2  
9  39  40  976  373  300  3  -2  
9  39  40  985  372  300  3  -2  
9  39  40  995  372  300  3  -2  
9  39  40  1004  372  300  3  -2  
9  39  40  1012  372  300  3  -2  
9  39  40  1019  372  300  3  -2  
9  39  40  1027  372  300  3  -2  
9  39  40  1037  372  300  3  -2  
9  39  40  1045  372  300  3  -2  
9  39  40  1052  371  300  3  -2  
9  39  40  1061  371  300  3  -2  
9  39  40  1070  371  300  3  -2  
9  39  40  1078  371  300  3  -2  
9  39  40  1085  371  300  3  -2  
9  39  40  1094  371  300  3  -2  
9  39  40  1103  371  300  3  -2  
9  39  40  1111  371  300  3  -2  
9  39  40  1120  371  300  3  -2  
9  39  40  1127  371  300  3  -2  
9  39  40  1137  371  300  3  -2  
9  39  40  1145  371  300  3  -2  
9  39  40  1154  371  300  3  -2  
9  39  40  1162  371  300  3  -2  
9  39  40  1170  371  300  3  -2  
9  39  40  1177  371  300  3  -2  
9  39  40  1187  371  300  3  -2  
9  39  40  1194  371  300  3  -2  
9  39  40  1203  371  300  3  -2  
9  39  40  1211  371  300  3  -2  
9  39  40  1219  371  300  3  -2  
9  39  40  1228  371  300  3  -2  
9  39  40  1237  371  300  3  -2  
9  39  40  1244  371  300  3  -2  
9  39  40  1252  371  300  3  -2  
9  39  40  1261  371  300  3  -2  
9  39  40  1270  371  300  3  -2  
9  39  40  1277  371  300  3  -2  
9  39  40  1287  371  300  3  -2  
9  39  40  1295  372  301  3  -2  
9  39  40  1305  376  301  3  -2  
9  39  40  1312  382  301  3  -2  
9  39  40  1320  390  301  3  -2  
9  39  40  1327  402  301  3  -2  
9  39  40  1337  415  301  3  -2  
9  39  40  1345  430  301  3  -2  
9  39  40  1353  447  301  3  -2  
9  39  40  1361  462  301  3  -2  
9  39  40  1371  474  306  3  -2  
9  39  40  1378  484  307  3  -2  
9  39  41  1387  492  307  3  -2  
9  39  41  1394  499  309  4  -2  
9  39  41  1403  505  309  4  -2  
9  39  41  1412  510  311  4  -2  
9  39  41  1419  516  312  4  -2  
9  39  41  1428  519  312  4  -2  
9  39  41  1437  526  313  4  -2  
9  39  41  1445  533  314  4  -2  
9  39  41  1454  540  314  4  -2  
9  39  41  1462  545  316  4  -2  
9  39  41  1470  552  318  4  -2  
9  39  41  1479  556  318  4  -2  
9  39  41  1488  561  318  4  -2  
9  39  41  1495  562  318  4  -2  
9  39  41  1505  564  318  4  -2  
9  39  41  1512  564  318  4  -2  
9  39  41  1520  564  318  4  -2  
9  39  41  1527  564  318  4  -2  
9  39  41  1538  564  318  4  -2  
9  39  41  1544  564  318  4  -2  
9  39  41  1554  566  318  4  -2  
9  39  41  1562  566  318  4  -2  
9  39  41  1570  566  318  4  -2  
9  39  41  1578  566  318  4  -2  
9  39  41  1588  566  318  4  -2  
9  39  41  1595  566  318  4  -2  
9  39  41  1604  566  318  4  -2  
9  39  41  1612  566  318  4  -2  
9  39  41  1621  566  318  4  -2  
9  39  41  1627  566  318  4  -2  
9  39  41  1638  566  318  4  -2  
9  39  41  1644  566  318  4  -2  
9  39  41  1655  566  318  4  -2  
9  39  41  1662  566  318  4  -2  
9  39  41  1670  566  318  4  -2  
9  39  41  1677  566  318  4  -2  
9  39  41  1688  566  318  4  -2  
9  39  41  1695  566  318  4  -2  
9  39  41  1704  566  318  4  -2  
9  39  41  1712  566  318  4  -2  
9  39  41  1720  566  318  4  -2  
9  39  41  1727  566  318  4  -2  
9  39  41  1738  566  318  4  -2  
9  39  41  1745  566  318  4  -2  
9  39  41  1755  566  318  4  -2  
9  39  41  1762  566  318  4  -2  
9  39  41  1772  566  318  4  -2  
9  39  41  1778  567  319  4  -2  
9  39  41  1788  567  320  4  -2  
9  39  41  1796  566  321  4  -2  
9  39  41  1805  563  321  4  -2  
9  39  41  1812  556  324  4  -2  
9  39  41  1822  547  328  4  -2  
9  39  41  1829  531  329  4  -2  
9  39  41  1838  531  329  4  -2  
9  39  41  1845  521  330  4  -2  
9  39  41  1855  511  330  4  -2  
9  39  41  1862  486  330  4  -2  
9  39  41  1873  474  330  4  -2  
9  39  41  1880  464  330  4  -2  
9  39  41  1891  456  330  4  -2  
9  39  41  1896  449  330  4  -2  
9  39  41  1906  441  330  4  -2  
9  39  41  1914  437  330  4  -2  
9  39  41  1923  433  330  4  -2  
9  39  41  1931  430  330  4  -2  
9  39  41  1940  426  330  4  -2  
9  39  41  1946  422  330  4  -2  
9  39  41  1956  419  330  4  -2  
9  39  41  1964  417  330  4  -2  
9  39  41  1974  413  328  4  -2  
9  39  41  1982  411  328  4  -2  
9  39  41  1991  408  328  4  -2  
9  39  41  1998  406  327  4  -2  
9  39  41  2007  406  327  4  -2  
9  39  41  2015  402  327  4  -2  
9  39  41  2024  399  327  4  -2  
