16  3  37  0  366  296  1  -2  
16  3  37  8  366  296  1  -2  
16  3  37  17  366  296  1  -2  
16  3  37  25  366  296  1  -2  
16  3  37  33  366  296  1  -2  
16  3  37  42  366  296  1  -2  
16  3  37  50  366  296  1  -2  
16  3  37  58  366  296  1  -2  
16  3  37  66  366  295  1  -2  
16  3  37  75  366  295  1  -2  
16  3  37  83  366  295  1  -2  
16  3  37  92  366  295  1  -2  
16  3  37  99  366  295  1  -2  
16  3  37  108  366  295  1  -2  
16  3  37  117  366  295  1  -2  
16  3  37  125  367  295  1  -2  
16  3  37  133  370  295  1  -2  
16  3  37  142  375  295  1  -2  
16  3  37  149  382  295  1  -2  
16  3  37  159  394  296  1  -2  
16  3  37  166  419  301  1  -2  
16  3  37  175  419  301  1  -2  
16  3  37  183  432  301  1  -2  
16  3  37  191  464  301  1  -2  
16  3  37  199  464  301  1  -2  
16  3  37  208  487  301  1  -2  
16  3  37  217  494  301  1  -2  
16  3  37  225  498  301  2  -2  
16  3  37  234  501  301  2  -2  
16  3  37  241  502  301  2  -2  
16  3  37  250  503  301  2  -2  
16  3  37  259  503  301  2  -2  
16  3  37  268  503  301  2  -2  
16  3  37  275  504  302  2  -2  
16  3  37  283  504  302  2  -2  
16  3  37  293  505  302  2  -2  
16  3  37  300  505  302  2  -2  
16  3  37  309  505  302  2  -2  
16  3  37  317  505  302  2  -2  
16  3  37  325  505  302  2  -2  
16  3  37  335  505  302  2  -2  
16  3  37  343  506  302  2  -2  
16  3  37  349  506  302  2  -2  
16  3  37  359  506  302  2  -2  
16  3  37  367  506  302  2  -2  
16  3  37  375  507  302  2  -2  
16  3  37  385  511  303  2  -2  
16  3  37  393  511  303  2  -2  
16  3  37  400  512  304  2  -2  
16  3  37  409  512  304  2  -2  
16  3  37  417  513  304  2  -2  
16  3  37  426  513  304  2  -2  
16  3  37  433  513  304  2  -2  
16  3  37  442  513  304  2  -2  
16  3  37  450  513  304  2  -2  
16  3  37  459  513  304  2  -2  
16  3  37  467  514  304  2  -2  
16  3  37  475  514  304  2  -2  
16  3  37  484  514  304  2  -2  
16  3  37  492  514  305  2  -2  
16  3  37  501  514  305  2  -2  
16  3  37  509  514  305  2  -2  
16  3  37  516  514  305  2  -2  
16  3  37  526  514  305  2  -2  
16  3  37  535  514  305  2  -2  
16  3  37  543  514  305  2  -2  
16  3  37  552  515  305  2  -2  
16  3  37  559  515  305  2  -2  
16  3  37  566  515  305  2  -2  
16  3  37  576  515  305  2  -2  
16  3  37  584  515  305  2  -2  
16  3  37  592  515  305  2  -2  
16  3  37  601  515  305  2  -2  
16  3  37  609  515  305  2  -2  
16  3  37  617  515  305  2  -2  
16  3  37  626  515  305  2  -2  
16  3  37  635  516  306  2  -2  
16  3  38  642  516  306  2  -2  
16  3  38  651  513  308  2  -2  
16  3  38  659  508  309  2  -2  
16  3  38  667  501  310  2  -2  
16  3  38  676  489  313  2  -2  
16  3  38  685  478  314  2  -2  
16  3  38  694  463  315  2  -2  
16  3  38  702  449  317  2  -2  
16  3  38  711  437  317  2  -2  
16  3  38  718  427  317  2  -2  
16  3  38  727  419  317  2  -2  
16  3  38  735  414  317  2  -2  
16  3  38  745  410  317  2  -2  
16  3  38  753  406  317  2  -2  
16  3  38  760  403  317  2  -2  
16  3  38  769  400  317  2  -2  
16  3  38  777  397  317  3  -2  
16  3  38  786  394  317  3  -2  
16  3  38  797  391  317  3  -2  
16  3  38  803  390  318  3  -2  
16  3  38  810  389  318  3  -2  
16  3  38  819  389  318  3  -2  
16  3  38  827  389  318  3  -2  
16  3  38  836  389  318  3  -2  
16  3  38  845  389  318  3  -2  
16  3  38  852  389  318  3  -2  
16  3  38  861  389  318  3  -2  
16  3  38  870  389  318  3  -2  
16  3  38  877  389  318  3  -2  
16  3  38  889  389  318  3  -2  
16  3  38  898  389  318  3  -2  
16  3  38  906  389  318  3  -2  
16  3  38  915  389  318  3  -2  
16  3  38  921  389  318  3  -2  
16  3  38  932  389  318  3  -2  
16  3  38  939  389  318  3  -2  
16  3  38  948  389  318  3  -2  
16  3  38  957  389  318  3  -2  
16  3  38  967  389  318  3  -2  
16  3  38  974  389  318  3  -2  
16  3  38  983  389  318  3  -2  
16  3  38  990  389  318  3  -2  
16  3  38  999  389  318  3  -2  
16  3  38  1007  389  318  3  -2  
16  3  38  1016  389  318  3  -2  
16  3  38  1024  389  318  3  -2  
16  3  38  1033  389  318  3  -2  
16  3  38  1041  390  318  3  -2  
16  3  38  1050  395  318  3  -2  
16  3  38  1057  401  318  3  -2  
16  3  38  1066  409  318  3  -2  
16  3  38  1074  417  318  3  -2  
16  3  38  1083  427  318  3  -2  
16  3  38  1089  439  318  3  -2  
16  3  38  1098  451  318  3  -2  
16  3  38  1106  459  318  3  -2  
16  3  38  1116  469  318  3  -2  
16  3  38  1122  476  318  3  -2  
16  3  38  1132  483  318  3  -2  
16  3  38  1139  486  318  3  -2  
16  3  38  1148  490  318  3  -2  
16  3  38  1156  491  318  3  -2  
16  3  38  1166  492  318  3  -2  
16  3  38  1174  494  318  3  -2  
16  3  38  1181  498  319  4  -2  
16  3  38  1189  501  320  4  -2  
16  3  38  1198  506  321  4  -2  
16  3  38  1206  511  321  4  -2  
16  3  38  1215  516  321  4  -2  
16  3  38  1224  527  324  4  -2  
16  3  38  1232  531  324  4  -2  
16  3  38  1239  531  324  4  -2  
16  3  38  1248  533  324  4  -2  
16  3  38  1256  533  324  4  -2  
16  3  38  1266  533  324  4  -2  
16  3  38  1273  533  324  4  -2  
16  3  38  1282  533  324  4  -2  
16  3  38  1290  533  324  4  -2  
16  3  38  1298  535  324  4  -2  
16  3  38  1306  535  324  4  -2  
16  3  38  1316  535  324  4  -2  
16  3  38  1323  535  324  4  -2  
16  3  38  1331  535  324  4  -2  
16  3  38  1339  535  324  4  -2  
16  3  38  1348  535  324  4  -2  
16  3  38  1356  535  324  4  -2  
16  3  38  1365  535  324  4  -2  
16  3  38  1374  535  324  4  -2  
16  3  38  1381  535  324  4  -2  
16  3  38  1389  535  324  4  -2  
16  3  38  1398  535  324  4  -2  
16  3  38  1406  535  324  4  -2  
16  3  38  1415  535  324  4  -2  
16  3  38  1423  535  324  4  -2  
16  3  38  1431  535  324  4  -2  
16  3  38  1439  535  324  4  -2  
16  3  38  1448  535  324  4  -2  
16  3  38  1456  535  324  4  -2  
16  3  38  1466  535  324  4  -2  
16  3  38  1475  535  324  4  -2  
16  3  38  1484  535  324  4  -2  
16  3  38  1492  535  324  4  -2  
16  3  38  1501  502  330  4  -2  
16  3  38  1508  491  332  4  -2  
16  3  38  1517  477  332  4  -2  
16  3  38  1525  464  332  4  -2  
16  3  38  1535  452  332  4  -2  
16  3  38  1541  432  332  4  -2  
16  3  38  1552  432  332  4  -2  
16  3  38  1559  420  332  4  -2  
16  3  38  1568  420  332  4  -2  
16  3  38  1576  411  332  4  -2  
16  3  38  1584  406  332  4  -2  
16  3  38  1593  401  332  4  -2  
16  3  38  1602  396  332  4  -2  
