14  45  45  0  379  337  1  -2  
14  45  45  8  379  337  1  -2  
14  45  45  16  379  337  1  -2  
14  45  45  25  379  337  1  -2  
14  45  45  36  379  337  1  -2  
14  45  45  41  379  337  1  -2  
14  45  45  51  379  337  1  -2  
14  45  45  59  379  337  1  -2  
14  45  45  68  379  337  1  -2  
14  45  45  75  379  337  1  -2  
14  45  45  84  379  337  1  -2  
14  45  45  92  379  337  1  -2  
14  45  45  101  379  337  1  -2  
14  45  45  108  379  337  1  -2  
14  45  45  118  379  337  1  -2  
14  45  45  126  379  337  1  -2  
14  45  45  133  379  337  1  -2  
14  45  45  142  379  337  1  -2  
14  45  45  152  379  337  1  -2  
14  45  45  159  379  337  1  -2  
14  45  45  168  380  337  1  -2  
14  45  45  176  387  337  1  -2  
14  45  45  184  398  339  1  -2  
14  45  45  192  412  339  1  -2  
14  45  45  202  428  340  1  -2  
14  45  45  209  465  340  1  -2  
14  45  45  219  483  340  1  -2  
14  45  45  226  501  340  1  -2  
14  45  45  236  514  340  2  -2  
14  45  45  242  523  340  2  -2  
14  45  45  253  526  340  2  -2  
14  45  45  259  527  340  2  -2  
14  45  45  268  527  340  2  -2  
14  45  45  276  527  340  2  -2  
14  45  45  284  527  340  2  -2  
14  45  45  292  527  340  2  -2  
14  45  45  301  527  340  2  -2  
14  45  45  309  527  340  2  -2  
14  45  45  318  527  340  2  -2  
14  45  45  326  527  340  2  -2  
14  45  45  334  527  340  2  -2  
14  45  45  342  527  340  2  -2  
14  45  45  351  527  340  2  -2  
14  45  45  359  527  340  2  -2  
14  45  45  368  527  340  2  -2  
14  45  45  376  527  340  2  -2  
14  45  45  385  527  340  2  -2  
14  45  46  392  527  340  2  -2  
14  45  46  401  527  340  2  -2  
14  45  46  409  527  340  2  -2  
14  45  46  418  527  340  2  -2  
14  45  46  426  527  340  2  -2  
14  45  46  436  527  340  2  -2  
14  45  46  442  527  340  2  -2  
14  45  46  453  527  340  2  -2  
14  45  46  460  527  340  2  -2  
14  45  46  469  527  340  2  -2  
14  45  46  476  527  340  2  -2  
14  45  46  484  527  340  2  -2  
14  45  46  492  527  340  2  -2  
14  45  46  502  527  340  2  -2  
14  45  46  509  527  340  2  -2  
14  45  46  518  527  340  2  -2  
14  45  46  525  527  340  2  -2  
14  45  46  535  527  340  2  -2  
14  45  46  542  527  340  2  -2  
14  45  46  553  527  340  2  -2  
14  45  46  558  527  340  2  -2  
14  45  46  569  527  340  2  -2  
14  45  46  575  527  340  2  -2  
14  45  46  587  527  340  2  -2  
14  45  46  592  527  340  2  -2  
14  45  46  602  527  340  2  -2  
14  45  46  609  527  340  2  -2  
14  45  46  620  527  340  2  -2  
14  45  46  626  527  340  2  -2  
14  45  46  636  527  340  2  -2  
14  45  46  644  527  340  2  -2  
14  45  46  653  527  340  2  -2  
14  45  46  660  524  340  2  -2  
14  45  46  669  522  342  2  -2  
14  45  46  676  521  342  2  -2  
14  45  46  686  518  342  2  -2  
14  45  46  694  515  343  2  -2  
14  45  46  703  513  343  2  -2  
14  45  46  710  510  343  2  -2  
14  45  46  719  505  343  2  -2  
14  45  46  726  501  343  2  -2  
14  45  46  737  495  343  2  -2  
14  45  46  744  475  343  2  -2  
14  45  46  753  475  343  2  -2  
14  45  46  760  453  343  2  -2  
14  45  46  770  453  343  2  -2  
14  45  46  776  430  343  2  -2  
14  45  46  787  430  343  2  -2  
14  45  46  793  407  343  2  -2  
14  45  46  805  397  343  2  -2  
14  45  46  810  387  343  2  -2  
14  45  46  820  378  343  3  -2  
14  45  46  827  373  343  3  -2  
14  45  46  837  370  343  3  -2  
14  45  46  845  369  343  3  -2  
14  45  46  853  369  343  3  -2  
14  45  46  860  369  343  3  -2  
14  45  46  869  369  343  3  -2  
14  45  46  877  367  343  3  -2  
14  45  46  887  366  343  3  -2  
14  45  46  895  363  343  3  -2  
14  45  46  903  358  343  3  -2  
14  45  46  911  353  343  3  -2  
14  45  46  919  350  343  3  -2  
14  45  46  926  349  343  3  -2  
14  45  46  937  349  343  3  -2  
14  45  46  944  349  343  3  -2  
14  45  46  953  349  343  3  -2  
14  45  46  960  349  343  3  -2  
14  45  46  969  349  343  3  -2  
14  45  46  977  349  343  3  -2  
14  45  46  986  349  343  3  -2  
14  45  46  995  349  343  3  -2  
14  45  46  1003  348  343  3  -2  
14  45  46  1010  348  343  3  -2  
14  45  46  1020  348  343  3  -2  
14  45  46  1030  348  343  3  -2  
14  45  46  1039  348  343  3  -2  
14  45  46  1047  348  343  3  -2  
14  45  46  1056  348  343  3  -2  
14  45  46  1067  348  343  3  -2  
14  45  46  1073  348  343  3  -2  
14  45  46  1081  348  343  3  -2  
14  45  46  1091  348  343  3  -2  
14  45  46  1099  349  344  3  -2  
14  45  46  1107  350  344  3  -2  
14  45  46  1116  350  344  3  -2  
14  45  46  1124  352  344  3  -2  
14  45  46  1134  356  344  3  -2  
14  45  46  1142  360  346  3  -2  
14  45  46  1150  367  346  3  -2  
14  45  46  1156  373  346  3  -2  
14  45  46  1166  382  346  3  -2  
14  45  46  1175  392  346  3  -2  
14  45  46  1184  405  346  3  -2  
14  45  46  1190  418  346  3  -2  
14  45  46  1200  436  346  3  -2  
14  45  46  1207  457  346  3  -2  
14  45  46  1218  472  346  3  -2  
14  45  46  1225  496  346  3  -2  
14  45  46  1234  503  346  3  -2  
14  45  46  1240  505  346  3  -2  
14  45  46  1251  505  346  3  -2  
14  45  46  1258  505  346  3  -2  
14  45  46  1268  505  346  3  -2  
14  45  46  1274  505  346  3  -2  
14  45  46  1284  505  346  3  -2  
14  45  46  1291  505  346  3  -2  
14  45  46  1301  505  346  3  -2  
14  45  46  1308  505  346  3  -2  
14  45  46  1318  505  346  3  -2  
14  45  46  1325  505  346  3  -2  
14  45  46  1335  505  346  3  -2  
14  45  46  1341  505  346  3  -2  
14  45  46  1350  505  346  3  -2  
14  45  46  1357  505  346  3  -2  
14  45  46  1367  505  346  3  -2  
14  45  46  1375  505  346  3  -2  
14  45  46  1384  505  346  3  -2  
14  45  47  1391  505  346  3  -2  
14  45  47  1401  505  346  3  -2  
14  45  47  1407  505  346  3  -2  
14  45  47  1418  505  346  3  -2  
14  45  47  1425  505  346  3  -2  
14  45  47  1435  505  346  3  -2  
14  45  47  1443  505  346  3  -2  
14  45  47  1450  505  346  3  -2  
14  45  47  1459  505  346  3  -2  
14  45  47  1468  505  346  3  -2  
14  45  47  1475  505  346  3  -2  
14  45  47  1485  505  346  3  -2  
14  45  47  1492  505  346  3  -2  
14  45  47  1502  505  346  3  -2  
14  45  47  1509  505  346  3  -2  
14  45  47  1519  505  346  3  -2  
14  45  47  1525  505  346  3  -2  
14  45  47  1535  505  346  3  -2  
14  45  47  1543  505  346  3  -2  
14  45  47  1553  505  346  3  -2  
14  45  47  1558  505  346  3  -2  
14  45  47  1568  505  346  3  -2  
14  45  47  1576  505  346  3  -2  
14  45  47  1586  505  346  3  -2  
14  45  47  1593  505  346  3  -2  
14  45  47  1602  505  346  3  -2  
14  45  47  1609  505  346  3  -2  
14  45  47  1619  505  346  3  -2  
14  45  47  1626  505  346  3  -2  
14  45  47  1636  505  346  3  -2  
14  45  47  1643  505  346  3  -2  
14  45  47  1652  505  346  3  -2  
14  45  47  1658  505  346  3  -2  
14  45  47  1669  505  346  3  -2  
14  45  47  1676  505  346  3  -2  
14  45  47  1687  505  346  3  -2  
14  45  47  1694  505  346  3  -2  
14  45  47  1703  505  346  3  -2  
14  45  47  1710  505  346  3  -2  
14  45  47  1721  505  346  3  -2  
14  45  47  1727  505  346  3  -2  
14  45  47  1736  505  346  3  -2  
14  45  47  1745  505  346  3  -2  
14  45  47  1752  505  346  3  -2  
14  45  47  1761  505  346  3  -2  
14  45  47  1771  505  346  3  -2  
14  45  47  1778  505  346  3  -2  
14  45  47  1788  505  346  3  -2  
14  45  47  1796  505  346  3  -2  
14  45  47  1804  505  346  3  -2  
14  45  47  1813  505  346  3  -2  
14  45  47  1821  505  346  3  -2  
14  45  47  1829  505  346  3  -2  
14  45  47  1838  505  346  3  -2  
14  45  47  1846  505  346  3  -2  
14  45  47  1854  505  346  3  -2  
14  45  47  1863  505  346  3  -2  
14  45  47  1873  505  346  3  -2  
14  45  47  1879  505  346  3  -2  
14  45  47  1888  505  346  3  -2  
14  45  47  1898  505  346  3  -2  
14  45  47  1905  505  346  3  -2  
14  45  47  1914  505  346  3  -2  
14  45  47  1923  505  346  3  -2  
14  45  47  1931  504  346  3  -2  
14  45  47  1940  500  346  3  -2  
14  45  47  1947  495  346  3  -2  
14  45  47  1955  491  345  3  -2  
14  45  47  1964  486  345  3  -2  
14  45  47  1973  479  345  3  -2  
14  45  47  1980  472  344  3  -2  
14  45  47  1989  465  342  3  -2  
14  45  47  1997  460  342  3  -2  
14  45  47  2006  454  342  3  -2  
14  45  47  2014  451  342  3  -2  
14  45  47  2022  447  342  3  -2  
14  45  47  2030  446  342  3  -2  
14  45  47  2040  444  342  3  -2  
14  45  47  2048  443  342  3  -2  
14  45  47  2057  442  342  3  -2  
14  45  47  2066  440  342  3  -2  
14  45  47  2073  438  342  3  -2  
14  45  47  2082  438  342  3  -2  
14  45  47  2091  434  342  3  -2  
14  45  47  2100  430  342  3  -2  
14  45  47  2106  426  342  3  -2  
14  45  47  2118  421  342  3  -2  
14  45  47  2123  416  342  3  -2  
14  45  47  2135  411  342  3  -2  
14  45  47  2140  406  342  3  -2  
14  45  47  2151  402  342  3  -2  
14  45  47  2157  399  342  3  -2  
14  45  47  2167  397  342  3  -2  
14  45  47  2175  396  342  3  -2  
14  45  47  2184  395  342  3  -2  
14  45  47  2190  395  342  3  -2  
14  45  47  2201  395  342  3  -2  
14  45  47  2208  394  342  3  -2  
14  45  47  2217  394  342  3  -2  
14  45  47  2224  394  342  3  -2  
14  45  47  2234  393  342  3  -2  
14  45  47  2239  392  342  3  -2  
14  45  47  2250  392  342  3  -2  
14  45  47  2258  391  342  3  -2  
14  45  47  2267  390  342  3  -2  
14  45  47  2274  390  342  3  -2  
14  45  47  2283  389  342  3  -2  
14  45  47  2290  389  342  3  -2  
14  45  47  2300  389  342  3  -2  
14  45  47  2308  389  342  3  -2  
14  45  47  2317  389  342  3  -2  
14  45  47  2324  389  342  3  -2  
14  45  47  2333  389  342  3  -2  
14  45  47  2340  389  342  3  -2  
14  45  47  2350  389  342  3  -2  
14  45  47  2356  389  342  3  -2  
14  45  47  2367  388  342  3  -2  
14  45  47  2374  388  342  3  -2  
14  45  47  2383  386  342  3  -2  
14  45  47  2390  386  342  3  -2  
14  45  48  2399  386  342  3  -2  
14  45  48  2406  385  342  3  -2  
14  45  48  2417  384  342  3  -2  
14  45  48  2424  384  342  3  -2  
14  45  48  2433  384  342  3  -2  
14  45  48  2441  384  342  3  -2  
14  45  48  2450  384  342  3  -2  
14  45  48  2456  384  342  3  -2  
14  45  48  2467  384  342  3  -2  
14  45  48  2474  384  342  3  -2  
14  45  48  2483  384  342  3  -2  
14  45  48  2489  384  342  3  -2  
14  45  48  2500  384  342  3  -2  
14  45  48  2508  384  342  3  -2  
14  45  48  2517  384  342  3  -2  
14  45  48  2524  384  342  3  -2  
14  45  48  2533  384  342  3  -2  
14  45  48  2540  384  342  3  -2  
14  45  48  2550  384  342  3  -2  
14  45  48  2558  384  342  3  -2  
14  45  48  2567  384  342  3  -2  
14  45  48  2575  384  342  3  -2  
14  45  48  2585  384  342  3  -2  
14  45  48  2590  384  342  3  -2  
14  45  48  2602  384  342  3  -2  
14  45  48  2607  384  342  3  -2  
14  45  48  2617  384  342  3  -2  
14  45  48  2625  384  342  3  -2  
14  45  48  2634  384  342  3  -2  
14  45  48  2642  384  342  3  -2  
14  45  48  2653  384  342  3  -2  
14  45  48  2659  384  342  3  -2  
