9  39  21  0  384  322  1  -2  
9  39  21  8  384  322  1  -2  
9  39  21  17  384  322  1  -2  
9  39  21  25  384  322  1  -2  
9  39  21  33  384  322  1  -2  
9  39  21  42  384  322  1  -2  
9  39  21  50  384  322  1  -2  
9  39  21  58  384  322  1  -2  
9  39  21  67  384  322  1  -2  
9  39  21  76  384  322  1  -2  
9  39  21  83  384  322  1  -2  
9  39  21  91  384  322  1  -2  
9  39  21  100  384  322  1  -2  
9  39  21  108  384  322  1  -2  
9  39  21  117  384  322  1  -2  
9  39  21  125  384  322  1  -2  
9  39  21  133  384  322  1  -2  
9  39  21  142  384  322  1  -2  
9  39  21  150  384  322  1  -2  
9  39  21  159  384  322  1  -2  
9  39  21  167  384  322  1  -2  
9  39  21  175  384  322  1  -2  
9  39  21  183  384  322  1  -2  
9  39  21  192  384  322  1  -2  
9  39  21  200  384  322  1  -2  
9  39  21  208  384  322  1  -2  
9  39  21  217  384  322  1  -2  
9  39  21  225  384  322  1  -2  
9  39  21  234  384  322  1  -2  
9  39  21  241  384  322  1  -2  
9  39  21  251  384  322  1  -2  
9  39  21  259  384  322  1  -2  
9  39  21  267  384  322  1  -2  
9  39  21  275  384  322  1  -2  
9  39  21  283  384  322  1  -2  
9  39  21  291  384  322  1  -2  
9  39  21  300  384  322  1  -2  
9  39  21  308  384  322  1  -2  
9  39  21  317  384  322  1  -2  
9  39  21  325  384  322  1  -2  
9  39  21  334  384  322  1  -2  
9  39  21  341  384  322  1  -2  
9  39  21  350  384  322  1  -2  
9  39  21  359  384  322  1  -2  
9  39  21  367  384  322  1  -2  
9  39  21  375  384  322  1  -2  
9  39  21  383  384  322  1  -2  
9  39  21  392  384  322  1  -2  
9  39  21  400  384  322  1  -2  
9  39  21  408  384  322  1  -2  
9  39  21  417  384  322  1  -2  
9  39  21  425  384  322  1  -2  
9  39  21  433  384  322  1  -2  
9  39  21  442  384  322  1  -2  
9  39  21  450  384  322  1  -2  
9  39  21  458  384  322  1  -2  
9  39  21  467  384  322  1  -2  
9  39  21  476  384  322  1  -2  
9  39  21  483  384  322  1  -2  
9  39  21  492  384  322  1  -2  
9  39  21  501  384  322  1  -2  
9  39  21  509  384  322  1  -2  
9  39  21  517  384  322  1  -2  
9  39  21  526  385  321  1  -2  
9  39  21  536  388  320  1  -2  
9  39  21  543  390  320  1  -2  
9  39  21  551  393  318  1  -2  
9  39  21  560  395  318  1  -2  
9  39  21  569  399  318  1  -2  
9  39  21  577  404  318  1  -2  
9  39  21  585  411  318  1  -2  
9  39  21  593  418  318  1  -2  
9  39  21  602  426  318  1  -2  
9  39  21  610  435  318  1  -2  
9  39  21  618  443  318  1  -2  
9  39  21  627  452  320  1  -2  
9  39  21  636  462  320  1  -2  
9  39  21  645  470  320  1  -2  
9  39  21  652  482  320  1  -2  
9  39  21  662  482  320  1  -2  
9  39  21  669  494  320  1  -2  
9  39  21  678  501  320  2  -2  
9  39  21  686  506  321  2  -2  
9  39  21  693  510  321  2  -2  
9  39  21  702  515  321  2  -2  
9  39  21  710  520  321  2  -2  
9  39  21  718  523  321  2  -2  
9  39  21  727  527  321  2  -2  
9  39  21  735  529  323  2  -2  
9  39  21  743  531  323  2  -2  
9  39  21  751  532  323  2  -2  
9  39  21  759  533  323  2  -2  
9  39  21  767  534  323  2  -2  
9  39  21  775  534  323  2  -2  
9  39  21  785  534  323  2  -2  
9  39  21  792  534  323  2  -2  
9  39  22  801  534  323  2  -2  
9  39  22  809  534  323  2  -2  
9  39  22  817  534  323  2  -2  
9  39  22  826  534  323  2  -2  
9  39  22  834  534  323  2  -2  
9  39  22  842  534  323  2  -2  
9  39  22  851  534  323  2  -2  
9  39  22  859  534  323  2  -2  
9  39  22  867  534  323  2  -2  
9  39  22  876  534  323  2  -2  
9  39  22  883  534  323  2  -2  
9  39  22  893  534  323  2  -2  
9  39  22  904  534  323  2  -2  
9  39  22  910  535  323  2  -2  
9  39  22  920  535  323  2  -2  
9  39  22  927  535  323  2  -2  
9  39  22  935  535  323  2  -2  
9  39  22  944  535  323  2  -2  
9  39  22  952  535  323  2  -2  
9  39  22  961  535  323  2  -2  
9  39  22  970  535  323  2  -2  
9  39  22  977  535  323  2  -2  
9  39  22  986  535  323  2  -2  
9  39  22  994  535  323  2  -2  
9  39  22  1002  535  323  2  -2  
9  39  22  1010  535  323  2  -2  
9  39  22  1019  535  323  2  -2  
9  39  22  1027  535  323  2  -2  
9  39  22  1036  535  323  2  -2  
9  39  22  1045  535  323  2  -2  
9  39  22  1052  535  323  2  -2  
9  39  22  1060  535  323  2  -2  
9  39  22  1070  535  323  2  -2  
9  39  22  1077  535  323  2  -2  
9  39  22  1086  535  323  2  -2  
9  39  22  1094  535  323  2  -2  
9  39  22  1105  535  323  2  -2  
9  39  22  1111  535  323  2  -2  
9  39  22  1118  535  323  2  -2  
9  39  22  1127  535  323  2  -2  
9  39  22  1137  535  323  2  -2  
9  39  22  1145  535  323  2  -2  
9  39  22  1155  535  322  2  -2  
9  39  22  1162  533  321  2  -2  
9  39  22  1171  529  319  2  -2  
9  39  22  1178  524  318  2  -2  
9  39  22  1188  516  316  2  -2  
9  39  22  1195  508  316  2  -2  
9  39  22  1205  501  313  2  -2  
9  39  22  1211  484  311  2  -2  
9  39  22  1222  484  311  2  -2  
9  39  22  1228  468  308  2  -2  
9  39  22  1237  462  306  2  -2  
9  39  22  1246  456  306  2  -2  
9  39  22  1255  452  305  2  -2  
9  39  22  1261  448  304  2  -2  
9  39  22  1272  444  302  2  -2  
9  39  22  1279  441  302  2  -2  
9  39  22  1288  438  302  2  -2  
9  39  22  1295  435  301  2  -2  
9  39  22  1305  431  301  2  -2  
9  39  22  1311  428  301  2  -2  
9  39  22  1322  423  300  2  -2  
9  39  22  1329  418  299  2  -2  
9  39  22  1338  414  299  2  -2  
9  39  22  1345  409  297  2  -2  
9  39  22  1354  406  297  2  -2  
9  39  22  1361  404  297  2  -2  
9  39  22  1372  400  296  2  -2  
9  39  22  1378  400  296  2  -2  
9  39  22  1389  400  296  2  -2  
9  39  22  1397  398  296  2  -2  
9  39  22  1407  397  296  2  -2  
9  39  22  1412  396  296  2  -2  
9  39  22  1423  396  296  2  -2  
9  39  22  1429  391  295  3  -2  
9  39  22  1439  388  295  3  -2  
9  39  22  1446  385  295  3  -2  
9  39  22  1456  383  295  3  -2  
9  39  22  1463  380  295  3  -2  
9  39  22  1473  379  295  3  -2  
9  39  22  1480  378  295  3  -2  
9  39  22  1490  376  295  3  -2  
9  39  22  1497  376  295  3  -2  
9  39  22  1506  375  295  3  -2  
9  39  22  1513  374  295  3  -2  
9  39  22  1523  374  295  3  -2  
9  39  22  1530  372  295  3  -2  
9  39  22  1539  371  295  3  -2  
9  39  22  1547  371  295  3  -2  
9  39  22  1556  371  295  3  -2  
9  39  22  1563  369  296  3  -2  
9  39  22  1573  369  296  3  -2  
9  39  22  1579  369  296  3  -2  
9  39  22  1589  369  296  3  -2  
9  39  22  1597  368  296  3  -2  
9  39  22  1606  368  296  3  -2  
9  39  22  1613  368  296  3  -2  
9  39  22  1624  367  296  3  -2  
9  39  22  1629  367  296  3  -2  
9  39  22  1640  367  296  3  -2  
9  39  22  1647  367  296  3  -2  
9  39  22  1656  367  296  3  -2  
9  39  22  1665  367  296  3  -2  
9  39  22  1672  367  296  3  -2  
9  39  22  1679  367  296  3  -2  
9  39  22  1689  367  296  3  -2  
9  39  22  1697  367  296  3  -2  
9  39  22  1706  367  296  3  -2  
9  39  22  1713  367  296  3  -2  
9  39  22  1723  367  296  3  -2  
9  39  22  1730  367  296  3  -2  
9  39  22  1740  367  296  3  -2  
9  39  22  1747  367  296  3  -2  
9  39  22  1757  367  296  3  -2  
9  39  22  1763  367  296  3  -2  
9  39  22  1773  367  296  3  -2  
9  39  22  1780  367  296  3  -2  
9  39  22  1789  367  296  3  -2  
9  39  23  1797  367  296  3  -2  
9  39  23  1807  367  296  3  -2  
9  39  23  1813  367  296  3  -2  
9  39  23  1823  367  296  3  -2  
9  39  23  1830  367  296  3  -2  
9  39  23  1840  367  296  3  -2  
9  39  23  1847  367  296  3  -2  
9  39  23  1857  367  296  3  -2  
9  39  23  1863  367  296  3  -2  
9  39  23  1873  367  296  3  -2  
9  39  23  1880  367  296  3  -2  
9  39  23  1890  367  296  3  -2  
9  39  23  1897  367  296  3  -2  
9  39  23  1907  367  296  3  -2  
9  39  23  1913  367  296  3  -2  
9  39  23  1923  367  296  3  -2  
9  39  23  1930  367  296  3  -2  
9  39  23  1939  367  296  3  -2  
9  39  23  1947  367  296  3  -2  
9  39  23  1957  367  296  3  -2  
9  39  23  1963  367  296  3  -2  
9  39  23  1973  367  296  3  -2  
9  39  23  1981  367  296  3  -2  
9  39  23  1990  371  296  3  -2  
9  39  23  1997  377  296  3  -2  
9  39  23  2007  386  298  3  -2  
9  39  23  2014  398  299  3  -2  
9  39  23  2023  410  302  3  -2  
9  39  23  2031  426  304  3  -2  
9  39  23  2040  441  306  3  -2  
9  39  23  2047  458  309  3  -2  
9  39  23  2057  473  311  3  -2  
9  39  23  2065  488  313  3  -2  
9  39  23  2073  500  315  4  -2  
9  39  23  2080  512  317  4  -2  
9  39  23  2089  520  317  4  -2  
9  39  23  2097  526  318  4  -2  
9  39  23  2107  531  318  4  -2  
9  39  23  2113  534  318  4  -2  
9  39  23  2123  535  318  4  -2  
9  39  23  2130  537  318  4  -2  
9  39  23  2139  538  318  4  -2  
9  39  23  2148  538  318  4  -2  
9  39  23  2158  538  318  4  -2  
9  39  23  2164  541  318  4  -2  
9  39  23  2173  541  318  4  -2  
9  39  23  2181  542  318  4  -2  
9  39  23  2190  543  318  4  -2  
9  39  23  2197  543  318  4  -2  
9  39  23  2207  543  318  4  -2  
9  39  23  2215  543  318  4  -2  
9  39  23  2223  543  318  4  -2  
9  39  23  2231  543  318  4  -2  
9  39  23  2240  543  318  4  -2  
9  39  23  2248  543  318  4  -2  
9  39  23  2257  543  318  4  -2  
9  39  23  2264  543  318  4  -2  
9  39  23  2273  543  318  4  -2  
9  39  23  2281  543  318  4  -2  
9  39  23  2290  543  318  4  -2  
9  39  23  2297  543  318  4  -2  
9  39  23  2307  543  318  4  -2  
9  39  23  2315  543  318  4  -2  
9  39  23  2323  543  318  4  -2  
9  39  23  2331  543  318  4  -2  
9  39  23  2340  543  318  4  -2  
9  39  23  2349  543  318  4  -2  
9  39  23  2357  543  318  4  -2  
9  39  23  2365  543  318  4  -2  
9  39  23  2374  542  318  4  -2  
9  39  23  2382  538  318  4  -2  
9  39  23  2390  532  318  4  -2  
9  39  23  2399  526  319  4  -2  
9  39  23  2408  521  319  4  -2  
9  39  23  2416  514  319  4  -2  
9  39  23  2425  510  319  4  -2  
9  39  23  2432  508  319  4  -2  
9  39  23  2440  507  319  4  -2  
9  39  23  2448  506  319  4  -2  
9  39  23  2457  506  319  4  -2  
9  39  23  2466  504  319  4  -2  
9  39  23  2473  503  319  4  -2  
9  39  23  2482  502  319  4  -2  
9  39  23  2489  498  319  4  -2  
9  39  23  2499  494  319  4  -2  
9  39  23  2506  489  319  4  -2  
9  39  23  2516  482  321  4  -2  
9  39  23  2523  470  321  4  -2  
9  39  23  2532  470  321  4  -2  
9  39  23  2540  461  321  4  -2  
9  39  23  2548  456  321  4  -2  
9  39  23  2557  453  321  4  -2  
9  39  23  2565  451  321  4  -2  
9  39  23  2573  447  321  4  -2  
9  39  23  2583  445  321  4  -2  
9  39  23  2591  442  321  4  -2  
9  39  23  2603  439  321  4  -2  
9  39  23  2610  436  321  4  -2  
9  39  23  2620  431  321  4  -2  
9  39  23  2627  423  321  4  -2  
9  39  23  2638  423  321  4  -2  
9  39  23  2645  414  321  4  -2  
9  39  23  2654  412  321  4  -2  
9  39  23  2661  410  321  4  -2  
9  39  23  2670  406  321  4  -2  
9  39  23  2677  406  321  4  -2  
9  39  23  2687  403  321  4  -2  
9  39  23  2695  402  321  4  -2  
