16  4  35  0  357  294  1  -2  
16  4  35  8  357  294  1  -2  
16  4  35  15  357  294  1  -2  
16  4  35  24  357  294  1  -2  
16  4  35  32  357  294  1  -2  
16  4  35  41  357  294  1  -2  
16  4  35  50  357  294  1  -2  
16  4  35  58  357  293  1  -2  
16  4  35  66  358  293  1  -2  
16  4  35  75  360  293  1  -2  
16  4  35  83  361  293  1  -2  
16  4  35  90  362  293  1  -2  
16  4  35  100  363  293  1  -2  
16  4  35  107  366  293  1  -2  
16  4  35  118  368  294  1  -2  
16  4  35  124  372  296  1  -2  
16  4  35  134  382  297  1  -2  
16  4  35  142  390  298  1  -2  
16  4  35  153  404  298  1  -2  
16  4  35  159  417  298  1  -2  
16  4  35  169  441  301  1  -2  
16  4  35  175  505  301  2  -2  
16  4  35  185  505  301  2  -2  
16  4  35  193  531  305  2  -2  
16  4  35  200  541  306  2  -2  
16  4  35  211  541  306  2  -2  
16  4  35  217  541  306  2  -2  
16  4  35  226  541  306  2  -2  
16  4  35  233  541  306  2  -2  
16  4  35  242  541  306  2  -2  
16  4  35  250  541  306  2  -2  
16  4  35  260  542  306  2  -2  
16  4  35  267  542  306  2  -2  
16  4  35  276  542  306  2  -2  
16  4  35  284  542  306  2  -2  
16  4  35  292  542  306  2  -2  
16  4  35  301  542  306  2  -2  
16  4  35  308  542  306  2  -2  
16  4  35  318  542  306  2  -2  
16  4  35  325  542  306  2  -2  
16  4  35  335  542  306  2  -2  
16  4  35  342  543  306  2  -2  
16  4  35  350  543  306  2  -2  
16  4  35  360  545  306  2  -2  
16  4  35  367  547  306  2  -2  
16  4  35  375  547  306  2  -2  
16  4  35  385  548  306  2  -2  
16  4  35  393  548  306  2  -2  
16  4  35  401  548  306  2  -2  
16  4  35  410  548  306  2  -2  
16  4  35  418  548  306  2  -2  
16  4  35  425  548  306  2  -2  
16  4  35  435  548  306  2  -2  
16  4  35  442  548  306  2  -2  
16  4  35  450  548  306  2  -2  
16  4  35  459  548  306  2  -2  
16  4  35  469  548  306  2  -2  
16  4  35  475  549  306  2  -2  
16  4  35  484  549  306  2  -2  
16  4  35  492  549  306  2  -2  
16  4  35  500  549  306  2  -2  
16  4  36  509  549  306  2  -2  
16  4  36  517  549  306  2  -2  
16  4  36  524  549  306  2  -2  
16  4  36  534  549  306  2  -2  
16  4  36  541  549  306  2  -2  
16  4  36  549  549  306  2  -2  
16  4  36  559  549  306  2  -2  
16  4  36  566  549  306  2  -2  
16  4  36  574  549  306  2  -2  
16  4  36  584  549  306  2  -2  
16  4  36  590  549  306  2  -2  
16  4  36  601  549  306  2  -2  
16  4  36  609  549  306  2  -2  
16  4  36  617  549  306  2  -2  
16  4  36  624  548  307  2  -2  
16  4  36  635  548  307  2  -2  
16  4  36  641  544  308  2  -2  
16  4  36  650  544  308  2  -2  
16  4  36  659  541  309  2  -2  
16  4  36  669  541  309  2  -2  
16  4  36  675  538  309  2  -2  
16  4  36  684  537  309  2  -2  
16  4  36  691  534  309  2  -2  
16  4  36  701  532  310  2  -2  
16  4  36  709  529  310  2  -2  
16  4  36  719  527  312  2  -2  
16  4  36  727  525  312  2  -2  
16  4  36  735  523  313  2  -2  
16  4  36  742  519  315  2  -2  
16  4  36  749  517  316  2  -2  
16  4  36  759  515  317  2  -2  
16  4  36  767  513  317  2  -2  
16  4  36  774  511  318  2  -2  
16  4  36  784  509  318  2  -2  
16  4  36  791  499  321  2  -2  
16  4  36  801  499  321  2  -2  
16  4  36  810  492  322  2  -2  
16  4  36  820  487  322  2  -2  
16  4  36  825  483  323  2  -2  
16  4  36  835  479  323  2  -2  
16  4  36  842  476  324  2  -2  
16  4  36  851  473  324  2  -2  
16  4  36  860  470  324  2  -2  
16  4  36  869  465  326  2  -2  
16  4  36  875  464  326  2  -2  
16  4  36  885  461  326  2  -2  
16  4  36  892  458  326  2  -2  
16  4  36  901  454  326  2  -2  
16  4  36  910  453  326  2  -2  
16  4  36  919  450  326  2  -2  
16  4  36  926  447  326  2  -2  
16  4  36  935  445  326  2  -2  
16  4  36  942  442  327  2  -2  
16  4  36  953  438  327  2  -2  
16  4  36  961  431  327  2  -2  
16  4  36  969  427  327  2  -2  
16  4  36  976  425  327  2  -2  
16  4  36  986  422  327  2  -2  
16  4  36  993  420  327  2  -2  
16  4  36  1003  417  327  2  -2  
16  4  36  1010  416  327  2  -2  
16  4  36  1019  414  327  2  -2  
16  4  36  1025  414  327  2  -2  
16  4  36  1035  414  327  2  -2  
16  4  36  1043  414  327  2  -2  
16  4  36  1052  413  327  2  -2  
16  4  36  1060  413  327  2  -2  
16  4  36  1069  410  327  2  -2  
16  4  36  1075  408  327  2  -2  
16  4  36  1086  404  327  2  -2  
16  4  36  1093  399  327  2  -2  
16  4  36  1101  395  326  3  -2  
16  4  36  1109  390  326  3  -2  
16  4  36  1121  386  326  3  -2  
16  4  36  1126  382  325  3  -2  
16  4  36  1137  382  325  3  -2  
16  4  36  1144  381  325  3  -2  
16  4  36  1154  381  325  3  -2  
16  4  36  1161  381  325  3  -2  
16  4  36  1171  381  325  3  -2  
16  4  36  1178  381  325  3  -2  
16  4  36  1189  381  325  3  -2  
16  4  36  1195  380  325  3  -2  
16  4  36  1204  380  325  3  -2  
16  4  36  1214  376  325  3  -2  
16  4  36  1224  372  323  3  -2  
16  4  36  1234  367  323  3  -2  
16  4  36  1242  364  322  3  -2  
16  4  36  1251  363  322  3  -2  
16  4  36  1258  363  322  3  -2  
16  4  36  1269  363  322  3  -2  
16  4  36  1274  363  322  3  -2  
16  4  36  1285  363  322  3  -2  
16  4  36  1292  363  322  3  -2  
16  4  36  1302  363  322  3  -2  
16  4  36  1309  363  322  3  -2  
16  4  36  1318  363  322  3  -2  
16  4  36  1326  363  322  3  -2  
16  4  36  1335  362  322  3  -2  
16  4  36  1341  358  322  3  -2  
16  4  36  1352  356  322  3  -2  
16  4  36  1359  354  321  3  -2  
16  4  36  1368  353  321  3  -2  
16  4  36  1374  353  321  3  -2  
16  4  36  1384  353  321  3  -2  
16  4  36  1391  353  321  3  -2  
16  4  36  1402  353  321  3  -2  
16  4  36  1409  353  321  3  -2  
16  4  36  1417  353  321  3  -2  
16  4  36  1424  353  321  3  -2  
16  4  36  1435  353  321  3  -2  
16  4  36  1442  353  321  3  -2  
16  4  36  1452  352  321  3  -2  
16  4  36  1459  352  321  3  -2  
16  4  36  1470  352  321  3  -2  
16  4  36  1478  352  321  3  -2  
16  4  36  1488  352  321  3  -2  
16  4  36  1497  352  321  3  -2  
16  4  37  1506  352  321  3  -2  
16  4  37  1514  352  321  3  -2  
16  4  37  1522  352  321  3  -2  
16  4  37  1531  352  321  3  -2  
16  4  37  1540  352  321  3  -2  
16  4  37  1548  352  321  3  -2  
16  4  37  1556  353  321  3  -2  
16  4  37  1564  353  321  3  -2  
16  4  37  1572  354  321  3  -2  
16  4  37  1581  354  321  3  -2  
16  4  37  1590  355  321  3  -2  
16  4  37  1598  356  321  3  -2  
16  4  37  1606  356  321  3  -2  
16  4  37  1615  357  322  3  -2  
16  4  37  1623  357  322  3  -2  
16  4  37  1630  357  322  3  -2  
16  4  37  1640  359  323  3  -2  
16  4  37  1648  359  323  3  -2  
16  4  37  1656  360  323  3  -2  
16  4  37  1665  362  323  3  -2  
16  4  37  1672  362  323  3  -2  
16  4  37  1680  362  323  3  -2  
16  4  37  1690  364  325  3  -2  
16  4  37  1698  365  325  3  -2  
16  4  37  1706  365  325  3  -2  
16  4  37  1715  366  325  3  -2  
16  4  37  1723  368  326  3  -2  
16  4  37  1731  369  326  3  -2  
16  4  37  1740  372  327  3  -2  
16  4  37  1748  376  328  3  -2  
16  4  37  1755  380  328  3  -2  
16  4  37  1764  388  331  3  -2  
16  4  37  1773  394  331  3  -2  
16  4  37  1782  401  332  3  -2  
16  4  37  1790  405  332  3  -2  
16  4  37  1798  407  333  3  -2  
16  4  37  1806  409  333  3  -2  
16  4  37  1814  412  334  3  -2  
16  4  37  1824  416  335  3  -2  
16  4  37  1830  420  336  3  -2  
16  4  37  1840  425  336  3  -2  
16  4  37  1848  432  337  3  -2  
16  4  37  1857  437  337  3  -2  
16  4  37  1865  446  337  3  -2  
16  4  37  1874  450  337  3  -2  
16  4  37  1881  451  337  3  -2  
16  4  37  1891  454  337  3  -2  
16  4  37  1899  457  337  3  -2  
16  4  37  1907  461  337  3  -2  
16  4  37  1915  468  337  3  -2  
16  4  37  1923  477  337  3  -2  
16  4  37  1931  487  337  3  -2  
16  4  37  1940  493  337  3  -2  
16  4  37  1948  499  337  3  -2  
16  4  37  1956  500  337  3  -2  
16  4  37  1965  502  337  4  -2  
16  4  37  1973  502  337  4  -2  
16  4  37  1983  502  337  4  -2  
16  4  37  1992  503  338  4  -2  
16  4  37  2001  503  338  4  -2  
16  4  37  2009  504  339  4  -2  
16  4  37  2019  505  339  4  -2  
16  4  37  2026  507  340  4  -2  
16  4  37  2038  508  341  4  -2  
16  4  37  2046  510  341  4  -2  
16  4  37  2056  511  342  4  -2  
16  4  37  2065  511  342  4  -2  
16  4  37  2072  512  342  4  -2  
16  4  37  2080  512  342  4  -2  
16  4  37  2090  512  342  4  -2  
16  4  37  2098  514  343  4  -2  
16  4  37  2106  516  344  4  -2  
16  4  37  2115  518  344  4  -2  
16  4  37  2123  519  344  4  -2  
16  4  37  2133  522  344  4  -2  
16  4  37  2140  523  344  4  -2  
16  4  37  2150  523  344  4  -2  
16  4  37  2158  523  344  4  -2  
16  4  37  2166  523  344  4  -2  
16  4  37  2173  523  344  4  -2  
16  4  37  2181  523  344  4  -2  
16  4  37  2190  523  344  4  -2  
16  4  37  2200  523  344  4  -2  
16  4  37  2206  523  344  4  -2  
16  4  37  2215  523  344  4  -2  
16  4  37  2224  523  344  4  -2  
16  4  37  2231  523  344  4  -2  
16  4  37  2240  523  344  4  -2  
16  4  37  2248  523  344  4  -2  
16  4  37  2255  523  344  4  -2  
16  4  37  2265  523  344  4  -2  
16  4  37  2274  523  344  4  -2  
16  4  37  2282  523  344  4  -2  
16  4  37  2290  523  344  4  -2  
16  4  37  2298  523  344  4  -2  
16  4  37  2305  523  344  4  -2  
16  4  37  2315  523  344  4  -2  
16  4  37  2323  523  344  4  -2  
16  4  37  2331  523  344  4  -2  
16  4  37  2339  523  344  4  -2  
16  4  37  2349  523  344  4  -2  
16  4  37  2357  519  345  4  -2  
16  4  37  2365  514  345  4  -2  
16  4  37  2373  506  345  4  -2  
16  4  37  2382  496  345  4  -2  
16  4  37  2390  487  345  4  -2  
16  4  37  2398  477  345  4  -2  
16  4  37  2405  469  345  4  -2  
16  4  37  2414  461  345  4  -2  
16  4  37  2422  452  345  4  -2  
16  4  37  2430  447  345  4  -2  
16  4  37  2439  440  345  4  -2  
16  4  37  2449  435  345  4  -2  
16  4  37  2457  425  345  4  -2  
16  4  37  2465  416  343  4  -2  
16  4  37  2474  409  343  4  -2  
16  4  37  2482  404  343  4  -2  
16  4  37  2489  399  343  4  -2  
16  4  37  2499  394  343  4  -2  
16  4  38  2507  392  343  4  -2  
16  4  38  2516  388  343  4  -2  
