14  45  25  0  372  327  1  -2  
14  45  25  11  372  327  1  -2  
14  45  25  17  372  327  1  -2  
14  45  25  28  372  327  1  -2  
14  45  25  34  372  327  1  -2  
14  45  25  44  372  327  1  -2  
14  45  25  50  372  327  1  -2  
14  45  25  61  372  327  1  -2  
14  45  25  67  372  327  1  -2  
14  45  25  76  372  327  1  -2  
14  45  25  83  372  327  1  -2  
14  45  25  93  372  327  1  -2  
14  45  25  100  372  327  1  -2  
14  45  25  110  372  327  1  -2  
14  45  25  117  372  327  1  -2  
14  45  25  128  372  327  1  -2  
14  45  25  135  372  327  1  -2  
14  45  25  145  372  327  1  -2  
14  45  25  152  372  327  1  -2  
14  45  25  162  372  327  1  -2  
14  45  25  168  372  327  1  -2  
14  45  25  178  372  327  1  -2  
14  45  25  185  372  327  1  -2  
14  45  25  196  372  327  1  -2  
14  45  25  202  372  327  1  -2  
14  45  25  212  372  327  1  -2  
14  45  25  218  372  327  1  -2  
14  45  25  228  372  327  1  -2  
14  45  25  235  372  327  1  -2  
14  45  25  245  372  327  1  -2  
14  45  25  252  372  327  1  -2  
14  45  25  261  372  327  1  -2  
14  45  25  270  372  327  1  -2  
14  45  25  278  372  327  1  -2  
14  45  25  285  372  327  1  -2  
14  45  25  294  372  327  1  -2  
14  45  25  302  372  327  1  -2  
14  45  25  312  372  327  1  -2  
14  45  25  318  372  327  1  -2  
14  45  25  328  372  327  1  -2  
14  45  25  335  372  327  1  -2  
14  45  25  344  372  327  1  -2  
14  45  25  352  372  327  1  -2  
14  45  25  362  372  327  1  -2  
14  45  25  369  372  327  1  -2  
14  45  25  378  372  327  1  -2  
14  45  25  385  372  327  1  -2  
14  45  25  394  372  327  1  -2  
14  45  25  402  372  327  1  -2  
14  45  25  412  372  327  1  -2  
14  45  25  419  372  327  1  -2  
14  45  25  429  372  327  1  -2  
14  45  25  435  372  327  1  -2  
14  45  25  445  372  327  1  -2  
14  45  25  452  372  327  1  -2  
14  45  25  463  372  327  1  -2  
14  45  25  471  372  327  1  -2  
14  45  25  478  372  327  1  -2  
14  45  25  486  372  327  1  -2  
14  45  25  494  372  327  1  -2  
14  45  25  502  372  327  1  -2  
14  45  25  511  372  327  1  -2  
14  45  25  519  372  327  1  -2  
14  45  25  528  372  327  1  -2  
14  45  25  535  372  327  1  -2  
14  45  25  544  372  327  1  -2  
14  45  25  553  372  327  1  -2  
14  45  25  561  372  327  1  -2  
14  45  25  570  372  327  1  -2  
14  45  25  578  372  327  1  -2  
14  45  25  586  372  327  1  -2  
14  45  25  594  372  327  1  -2  
14  45  25  603  372  327  1  -2  
14  45  25  611  372  327  1  -2  
14  45  25  619  372  327  1  -2  
14  45  26  628  372  327  1  -2  
14  45  26  636  376  327  1  -2  
14  45  26  644  386  327  1  -2  
14  45  26  653  394  327  1  -2  
14  45  26  661  405  327  1  -2  
14  45  26  669  415  327  1  -2  
14  45  26  679  425  327  1  -2  
14  45  26  686  441  327  1  -2  
14  45  26  696  450  327  1  -2  
14  45  26  704  455  327  1  -2  
14  45  26  712  465  327  1  -2  
14  45  26  719  472  327  1  -2  
14  45  26  728  479  327  1  -2  
14  45  26  736  485  327  1  -2  
14  45  26  745  494  327  1  -2  
14  45  26  753  499  327  2  -2  
14  45  26  762  506  327  2  -2  
14  45  26  769  509  327  2  -2  
14  45  26  778  512  327  2  -2  
14  45  26  786  515  327  2  -2  
14  45  26  794  515  327  2  -2  
14  45  26  804  516  327  2  -2  
14  45  26  811  516  327  2  -2  
14  45  26  819  516  327  2  -2  
14  45  26  827  516  327  2  -2  
14  45  26  836  516  327  2  -2  
14  45  26  844  516  327  2  -2  
14  45  26  853  516  327  2  -2  
14  45  26  862  516  327  2  -2  
14  45  26  869  516  327  2  -2  
14  45  26  878  516  327  2  -2  
14  45  26  886  516  327  2  -2  
14  45  26  894  516  327  2  -2  
14  45  26  902  516  327  2  -2  
14  45  26  912  516  327  2  -2  
14  45  26  919  516  327  2  -2  
14  45  26  928  516  327  2  -2  
14  45  26  937  516  327  2  -2  
14  45  26  945  516  327  2  -2  
14  45  26  953  516  327  2  -2  
14  45  26  962  516  327  2  -2  
14  45  26  970  518  327  2  -2  
14  45  26  979  518  327  2  -2  
14  45  26  986  518  327  2  -2  
14  45  26  994  518  327  2  -2  
14  45  26  1003  518  327  2  -2  
14  45  26  1011  518  327  2  -2  
14  45  26  1021  518  327  2  -2  
14  45  26  1028  518  327  2  -2  
14  45  26  1036  518  327  2  -2  
14  45  26  1044  518  327  2  -2  
14  45  26  1053  518  327  2  -2  
14  45  26  1062  518  327  2  -2  
14  45  26  1071  518  327  2  -2  
14  45  26  1079  518  327  2  -2  
14  45  26  1087  518  327  2  -2  
14  45  26  1094  518  327  2  -2  
14  45  26  1103  518  327  2  -2  
14  45  26  1113  518  327  2  -2  
14  45  26  1121  518  327  2  -2  
14  45  26  1128  518  327  2  -2  
14  45  26  1136  518  327  2  -2  
14  45  26  1144  518  327  2  -2  
14  45  26  1153  518  327  2  -2  
14  45  26  1162  518  327  2  -2  
14  45  26  1171  518  327  2  -2  
14  45  26  1178  518  327  2  -2  
14  45  26  1189  518  327  2  -2  
14  45  26  1198  518  327  2  -2  
14  45  26  1208  518  327  2  -2  
14  45  26  1215  518  327  2  -2  
14  45  26  1223  518  327  2  -2  
14  45  26  1233  518  327  2  -2  
14  45  26  1242  518  327  2  -2  
14  45  26  1247  518  327  2  -2  
14  45  26  1259  518  327  2  -2  
14  45  26  1266  518  327  2  -2  
14  45  26  1277  518  327  2  -2  
14  45  26  1284  518  327  2  -2  
14  45  26  1294  518  327  2  -2  
14  45  26  1301  518  327  2  -2  
14  45  26  1311  518  327  2  -2  
14  45  26  1317  518  327  2  -2  
14  45  26  1327  518  327  2  -2  
14  45  26  1334  518  327  2  -2  
14  45  26  1345  518  327  2  -2  
14  45  26  1352  518  327  2  -2  
14  45  26  1360  518  327  2  -2  
14  45  26  1367  518  327  2  -2  
14  45  26  1377  518  327  2  -2  
14  45  26  1385  516  327  2  -2  
14  45  26  1394  514  327  2  -2  
14  45  26  1402  511  327  2  -2  
14  45  26  1411  506  327  2  -2  
14  45  26  1417  499  327  2  -2  
14  45  26  1427  489  327  2  -2  
14  45  26  1434  479  327  2  -2  
14  45  26  1446  467  327  2  -2  
14  45  26  1451  452  327  2  -2  
14  45  26  1461  436  327  2  -2  
14  45  26  1467  419  327  2  -2  
14  45  26  1478  401  327  2  -2  
14  45  26  1485  388  327  3  -2  
14  45  26  1494  375  327  3  -2  
14  45  26  1502  363  327  3  -2  
14  45  26  1511  363  327  3  -2  
14  45  26  1517  361  327  3  -2  
14  45  26  1527  361  327  3  -2  
14  45  26  1535  359  327  3  -2  
14  45  26  1545  359  327  3  -2  
14  45  26  1551  359  327  3  -2  
14  45  26  1560  359  327  3  -2  
14  45  26  1567  359  327  3  -2  
14  45  26  1576  359  327  3  -2  
14  45  26  1584  359  327  3  -2  
14  45  26  1593  359  327  3  -2  
14  45  26  1601  359  327  3  -2  
14  45  26  1610  359  327  3  -2  
14  45  26  1618  359  327  3  -2  
14  45  26  1626  359  327  3  -2  
14  45  27  1633  359  327  3  -2  
14  45  27  1643  359  327  3  -2  
14  45  27  1651  359  327  3  -2  
14  45  27  1660  359  327  3  -2  
14  45  27  1667  361  327  3  -2  
14  45  27  1676  367  327  3  -2  
14  45  27  1684  379  327  3  -2  
14  45  27  1695  392  327  3  -2  
14  45  27  1701  438  327  3  -2  
14  45  27  1710  438  327  3  -2  
14  45  27  1718  496  327  3  -2  
14  45  27  1727  530  327  4  -2  
14  45  27  1734  554  327  4  -2  
14  45  27  1744  569  327  4  -2  
14  45  27  1751  579  327  4  -2  
14  45  27  1760  584  327  4  -2  
14  45  27  1767  584  327  4  -2  
14  45  27  1776  584  327  4  -2  
14  45  27  1784  584  327  4  -2  
14  45  27  1794  584  327  4  -2  
14  45  27  1800  584  327  4  -2  
14  45  27  1810  584  327  4  -2  
14  45  27  1818  584  327  4  -2  
14  45  27  1827  584  327  4  -2  
14  45  27  1835  584  327  4  -2  
14  45  27  1843  584  327  4  -2  
14  45  27  1852  584  327  4  -2  
14  45  27  1860  584  327  4  -2  
14  45  27  1867  584  327  4  -2  
14  45  27  1876  584  327  4  -2  
14  45  27  1884  584  327  4  -2  
14  45  27  1894  584  327  4  -2  
14  45  27  1901  584  327  4  -2  
14  45  27  1910  584  327  4  -2  
14  45  27  1917  584  327  4  -2  
14  45  27  1926  584  327  4  -2  
14  45  27  1935  584  327  4  -2  
14  45  27  1945  584  327  4  -2  
14  45  27  1952  584  327  4  -2  
14  45  27  1960  584  327  4  -2  
14  45  27  1967  584  327  4  -2  
14  45  27  1977  584  327  4  -2  
14  45  27  1984  584  327  4  -2  
14  45  27  1994  584  327  4  -2  
14  45  27  2001  584  327  4  -2  
14  45  27  2010  584  327  4  -2  
14  45  27  2017  584  327  4  -2  
14  45  27  2026  584  327  4  -2  
14  45  27  2034  584  327  4  -2  
14  45  27  2044  584  327  4  -2  
14  45  27  2052  584  327  4  -2  
14  45  27  2060  584  327  4  -2  
14  45  27  2067  584  327  4  -2  
14  45  27  2077  584  327  4  -2  
14  45  27  2085  584  327  4  -2  
14  45  27  2093  584  327  4  -2  
14  45  27  2103  584  327  4  -2  
14  45  27  2112  584  327  4  -2  
14  45  27  2120  584  327  4  -2  
14  45  27  2129  584  327  4  -2  
14  45  27  2136  584  327  4  -2  
14  45  27  2144  584  327  4  -2  
14  45  27  2152  584  327  4  -2  
14  45  27  2163  584  327  4  -2  
14  45  27  2171  584  327  4  -2  
14  45  27  2180  584  327  4  -2  
14  45  27  2188  584  327  4  -2  
14  45  27  2195  584  327  4  -2  
14  45  27  2203  584  327  4  -2  
14  45  27  2214  584  327  4  -2  
14  45  27  2224  584  327  4  -2  
14  45  27  2229  584  327  4  -2  
14  45  27  2239  584  327  4  -2  
14  45  27  2246  584  327  4  -2  
14  45  27  2255  584  327  4  -2  
14  45  27  2262  584  327  4  -2  
14  45  27  2273  584  327  4  -2  
14  45  27  2281  580  327  4  -2  
14  45  27  2290  570  327  4  -2  
14  45  27  2297  560  327  4  -2  
14  45  27  2306  548  327  4  -2  
14  45  27  2313  534  327  4  -2  
14  45  27  2323  515  327  4  -2  
14  45  27  2330  501  327  4  -2  
14  45  27  2337  486  327  4  -2  
14  45  27  2346  469  327  4  -2  
14  45  27  2354  456  327  4  -2  
14  45  27  2363  446  327  4  -2  
14  45  27  2374  434  327  4  -2  
14  45  27  2380  426  327  4  -2  
14  45  27  2387  417  327  4  -2  
14  45  27  2397  412  327  4  -2  
14  45  27  2404  405  327  4  -2  
14  45  27  2413  400  326  4  -2  
14  45  27  2422  396  326  5  -2  
14  45  27  2432  395  326  5  -2  
14  45  27  2441  390  326  5  -2  
14  45  27  2448  389  326  5  -2  
14  45  27  2456  388  326  5  -2  
14  45  27  2465  388  326  5  -2  
14  45  27  2475  388  326  5  -2  
14  45  27  2482  388  326  5  -2  
14  45  27  2491  388  326  5  -2  
14  45  27  2498  388  326  5  -2  
14  45  27  2508  388  326  5  -2  
14  45  27  2515  388  326  5  -2  
14  45  27  2524  388  326  5  -2  
14  45  27  2532  388  326  5  -2  
14  45  27  2541  388  326  5  -2  
14  45  27  2548  388  326  5  -2  
14  45  27  2557  388  326  5  -2  
14  45  27  2564  388  326  5  -2  
14  45  27  2575  388  326  5  -2  
14  45  27  2582  388  326  5  -2  
14  45  27  2591  388  326  5  -2  
14  45  27  2597  388  326  5  -2  
14  45  27  2608  388  326  5  -2  
14  45  27  2614  388  326  5  -2  
14  45  27  2625  388  326  5  -2  
14  45  28  2632  388  326  5  -2  
14  45  28  2641  388  326  5  -2  
14  45  28  2650  388  326  5  -2  
14  45  28  2657  388  326  5  -2  
14  45  28  2665  388  326  5  -2  
14  45  28  2675  388  326  5  -2  
14  45  28  2682  388  326  5  -2  
14  45  28  2693  388  326  5  -2  
14  45  28  2699  388  326  5  -2  
14  45  28  2711  388  326  5  -2  
14  45  28  2717  388  326  5  -2  
14  45  28  2727  388  326  5  -2  
14  45  28  2734  388  326  5  -2  
14  45  28  2744  388  326  5  -2  
14  45  28  2751  388  326  5  -2  
14  45  28  2760  388  326  5  -2  
14  45  28  2768  388  326  5  -2  
14  45  28  2776  388  326  5  -2  
14  45  28  2784  388  326  5  -2  
14  45  28  2793  388  326  5  -2  
14  45  28  2801  388  326  5  -2  
14  45  28  2811  388  326  5  -2  
14  45  28  2818  388  326  5  -2  
14  45  28  2826  388  326  5  -2  
14  45  28  2834  388  326  5  -2  
14  45  28  2843  388  326  5  -2  
14  45  28  2852  388  326  5  -2  
14  45  28  2860  388  326  5  -2  
14  45  28  2868  388  326  5  -2  
14  45  28  2876  388  326  5  -2  
14  45  28  2885  388  326  5  -2  
14  45  28  2893  388  326  5  -2  
14  45  28  2902  388  326  5  -2  
14  45  28  2910  388  326  5  -2  
14  45  28  2918  388  326  5  -2  
14  45  28  2926  388  326  5  -2  
14  45  28  2935  388  326  5  -2  
14  45  28  2944  388  326  5  -2  
14  45  28  2952  388  326  5  -2  
14  45  28  2961  388  326  5  -2  
14  45  28  2969  388  326  5  -2  
14  45  28  2977  388  326  5  -2  
14  45  28  2984  388  326  5  -2  
14  45  28  2994  388  326  5  -2  
14  45  28  3001  388  326  5  -2  
14  45  28  3009  388  326  5  -2  
14  45  28  3018  388  326  5  -2  
14  45  28  3026  388  326  5  -2  
14  45  28  3035  388  326  5  -2  
14  45  28  3043  388  326  5  -2  
14  45  28  3052  388  326  5  -2  
14  45  28  3060  388  326  5  -2  
14  45  28  3068  388  326  5  -2  
14  45  28  3076  388  326  5  -2  
14  45  28  3085  388  326  5  -2  
14  45  28  3095  388  326  5  -2  
14  45  28  3104  388  326  5  -2  
14  45  28  3113  388  326  5  -2  
14  45  28  3121  388  326  5  -2  
14  45  28  3130  388  326  5  -2  
14  45  28  3140  388  326  5  -2  
14  45  28  3146  388  326  5  -2  
14  45  28  3155  388  326  5  -2  
14  45  28  3164  388  326  5  -2  
