14  45  32  0  384  326  1  -2  
14  45  32  9  384  326  1  -2  
14  45  32  17  384  326  1  -2  
14  45  32  25  384  326  1  -2  
14  45  32  34  384  326  1  -2  
14  45  32  42  384  326  1  -2  
14  45  32  51  384  326  1  -2  
14  45  32  59  384  326  1  -2  
14  45  32  67  384  326  1  -2  
14  45  32  75  384  326  1  -2  
14  45  32  84  384  326  1  -2  
14  45  32  92  384  326  1  -2  
14  45  32  100  384  326  1  -2  
14  45  32  109  384  326  1  -2  
14  45  32  117  384  326  1  -2  
14  45  32  126  384  326  1  -2  
14  45  32  134  384  326  1  -2  
14  45  32  142  384  326  1  -2  
14  45  32  151  384  326  1  -2  
14  45  32  160  384  326  1  -2  
14  45  32  167  384  326  1  -2  
14  45  32  175  384  326  1  -2  
14  45  32  183  384  326  1  -2  
14  45  32  192  384  326  1  -2  
14  45  32  201  384  326  1  -2  
14  45  32  209  384  326  1  -2  
14  45  32  217  384  326  1  -2  
14  45  32  225  384  326  1  -2  
14  45  32  234  384  326  1  -2  
14  45  32  242  384  326  1  -2  
14  45  32  252  384  326  1  -2  
14  45  32  259  384  326  1  -2  
14  45  32  267  384  326  1  -2  
14  45  32  276  384  326  1  -2  
14  45  32  284  384  326  1  -2  
14  45  32  293  384  326  1  -2  
14  45  32  301  384  326  1  -2  
14  45  32  310  384  326  1  -2  
14  45  32  317  384  326  1  -2  
14  45  32  325  384  326  1  -2  
14  45  32  334  384  326  1  -2  
14  45  32  342  384  326  1  -2  
14  45  32  351  384  326  1  -2  
14  45  32  360  384  326  1  -2  
14  45  32  368  384  326  1  -2  
14  45  32  375  384  326  1  -2  
14  45  32  384  384  326  1  -2  
14  45  32  392  384  326  1  -2  
14  45  32  400  384  326  1  -2  
14  45  32  410  384  326  1  -2  
14  45  33  417  384  326  1  -2  
14  45  33  426  384  326  1  -2  
14  45  33  434  384  326  1  -2  
14  45  33  442  387  326  1  -2  
14  45  33  451  393  326  1  -2  
14  45  33  460  400  326  1  -2  
14  45  33  467  410  326  1  -2  
14  45  33  475  418  326  1  -2  
14  45  33  484  428  326  1  -2  
14  45  33  493  438  326  1  -2  
14  45  33  502  447  326  1  -2  
14  45  33  510  453  326  1  -2  
14  45  33  518  457  326  1  -2  
14  45  33  526  460  326  1  -2  
14  45  33  535  463  326  1  -2  
14  45  33  543  464  326  1  -2  
14  45  33  552  466  326  1  -2  
14  45  33  560  467  326  1  -2  
14  45  33  568  471  326  1  -2  
14  45  33  578  475  327  1  -2  
14  45  33  585  480  327  1  -2  
14  45  33  593  487  328  1  -2  
14  45  33  602  494  329  1  -2  
14  45  33  611  506  329  2  -2  
14  45  33  619  512  330  2  -2  
14  45  33  628  515  330  2  -2  
14  45  33  635  518  330  2  -2  
14  45  33  643  519  330  2  -2  
14  45  33  652  519  330  2  -2  
14  45  33  660  519  330  2  -2  
14  45  33  669  520  331  2  -2  
14  45  33  676  520  331  2  -2  
14  45  33  685  521  331  2  -2  
14  45  33  693  521  331  2  -2  
14  45  33  702  522  331  2  -2  
14  45  33  709  522  331  2  -2  
14  45  33  719  522  331  2  -2  
14  45  33  727  522  331  2  -2  
14  45  33  735  522  331  2  -2  
14  45  33  744  522  331  2  -2  
14  45  33  753  522  331  2  -2  
14  45  33  760  522  331  2  -2  
14  45  33  769  522  331  2  -2  
14  45  33  776  522  331  2  -2  
14  45  33  785  522  331  2  -2  
14  45  33  794  522  331  2  -2  
14  45  33  801  522  331  2  -2  
14  45  33  810  522  331  2  -2  
14  45  33  820  522  331  2  -2  
14  45  33  829  522  331  2  -2  
14  45  33  836  522  331  2  -2  
14  45  33  843  522  331  2  -2  
14  45  33  852  522  331  2  -2  
14  45  33  861  522  331  2  -2  
14  45  33  870  522  331  2  -2  
14  45  33  878  522  331  2  -2  
14  45  33  885  522  331  2  -2  
14  45  33  894  522  331  2  -2  
14  45  33  902  522  331  2  -2  
14  45  33  911  522  331  2  -2  
14  45  33  919  522  331  2  -2  
14  45  33  928  522  331  2  -2  
14  45  33  935  522  331  2  -2  
14  45  33  944  522  331  2  -2  
14  45  33  952  522  331  2  -2  
14  45  33  961  522  331  2  -2  
14  45  33  970  522  331  2  -2  
14  45  33  977  522  331  2  -2  
14  45  33  986  522  331  2  -2  
14  45  33  993  522  331  2  -2  
14  45  33  1003  522  331  2  -2  
14  45  33  1011  522  331  2  -2  
14  45  33  1020  522  331  2  -2  
14  45  33  1027  522  331  2  -2  
14  45  33  1036  522  331  2  -2  
14  45  33  1044  522  331  2  -2  
14  45  33  1052  522  331  2  -2  
14  45  33  1061  522  331  2  -2  
14  45  33  1070  522  331  2  -2  
14  45  33  1077  522  331  2  -2  
14  45  33  1086  522  331  2  -2  
14  45  33  1094  522  331  2  -2  
14  45  33  1102  522  331  2  -2  
14  45  33  1110  522  331  2  -2  
14  45  33  1120  522  331  2  -2  
14  45  33  1127  522  331  2  -2  
14  45  33  1136  522  331  2  -2  
14  45  33  1145  522  331  2  -2  
14  45  33  1152  522  331  2  -2  
14  45  33  1161  522  331  2  -2  
14  45  33  1170  522  331  2  -2  
14  45  33  1177  522  331  2  -2  
14  45  33  1186  522  331  2  -2  
14  45  33  1195  522  331  2  -2  
14  45  33  1203  522  331  2  -2  
14  45  33  1211  522  331  2  -2  
14  45  33  1220  522  331  2  -2  
14  45  33  1226  519  331  2  -2  
14  45  33  1237  519  331  2  -2  
14  45  33  1244  507  331  2  -2  
14  45  33  1254  497  331  2  -2  
14  45  33  1262  488  331  2  -2  
14  45  33  1270  481  331  2  -2  
14  45  33  1280  473  331  2  -2  
14  45  33  1287  465  331  2  -2  
14  45  33  1295  456  331  2  -2  
14  45  33  1303  448  331  2  -2  
14  45  33  1311  441  331  2  -2  
14  45  33  1319  434  331  2  -2  
14  45  33  1328  429  331  2  -2  
14  45  33  1336  424  331  2  -2  
14  45  33  1344  420  331  2  -2  
14  45  33  1352  417  331  2  -2  
14  45  33  1361  412  331  2  -2  
14  45  33  1372  405  331  2  -2  
14  45  33  1379  401  331  2  -2  
14  45  33  1388  397  331  2  -2  
14  45  33  1395  394  331  3  -2  
14  45  33  1404  393  331  3  -2  
14  45  33  1411  393  331  3  -2  
14  45  34  1421  393  331  3  -2  
14  45  34  1428  393  331  3  -2  
14  45  34  1438  392  331  3  -2  
14  45  34  1444  392  331  3  -2  
14  45  34  1453  392  331  3  -2  
14  45  34  1461  390  331  3  -2  
14  45  34  1471  388  331  3  -2  
14  45  34  1479  386  331  3  -2  
14  45  34  1487  383  331  3  -2  
14  45  34  1495  379  331  3  -2  
14  45  34  1506  377  331  3  -2  
14  45  34  1513  375  331  3  -2  
14  45  34  1525  375  331  3  -2  
14  45  34  1533  375  331  3  -2  
14  45  34  1543  375  331  3  -2  
14  45  34  1552  375  331  3  -2  
14  45  34  1561  375  331  3  -2  
14  45  34  1572  375  331  3  -2  
14  45  34  1578  375  331  3  -2  
14  45  34  1589  375  331  3  -2  
14  45  34  1596  375  331  3  -2  
14  45  34  1607  375  331  3  -2  
14  45  34  1616  382  331  3  -2  
14  45  34  1625  395  331  3  -2  
14  45  34  1633  411  331  3  -2  
14  45  34  1643  430  331  3  -2  
14  45  34  1652  459  331  3  -2  
14  45  34  1662  471  331  3  -2  
14  45  34  1672  483  331  3  -2  
14  45  34  1681  491  331  3  -2  
14  45  34  1691  500  331  4  -2  
14  45  34  1700  506  331  4  -2  
14  45  34  1709  508  331  4  -2  
14  45  34  1718  508  331  4  -2  
14  45  34  1725  508  331  4  -2  
14  45  34  1733  508  331  4  -2  
14  45  34  1741  508  331  4  -2  
14  45  34  1750  508  331  4  -2  
14  45  34  1760  508  331  4  -2  
14  45  34  1769  508  331  4  -2  
14  45  34  1777  508  331  4  -2  
14  45  34  1785  508  331  4  -2  
14  45  34  1794  508  331  4  -2  
14  45  34  1802  508  331  4  -2  
14  45  34  1810  508  331  4  -2  
14  45  34  1821  508  331  4  -2  
14  45  34  1828  508  331  4  -2  
14  45  34  1835  508  331  4  -2  
14  45  34  1842  508  331  4  -2  
14  45  34  1852  508  331  4  -2  
14  45  34  1860  508  331  4  -2  
14  45  34  1871  508  331  4  -2  
14  45  34  1878  508  331  4  -2  
14  45  34  1886  508  331  4  -2  
14  45  34  1894  508  331  4  -2  
14  45  34  1902  508  331  4  -2  
14  45  34  1910  508  331  4  -2  
14  45  34  1921  508  331  4  -2  
14  45  34  1929  508  331  4  -2  
14  45  34  1938  508  331  4  -2  
14  45  34  1944  508  331  4  -2  
14  45  34  1955  508  331  4  -2  
14  45  34  1960  508  331  4  -2  
14  45  34  1972  508  331  4  -2  
14  45  34  1979  508  331  4  -2  
14  45  34  1988  508  331  4  -2  
14  45  34  1996  508  331  4  -2  
14  45  34  2004  508  331  4  -2  
14  45  34  2013  508  331  4  -2  
14  45  34  2024  508  331  4  -2  
14  45  34  2031  508  331  4  -2  
14  45  34  2041  508  331  4  -2  
14  45  34  2048  508  331  4  -2  
14  45  34  2058  508  331  4  -2  
14  45  34  2064  508  331  4  -2  
14  45  34  2073  508  331  4  -2  
14  45  34  2081  508  331  4  -2  
14  45  34  2091  508  331  4  -2  
14  45  34  2098  508  331  4  -2  
14  45  34  2107  508  331  4  -2  
14  45  34  2114  508  331  4  -2  
14  45  34  2124  508  331  4  -2  
14  45  34  2131  508  331  4  -2  
14  45  34  2142  508  331  4  -2  
14  45  34  2149  508  331  4  -2  
14  45  34  2158  508  331  4  -2  
14  45  34  2164  508  331  4  -2  
14  45  34  2174  508  331  4  -2  
14  45  34  2181  508  331  4  -2  
14  45  34  2191  508  331  4  -2  
14  45  34  2199  508  331  4  -2  
14  45  34  2207  508  331  4  -2  
14  45  34  2216  508  331  4  -2  
14  45  34  2223  508  331  4  -2  
14  45  34  2231  508  331  4  -2  
14  45  34  2241  508  331  4  -2  
14  45  34  2249  508  331  4  -2  
14  45  34  2257  508  331  4  -2  
14  45  34  2266  508  331  4  -2  
14  45  34  2275  508  331  4  -2  
14  45  34  2283  508  331  4  -2  
14  45  34  2291  508  331  4  -2  
14  45  34  2299  508  331  4  -2  
14  45  34  2307  508  331  4  -2  
14  45  34  2315  508  331  4  -2  
14  45  34  2323  508  331  4  -2  
14  45  34  2332  508  331  4  -2  
14  45  34  2341  508  331  4  -2  
14  45  34  2349  508  331  4  -2  
14  45  34  2357  508  331  4  -2  
14  45  34  2365  508  331  4  -2  
14  45  34  2374  500  330  4  -2  
14  45  34  2381  491  330  4  -2  
14  45  34  2391  478  330  4  -2  
14  45  34  2399  465  330  4  -2  
14  45  34  2407  452  330  4  -2  
14  45  34  2415  437  330  4  -2  
14  45  35  2423  425  330  4  -2  
14  45  35  2433  415  330  4  -2  
14  45  35  2441  410  330  4  -2  
14  45  35  2449  408  330  4  -2  
14  45  35  2457  408  330  4  -2  
14  45  35  2466  407  330  4  -2  
14  45  35  2473  407  330  4  -2  
14  45  35  2483  407  330  4  -2  
14  45  35  2490  404  330  4  -2  
14  45  35  2499  402  330  4  -2  
14  45  35  2507  400  330  4  -2  
14  45  35  2517  399  330  4  -2  
14  45  35  2527  397  330  4  -2  
14  45  35  2535  397  330  4  -2  
14  45  35  2546  397  330  4  -2  
14  45  35  2555  397  330  4  -2  
14  45  35  2563  396  330  5  -2  
14  45  35  2572  395  330  5  -2  
14  45  35  2580  393  330  5  -2  
14  45  35  2589  390  330  5  -2  
14  45  35  2597  388  330  5  -2  
14  45  35  2606  385  330  5  -2  
14  45  35  2612  385  330  5  -2  
14  45  35  2622  385  330  5  -2  
14  45  35  2630  385  330  5  -2  
14  45  35  2639  385  330  5  -2  
14  45  35  2645  385  330  5  -2  
14  45  35  2656  385  330  5  -2  
14  45  35  2662  385  330  5  -2  
14  45  35  2672  385  330  5  -2  
14  45  35  2679  385  330  5  -2  
14  45  35  2689  385  330  5  -2  
14  45  35  2695  385  330  5  -2  
14  45  35  2706  385  330  5  -2  
14  45  35  2712  385  330  5  -2  
14  45  35  2722  385  330  5  -2  
14  45  35  2730  385  330  5  -2  
14  45  35  2739  385  330  5  -2  
14  45  35  2745  385  330  5  -2  
14  45  35  2756  385  330  5  -2  
14  45  35  2763  385  330  5  -2  
14  45  35  2774  385  330  5  -2  
14  45  35  2780  385  330  5  -2  
14  45  35  2791  385  330  5  -2  
14  45  35  2796  385  330  5  -2  
14  45  35  2807  385  330  5  -2  
14  45  35  2814  385  330  5  -2  
14  45  35  2823  385  330  5  -2  
14  45  35  2831  385  330  5  -2  
14  45  35  2840  385  330  5  -2  
14  45  35  2848  385  330  5  -2  
14  45  35  2857  385  330  5  -2  
14  45  35  2865  385  330  5  -2  
14  45  35  2874  385  330  5  -2  
14  45  35  2880  385  330  5  -2  
