9  39  48  0  369  311  1  -2  
9  39  48  8  369  311  1  -2  
9  39  48  17  369  311  1  -2  
9  39  48  25  369  311  1  -2  
9  39  48  34  369  311  1  -2  
9  39  48  43  369  311  1  -2  
9  39  48  51  369  311  1  -2  
9  39  48  59  369  311  1  -2  
9  39  48  67  369  311  1  -2  
9  39  48  75  369  311  1  -2  
9  39  48  84  369  311  1  -2  
9  39  48  94  369  311  1  -2  
9  39  48  101  369  311  1  -2  
9  39  48  109  369  310  1  -2  
9  39  48  118  369  310  1  -2  
9  39  48  126  369  310  1  -2  
9  39  48  134  369  310  1  -2  
9  39  48  143  369  310  1  -2  
9  39  48  150  369  310  1  -2  
9  39  48  159  369  309  1  -2  
9  39  48  167  369  309  1  -2  
9  39  48  175  370  309  1  -2  
9  39  48  184  370  309  1  -2  
9  39  48  193  371  309  1  -2  
9  39  48  200  376  309  1  -2  
9  39  48  208  376  309  1  -2  
9  39  48  218  380  308  1  -2  
9  39  48  226  397  305  1  -2  
9  39  48  233  406  305  1  -2  
9  39  48  243  419  305  1  -2  
9  39  48  251  432  305  1  -2  
9  39  48  259  445  305  1  -2  
9  39  48  270  460  305  1  -2  
9  39  48  275  475  305  1  -2  
9  39  48  285  487  305  1  -2  
9  39  48  293  499  305  2  -2  
9  39  48  301  509  305  2  -2  
9  39  48  309  515  305  2  -2  
9  39  48  318  519  305  2  -2  
9  39  48  326  523  305  2  -2  
9  39  48  334  524  305  2  -2  
9  39  48  344  525  305  2  -2  
9  39  48  352  528  304  2  -2  
9  39  48  359  528  304  2  -2  
9  39  48  368  528  304  2  -2  
9  39  48  376  529  304  2  -2  
9  39  48  384  530  304  2  -2  
9  39  48  393  530  304  2  -2  
9  39  48  401  531  304  2  -2  
9  39  48  412  531  304  2  -2  
9  39  48  417  531  304  2  -2  
9  39  48  427  532  303  2  -2  
9  39  48  434  532  303  2  -2  
9  39  48  443  532  303  2  -2  
9  39  48  451  532  303  2  -2  
9  39  48  460  534  301  2  -2  
9  39  48  468  536  301  2  -2  
9  39  48  476  536  301  2  -2  
9  39  48  484  536  301  2  -2  
9  39  48  493  536  301  2  -2  
9  39  48  501  536  301  2  -2  
9  39  48  510  536  301  2  -2  
9  39  48  519  536  301  2  -2  
9  39  48  526  536  301  2  -2  
9  39  48  534  536  301  2  -2  
9  39  48  543  536  301  2  -2  
9  39  48  551  536  301  2  -2  
9  39  48  559  536  301  2  -2  
9  39  48  568  536  301  2  -2  
9  39  48  576  536  301  2  -2  
9  39  48  585  536  301  2  -2  
9  39  48  593  536  301  2  -2  
9  39  48  601  536  301  2  -2  
9  39  48  610  536  301  2  -2  
9  39  48  618  536  301  2  -2  
9  39  48  626  536  301  2  -2  
9  39  48  634  536  301  2  -2  
9  39  48  643  536  301  2  -2  
9  39  48  652  536  301  2  -2  
9  39  48  661  536  301  2  -2  
9  39  49  671  536  301  2  -2  
9  39  49  677  536  301  2  -2  
9  39  49  684  536  301  2  -2  
9  39  49  694  536  301  2  -2  
9  39  49  704  536  301  2  -2  
9  39  49  709  536  301  2  -2  
9  39  49  717  536  301  2  -2  
9  39  49  725  536  301  2  -2  
9  39  49  733  536  301  2  -2  
9  39  49  742  536  301  2  -2  
9  39  49  751  536  301  2  -2  
9  39  49  759  536  301  2  -2  
9  39  49  767  536  301  2  -2  
9  39  49  775  536  301  2  -2  
9  39  49  785  536  301  2  -2  
9  39  49  792  536  301  2  -2  
9  39  49  803  536  301  2  -2  
9  39  49  810  535  303  2  -2  
9  39  49  818  535  303  2  -2  
9  39  49  825  533  304  2  -2  
9  39  49  833  532  304  2  -2  
9  39  49  842  531  304  2  -2  
9  39  49  853  527  305  2  -2  
9  39  49  859  527  305  2  -2  
9  39  49  869  526  305  2  -2  
9  39  49  876  525  306  2  -2  
9  39  49  885  525  306  2  -2  
9  39  49  893  524  306  2  -2  
9  39  49  900  524  306  2  -2  
9  39  49  909  523  306  2  -2  
9  39  49  920  523  306  2  -2  
9  39  49  926  523  306  2  -2  
9  39  49  933  523  306  2  -2  
9  39  49  943  523  306  2  -2  
9  39  49  951  523  306  2  -2  
9  39  49  959  523  306  2  -2  
9  39  49  970  523  306  2  -2  
9  39  49  976  522  307  2  -2  
9  39  49  985  522  307  2  -2  
9  39  49  993  522  307  2  -2  
9  39  49  1001  521  307  2  -2  
9  39  49  1010  520  307  2  -2  
9  39  49  1019  520  308  2  -2  
9  39  49  1025  519  308  2  -2  
9  39  49  1036  517  309  2  -2  
9  39  49  1043  516  310  2  -2  
9  39  49  1052  513  310  2  -2  
9  39  49  1059  509  310  2  -2  
9  39  49  1069  504  310  2  -2  
9  39  49  1076  499  310  2  -2  
9  39  49  1085  494  310  2  -2  
9  39  49  1093  488  310  2  -2  
9  39  49  1103  485  310  2  -2  
9  39  49  1110  480  310  2  -2  
9  39  49  1117  475  310  2  -2  
9  39  49  1125  469  310  2  -2  
9  39  49  1135  463  310  2  -2  
9  39  49  1143  456  310  2  -2  
9  39  49  1151  449  310  2  -2  
9  39  49  1159  444  310  2  -2  
9  39  49  1169  437  310  2  -2  
9  39  49  1176  426  307  2  -2  
9  39  49  1185  422  307  2  -2  
9  39  49  1194  418  305  2  -2  
9  39  49  1203  417  305  2  -2  
9  39  49  1210  415  305  2  -2  
9  39  49  1220  412  304  2  -2  
9  39  49  1226  409  303  2  -2  
9  39  49  1236  408  303  2  -2  
9  39  49  1243  404  303  2  -2  
9  39  49  1253  400  303  2  -2  
9  39  49  1259  395  302  3  -2  
9  39  49  1270  391  302  3  -2  
9  39  49  1276  390  302  3  -2  
9  39  49  1286  387  302  3  -2  
9  39  49  1293  387  302  3  -2  
9  39  49  1302  386  302  3  -2  
9  39  49  1310  385  302  3  -2  
9  39  49  1319  385  302  3  -2  
9  39  49  1326  384  302  3  -2  
9  39  49  1336  383  302  3  -2  
9  39  49  1343  380  302  3  -2  
9  39  49  1353  380  302  3  -2  
9  39  49  1361  378  302  3  -2  
9  39  49  1370  378  302  3  -2  
9  39  49  1376  376  302  3  -2  
9  39  49  1385  376  302  3  -2  
9  39  49  1393  375  302  3  -2  
9  39  49  1403  375  302  3  -2  
9  39  49  1409  375  302  3  -2  
9  39  49  1420  374  302  3  -2  
9  39  49  1427  371  302  3  -2  
9  39  49  1435  371  302  3  -2  
9  39  49  1443  368  302  3  -2  
9  39  49  1453  368  302  3  -2  
9  39  49  1461  367  302  3  -2  
9  39  49  1469  367  302  3  -2  
9  39  49  1476  367  302  3  -2  
9  39  49  1485  367  302  3  -2  
9  39  49  1493  367  302  3  -2  
9  39  49  1503  367  302  3  -2  
9  39  49  1509  367  302  3  -2  
9  39  49  1519  367  302  3  -2  
9  39  49  1526  367  302  3  -2  
9  39  49  1536  366  302  3  -2  
9  39  49  1543  366  302  3  -2  
9  39  49  1553  366  302  3  -2  
9  39  49  1559  366  302  3  -2  
9  39  49  1570  366  302  3  -2  
9  39  49  1576  366  302  3  -2  
9  39  49  1585  366  302  3  -2  
9  39  49  1593  366  302  3  -2  
9  39  49  1603  366  302  3  -2  
9  39  49  1609  366  302  3  -2  
9  39  49  1619  366  302  3  -2  
9  39  49  1627  366  302  3  -2  
9  39  49  1636  366  302  3  -2  
9  39  49  1643  366  302  3  -2  
9  39  49  1653  366  302  3  -2  
9  39  49  1661  366  302  3  -2  
9  39  50  1670  366  302  3  -2  
9  39  50  1677  366  302  3  -2  
9  39  50  1685  366  302  3  -2  
9  39  50  1693  366  302  3  -2  
9  39  50  1703  366  302  3  -2  
9  39  50  1709  366  302  3  -2  
9  39  50  1719  366  302  3  -2  
9  39  50  1726  366  302  3  -2  
9  39  50  1736  366  302  3  -2  
9  39  50  1743  366  302  3  -2  
9  39  50  1753  366  302  3  -2  
9  39  50  1759  366  302  3  -2  
9  39  50  1769  366  302  3  -2  
9  39  50  1776  366  302  3  -2  
9  39  50  1786  366  302  3  -2  
9  39  50  1793  366  302  3  -2  
9  39  50  1805  367  302  3  -2  
9  39  50  1810  371  302  3  -2  
9  39  50  1820  374  302  3  -2  
9  39  50  1827  376  302  3  -2  
9  39  50  1836  381  302  3  -2  
9  39  50  1844  386  303  3  -2  
9  39  50  1853  389  304  3  -2  
9  39  50  1860  396  304  3  -2  
9  39  50  1869  400  305  3  -2  
9  39  50  1877  403  305  3  -2  
9  39  50  1887  407  306  3  -2  
9  39  50  1893  407  306  3  -2  
9  39  50  1905  411  306  3  -2  
9  39  50  1912  411  307  3  -2  
9  39  50  1922  411  307  3  -2  
9  39  50  1928  414  308  3  -2  
9  39  50  1938  414  308  3  -2  
9  39  50  1945  416  308  3  -2  
9  39  50  1955  417  308  3  -2  
9  39  50  1962  418  309  3  -2  
9  39  50  1971  421  309  3  -2  
9  39  50  1979  422  309  3  -2  
9  39  50  1988  423  309  3  -2  
9  39  50  1995  425  310  3  -2  
9  39  50  2005  426  310  3  -2  
9  39  50  2013  429  310  3  -2  
9  39  50  2021  430  310  3  -2  
9  39  50  2029  432  311  3  -2  
9  39  50  2037  434  311  3  -2  
9  39  50  2044  436  311  3  -2  
9  39  50  2054  438  311  3  -2  
9  39  50  2062  442  311  3  -2  
9  39  50  2071  444  311  3  -2  
9  39  50  2078  446  311  3  -2  
9  39  50  2087  449  312  3  -2  
9  39  50  2096  452  312  3  -2  
9  39  50  2105  453  312  3  -2  
9  39  50  2113  460  313  3  -2  
9  39  50  2121  461  314  3  -2  
9  39  50  2129  464  314  3  -2  
9  39  50  2138  466  314  3  -2  
9  39  50  2145  469  314  3  -2  
9  39  50  2155  473  314  3  -2  
9  39  50  2162  475  314  3  -2  
9  39  50  2172  478  314  3  -2  
9  39  50  2179  480  314  3  -2  
9  39  50  2188  484  314  3  -2  
9  39  50  2195  487  314  3  -2  
9  39  50  2205  488  314  3  -2  
9  39  50  2212  492  314  3  -2  
9  39  50  2221  496  316  4  -2  
9  39  50  2237  498  316  4  -2  
9  39  50  2248  506  317  4  -2  
9  39  50  2258  511  317  4  -2  
9  39  50  2268  514  317  4  -2  
9  39  50  2277  516  317  4  -2  
9  39  50  2288  518  317  4  -2  
9  39  50  2295  520  317  4  -2  
9  39  50  2305  523  317  4  -2  
9  39  50  2311  525  317  4  -2  
9  39  50  2321  525  317  4  -2  
9  39  50  2328  526  317  4  -2  
9  39  50  2338  526  317  4  -2  
9  39  50  2344  527  317  4  -2  
9  39  50  2355  527  317  4  -2  
9  39  50  2362  527  317  4  -2  
9  39  50  2371  528  317  4  -2  
9  39  50  2379  528  317  4  -2  
9  39  50  2387  529  317  4  -2  
9  39  50  2395  529  317  4  -2  
9  39  50  2405  529  317  4  -2  
9  39  50  2412  530  317  4  -2  
9  39  50  2422  530  317  4  -2  
9  39  50  2428  530  317  4  -2  
9  39  50  2437  531  317  4  -2  
9  39  50  2446  532  317  4  -2  
9  39  50  2454  532  317  4  -2  
9  39  50  2461  532  317  4  -2  
9  39  50  2470  532  317  4  -2  
9  39  50  2476  532  317  4  -2  
9  39  50  2486  532  317  4  -2  
9  39  50  2494  534  317  4  -2  
9  39  50  2504  534  317  4  -2  
9  39  50  2511  534  317  4  -2  
9  39  50  2520  534  317  4  -2  
9  39  50  2527  534  317  4  -2  
9  39  50  2537  534  317  4  -2  
9  39  50  2544  534  317  4  -2  
9  39  50  2554  534  317  4  -2  
9  39  50  2561  534  317  4  -2  
9  39  50  2571  534  317  4  -2  
9  39  50  2577  534  317  4  -2  
9  39  50  2586  534  318  4  -2  
9  39  50  2594  534  318  4  -2  
9  39  50  2604  534  318  4  -2  
9  39  50  2611  534  318  4  -2  
9  39  50  2620  534  318  4  -2  
9  39  50  2627  533  320  4  -2  
9  39  50  2636  531  321  4  -2  
9  39  50  2644  528  321  4  -2  
9  39  50  2654  525  321  4  -2  
9  39  50  2661  521  322  4  -2  
9  39  51  2671  514  325  4  -2  
9  39  51  2678  511  325  4  -2  
9  39  51  2686  505  326  4  -2  
9  39  51  2694  500  326  4  -2  
9  39  51  2704  493  328  4  -2  
9  39  51  2711  474  328  4  -2  
9  39  51  2720  474  328  4  -2  
9  39  51  2728  461  328  4  -2  
9  39  51  2736  461  328  4  -2  
9  39  51  2744  447  328  4  -2  
9  39  51  2754  440  328  4  -2  
9  39  51  2761  435  328  4  -2  
9  39  51  2770  430  328  4  -2  
9  39  51  2778  425  328  4  -2  
9  39  51  2787  420  328  4  -2  
9  39  51  2795  414  328  4  -2  
9  39  51  2804  411  328  4  -2  
9  39  51  2812  407  328  4  -2  
9  39  51  2820  403  328  4  -2  
9  39  51  2827  402  328  4  -2  
9  39  51  2836  401  328  4  -2  
9  39  51  2844  398  328  4  -2  
9  39  51  2854  398  328  4  -2  
