16  3  45  0  357  294  1  -2  
16  3  45  9  357  294  1  -2  
16  3  45  17  357  294  1  -2  
16  3  45  25  357  294  1  -2  
16  3  45  35  357  294  1  -2  
16  3  45  41  357  294  1  -2  
16  3  45  50  357  294  1  -2  
16  3  45  59  357  294  1  -2  
16  3  45  67  357  294  1  -2  
16  3  45  76  357  294  1  -2  
16  3  45  84  357  294  1  -2  
16  3  45  93  357  294  1  -2  
16  3  45  101  357  294  1  -2  
16  3  45  110  357  294  1  -2  
16  3  45  118  357  294  1  -2  
16  3  45  126  357  294  1  -2  
16  3  45  134  357  294  1  -2  
16  3  45  142  358  294  1  -2  
16  3  45  151  360  294  1  -2  
16  3  45  160  362  294  1  -2  
16  3  45  168  368  294  1  -2  
16  3  45  176  377  294  1  -2  
16  3  45  184  384  295  1  -2  
16  3  45  193  395  295  1  -2  
16  3  45  200  404  295  1  -2  
16  3  45  209  414  295  1  -2  
16  3  45  219  419  295  1  -2  
16  3  45  227  428  295  1  -2  
16  3  45  235  431  295  1  -2  
16  3  45  243  434  295  1  -2  
16  3  45  252  439  295  1  -2  
16  3  45  260  445  297  1  -2  
16  3  45  268  450  297  1  -2  
16  3  45  277  457  297  1  -2  
16  3  45  284  461  299  1  -2  
16  3  45  292  465  299  1  -2  
16  3  45  301  466  299  1  -2  
16  3  45  309  469  299  1  -2  
16  3  45  318  470  299  1  -2  
16  3  45  327  472  299  1  -2  
16  3  45  334  473  299  1  -2  
16  3  45  342  474  300  1  -2  
16  3  45  350  477  300  1  -2  
16  3  45  358  479  301  1  -2  
16  3  45  367  481  301  1  -2  
16  3  45  376  482  302  1  -2  
16  3  45  383  485  303  1  -2  
16  3  45  391  486  304  1  -2  
16  3  45  399  487  304  1  -2  
16  3  45  408  489  304  1  -2  
16  3  45  416  490  304  1  -2  
16  3  45  426  491  304  1  -2  
16  3  45  433  497  305  2  -2  
16  3  45  441  500  305  2  -2  
16  3  45  449  503  305  2  -2  
16  3  45  458  507  305  2  -2  
16  3  45  467  509  305  2  -2  
16  3  45  476  510  305  2  -2  
16  3  45  487  511  305  2  -2  
16  3  45  494  511  305  2  -2  
16  3  45  501  512  305  2  -2  
16  3  45  510  514  305  2  -2  
16  3  45  518  516  305  2  -2  
16  3  45  527  518  305  2  -2  
16  3  45  536  523  305  2  -2  
16  3  45  543  526  305  2  -2  
16  3  45  551  529  305  2  -2  
16  3  45  560  530  305  2  -2  
16  3  45  570  532  305  2  -2  
16  3  45  577  532  305  2  -2  
16  3  45  587  532  305  2  -2  
16  3  45  593  532  305  2  -2  
16  3  45  603  532  305  2  -2  
16  3  45  610  532  305  2  -2  
16  3  45  620  532  305  2  -2  
16  3  45  627  532  305  2  -2  
16  3  45  636  532  305  2  -2  
16  3  45  643  532  305  2  -2  
16  3  45  653  532  305  2  -2  
16  3  45  660  532  305  2  -2  
16  3  45  670  532  305  2  -2  
16  3  45  676  532  305  2  -2  
16  3  45  688  532  305  2  -2  
16  3  45  695  532  305  2  -2  
16  3  45  701  532  305  2  -2  
16  3  45  710  532  305  2  -2  
16  3  45  718  532  305  2  -2  
16  3  45  727  532  305  2  -2  
16  3  45  737  532  305  2  -2  
16  3  45  743  532  305  2  -2  
16  3  45  753  532  305  2  -2  
16  3  45  760  532  305  2  -2  
16  3  45  768  532  305  2  -2  
16  3  45  777  532  305  2  -2  
16  3  45  787  532  305  2  -2  
16  3  45  793  532  305  2  -2  
16  3  45  803  533  306  2  -2  
16  3  45  811  533  306  2  -2  
16  3  45  821  533  307  2  -2  
16  3  45  827  533  308  2  -2  
16  3  45  837  528  309  2  -2  
16  3  45  844  525  309  2  -2  
16  3  45  853  521  310  2  -2  
16  3  45  860  518  312  2  -2  
16  3  45  870  514  313  2  -2  
16  3  45  877  509  314  2  -2  
16  3  45  886  505  315  2  -2  
16  3  45  893  501  315  2  -2  
16  3  45  903  496  315  2  -2  
16  3  45  910  490  317  2  -2  
16  3  45  918  485  317  2  -2  
16  3  46  927  480  318  2  -2  
16  3  46  936  473  318  2  -2  
16  3  46  943  468  318  2  -2  
16  3  46  953  461  318  2  -2  
16  3  46  961  456  318  2  -2  
16  3  46  971  449  318  2  -2  
16  3  46  977  440  318  2  -2  
16  3  46  988  435  318  2  -2  
16  3  46  994  431  319  2  -2  
16  3  46  1004  426  319  2  -2  
16  3  46  1010  423  319  2  -2  
16  3  46  1021  420  319  2  -2  
16  3  46  1028  415  319  2  -2  
16  3  46  1038  411  319  2  -2  
16  3  46  1045  407  319  2  -2  
16  3  46  1055  404  319  2  -2  
16  3  46  1062  400  319  2  -2  
16  3  46  1072  397  319  3  -2  
16  3  46  1078  397  319  3  -2  
16  3  46  1086  394  319  3  -2  
16  3  46  1094  393  319  3  -2  
16  3  46  1105  393  319  3  -2  
16  3  46  1111  391  319  3  -2  
16  3  46  1121  391  319  3  -2  
16  3  46  1128  390  319  3  -2  
16  3  46  1138  387  319  3  -2  
16  3  46  1145  385  319  3  -2  
16  3  46  1153  385  319  3  -2  
16  3  46  1161  381  319  3  -2  
16  3  46  1172  373  319  3  -2  
16  3  46  1178  369  319  3  -2  
16  3  46  1188  367  319  3  -2  
16  3  46  1196  367  319  3  -2  
16  3  46  1205  367  319  3  -2  
16  3  46  1211  367  319  3  -2  
16  3  46  1222  367  319  3  -2  
16  3  46  1228  367  319  3  -2  
16  3  46  1238  367  319  3  -2  
16  3  46  1246  367  319  3  -2  
16  3  46  1255  365  319  3  -2  
16  3  46  1261  364  319  3  -2  
16  3  46  1270  363  319  3  -2  
16  3  46  1278  363  319  3  -2  
16  3  46  1288  361  319  3  -2  
16  3  46  1295  361  319  3  -2  
16  3  46  1305  361  319  3  -2  
16  3  46  1313  361  319  3  -2  
16  3  46  1322  361  319  3  -2  
16  3  46  1327  361  319  3  -2  
16  3  46  1338  361  319  3  -2  
16  3  46  1346  361  319  3  -2  
16  3  46  1355  361  319  3  -2  
16  3  46  1362  361  319  3  -2  
16  3  46  1373  361  319  3  -2  
16  3  46  1378  361  319  3  -2  
16  3  46  1388  361  319  3  -2  
16  3  46  1396  361  319  3  -2  
16  3  46  1406  361  319  3  -2  
16  3  46  1412  361  319  3  -2  
16  3  46  1421  361  319  3  -2  
16  3  46  1429  361  319  3  -2  
16  3  46  1439  361  319  3  -2  
16  3  46  1446  361  319  3  -2  
16  3  46  1456  361  319  3  -2  
16  3  46  1463  361  320  3  -2  
16  3  46  1473  363  321  3  -2  
16  3  46  1479  367  322  3  -2  
16  3  46  1489  370  323  3  -2  
16  3  46  1497  383  327  3  -2  
16  3  46  1506  383  327  3  -2  
16  3  46  1511  395  329  3  -2  
16  3  46  1523  395  329  3  -2  
16  3  46  1529  409  333  3  -2  
16  3  46  1539  419  334  3  -2  
16  3  46  1548  429  335  3  -2  
16  3  46  1556  441  336  3  -2  
16  3  46  1564  454  336  3  -2  
16  3  46  1572  466  336  3  -2  
16  3  46  1580  478  336  3  -2  
16  3  46  1590  486  336  3  -2  
16  3  46  1597  491  336  3  -2  
16  3  46  1606  496  336  3  -2  
16  3  46  1612  499  338  3  -2  
16  3  46  1623  501  338  3  -2  
16  3  46  1631  503  338  4  -2  
16  3  46  1640  506  340  4  -2  
16  3  46  1649  509  340  4  -2  
16  3  46  1658  513  341  4  -2  
16  3  46  1667  522  344  4  -2  
16  3  46  1675  526  344  4  -2  
16  3  46  1684  530  344  4  -2  
16  3  46  1692  533  344  4  -2  
16  3  46  1700  535  344  4  -2  
16  3  46  1708  538  344  4  -2  
16  3  46  1717  538  344  4  -2  
16  3  46  1725  539  344  4  -2  
16  3  46  1735  539  344  4  -2  
16  3  46  1742  539  344  4  -2  
16  3  46  1750  539  344  4  -2  
16  3  46  1758  539  344  4  -2  
16  3  46  1768  539  344  4  -2  
16  3  46  1776  539  344  4  -2  
16  3  46  1784  539  344  4  -2  
16  3  46  1791  539  344  4  -2  
16  3  46  1802  539  344  4  -2  
16  3  46  1809  539  344  4  -2  
16  3  46  1817  539  344  4  -2  
16  3  46  1826  539  344  4  -2  
16  3  46  1836  539  344  4  -2  
16  3  46  1844  539  344  4  -2  
16  3  46  1852  539  344  4  -2  
16  3  46  1859  539  344  4  -2  
16  3  46  1868  539  344  4  -2  
16  3  46  1877  539  344  4  -2  
16  3  46  1885  539  344  4  -2  
16  3  46  1892  539  344  4  -2  
16  3  46  1900  539  344  4  -2  
16  3  46  1908  539  344  4  -2  
16  3  46  1918  539  344  4  -2  
16  3  47  1926  539  344  4  -2  
16  3  47  1935  536  344  4  -2  
16  3  47  1943  529  344  4  -2  
16  3  47  1952  515  344  4  -2  
16  3  47  1959  500  344  4  -2  
16  3  47  1968  480  344  4  -2  
16  3  47  1977  462  344  4  -2  
16  3  47  1986  444  344  4  -2  
16  3  47  1994  429  344  4  -2  
16  3  47  2002  404  344  4  -2  
16  3  47  2009  397  344  4  -2  
16  3  47  2018  397  344  4  -2  
16  3  47  2027  392  344  4  -2  
