16  3  18  0  368  294  1  -2  
16  3  18  10  368  294  1  -2  
16  3  18  16  368  294  1  -2  
16  3  18  27  368  294  1  -2  
16  3  18  34  368  294  1  -2  
16  3  18  44  368  294  1  -2  
16  3  18  50  368  294  1  -2  
16  3  18  61  368  294  1  -2  
16  3  18  67  368  294  1  -2  
16  3  18  77  368  294  1  -2  
16  3  18  85  368  294  1  -2  
16  3  18  93  368  294  1  -2  
16  3  18  100  368  294  1  -2  
16  3  18  110  368  294  1  -2  
16  3  18  116  368  294  1  -2  
16  3  18  127  368  294  1  -2  
16  3  18  133  368  294  1  -2  
16  3  18  143  368  294  1  -2  
16  3  18  150  371  294  1  -2  
16  3  18  160  373  294  1  -2  
16  3  18  168  376  294  1  -2  
16  3  18  177  380  294  1  -2  
16  3  18  184  384  294  1  -2  
16  3  18  193  387  294  1  -2  
16  3  18  200  392  294  1  -2  
16  3  18  211  395  294  1  -2  
16  3  18  217  413  295  1  -2  
16  3  18  227  413  295  1  -2  
16  3  18  235  436  296  1  -2  
16  3  18  244  451  301  1  -2  
16  3  18  251  461  301  1  -2  
16  3  18  260  470  303  1  -2  
16  3  18  269  477  303  1  -2  
16  3  18  278  482  303  1  -2  
16  3  18  285  485  303  1  -2  
16  3  18  294  486  303  1  -2  
16  3  18  299  488  303  1  -2  
16  3  18  311  489  303  1  -2  
16  3  18  318  490  303  1  -2  
16  3  18  327  493  303  1  -2  
16  3  18  336  494  303  1  -2  
16  3  18  344  496  303  1  -2  
16  3  18  351  496  303  1  -2  
16  3  18  361  497  303  2  -2  
16  3  18  367  497  303  2  -2  
16  3  18  377  497  303  2  -2  
16  3  18  384  497  303  2  -2  
16  3  18  394  497  303  2  -2  
16  3  18  401  498  303  2  -2  
16  3  18  410  501  303  2  -2  
16  3  18  418  506  303  2  -2  
16  3  18  427  510  303  2  -2  
16  3  18  436  518  306  2  -2  
16  3  18  443  519  306  2  -2  
16  3  18  451  520  306  2  -2  
16  3  18  460  520  306  2  -2  
16  3  18  467  520  306  2  -2  
16  3  18  477  520  306  2  -2  
16  3  18  485  520  306  2  -2  
16  3  18  493  520  306  2  -2  
16  3  18  501  520  306  2  -2  
16  3  18  510  520  306  2  -2  
16  3  18  518  520  306  2  -2  
16  3  18  528  520  306  2  -2  
16  3  18  537  520  306  2  -2  
16  3  18  546  520  306  2  -2  
16  3  18  555  520  306  2  -2  
16  3  18  564  520  306  2  -2  
16  3  18  574  520  306  2  -2  
16  3  18  582  520  306  2  -2  
16  3  18  591  520  306  2  -2  
16  3  18  600  520  306  2  -2  
16  3  18  611  520  306  2  -2  
16  3  18  618  520  306  2  -2  
16  3  18  628  520  306  2  -2  
16  3  18  636  520  306  2  -2  
16  3  18  643  520  306  2  -2  
16  3  18  650  520  306  2  -2  
16  3  18  660  520  306  2  -2  
16  3  18  667  521  306  2  -2  
16  3  18  677  521  306  2  -2  
16  3  18  683  521  306  2  -2  
16  3  18  693  521  306  2  -2  
16  3  18  701  521  306  2  -2  
16  3  18  710  521  306  2  -2  
16  3  18  717  521  306  2  -2  
16  3  18  727  521  306  2  -2  
16  3  19  733  521  307  2  -2  
16  3  19  743  519  308  2  -2  
16  3  19  750  509  312  2  -2  
16  3  19  760  500  312  2  -2  
16  3  19  767  488  313  2  -2  
16  3  19  777  478  314  2  -2  
16  3  19  783  470  315  2  -2  
16  3  19  794  464  315  2  -2  
16  3  19  800  458  315  2  -2  
16  3  19  810  454  315  2  -2  
16  3  19  816  447  316  2  -2  
16  3  19  827  442  318  2  -2  
16  3  19  835  426  320  2  -2  
16  3  19  843  421  320  2  -2  
16  3  19  850  417  320  2  -2  
16  3  19  860  417  320  2  -2  
16  3  19  867  410  320  2  -2  
16  3  19  877  406  321  2  -2  
16  3  19  884  401  321  2  -2  
16  3  19  894  396  321  3  -2  
16  3  19  901  390  321  3  -2  
16  3  19  910  387  321  3  -2  
16  3  19  917  385  321  3  -2  
16  3  19  927  384  321  3  -2  
16  3  19  934  384  321  3  -2  
16  3  19  943  384  321  3  -2  
16  3  19  951  384  321  3  -2  
16  3  19  960  384  321  3  -2  
16  3  19  967  384  321  3  -2  
16  3  19  977  383  321  3  -2  
16  3  19  985  381  321  3  -2  
16  3  19  993  379  321  3  -2  
16  3  19  1000  375  321  3  -2  
16  3  19  1009  373  321  3  -2  
16  3  19  1016  371  321  3  -2  
16  3  19  1026  371  321  3  -2  
16  3  19  1034  371  321  3  -2  
16  3  19  1044  371  321  3  -2  
16  3  19  1050  371  321  3  -2  
16  3  19  1059  371  321  3  -2  
16  3  19  1066  371  321  3  -2  
16  3  19  1076  371  321  3  -2  
16  3  19  1084  371  321  3  -2  
16  3  19  1092  371  321  3  -2  
16  3  19  1100  371  321  3  -2  
16  3  19  1109  371  321  3  -2  
16  3  19  1116  371  321  3  -2  
16  3  19  1126  371  321  3  -2  
16  3  19  1135  371  321  3  -2  
16  3  19  1145  371  321  3  -2  
16  3  19  1154  371  321  3  -2  
16  3  19  1162  371  321  3  -2  
16  3  19  1172  371  321  3  -2  
16  3  19  1180  371  321  3  -2  
16  3  19  1190  371  321  3  -2  
16  3  19  1198  371  321  3  -2  
16  3  19  1209  371  321  3  -2  
16  3  19  1217  371  321  3  -2  
16  3  19  1226  371  321  3  -2  
16  3  19  1236  371  321  3  -2  
16  3  19  1243  371  321  3  -2  
16  3  19  1252  371  321  3  -2  
16  3  19  1260  371  321  3  -2  
16  3  19  1268  371  321  3  -2  
16  3  19  1276  371  321  3  -2  
16  3  19  1286  371  321  3  -2  
16  3  19  1294  371  321  3  -2  
16  3  19  1303  371  321  3  -2  
16  3  19  1310  371  321  3  -2  
16  3  19  1319  371  321  3  -2  
16  3  19  1329  371  323  3  -2  
16  3  19  1336  374  323  3  -2  
16  3  19  1346  379  323  3  -2  
16  3  19  1355  396  325  3  -2  
16  3  19  1362  410  326  3  -2  
16  3  19  1370  410  326  3  -2  
16  3  19  1378  442  332  3  -2  
16  3  19  1388  460  333  3  -2  
16  3  19  1395  475  336  3  -2  
16  3  19  1404  492  338  3  -2  
16  3  19  1413  502  338  3  -2  
16  3  19  1422  507  339  4  -2  
16  3  19  1429  511  340  4  -2  
16  3  19  1437  514  340  4  -2  
16  3  19  1446  514  340  4  -2  
16  3  19  1454  515  340  4  -2  
16  3  19  1462  515  340  4  -2  
16  3  19  1470  515  340  4  -2  
16  3  19  1478  516  341  4  -2  
16  3  19  1486  516  341  4  -2  
16  3  19  1496  516  341  4  -2  
16  3  19  1504  518  341  4  -2  
16  3  19  1512  518  341  4  -2  
16  3  19  1520  519  341  4  -2  
16  3  19  1529  520  341  4  -2  
16  3  19  1542  522  341  4  -2  
16  3  19  1552  523  341  4  -2  
16  3  19  1583  524  341  4  -2  
16  3  19  1593  524  341  4  -2  
16  3  19  1599  524  341  4  -2  
16  3  19  1609  524  341  4  -2  
16  3  19  1616  524  342  4  -2  
16  3  19  1626  524  342  4  -2  
16  3  19  1634  524  342  4  -2  
16  3  19  1642  524  342  4  -2  
16  3  19  1650  524  342  4  -2  
16  3  19  1659  524  342  4  -2  
16  3  19  1667  524  342  4  -2  
16  3  19  1676  524  342  4  -2  
16  3  19  1684  524  342  4  -2  
16  3  19  1692  524  342  4  -2  
16  3  19  1700  524  342  4  -2  
16  3  19  1709  524  342  4  -2  
16  3  19  1716  524  342  4  -2  
16  3  19  1726  524  342  4  -2  
16  3  20  1735  524  342  4  -2  
16  3  20  1744  524  342  4  -2  
16  3  20  1751  524  342  4  -2  
16  3  20  1761  524  342  4  -2  
16  3  20  1772  524  342  4  -2  
16  3  20  1780  524  342  4  -2  
16  3  20  1790  524  342  4  -2  
16  3  20  1798  524  342  4  -2  
16  3  20  1811  524  342  4  -2  
16  3  20  1818  524  342  4  -2  
16  3  20  1828  524  342  4  -2  
16  3  20  1838  524  342  4  -2  
16  3  20  1846  517  342  4  -2  
16  3  20  1856  506  342  4  -2  
16  3  20  1862  489  342  4  -2  
16  3  20  1871  471  342  4  -2  
16  3  20  1879  455  342  4  -2  
16  3  20  1888  436  342  4  -2  
16  3  20  1896  421  342  4  -2  
16  3  20  1904  410  342  4  -2  
16  3  20  1912  401  342  4  -2  
16  3  20  1923  395  342  4  -2  
16  3  20  1929  389  342  4  -2  
