9  38  47  0  353  304  1  -2  
9  38  47  7  353  304  1  -2  
9  38  47  16  353  304  1  -2  
9  38  47  24  353  304  1  -2  
9  38  47  33  353  304  1  -2  
9  38  47  40  353  304  1  -2  
9  38  47  50  353  304  1  -2  
9  38  47  58  353  304  1  -2  
9  38  47  67  353  304  1  -2  
9  38  47  75  353  304  1  -2  
9  38  47  84  353  304  1  -2  
9  38  47  93  353  304  1  -2  
9  38  47  102  353  304  1  -2  
9  38  47  111  353  304  1  -2  
9  38  47  119  353  304  1  -2  
9  38  47  130  353  304  1  -2  
9  38  47  136  353  304  1  -2  
9  38  47  146  353  304  1  -2  
9  38  47  154  353  304  1  -2  
9  38  47  162  353  304  1  -2  
9  38  47  170  353  304  1  -2  
9  38  47  181  353  304  1  -2  
9  38  47  188  353  304  1  -2  
9  38  47  198  353  304  1  -2  
9  38  47  205  353  304  1  -2  
9  38  47  216  353  304  1  -2  
9  38  47  224  353  304  1  -2  
9  38  47  232  353  304  1  -2  
9  38  47  241  353  304  1  -2  
9  38  47  250  353  304  1  -2  
9  38  47  258  353  304  1  -2  
9  38  47  268  353  304  1  -2  
9  38  47  277  353  304  1  -2  
9  38  47  286  353  304  1  -2  
9  38  47  295  353  304  1  -2  
9  38  47  303  353  304  1  -2  
9  38  47  315  353  304  1  -2  
9  38  47  322  353  304  1  -2  
9  38  47  333  353  304  1  -2  
9  38  47  340  353  304  1  -2  
9  38  47  350  353  304  1  -2  
9  38  47  358  353  304  1  -2  
9  38  47  368  353  304  1  -2  
9  38  47  376  353  304  1  -2  
9  38  47  385  354  304  1  -2  
9  38  47  394  354  304  1  -2  
9  38  47  401  354  304  1  -2  
9  38  47  412  354  304  1  -2  
9  38  47  420  354  304  1  -2  
9  38  47  429  356  304  1  -2  
9  38  47  437  356  304  1  -2  
9  38  47  448  357  304  1  -2  
9  38  47  454  358  304  1  -2  
9  38  47  463  358  304  1  -2  
9  38  47  471  361  303  1  -2  
9  38  47  481  364  303  1  -2  
9  38  47  486  379  301  1  -2  
9  38  47  498  379  301  1  -2  
9  38  47  505  406  301  1  -2  
9  38  47  514  419  301  1  -2  
9  38  47  521  436  301  1  -2  
9  38  47  529  449  301  1  -2  
9  38  47  538  462  301  1  -2  
9  38  47  547  471  301  1  -2  
9  38  47  555  476  302  1  -2  
9  38  47  565  480  302  1  -2  
9  38  47  572  480  302  1  -2  
9  38  47  583  480  302  1  -2  
9  38  47  589  481  302  1  -2  
9  38  47  600  481  302  1  -2  
9  38  47  608  481  302  1  -2  
9  38  47  617  481  302  1  -2  
9  38  47  626  483  302  1  -2  
9  38  47  636  485  302  1  -2  
9  38  47  644  488  302  1  -2  
9  38  47  652  490  302  1  -2  
9  38  47  662  493  302  1  -2  
9  38  47  671  496  302  1  -2  
9  38  47  680  497  302  2  -2  
9  38  47  686  498  302  2  -2  
9  38  47  695  498  302  2  -2  
9  38  47  702  498  302  2  -2  
9  38  47  712  500  302  2  -2  
9  38  47  719  501  302  2  -2  
9  38  47  729  501  302  2  -2  
9  38  48  736  502  302  2  -2  
9  38  48  746  502  302  2  -2  
9  38  48  754  504  302  2  -2  
9  38  48  763  504  302  2  -2  
9  38  48  770  505  302  2  -2  
9  38  48  778  506  302  2  -2  
9  38  48  786  507  302  2  -2  
9  38  48  797  510  302  2  -2  
9  38  48  802  513  302  2  -2  
9  38  48  811  516  302  2  -2  
9  38  48  818  519  302  2  -2  
9  38  48  826  522  303  2  -2  
9  38  48  835  523  303  2  -2  
9  38  48  845  523  303  2  -2  
9  38  48  851  523  303  2  -2  
9  38  48  861  523  303  2  -2  
9  38  48  868  523  303  2  -2  
9  38  48  876  523  303  2  -2  
9  38  48  885  523  303  2  -2  
9  38  48  896  523  303  2  -2  
9  38  48  903  525  303  2  -2  
9  38  48  911  525  303  2  -2  
9  38  48  918  525  303  2  -2  
9  38  48  926  525  303  2  -2  
9  38  48  936  525  303  2  -2  
9  38  48  946  525  303  2  -2  
9  38  48  952  525  303  2  -2  
9  38  48  961  525  303  2  -2  
9  38  48  968  525  303  2  -2  
9  38  48  977  525  303  2  -2  
9  38  48  985  525  303  2  -2  
9  38  48  994  525  303  2  -2  
9  38  48  1003  525  303  2  -2  
9  38  48  1011  525  303  2  -2  
9  38  48  1019  525  303  2  -2  
9  38  48  1028  525  303  2  -2  
9  38  48  1036  525  303  2  -2  
9  38  48  1046  525  303  2  -2  
9  38  48  1054  525  303  2  -2  
9  38  48  1062  525  303  2  -2  
9  38  48  1069  525  303  2  -2  
9  38  48  1079  525  303  2  -2  
9  38  48  1085  525  303  2  -2  
9  38  48  1096  525  303  2  -2  
9  38  48  1102  525  303  2  -2  
9  38  48  1112  525  303  2  -2  
9  38  48  1118  524  305  2  -2  
9  38  48  1127  524  305  2  -2  
9  38  48  1136  522  305  2  -2  
9  38  48  1147  516  305  2  -2  
9  38  48  1153  512  305  2  -2  
9  38  48  1163  507  305  2  -2  
9  38  48  1169  502  305  2  -2  
9  38  48  1180  497  305  2  -2  
9  38  48  1186  493  305  2  -2  
9  38  48  1197  488  305  2  -2  
9  38  48  1205  484  305  2  -2  
9  38  48  1212  479  305  2  -2  
9  38  48  1220  477  305  2  -2  
9  38  48  1230  473  305  2  -2  
9  38  48  1236  470  305  2  -2  
9  38  48  1247  470  305  2  -2  
9  38  48  1255  465  305  2  -2  
9  38  48  1265  465  305  2  -2  
9  38  48  1271  461  305  2  -2  
9  38  48  1281  461  305  2  -2  
9  38  48  1287  453  305  2  -2  
9  38  48  1298  448  304  2  -2  
9  38  48  1305  441  304  2  -2  
9  38  48  1314  434  304  2  -2  
9  38  48  1322  430  304  2  -2  
9  38  48  1331  427  304  2  -2  
9  38  48  1337  424  304  2  -2  
9  38  48  1347  423  304  2  -2  
9  38  48  1355  423  304  2  -2  
9  38  48  1364  422  304  2  -2  
9  38  48  1370  422  304  2  -2  
9  38  48  1381  422  304  2  -2  
9  38  48  1386  421  304  2  -2  
9  38  48  1397  420  304  2  -2  
9  38  48  1405  420  304  2  -2  
9  38  48  1414  417  304  2  -2  
9  38  48  1421  416  304  2  -2  
9  38  48  1430  413  304  2  -2  
9  38  48  1438  411  305  2  -2  
9  38  48  1447  409  306  2  -2  
9  38  48  1455  408  306  2  -2  
9  38  48  1464  408  306  2  -2  
9  38  48  1471  406  307  2  -2  
9  38  48  1480  404  308  2  -2  
9  38  48  1487  403  308  2  -2  
9  38  48  1497  403  308  2  -2  
9  38  48  1505  403  308  2  -2  
9  38  48  1514  403  308  2  -2  
9  38  48  1521  402  308  2  -2  
9  38  48  1530  402  308  2  -2  
9  38  48  1537  401  308  2  -2  
9  38  48  1548  401  308  2  -2  
9  38  48  1555  399  309  3  -2  
9  38  48  1564  398  309  3  -2  
9  38  48  1571  398  310  3  -2  
9  38  48  1580  397  310  3  -2  
9  38  48  1588  395  311  3  -2  
9  38  48  1597  393  311  3  -2  
9  38  48  1605  392  312  3  -2  
9  38  48  1614  390  312  3  -2  
9  38  48  1621  390  312  3  -2  
9  38  48  1630  389  313  3  -2  
9  38  48  1639  386  313  3  -2  
9  38  48  1647  384  314  3  -2  
9  38  48  1655  384  314  3  -2  
9  38  48  1664  383  314  3  -2  
9  38  48  1671  381  314  3  -2  
9  38  48  1680  381  314  3  -2  
9  38  48  1687  381  314  3  -2  
9  38  48  1698  380  314  3  -2  
9  38  48  1705  379  314  3  -2  
9  38  48  1714  377  315  3  -2  
9  38  48  1720  376  316  3  -2  
9  38  48  1730  374  317  3  -2  
9  38  49  1738  373  317  3  -2  
9  38  49  1747  372  317  3  -2  
9  38  49  1755  371  317  3  -2  
9  38  49  1764  370  317  3  -2  
9  38  49  1771  370  317  3  -2  
9  38  49  1780  370  317  3  -2  
9  38  49  1788  370  317  3  -2  
9  38  49  1798  369  317  3  -2  
9  38  49  1805  367  317  3  -2  
9  38  49  1815  367  317  3  -2  
9  38  49  1821  367  317  3  -2  
9  38  49  1830  366  317  3  -2  
9  38  49  1838  365  317  3  -2  
9  38  49  1848  364  317  3  -2  
9  38  49  1855  363  317  3  -2  
9  38  49  1864  363  317  3  -2  
9  38  49  1871  363  317  3  -2  
9  38  49  1881  363  317  3  -2  
9  38  49  1887  363  317  3  -2  
9  38  49  1897  363  317  3  -2  
9  38  49  1906  363  317  3  -2  
9  38  49  1914  363  317  3  -2  
9  38  49  1922  363  317  3  -2  
9  38  49  1930  363  317  3  -2  
9  38  49  1938  363  317  3  -2  
9  38  49  1948  363  317  3  -2  
9  38  49  1956  363  317  3  -2  
9  38  49  1964  365  317  3  -2  
9  38  49  1971  367  317  3  -2  
9  38  49  1980  372  317  3  -2  
9  38  49  1988  379  317  3  -2  
9  38  49  1997  387  317  3  -2  
9  38  49  2005  394  317  3  -2  
9  38  49  2014  402  317  3  -2  
9  38  49  2022  412  317  3  -2  
9  38  49  2030  419  317  3  -2  
9  38  49  2039  429  317  3  -2  
9  38  49  2048  443  318  3  -2  
9  38  49  2056  479  324  3  -2  
9  38  49  2064  495  326  3  -2  
9  38  49  2072  512  327  4  -2  
9  38  49  2080  524  330  4  -2  
9  38  49  2088  534  331  4  -2  
9  38  49  2099  538  331  4  -2  
9  38  49  2106  539  331  4  -2  
9  38  49  2114  540  331  4  -2  
9  38  49  2121  540  331  4  -2  
9  38  49  2130  540  331  4  -2  
9  38  49  2138  540  331  4  -2  
9  38  49  2147  540  331  4  -2  
9  38  49  2155  540  331  4  -2  
9  38  49  2164  540  331  4  -2  
9  38  49  2171  540  331  4  -2  
9  38  49  2180  540  331  4  -2  
9  38  49  2187  540  331  4  -2  
9  38  49  2197  540  331  4  -2  
9  38  49  2206  540  331  4  -2  
9  38  49  2214  540  331  4  -2  
9  38  49  2221  540  331  4  -2  
9  38  49  2230  540  331  4  -2  
9  38  49  2238  540  331  4  -2  
9  38  49  2247  540  331  4  -2  
9  38  49  2255  540  331  4  -2  
9  38  49  2263  540  331  4  -2  
9  38  49  2272  540  331  4  -2  
9  38  49  2281  540  331  4  -2  
9  38  49  2289  540  331  4  -2  
9  38  49  2297  540  331  4  -2  
9  38  49  2306  540  331  4  -2  
9  38  49  2314  540  331  4  -2  
9  38  49  2321  540  331  4  -2  
9  38  49  2330  540  331  4  -2  
9  38  49  2338  540  331  4  -2  
9  38  49  2347  540  331  4  -2  
9  38  49  2356  540  331  4  -2  
9  38  49  2364  540  331  4  -2  
9  38  49  2371  540  331  4  -2  
9  38  49  2380  540  331  4  -2  
9  38  49  2388  540  331  4  -2  
9  38  49  2397  540  331  4  -2  
9  38  49  2405  540  331  4  -2  
9  38  49  2414  540  331  4  -2  
9  38  49  2421  540  331  4  -2  
9  38  49  2430  540  331  4  -2  
9  38  49  2438  540  331  4  -2  
9  38  49  2447  540  331  4  -2  
9  38  49  2456  540  331  4  -2  
9  38  49  2463  540  331  4  -2  
9  38  49  2471  540  331  4  -2  
9  38  49  2480  540  331  4  -2  
9  38  49  2489  540  331  4  -2  
9  38  49  2497  539  331  4  -2  
9  38  49  2506  535  331  4  -2  
9  38  49  2515  531  331  4  -2  
9  38  49  2524  525  331  4  -2  
9  38  49  2531  518  331  4  -2  
9  38  49  2540  510  331  4  -2  
9  38  49  2550  500  331  4  -2  
9  38  49  2556  490  331  4  -2  
9  38  49  2565  481  331  4  -2  
9  38  49  2573  471  331  4  -2  
9  38  49  2583  464  331  4  -2  
9  38  49  2592  454  331  4  -2  
9  38  49  2601  449  331  4  -2  
9  38  49  2607  444  331  4  -2  
9  38  49  2617  440  331  4  -2  
9  38  49  2626  435  331  4  -2  
9  38  49  2634  431  330  4  -2  
9  38  49  2643  424  328  4  -2  
9  38  49  2650  421  328  4  -2  
9  38  49  2657  416  328  4  -2  
9  38  49  2666  413  328  4  -2  
9  38  49  2676  408  328  4  -2  
9  38  49  2684  404  328  4  -2  
9  38  49  2693  400  328  4  -2  
