16  3  0  0  361  299  1  -2  
16  3  0  8  361  299  1  -2  
16  3  0  16  361  299  1  -2  
16  3  0  24  361  299  1  -2  
16  3  0  32  361  299  1  -2  
16  3  0  41  361  299  1  -2  
16  3  0  51  361  299  1  -2  
16  3  0  59  361  299  1  -2  
16  3  0  70  361  299  1  -2  
16  3  0  77  361  299  1  -2  
16  3  0  85  361  299  1  -2  
16  3  0  93  361  299  1  -2  
16  3  0  102  361  299  1  -2  
16  3  0  109  361  299  1  -2  
16  3  0  119  361  299  1  -2  
16  3  0  126  361  299  1  -2  
16  3  0  134  363  299  1  -2  
16  3  0  143  368  299  1  -2  
16  3  0  153  377  299  1  -2  
16  3  0  160  390  303  1  -2  
16  3  0  169  404  305  1  -2  
16  3  0  175  415  306  1  -2  
16  3  0  186  429  309  1  -2  
16  3  0  193  439  309  1  -2  
16  3  0  203  449  310  1  -2  
16  3  0  210  456  311  1  -2  
16  3  0  220  465  312  1  -2  
16  3  0  225  472  314  1  -2  
16  3  0  236  477  315  1  -2  
16  3  0  243  484  316  1  -2  
16  3  0  254  484  316  1  -2  
16  3  0  260  492  318  1  -2  
16  3  0  270  494  318  1  -2  
16  3  0  278  496  319  2  -2  
16  3  0  287  499  320  2  -2  
16  3  0  294  499  320  2  -2  
16  3  0  304  501  320  2  -2  
16  3  0  310  505  321  2  -2  
16  3  0  320  506  321  2  -2  
16  3  0  327  509  321  2  -2  
16  3  0  336  510  321  2  -2  
16  3  0  344  514  322  2  -2  
16  3  0  353  517  322  2  -2  
16  3  0  362  518  322  2  -2  
16  3  0  369  518  322  2  -2  
16  3  0  378  518  322  2  -2  
16  3  0  386  518  322  2  -2  
16  3  0  394  518  322  2  -2  
16  3  0  404  518  322  2  -2  
16  3  0  410  518  322  2  -2  
16  3  0  419  518  322  2  -2  
16  3  0  427  518  322  2  -2  
16  3  0  436  518  322  2  -2  
16  3  0  444  518  322  2  -2  
16  3  0  453  518  322  2  -2  
16  3  0  462  518  322  2  -2  
16  3  0  469  518  322  2  -2  
16  3  0  476  518  322  2  -2  
16  3  0  486  518  322  2  -2  
16  3  0  495  518  322  2  -2  
16  3  0  504  518  322  2  -2  
16  3  0  512  518  322  2  -2  
16  3  0  519  519  323  2  -2  
16  3  0  527  519  323  2  -2  
16  3  0  537  519  323  2  -2  
16  3  0  544  519  323  2  -2  
16  3  0  553  519  323  2  -2  
16  3  0  562  518  324  2  -2  
16  3  0  569  518  324  2  -2  
16  3  0  577  515  324  2  -2  
16  3  0  586  513  324  2  -2  
16  3  0  594  509  325  2  -2  
16  3  0  603  504  325  2  -2  
16  3  0  612  498  327  2  -2  
16  3  0  620  486  329  2  -2  
16  3  0  627  479  329  2  -2  
16  3  0  636  479  329  2  -2  
16  3  0  645  470  329  2  -2  
16  3  0  653  465  329  2  -2  
16  3  0  662  461  329  2  -2  
16  3  0  669  456  329  2  -2  
16  3  0  679  451  329  2  -2  
16  3  0  686  446  329  2  -2  
16  3  0  695  439  329  2  -2  
16  3  0  704  430  329  2  -2  
16  3  0  713  424  329  2  -2  
16  3  0  720  418  329  2  -2  
16  3  0  729  413  329  2  -2  
16  3  0  737  407  329  2  -2  
16  3  0  746  401  329  2  -2  
16  3  0  754  398  329  2  -2  
16  3  0  764  397  329  3  -2  
16  3  0  771  396  329  3  -2  
16  3  0  779  396  329  3  -2  
16  3  0  788  395  329  3  -2  
16  3  0  795  392  329  3  -2  
16  3  0  805  392  329  3  -2  
16  3  0  815  384  328  3  -2  
16  3  0  821  378  328  3  -2  
16  3  0  829  375  328  3  -2  
16  3  0  838  374  328  3  -2  
16  3  0  846  374  328  3  -2  
16  3  0  855  374  328  3  -2  
16  3  0  863  374  328  3  -2  
16  3  0  871  374  328  3  -2  
16  3  0  880  374  328  3  -2  
16  3  0  889  374  328  3  -2  
16  3  0  897  374  328  3  -2  
16  3  0  905  374  328  3  -2  
16  3  0  913  373  328  3  -2  
16  3  0  921  373  328  3  -2  
16  3  0  930  373  328  3  -2  
16  3  0  938  373  328  3  -2  
16  3  0  946  373  328  3  -2  
16  3  0  954  373  328  3  -2  
16  3  0  963  373  328  3  -2  
16  3  0  973  373  328  3  -2  
16  3  0  980  373  328  3  -2  
16  3  1  990  373  328  3  -2  
16  3  1  997  373  328  3  -2  
16  3  1  1006  373  328  3  -2  
16  3  1  1014  373  328  3  -2  
16  3  1  1023  373  328  3  -2  
16  3  1  1030  373  328  3  -2  
16  3  1  1040  373  328  3  -2  
16  3  1  1047  373  328  3  -2  
16  3  1  1055  373  328  3  -2  
16  3  1  1064  373  328  3  -2  
16  3  1  1073  373  328  3  -2  
16  3  1  1080  373  328  3  -2  
16  3  1  1090  373  328  3  -2  
16  3  1  1097  373  328  3  -2  
16  3  1  1105  373  328  3  -2  
16  3  1  1114  373  328  3  -2  
16  3  1  1123  373  328  3  -2  
16  3  1  1130  373  328  3  -2  
16  3  1  1139  373  328  3  -2  
16  3  1  1148  373  328  3  -2  
16  3  1  1157  373  328  3  -2  
16  3  1  1165  381  328  3  -2  
16  3  1  1171  394  331  3  -2  
16  3  1  1181  394  331  3  -2  
16  3  1  1189  430  340  3  -2  
16  3  1  1200  453  345  3  -2  
16  3  1  1208  476  348  3  -2  
16  3  1  1218  494  349  3  -2  
16  3  1  1227  515  352  3  -2  
16  3  1  1238  528  352  3  -2  
16  3  1  1245  548  352  3  -2  
16  3  1  1255  551  352  3  -2  
16  3  1  1263  553  352  3  -2  
16  3  1  1273  554  352  3  -2  
16  3  1  1280  555  352  3  -2  
16  3  1  1289  555  352  3  -2  
16  3  1  1296  556  352  3  -2  
16  3  1  1304  556  352  3  -2  
16  3  1  1314  556  352  3  -2  
16  3  1  1323  556  352  3  -2  
16  3  1  1330  556  352  3  -2  
16  3  1  1340  556  352  3  -2  
16  3  1  1346  556  352  3  -2  
16  3  1  1356  556  352  3  -2  
16  3  1  1367  556  352  3  -2  
16  3  1  1375  556  352  3  -2  
16  3  1  1385  556  352  3  -2  
16  3  1  1393  556  352  3  -2  
16  3  1  1403  556  352  3  -2  
16  3  1  1411  556  352  3  -2  
16  3  1  1420  556  352  3  -2  
16  3  1  1427  556  352  3  -2  
16  3  1  1438  556  352  3  -2  
16  3  1  1444  556  352  3  -2  
16  3  1  1453  556  352  3  -2  
16  3  1  1460  556  352  3  -2  
16  3  1  1470  556  352  3  -2  
16  3  1  1478  556  352  3  -2  
16  3  1  1487  556  352  3  -2  
16  3  1  1496  556  352  3  -2  
16  3  1  1505  556  352  3  -2  
16  3  1  1514  556  352  3  -2  
16  3  1  1522  556  352  3  -2  
16  3  1  1531  556  352  3  -2  
16  3  1  1540  556  352  3  -2  
16  3  1  1551  556  352  3  -2  
16  3  1  1559  556  352  3  -2  
16  3  1  1571  556  352  3  -2  
16  3  1  1578  556  352  3  -2  
16  3  1  1588  556  352  3  -2  
16  3  1  1596  556  352  3  -2  
16  3  1  1604  556  352  3  -2  
16  3  1  1615  556  352  3  -2  
16  3  1  1624  556  352  3  -2  
16  3  1  1634  556  352  3  -2  
16  3  1  1640  556  352  3  -2  
16  3  1  1649  556  352  3  -2  
16  3  1  1656  556  352  3  -2  
16  3  1  1667  556  352  3  -2  
16  3  1  1674  556  352  3  -2  
16  3  1  1682  556  352  3  -2  
16  3  1  1690  556  352  3  -2  
16  3  1  1699  556  352  3  -2  
16  3  1  1706  556  352  3  -2  
16  3  1  1717  556  352  3  -2  
16  3  1  1723  556  352  3  -2  
16  3  1  1732  556  352  3  -2  
16  3  1  1740  556  352  3  -2  
16  3  1  1750  556  352  3  -2  
16  3  1  1757  556  352  3  -2  
16  3  1  1765  556  352  3  -2  
16  3  1  1773  556  352  3  -2  
16  3  1  1782  556  352  3  -2  
16  3  1  1791  556  352  3  -2  
16  3  1  1799  557  353  3  -2  
16  3  1  1808  557  353  3  -2  
16  3  1  1817  555  355  3  -2  
16  3  1  1823  548  356  3  -2  
16  3  1  1833  540  358  3  -2  
16  3  1  1839  529  361  3  -2  
16  3  1  1850  516  364  3  -2  
16  3  1  1856  502  364  3  -2  
16  3  1  1866  486  364  3  -2  
16  3  1  1873  473  364  3  -2  
16  3  1  1881  464  364  3  -2  
16  3  1  1889  457  361  3  -2  
16  3  1  1899  451  359  3  -2  
16  3  1  1907  448  358  3  -2  
16  3  1  1915  447  358  3  -2  
16  3  1  1923  444  357  3  -2  
16  3  1  1931  439  356  3  -2  
16  3  1  1940  433  354  3  -2  
16  3  1  1949  424  351  3  -2  
16  3  1  1957  407  346  3  -2  
16  3  1  1967  400  345  3  -2  
16  3  1  1973  396  345  3  -2  
16  3  1  1983  394  345  3  -2  
16  3  2  1991  393  345  3  -2  
16  3  2  2000  392  345  3  -2  
16  3  2  2006  392  345  3  -2  
16  3  2  2016  392  345  3  -2  
16  3  2  2023  392  345  3  -2  
16  3  2  2032  392  345  3  -2  
16  3  2  2041  392  345  3  -2  
16  3  2  2050  391  345  3  -2  
16  3  2  2058  390  344  3  -2  
16  3  2  2066  389  344  3  -2  
16  3  2  2074  388  344  3  -2  
16  3  2  2085  385  344  3  -2  
16  3  2  2090  381  344  3  -2  
16  3  2  2102  381  344  3  -2  
16  3  2  2107  381  344  3  -2  
16  3  2  2117  381  344  3  -2  
16  3  2  2125  381  344  3  -2  
16  3  2  2135  381  344  3  -2  
16  3  2  2142  380  344  3  -2  
16  3  2  2152  380  344  3  -2  
16  3  2  2157  379  344  3  -2  
16  3  2  2168  378  344  3  -2  
16  3  2  2175  377  344  3  -2  
16  3  2  2185  376  344  3  -2  
16  3  2  2192  374  344  3  -2  
16  3  2  2202  372  344  3  -2  
16  3  2  2209  372  344  3  -2  
16  3  2  2218  372  344  3  -2  
16  3  2  2226  372  344  3  -2  
16  3  2  2235  372  344  3  -2  
16  3  2  2242  372  344  3  -2  
16  3  2  2252  372  344  3  -2  
16  3  2  2258  371  344  3  -2  
16  3  2  2268  370  344  3  -2  
16  3  2  2276  365  342  3  -2  
16  3  2  2285  365  342  3  -2  
16  3  2  2291  360  341  3  -2  
16  3  2  2302  360  341  3  -2  
16  3  2  2308  359  341  3  -2  
16  3  2  2318  359  341  3  -2  
16  3  2  2326  359  341  3  -2  
16  3  2  2335  359  341  3  -2  
16  3  2  2343  359  341  3  -2  
16  3  2  2352  359  341  3  -2  
16  3  2  2358  357  341  3  -2  
16  3  2  2368  357  341  3  -2  
16  3  2  2375  357  341  3  -2  
16  3  2  2385  357  341  3  -2  
16  3  2  2393  357  341  3  -2  
16  3  2  2402  357  341  3  -2  
16  3  2  2408  357  341  3  -2  
16  3  2  2418  357  341  3  -2  
16  3  2  2426  357  341  3  -2  
16  3  2  2435  357  341  3  -2  
16  3  2  2443  357  341  3  -2  
16  3  2  2452  357  341  3  -2  
16  3  2  2459  357  341  3  -2  
16  3  2  2469  357  341  3  -2  
16  3  2  2475  357  341  3  -2  
16  3  2  2485  357  341  3  -2  
16  3  2  2494  357  341  3  -2  
16  3  2  2504  357  341  3  -2  
16  3  2  2512  357  341  3  -2  
16  3  2  2521  357  341  3  -2  
16  3  2  2530  357  341  3  -2  
16  3  2  2540  357  341  3  -2  
16  3  2  2549  357  341  3  -2  
16  3  2  2555  357  341  3  -2  
16  3  2  2565  357  341  3  -2  
16  3  2  2573  357  341  3  -2  
16  3  2  2583  357  341  3  -2  
