9  38  22  0  363  308  1  -2  
9  38  22  9  363  308  1  -2  
9  38  22  17  363  308  1  -2  
9  38  22  26  363  308  1  -2  
9  38  22  33  363  308  1  -2  
9  38  22  42  363  308  1  -2  
9  38  22  49  363  308  1  -2  
9  38  22  59  363  308  1  -2  
9  38  22  66  363  308  1  -2  
9  38  22  76  363  308  1  -2  
9  38  22  82  363  308  1  -2  
9  38  22  91  363  308  1  -2  
9  38  22  100  363  308  1  -2  
9  38  22  111  363  308  1  -2  
9  38  22  119  363  308  1  -2  
9  38  22  129  363  308  1  -2  
9  38  22  138  363  308  1  -2  
9  38  22  148  363  308  1  -2  
9  38  22  159  363  308  1  -2  
9  38  22  171  363  308  1  -2  
9  38  22  179  363  308  1  -2  
9  38  22  188  363  308  1  -2  
9  38  22  197  363  308  1  -2  
9  38  22  205  363  308  1  -2  
9  38  22  213  363  308  1  -2  
9  38  22  224  363  308  1  -2  
9  38  22  231  363  308  1  -2  
9  38  22  241  363  308  1  -2  
9  38  22  249  363  308  1  -2  
9  38  22  261  363  308  1  -2  
9  38  22  268  363  308  1  -2  
9  38  22  277  363  308  1  -2  
9  38  22  284  364  308  1  -2  
9  38  22  294  364  308  1  -2  
9  38  22  302  365  308  1  -2  
9  38  22  313  365  308  1  -2  
9  38  22  320  369  308  1  -2  
9  38  22  328  372  306  1  -2  
9  38  22  338  374  306  1  -2  
9  38  22  346  382  304  1  -2  
9  38  22  354  384  304  1  -2  
9  38  22  363  387  304  1  -2  
9  38  22  373  390  304  1  -2  
9  38  22  379  395  304  1  -2  
9  38  22  388  402  304  1  -2  
9  38  22  396  409  304  1  -2  
9  38  22  404  415  304  1  -2  
9  38  22  412  424  304  1  -2  
9  38  22  421  437  304  1  -2  
9  38  22  429  447  304  1  -2  
9  38  22  439  461  304  1  -2  
9  38  22  447  471  307  1  -2  
9  38  22  454  478  307  1  -2  
9  38  22  462  485  307  1  -2  
9  38  22  471  488  307  1  -2  
9  38  22  479  491  307  1  -2  
9  38  22  488  492  307  1  -2  
9  38  22  497  492  307  1  -2  
9  38  22  504  492  307  1  -2  
9  38  22  512  492  307  1  -2  
9  38  22  522  492  307  1  -2  
9  38  22  529  493  307  1  -2  
9  38  23  539  493  307  1  -2  
9  38  23  547  495  307  2  -2  
9  38  23  554  496  307  2  -2  
9  38  23  562  497  307  2  -2  
9  38  23  572  500  307  2  -2  
9  38  23  579  503  307  2  -2  
9  38  23  589  506  307  2  -2  
9  38  23  596  509  307  2  -2  
9  38  23  606  513  307  2  -2  
9  38  23  613  517  307  2  -2  
9  38  23  621  519  306  2  -2  
9  38  23  629  519  306  2  -2  
9  38  23  638  519  306  2  -2  
9  38  23  646  521  306  2  -2  
9  38  23  654  521  306  2  -2  
9  38  23  663  521  306  2  -2  
9  38  23  671  522  305  2  -2  
9  38  23  680  522  305  2  -2  
9  38  23  688  522  305  2  -2  
9  38  23  697  522  305  2  -2  
9  38  23  704  522  305  2  -2  
9  38  23  712  522  305  2  -2  
9  38  23  721  522  305  2  -2  
9  38  23  729  522  305  2  -2  
9  38  23  738  522  305  2  -2  
9  38  23  746  522  305  2  -2  
9  38  23  757  522  305  2  -2  
9  38  23  763  522  305  2  -2  
9  38  23  772  522  305  2  -2  
9  38  23  779  522  305  2  -2  
9  38  23  788  522  305  2  -2  
9  38  23  797  522  305  2  -2  
9  38  23  806  522  305  2  -2  
9  38  23  813  522  305  2  -2  
9  38  23  822  522  305  2  -2  
9  38  23  829  522  305  2  -2  
9  38  23  840  522  305  2  -2  
9  38  23  847  522  305  2  -2  
9  38  23  854  522  305  2  -2  
9  38  23  863  522  305  2  -2  
9  38  23  872  522  305  2  -2  
9  38  23  879  522  305  2  -2  
9  38  23  888  522  305  2  -2  
9  38  23  898  522  305  2  -2  
9  38  23  907  522  305  2  -2  
9  38  23  914  522  305  2  -2  
9  38  23  923  522  305  2  -2  
9  38  23  930  522  305  2  -2  
9  38  23  938  522  305  2  -2  
9  38  23  947  522  305  2  -2  
9  38  23  957  522  305  2  -2  
9  38  23  963  522  306  2  -2  
9  38  23  972  522  308  2  -2  
9  38  23  979  522  308  2  -2  
9  38  23  990  521  308  2  -2  
9  38  23  997  518  308  2  -2  
9  38  23  1007  518  308  2  -2  
9  38  23  1013  515  308  2  -2  
9  38  23  1023  513  308  2  -2  
9  38  23  1031  510  308  2  -2  
9  38  23  1040  503  308  2  -2  
9  38  23  1047  498  308  2  -2  
9  38  23  1057  491  308  2  -2  
9  38  23  1063  483  308  2  -2  
9  38  23  1072  476  308  2  -2  
9  38  23  1080  468  308  2  -2  
9  38  23  1088  463  308  2  -2  
9  38  23  1097  457  308  2  -2  
9  38  23  1107  452  307  2  -2  
9  38  23  1113  443  306  2  -2  
9  38  23  1122  443  306  2  -2  
9  38  23  1130  438  306  2  -2  
9  38  23  1140  427  305  2  -2  
9  38  23  1147  420  304  2  -2  
9  38  23  1157  415  304  2  -2  
9  38  23  1164  411  304  2  -2  
9  38  23  1175  406  304  2  -2  
9  38  23  1182  402  304  2  -2  
9  38  23  1192  401  304  2  -2  
9  38  23  1199  397  304  3  -2  
9  38  23  1208  394  304  3  -2  
9  38  23  1215  392  304  3  -2  
9  38  23  1225  389  304  3  -2  
9  38  23  1231  385  304  3  -2  
9  38  23  1239  383  304  3  -2  
9  38  23  1247  379  304  3  -2  
9  38  23  1258  374  304  3  -2  
9  38  23  1266  370  304  3  -2  
9  38  23  1275  369  304  3  -2  
9  38  23  1281  367  304  3  -2  
9  38  23  1291  367  304  3  -2  
9  38  23  1297  365  304  3  -2  
9  38  23  1308  361  304  3  -2  
9  38  23  1315  361  304  3  -2  
9  38  23  1324  358  304  3  -2  
9  38  23  1331  358  304  3  -2  
9  38  23  1339  358  304  3  -2  
9  38  23  1349  358  304  3  -2  
9  38  23  1358  358  304  3  -2  
9  38  23  1366  358  304  3  -2  
9  38  23  1374  358  304  3  -2  
9  38  23  1381  358  304  3  -2  
9  38  23  1391  358  304  3  -2  
9  38  23  1397  358  304  3  -2  
9  38  23  1408  358  304  3  -2  
9  38  23  1416  358  304  3  -2  
9  38  23  1425  359  304  3  -2  
9  38  23  1431  363  304  3  -2  
9  38  23  1441  363  304  3  -2  
9  38  23  1448  367  304  3  -2  
9  38  23  1458  367  304  3  -2  
9  38  23  1466  376  304  3  -2  
9  38  23  1475  382  304  3  -2  
9  38  23  1481  393  304  3  -2  
9  38  23  1491  403  304  3  -2  
9  38  23  1498  417  304  3  -2  
9  38  23  1508  434  308  3  -2  
9  38  23  1516  449  308  3  -2  
9  38  23  1525  467  315  3  -2  
9  38  23  1532  488  322  3  -2  
9  38  24  1541  501  326  4  -2  
9  38  24  1548  514  330  4  -2  
9  38  24  1558  521  331  4  -2  
9  38  24  1564  524  332  4  -2  
9  38  24  1574  527  332  4  -2  
9  38  24  1581  527  332  4  -2  
9  38  24  1591  528  332  4  -2  
9  38  24  1598  528  332  4  -2  
9  38  24  1608  528  332  4  -2  
9  38  24  1615  528  332  4  -2  
9  38  24  1624  528  332  4  -2  
9  38  24  1631  528  332  4  -2  
9  38  24  1641  528  332  4  -2  
9  38  24  1648  531  332  4  -2  
9  38  24  1658  531  332  4  -2  
9  38  24  1664  531  332  4  -2  
9  38  24  1675  531  332  4  -2  
9  38  24  1682  532  332  4  -2  
9  38  24  1691  532  332  4  -2  
9  38  24  1698  534  332  4  -2  
9  38  24  1708  534  332  4  -2  
9  38  24  1715  534  332  4  -2  
9  38  24  1724  534  332  4  -2  
9  38  24  1731  534  332  4  -2  
9  38  24  1741  534  332  4  -2  
9  38  24  1749  534  332  4  -2  
9  38  24  1759  534  332  4  -2  
9  38  24  1767  534  332  4  -2  
9  38  24  1776  534  332  4  -2  
9  38  24  1783  534  332  4  -2  
9  38  24  1791  534  332  4  -2  
9  38  24  1799  534  332  4  -2  
9  38  24  1809  534  332  4  -2  
9  38  24  1817  534  332  4  -2  
9  38  24  1825  534  332  4  -2  
9  38  24  1833  534  332  4  -2  
9  38  24  1841  534  332  4  -2  
9  38  24  1850  534  332  4  -2  
9  38  24  1858  534  331  4  -2  
9  38  24  1867  534  331  4  -2  
9  38  24  1875  532  331  4  -2  
9  38  24  1883  531  331  4  -2  
9  38  24  1892  527  331  4  -2  
9  38  24  1900  522  331  4  -2  
9  38  24  1908  517  331  4  -2  
9  38  24  1917  508  331  4  -2  
9  38  24  1927  502  331  4  -2  
9  38  24  1934  496  331  4  -2  
9  38  24  1941  489  329  4  -2  
9  38  24  1950  486  329  4  -2  
9  38  24  1959  483  329  4  -2  
9  38  24  1968  479  329  4  -2  
9  38  24  1975  476  329  4  -2  
9  38  24  1984  474  329  4  -2  
9  38  24  1992  470  329  4  -2  
9  38  24  2000  465  329  4  -2  
9  38  24  2010  460  329  4  -2  
9  38  24  2018  448  328  4  -2  
9  38  24  2027  442  327  4  -2  
9  38  24  2034  435  326  4  -2  
9  38  24  2043  428  325  4  -2  
9  38  24  2051  423  324  4  -2  
9  38  24  2060  420  324  4  -2  
9  38  24  2068  418  324  4  -2  
9  38  24  2077  416  324  4  -2  
9  38  24  2084  413  324  4  -2  
9  38  24  2093  412  324  4  -2  
9  38  24  2101  409  324  4  -2  
9  38  24  2109  408  324  4  -2  
9  38  24  2118  405  324  4  -2  
9  38  24  2128  403  324  4  -2  
9  38  24  2136  400  323  4  -2  
