16  2  41  0  377  293  1  -2  
16  2  41  10  377  293  1  -2  
16  2  41  17  377  293  1  -2  
16  2  41  25  377  293  1  -2  
16  2  41  33  377  293  1  -2  
16  2  41  41  377  293  1  -2  
16  2  41  49  377  293  1  -2  
16  2  41  59  377  293  1  -2  
16  2  41  67  377  293  1  -2  
16  2  41  75  377  293  1  -2  
16  2  41  83  377  293  1  -2  
16  2  41  91  377  293  1  -2  
16  2  41  99  377  293  1  -2  
16  2  41  109  377  293  1  -2  
16  2  41  116  377  293  1  -2  
16  2  41  125  377  293  1  -2  
16  2  41  133  377  293  1  -2  
16  2  41  141  377  292  1  -2  
16  2  41  150  380  292  1  -2  
16  2  41  159  388  294  1  -2  
16  2  41  166  392  294  1  -2  
16  2  41  175  394  295  1  -2  
16  2  41  183  397  295  1  -2  
16  2  41  192  402  296  1  -2  
16  2  41  200  409  296  1  -2  
16  2  41  209  418  300  1  -2  
16  2  42  217  428  301  1  -2  
16  2  42  225  439  305  1  -2  
16  2  42  234  449  306  1  -2  
16  2  42  242  457  306  1  -2  
16  2  42  250  464  307  1  -2  
16  2  42  259  466  307  1  -2  
16  2  42  268  469  307  1  -2  
16  2  42  278  469  308  1  -2  
16  2  42  284  469  308  1  -2  
16  2  42  293  469  308  1  -2  
16  2  42  300  469  308  1  -2  
16  2  42  309  469  308  1  -2  
16  2  42  318  469  308  1  -2  
16  2  42  328  469  308  1  -2  
16  2  42  335  469  308  1  -2  
16  2  42  347  469  308  1  -2  
16  2  42  355  470  308  1  -2  
16  2  42  365  471  308  1  -2  
16  2  42  372  473  309  1  -2  
16  2  42  381  476  310  1  -2  
16  2  42  388  479  310  1  -2  
16  2  42  397  485  311  1  -2  
16  2  42  404  494  312  1  -2  
16  2  42  415  500  312  2  -2  
16  2  42  422  513  313  2  -2  
16  2  42  431  517  315  2  -2  
16  2  42  439  517  315  2  -2  
16  2  42  447  517  315  2  -2  
16  2  42  455  517  315  2  -2  
16  2  42  464  517  315  2  -2  
16  2  42  471  517  315  2  -2  
16  2  42  481  517  315  2  -2  
16  2  42  489  518  315  2  -2  
16  2  42  498  520  315  2  -2  
16  2  42  505  521  315  2  -2  
16  2  42  514  524  315  2  -2  
16  2  42  521  526  315  2  -2  
16  2  42  531  527  315  2  -2  
16  2  42  539  528  315  2  -2  
16  2  42  547  528  315  2  -2  
16  2  42  555  528  315  2  -2  
16  2  42  564  528  315  2  -2  
16  2  42  572  528  315  2  -2  
16  2  42  583  528  315  2  -2  
16  2  42  591  528  315  2  -2  
16  2  42  600  528  315  2  -2  
16  2  42  609  528  315  2  -2  
16  2  42  616  528  315  2  -2  
16  2  42  624  528  315  2  -2  
16  2  42  633  528  315  2  -2  
16  2  42  641  528  315  2  -2  
16  2  42  649  528  315  2  -2  
16  2  42  658  528  316  2  -2  
16  2  42  666  528  317  2  -2  
16  2  42  674  527  317  2  -2  
16  2  42  683  527  318  2  -2  
16  2  42  690  527  319  2  -2  
16  2  42  700  526  320  2  -2  
16  2  42  708  525  320  2  -2  
16  2  42  716  525  320  2  -2  
16  2  42  725  525  320  2  -2  
16  2  42  734  525  320  2  -2  
16  2  42  744  525  320  2  -2  
16  2  42  751  524  320  2  -2  
16  2  42  761  523  321  2  -2  
16  2  42  769  522  321  2  -2  
16  2  42  778  522  321  2  -2  
16  2  42  785  522  321  2  -2  
16  2  42  795  522  321  2  -2  
16  2  42  801  522  321  2  -2  
16  2  42  809  522  321  2  -2  
16  2  42  819  522  321  2  -2  
16  2  42  831  520  323  2  -2  
16  2  42  851  520  323  2  -2  
16  2  42  857  514  323  2  -2  
16  2  42  865  509  324  2  -2  
16  2  42  873  505  324  2  -2  
16  2  42  881  498  324  2  -2  
16  2  42  890  493  324  2  -2  
16  2  42  899  488  324  2  -2  
16  2  42  906  483  324  2  -2  
16  2  42  916  476  324  2  -2  
16  2  42  923  471  324  2  -2  
16  2  42  932  466  324  2  -2  
16  2  42  940  461  324  2  -2  
16  2  42  949  457  324  2  -2  
16  2  42  956  453  324  2  -2  
16  2  42  965  448  324  2  -2  
16  2  42  973  433  324  2  -2  
16  2  42  981  426  324  2  -2  
16  2  42  989  418  324  2  -2  
16  2  42  1000  411  324  2  -2  
16  2  42  1006  407  324  2  -2  
16  2  42  1013  406  324  2  -2  
16  2  42  1023  405  324  2  -2  
16  2  42  1031  405  324  2  -2  
16  2  42  1041  405  324  2  -2  
16  2  42  1049  404  324  2  -2  
16  2  42  1057  403  324  2  -2  
16  2  42  1065  401  324  2  -2  
16  2  42  1075  399  324  2  -2  
16  2  42  1083  395  324  3  -2  
16  2  42  1090  390  325  3  -2  
16  2  42  1099  387  325  3  -2  
16  2  42  1108  382  325  3  -2  
16  2  42  1117  379  325  3  -2  
16  2  42  1124  378  325  3  -2  
16  2  42  1132  378  325  3  -2  
16  2  42  1141  378  325  3  -2  
16  2  42  1149  378  325  3  -2  
16  2  42  1158  378  325  3  -2  
16  2  42  1165  378  325  3  -2  
16  2  42  1175  377  325  3  -2  
16  2  42  1183  375  325  3  -2  
16  2  42  1191  371  325  3  -2  
16  2  42  1200  370  325  3  -2  
16  2  42  1208  367  325  3  -2  
16  2  43  1217  367  325  3  -2  
16  2  43  1224  367  325  3  -2  
16  2  43  1233  367  325  3  -2  
16  2  43  1241  367  325  3  -2  
16  2  43  1249  367  325  3  -2  
16  2  43  1258  367  325  3  -2  
16  2  43  1265  367  325  3  -2  
16  2  43  1274  367  325  3  -2  
16  2  43  1283  367  325  3  -2  
16  2  43  1293  367  325  3  -2  
16  2  43  1299  367  325  3  -2  
16  2  43  1308  367  325  3  -2  
16  2  43  1317  367  325  3  -2  
16  2  43  1324  367  325  3  -2  
16  2  43  1333  367  325  3  -2  
16  2  43  1342  367  325  3  -2  
16  2  43  1349  367  325  3  -2  
16  2  43  1360  367  325  3  -2  
16  2  43  1368  367  325  3  -2  
16  2  43  1374  369  325  3  -2  
16  2  43  1381  372  325  3  -2  
16  2  43  1390  377  325  3  -2  
16  2  43  1400  381  326  3  -2  
16  2  43  1410  391  328  3  -2  
16  2  43  1417  401  330  3  -2  
16  2  43  1424  411  331  3  -2  
16  2  43  1433  423  332  3  -2  
16  2  43  1441  432  335  3  -2  
16  2  43  1449  439  336  3  -2  
16  2  43  1460  447  336  3  -2  
16  2  43  1468  450  337  3  -2  
16  2  43  1474  454  338  3  -2  
16  2  43  1483  460  340  3  -2  
16  2  43  1491  465  341  3  -2  
16  2  43  1500  472  341  3  -2  
16  2  43  1511  482  342  3  -2  
16  2  43  1518  504  344  3  -2  
16  2  43  1527  514  344  4  -2  
16  2  43  1534  519  344  4  -2  
16  2  43  1543  523  344  4  -2  
16  2  43  1549  525  344  4  -2  
16  2  43  1557  525  344  4  -2  
16  2  43  1567  525  344  4  -2  
16  2  43  1577  525  344  4  -2  
16  2  43  1584  527  344  4  -2  
16  2  43  1592  527  344  4  -2  
16  2  43  1600  527  344  4  -2  
16  2  43  1611  528  344  4  -2  
16  2  43  1619  528  344  4  -2  
16  2  43  1628  528  344  4  -2  
16  2  43  1636  528  344  4  -2  
16  2  43  1645  528  344  4  -2  
16  2  43  1653  528  344  4  -2  
16  2  43  1662  528  344  4  -2  
16  2  43  1669  528  344  4  -2  
16  2  43  1678  528  344  4  -2  
16  2  43  1684  528  344  4  -2  
16  2  43  1695  528  344  4  -2  
16  2  43  1702  528  344  4  -2  
16  2  43  1711  528  344  4  -2  
16  2  43  1719  528  344  4  -2  
16  2  43  1728  528  344  4  -2  
16  2  43  1734  528  344  4  -2  
16  2  43  1745  528  344  4  -2  
16  2  43  1752  528  344  4  -2  
16  2  43  1763  528  344  4  -2  
16  2  43  1768  528  344  4  -2  
16  2  43  1778  528  344  4  -2  
16  2  43  1784  528  344  4  -2  
16  2  43  1795  528  344  4  -2  
16  2  43  1802  528  344  4  -2  
16  2  43  1812  528  344  4  -2  
16  2  43  1820  528  344  4  -2  
16  2  43  1829  528  344  4  -2  
16  2  43  1837  528  344  4  -2  
16  2  43  1846  528  344  4  -2  
16  2  43  1854  520  344  4  -2  
16  2  43  1863  515  344  4  -2  
16  2  43  1870  507  344  4  -2  
16  2  43  1880  495  344  4  -2  
16  2  43  1887  485  344  4  -2  
16  2  43  1896  474  344  4  -2  
16  2  43  1904  462  344  4  -2  
16  2  43  1913  452  344  4  -2  
16  2  43  1920  443  344  4  -2  
16  2  43  1930  433  344  4  -2  
16  2  43  1936  425  344  4  -2  
16  2  43  1946  420  344  4  -2  
16  2  43  1953  413  344  4  -2  
16  2  43  1962  404  346  4  -2  
16  2  43  1971  397  346  4  -2  
16  2  43  1980  389  347  4  -2  
16  2  43  1987  380  349  4  -2  
