14  44  51  0  368  326  1  -2  
14  44  51  9  368  326  1  -2  
14  44  51  17  368  326  1  -2  
14  44  51  24  368  326  1  -2  
14  44  51  32  368  326  1  -2  
14  44  51  42  368  326  1  -2  
14  44  51  49  368  326  1  -2  
14  44  51  59  368  326  1  -2  
14  44  51  67  368  326  1  -2  
14  44  51  75  368  326  1  -2  
14  44  51  83  368  326  1  -2  
14  44  51  92  368  326  1  -2  
14  44  51  100  368  326  1  -2  
14  44  51  109  368  326  1  -2  
14  44  51  116  368  326  1  -2  
14  44  51  125  368  326  1  -2  
14  44  51  133  368  326  1  -2  
14  44  51  141  368  326  1  -2  
14  44  51  150  368  326  1  -2  
14  44  51  159  368  326  1  -2  
14  44  51  166  368  326  1  -2  
14  44  51  175  368  326  1  -2  
14  44  51  184  368  326  1  -2  
14  44  51  192  374  326  1  -2  
14  44  51  201  384  326  1  -2  
14  44  51  211  405  326  1  -2  
14  44  51  218  417  326  1  -2  
14  44  51  225  429  326  1  -2  
14  44  51  234  440  326  1  -2  
14  44  51  245  454  326  1  -2  
14  44  51  251  467  327  1  -2  
14  44  51  261  482  327  1  -2  
14  44  51  268  495  329  1  -2  
14  44  51  276  507  329  2  -2  
14  44  51  285  514  329  2  -2  
14  44  51  294  519  329  2  -2  
14  44  51  300  521  330  2  -2  
14  44  51  311  522  330  2  -2  
14  44  51  319  522  330  2  -2  
14  44  51  327  524  330  2  -2  
14  44  51  335  528  330  2  -2  
14  44  51  344  534  332  2  -2  
14  44  51  351  541  332  2  -2  
14  44  51  361  553  333  2  -2  
14  44  51  368  563  334  2  -2  
14  44  51  379  571  334  2  -2  
14  44  51  386  580  334  2  -2  
14  44  51  394  581  334  2  -2  
14  44  51  401  581  334  2  -2  
14  44  51  411  581  334  2  -2  
14  44  51  417  581  334  2  -2  
14  44  51  428  581  334  2  -2  
14  44  51  436  581  334  2  -2  
14  44  51  445  581  334  2  -2  
14  44  51  453  581  334  2  -2  
14  44  51  462  581  334  2  -2  
14  44  51  470  581  334  2  -2  
14  44  51  479  581  334  2  -2  
14  44  51  484  581  334  2  -2  
14  44  51  495  580  335  2  -2  
14  44  51  503  578  335  2  -2  
14  44  51  513  576  337  2  -2  
14  44  51  520  576  337  2  -2  
14  44  51  531  576  337  2  -2  
14  44  51  536  574  337  2  -2  
14  44  51  548  574  337  2  -2  
14  44  51  553  573  337  2  -2  
14  44  51  563  573  337  2  -2  
14  44  51  571  573  337  2  -2  
14  44  51  581  573  337  2  -2  
14  44  51  588  573  337  2  -2  
14  44  51  597  573  337  2  -2  
14  44  51  603  573  337  2  -2  
14  44  51  614  573  337  2  -2  
14  44  51  621  573  337  2  -2  
14  44  51  631  573  337  2  -2  
14  44  51  638  573  337  2  -2  
14  44  51  647  573  337  2  -2  
14  44  51  654  573  337  2  -2  
14  44  51  664  573  337  2  -2  
14  44  51  673  572  338  2  -2  
14  44  51  682  572  338  2  -2  
14  44  51  690  572  338  2  -2  
14  44  52  698  572  338  2  -2  
14  44  52  706  569  338  2  -2  
14  44  52  714  568  338  2  -2  
14  44  52  723  568  338  2  -2  
14  44  52  732  566  338  2  -2  
14  44  52  740  565  338  2  -2  
14  44  52  748  565  338  2  -2  
14  44  52  757  565  338  2  -2  
14  44  52  765  564  338  2  -2  
14  44  52  773  562  338  2  -2  
14  44  52  782  561  338  2  -2  
14  44  52  790  557  338  2  -2  
14  44  52  799  552  338  2  -2  
14  44  52  806  548  338  2  -2  
14  44  52  815  542  338  2  -2  
14  44  52  823  537  338  2  -2  
14  44  52  832  532  338  2  -2  
14  44  52  840  523  338  2  -2  
14  44  52  849  515  338  2  -2  
14  44  52  856  507  338  2  -2  
14  44  52  865  500  338  2  -2  
14  44  52  874  481  338  2  -2  
14  44  52  881  471  338  2  -2  
14  44  52  890  471  338  2  -2  
14  44  52  899  461  338  2  -2  
14  44  52  907  456  338  2  -2  
14  44  52  916  452  338  2  -2  
14  44  52  924  449  338  2  -2  
14  44  52  932  446  338  2  -2  
14  44  52  941  441  338  2  -2  
14  44  52  950  437  338  2  -2  
14  44  52  958  433  338  2  -2  
14  44  52  967  428  338  2  -2  
14  44  52  974  426  338  2  -2  
14  44  52  982  422  338  2  -2  
14  44  52  990  419  338  2  -2  
14  44  52  999  418  338  2  -2  
14  44  52  1008  414  338  2  -2  
14  44  52  1017  412  338  2  -2  
14  44  52  1024  410  338  2  -2  
14  44  52  1033  405  338  2  -2  
14  44  52  1042  401  338  2  -2  
14  44  52  1051  394  338  2  -2  
14  44  52  1060  389  338  3  -2  
14  44  52  1067  387  338  3  -2  
14  44  52  1075  384  338  3  -2  
14  44  52  1083  380  338  3  -2  
14  44  52  1092  378  338  3  -2  
14  44  52  1100  376  338  3  -2  
14  44  52  1108  373  338  3  -2  
14  44  52  1117  373  338  3  -2  
14  44  52  1124  373  338  3  -2  
14  44  52  1132  373  338  3  -2  
14  44  52  1142  373  338  3  -2  
14  44  52  1149  373  338  3  -2  
14  44  52  1160  373  338  3  -2  
14  44  52  1167  373  338  3  -2  
14  44  52  1174  373  338  3  -2  
14  44  52  1182  373  338  3  -2  
14  44  52  1192  373  338  3  -2  
14  44  52  1201  373  338  3  -2  
14  44  52  1208  373  338  3  -2  
14  44  52  1218  373  338  3  -2  
14  44  52  1227  373  338  3  -2  
14  44  52  1233  373  338  3  -2  
14  44  52  1244  373  338  3  -2  
14  44  52  1252  373  338  3  -2  
14  44  52  1261  373  338  3  -2  
14  44  52  1269  373  338  3  -2  
14  44  52  1279  373  338  3  -2  
14  44  52  1284  373  338  3  -2  
14  44  52  1294  373  338  3  -2  
14  44  52  1301  373  338  3  -2  
14  44  52  1313  373  338  3  -2  
14  44  52  1319  373  338  3  -2  
14  44  52  1330  373  338  3  -2  
14  44  52  1335  373  338  3  -2  
14  44  52  1346  373  338  3  -2  
14  44  52  1352  373  338  3  -2  
14  44  52  1363  373  338  3  -2  
14  44  52  1370  373  339  3  -2  
14  44  52  1380  373  339  3  -2  
14  44  52  1386  375  339  3  -2  
14  44  52  1396  377  339  3  -2  
14  44  52  1403  381  339  3  -2  
14  44  52  1413  385  339  3  -2  
14  44  52  1420  389  339  3  -2  
14  44  52  1430  394  339  3  -2  
14  44  52  1437  400  339  3  -2  
14  44  52  1446  409  339  3  -2  
14  44  52  1453  419  339  3  -2  
14  44  52  1462  427  339  3  -2  
14  44  52  1470  437  339  3  -2  
14  44  52  1480  446  339  3  -2  
14  44  52  1487  456  339  3  -2  
14  44  52  1496  463  339  3  -2  
14  44  52  1503  469  339  3  -2  
14  44  52  1512  474  339  3  -2  
14  44  52  1520  477  339  3  -2  
14  44  52  1531  481  339  3  -2  
14  44  52  1537  485  339  3  -2  
14  44  52  1546  485  339  3  -2  
14  44  52  1554  489  339  3  -2  
14  44  52  1563  492  339  3  -2  
14  44  52  1571  496  339  3  -2  
14  44  52  1580  500  339  3  -2  
14  44  52  1588  503  339  3  -2  
14  44  52  1596  506  339  4  -2  
14  44  52  1604  511  339  4  -2  
14  44  52  1612  514  339  4  -2  
14  44  52  1620  517  339  4  -2  
14  44  52  1630  519  339  4  -2  
14  44  52  1637  520  339  4  -2  
14  44  52  1646  520  339  4  -2  
14  44  52  1653  520  339  4  -2  
14  44  52  1662  521  339  4  -2  
14  44  52  1671  521  339  4  -2  
14  44  52  1679  521  339  4  -2  
14  44  52  1688  521  339  4  -2  
14  44  53  1696  522  339  4  -2  
14  44  53  1703  523  339  4  -2  
14  44  53  1712  525  341  4  -2  
14  44  53  1720  527  341  4  -2  
14  44  53  1730  527  341  4  -2  
14  44  53  1738  527  341  4  -2  
14  44  53  1745  527  341  4  -2  
14  44  53  1753  527  341  4  -2  
14  44  53  1763  527  341  4  -2  
14  44  53  1771  527  341  4  -2  
14  44  53  1780  527  341  4  -2  
14  44  53  1788  527  341  4  -2  
14  44  53  1796  527  341  4  -2  
14  44  53  1805  527  341  4  -2  
14  44  53  1815  527  341  4  -2  
14  44  53  1824  527  341  4  -2  
14  44  53  1831  527  341  4  -2  
14  44  53  1840  527  341  4  -2  
14  44  53  1849  527  341  4  -2  
14  44  53  1857  527  341  4  -2  
14  44  53  1866  527  341  4  -2  
14  44  53  1874  527  341  4  -2  
14  44  53  1883  527  341  4  -2  
14  44  53  1890  527  341  4  -2  
14  44  53  1898  527  341  4  -2  
14  44  53  1907  527  341  4  -2  
14  44  53  1915  527  341  4  -2  
14  44  53  1923  527  341  4  -2  
14  44  53  1931  527  341  4  -2  
14  44  53  1940  527  341  4  -2  
14  44  53  1949  527  341  4  -2  
14  44  53  1957  527  341  4  -2  
14  44  53  1965  526  341  4  -2  
14  44  53  1974  521  341  4  -2  
14  44  53  1981  516  341  4  -2  
14  44  53  1990  509  341  4  -2  
14  44  53  1998  504  341  4  -2  
14  44  53  2007  499  341  4  -2  
14  44  53  2016  496  341  4  -2  
14  44  53  2027  494  341  4  -2  
14  44  53  2032  493  341  4  -2  
14  44  53  2043  493  341  4  -2  
14  44  53  2050  492  341  4  -2  
14  44  53  2061  491  341  4  -2  
14  44  53  2067  488  341  4  -2  
14  44  53  2076  484  341  4  -2  
14  44  53  2084  479  341  4  -2  
14  44  53  2093  472  341  4  -2  
14  44  53  2101  465  341  4  -2  
14  44  53  2111  460  341  4  -2  
14  44  53  2117  454  341  4  -2  
14  44  53  2127  445  340  4  -2  
14  44  53  2135  438  340  4  -2  
14  44  53  2144  430  338  4  -2  
14  44  53  2151  419  336  4  -2  
14  44  53  2161  412  336  4  -2  
14  44  53  2168  405  335  4  -2  
14  44  53  2177  402  335  4  -2  
14  44  53  2185  398  335  4  -2  
14  44  53  2196  397  335  4  -2  
14  44  53  2203  395  335  4  -2  
14  44  53  2212  395  335  4  -2  
14  44  53  2221  395  335  4  -2  
14  44  53  2231  395  335  4  -2  
14  44  53  2239  395  335  4  -2  
14  44  53  2247  395  335  4  -2  
14  44  53  2256  394  335  4  -2  
14  44  53  2263  394  335  4  -2  
14  44  53  2274  394  335  4  -2  
14  44  53  2283  393  335  5  -2  
14  44  53  2293  393  335  5  -2  
14  44  53  2301  393  335  5  -2  
14  44  53  2313  393  335  5  -2  
14  44  53  2321  393  335  5  -2  
14  44  53  2330  393  335  5  -2  
14  44  53  2339  393  335  5  -2  
14  44  53  2348  393  335  5  -2  
14  44  53  2358  393  335  5  -2  
14  44  53  2366  393  335  5  -2  
14  44  53  2376  393  335  5  -2  
14  44  53  2384  393  335  5  -2  
14  44  53  2393  393  335  5  -2  
14  44  53  2400  393  335  5  -2  
14  44  53  2409  393  335  5  -2  
14  44  53  2417  393  335  5  -2  
14  44  53  2426  393  335  5  -2  
14  44  53  2433  393  335  5  -2  
14  44  53  2443  393  335  5  -2  
14  44  53  2450  393  335  5  -2  
14  44  53  2459  393  335  5  -2  
14  44  53  2466  393  335  5  -2  
14  44  53  2475  393  335  5  -2  
14  44  53  2483  393  335  5  -2  
14  44  53  2493  393  335  5  -2  
14  44  53  2500  393  335  5  -2  
14  44  53  2509  393  335  5  -2  
14  44  53  2517  393  335  5  -2  
14  44  53  2532  393  335  5  -2  
14  44  53  2541  393  335  5  -2  
14  44  53  2550  393  335  5  -2  
14  44  53  2559  393  335  5  -2  
14  44  53  2567  393  335  5  -2  
14  44  53  2576  393  335  5  -2  
14  44  53  2584  393  335  5  -2  
14  44  53  2594  393  335  5  -2  
14  44  53  2601  393  335  5  -2  
14  44  53  2611  393  335  5  -2  
