16  2  20  0  372  300  1  -2  
16  2  20  7  372  300  1  -2  
16  2  20  16  372  300  1  -2  
16  2  20  23  372  300  1  -2  
16  2  20  32  372  300  1  -2  
16  2  20  41  372  300  1  -2  
16  2  20  49  372  300  1  -2  
16  2  20  57  372  300  1  -2  
16  2  20  66  372  300  1  -2  
16  2  20  74  372  300  1  -2  
16  2  20  96  372  300  1  -2  
16  2  20  106  382  304  1  -2  
16  2  20  116  389  307  1  -2  
16  2  20  126  392  307  1  -2  
16  2  20  134  397  309  1  -2  
16  2  20  143  400  310  1  -2  
16  2  20  152  401  310  1  -2  
16  2  20  161  403  311  1  -2  
16  2  20  168  406  311  1  -2  
16  2  20  180  413  315  1  -2  
16  2  20  186  429  321  1  -2  
16  2  20  198  438  323  1  -2  
16  2  20  206  443  326  1  -2  
16  2  20  215  447  328  1  -2  
16  2  20  223  450  329  1  -2  
16  2  20  231  452  329  1  -2  
16  2  20  238  452  329  1  -2  
16  2  20  248  454  329  1  -2  
16  2  20  258  456  329  1  -2  
16  2  20  265  461  329  1  -2  
16  2  20  275  464  329  1  -2  
16  2  20  282  465  329  1  -2  
16  2  20  290  465  329  1  -2  
16  2  20  300  465  329  1  -2  
16  2  20  308  465  329  1  -2  
16  2  20  317  465  329  1  -2  
16  2  20  327  465  329  1  -2  
16  2  20  335  465  329  1  -2  
16  2  20  346  466  329  1  -2  
16  2  20  351  467  329  1  -2  
16  2  20  362  467  329  1  -2  
16  2  20  370  468  329  1  -2  
16  2  20  379  469  329  1  -2  
16  2  20  385  469  329  1  -2  
16  2  20  397  470  329  1  -2  
16  2  20  402  471  329  1  -2  
16  2  20  413  473  329  1  -2  
16  2  20  420  475  329  1  -2  
16  2  20  429  479  329  1  -2  
16  2  20  436  482  329  1  -2  
16  2  20  446  483  329  1  -2  
16  2  20  454  484  329  1  -2  
16  2  20  463  485  328  1  -2  
16  2  20  470  485  328  1  -2  
16  2  20  479  485  328  1  -2  
16  2  20  487  485  328  1  -2  
16  2  20  497  485  328  1  -2  
16  2  20  504  485  328  1  -2  
16  2  20  513  487  328  1  -2  
16  2  20  519  489  328  1  -2  
16  2  20  530  489  328  1  -2  
16  2  20  537  508  328  2  -2  
16  2  20  547  528  328  2  -2  
16  2  20  554  555  328  2  -2  
16  2  20  563  579  328  2  -2  
16  2  20  571  594  328  2  -2  
16  2  20  579  603  328  2  -2  
16  2  20  587  603  328  2  -2  
16  2  20  597  603  328  2  -2  
16  2  20  604  603  328  2  -2  
16  2  20  612  603  328  2  -2  
16  2  20  619  603  328  2  -2  
16  2  20  629  604  328  2  -2  
16  2  20  636  604  328  2  -2  
16  2  20  646  604  328  2  -2  
16  2  20  654  604  328  2  -2  
16  2  20  662  603  327  2  -2  
16  2  20  669  599  325  2  -2  
16  2  20  679  596  325  2  -2  
16  2  20  686  594  325  2  -2  
16  2  20  696  594  325  2  -2  
16  2  20  704  593  325  2  -2  
16  2  20  712  593  325  2  -2  
16  2  20  721  591  325  2  -2  
16  2  20  729  589  325  2  -2  
16  2  20  738  587  325  2  -2  
16  2  20  747  583  325  2  -2  
16  2  20  754  578  325  2  -2  
16  2  20  763  569  327  2  -2  
16  2  20  771  555  328  2  -2  
16  2  20  779  540  330  2  -2  
16  2  20  789  520  331  2  -2  
16  2  20  799  497  336  2  -2  
16  2  20  810  475  338  2  -2  
16  2  20  818  447  339  2  -2  
16  2  20  829  441  341  2  -2  
16  2  20  836  437  341  2  -2  
16  2  21  845  436  342  2  -2  
16  2  21  852  433  342  2  -2  
16  2  21  862  431  343  2  -2  
16  2  21  869  426  344  2  -2  
16  2  21  878  422  344  2  -2  
16  2  21  886  417  346  2  -2  
16  2  21  895  413  346  2  -2  
16  2  21  903  407  347  2  -2  
16  2  21  913  405  347  2  -2  
16  2  21  919  397  347  2  -2  
16  2  21  929  397  347  2  -2  
16  2  21  937  388  347  2  -2  
16  2  21  946  386  347  2  -2  
16  2  21  954  381  347  2  -2  
16  2  21  963  376  347  3  -2  
16  2  21  969  371  347  3  -2  
16  2  21  979  362  347  3  -2  
16  2  21  987  355  347  3  -2  
16  2  21  997  350  347  3  -2  
16  2  21  1004  349  347  3  -2  
16  2  21  1013  349  347  3  -2  
16  2  21  1019  349  347  3  -2  
16  2  21  1029  349  347  3  -2  
16  2  21  1037  349  347  3  -2  
16  2  21  1046  349  347  3  -2  
16  2  21  1055  349  347  3  -2  
16  2  21  1062  349  347  3  -2  
16  2  21  1070  349  347  3  -2  
16  2  21  1079  349  347  3  -2  
16  2  21  1087  347  347  3  -2  
16  2  21  1097  347  347  3  -2  
16  2  21  1104  347  347  3  -2  
16  2  21  1112  347  347  3  -2  
16  2  21  1122  347  347  3  -2  
16  2  21  1130  349  347  3  -2  
16  2  21  1138  355  347  3  -2  
16  2  21  1147  367  349  3  -2  
16  2  21  1154  377  350  3  -2  
16  2  21  1163  389  353  3  -2  
16  2  21  1171  401  354  3  -2  
16  2  21  1180  409  354  3  -2  
16  2  21  1188  419  354  3  -2  
16  2  21  1196  426  354  3  -2  
16  2  21  1204  431  354  3  -2  
16  2  21  1213  437  354  3  -2  
16  2  21  1222  443  354  3  -2  
16  2  21  1230  447  355  3  -2  
16  2  21  1238  456  356  3  -2  
16  2  21  1246  460  356  3  -2  
16  2  21  1255  465  358  3  -2  
16  2  21  1263  470  358  3  -2  
16  2  21  1272  475  359  3  -2  
16  2  21  1280  484  359  3  -2  
16  2  21  1288  492  361  3  -2  
16  2  21  1296  499  362  3  -2  
16  2  21  1304  508  362  3  -2  
16  2  21  1313  515  362  3  -2  
16  2  21  1322  517  363  3  -2  
16  2  21  1330  517  363  3  -2  
16  2  21  1339  517  363  3  -2  
16  2  21  1348  517  363  3  -2  
16  2  21  1356  519  364  3  -2  
16  2  21  1364  524  364  3  -2  
16  2  21  1372  533  366  3  -2  
16  2  21  1382  547  370  3  -2  
16  2  21  1389  562  372  3  -2  
16  2  21  1398  570  373  3  -2  
16  2  21  1407  575  373  3  -2  
16  2  21  1415  576  373  3  -2  
16  2  21  1423  576  373  3  -2  
16  2  21  1432  576  373  3  -2  
16  2  21  1440  577  374  3  -2  
16  2  21  1449  577  374  3  -2  
16  2  21  1457  577  374  3  -2  
16  2  21  1468  577  374  3  -2  
16  2  21  1477  577  374  3  -2  
16  2  21  1484  577  374  3  -2  
16  2  21  1494  577  374  3  -2  
16  2  21  1502  577  374  3  -2  
16  2  21  1512  577  374  3  -2  
16  2  21  1518  577  374  3  -2  
16  2  21  1529  577  374  3  -2  
16  2  21  1535  577  374  3  -2  
16  2  21  1546  577  374  3  -2  
16  2  21  1553  577  374  3  -2  
16  2  21  1563  577  374  3  -2  
16  2  21  1569  577  375  3  -2  
16  2  21  1579  574  375  3  -2  
16  2  21  1587  567  375  3  -2  
16  2  21  1597  560  375  3  -2  
16  2  21  1605  551  375  3  -2  
16  2  21  1613  546  375  3  -2  
16  2  21  1623  538  375  3  -2  
16  2  21  1631  531  375  3  -2  
16  2  21  1640  524  375  3  -2  
16  2  21  1649  511  375  3  -2  
16  2  21  1659  486  375  3  -2  
16  2  21  1666  474  375  3  -2  
16  2  21  1675  466  375  3  -2  
16  2  21  1683  459  375  3  -2  
16  2  21  1692  455  375  3  -2  
16  2  21  1700  452  375  3  -2  
16  2  21  1709  451  375  3  -2  
16  2  21  1718  451  375  3  -2  
16  2  21  1729  451  375  3  -2  
16  2  21  1736  451  375  3  -2  
16  2  21  1746  451  375  3  -2  
16  2  21  1753  448  375  3  -2  
16  2  21  1764  446  375  3  -2  
16  2  21  1770  443  375  3  -2  
16  2  21  1780  439  375  3  -2  
16  2  21  1789  432  375  3  -2  
16  2  21  1800  429  375  3  -2  
16  2  21  1810  424  375  3  -2  
16  2  21  1818  420  374  3  -2  
16  2  21  1829  419  373  3  -2  
16  2  21  1835  419  373  3  -2  
16  2  22  1847  419  373  3  -2  
16  2  22  1855  418  373  3  -2  
16  2  22  1865  418  373  3  -2  
16  2  22  1872  412  370  3  -2  
16  2  22  1880  412  370  3  -2  
16  2  22  1889  406  369  3  -2  
16  2  22  1898  386  365  3  -2  
16  2  22  1906  375  362  3  -2  
16  2  22  1914  366  360  3  -2  
16  2  22  1923  361  359  3  -2  
16  2  22  1931  359  359  3  -2  
16  2  22  1939  359  359  3  -2  
16  2  22  1948  359  359  3  -2  
16  2  22  1959  359  359  3  -2  
16  2  22  1968  359  359  3  -2  
16  2  22  1979  359  359  3  -2  
16  2  22  1986  359  359  3  -2  
16  2  22  1996  359  359  3  -2  
16  2  22  2002  358  359  3  -2  
16  2  22  2012  358  359  3  -2  
16  2  22  2020  358  359  3  -2  
16  2  22  2029  358  359  3  -2  
16  2  22  2037  358  359  3  -2  
16  2  22  2048  358  359  3  -2  
16  2  22  2057  358  359  3  -2  
16  2  22  2066  358  359  3  -2  
16  2  22  2075  358  359  3  -2  
16  2  22  2082  358  359  3  -2  
16  2  22  2093  358  359  3  -2  
16  2  22  2102  358  359  3  -2  
16  2  22  2111  358  359  3  -2  
16  2  22  2119  358  359  3  -2  
16  2  22  2128  358  359  3  -2  
16  2  22  2136  358  359  3  -2  
16  2  22  2144  358  359  3  -2  
16  2  22  2152  358  359  3  -2  
16  2  22  2161  358  359  3  -2  
16  2  22  2169  358  359  3  -2  
16  2  22  2178  358  359  3  -2  
16  2  22  2185  358  359  3  -2  
16  2  22  2195  358  359  3  -2  
16  2  22  2204  358  359  3  -2  
16  2  22  2211  358  359  3  -2  
16  2  22  2220  358  359  3  -2  
16  2  22  2228  358  359  3  -2  
16  2  22  2236  358  359  3  -2  
16  2  22  2245  358  359  3  -2  
16  2  22  2252  358  359  3  -2  
16  2  22  2261  358  359  3  -2  
16  2  22  2269  358  359  3  -2  
