9  38  39  0  383  322  1  -2  
9  38  39  6  383  322  1  -2  
9  38  39  16  383  322  1  -2  
9  38  39  24  383  322  1  -2  
9  38  39  33  383  322  1  -2  
9  38  39  40  383  322  1  -2  
9  38  39  49  383  322  1  -2  
9  38  39  57  383  322  1  -2  
9  38  39  66  383  322  1  -2  
9  38  39  74  383  322  1  -2  
9  38  39  83  383  322  1  -2  
9  38  39  91  383  322  1  -2  
9  38  39  100  383  322  1  -2  
9  38  39  106  383  322  1  -2  
9  38  39  116  383  322  1  -2  
9  38  39  123  383  322  1  -2  
9  38  39  133  383  322  1  -2  
9  38  39  141  383  322  1  -2  
9  38  39  151  383  322  1  -2  
9  38  39  158  383  322  1  -2  
9  38  39  167  383  322  1  -2  
9  38  39  175  383  322  1  -2  
9  38  39  183  383  322  1  -2  
9  38  39  192  383  322  1  -2  
9  38  39  199  383  322  1  -2  
9  38  39  208  383  322  1  -2  
9  38  39  216  383  322  1  -2  
9  38  39  225  383  322  1  -2  
9  38  39  233  383  322  1  -2  
9  38  39  243  383  322  1  -2  
9  38  39  250  383  322  1  -2  
9  38  39  258  383  322  1  -2  
9  38  39  266  383  322  1  -2  
9  38  39  275  383  322  1  -2  
9  38  39  284  387  322  1  -2  
9  38  39  293  394  321  1  -2  
9  38  39  300  399  321  1  -2  
9  38  39  308  399  321  1  -2  
9  38  39  317  408  320  1  -2  
9  38  39  325  415  320  1  -2  
9  38  39  334  420  320  1  -2  
9  38  39  342  428  320  1  -2  
9  38  39  350  435  320  1  -2  
9  38  39  358  443  320  1  -2  
9  38  39  366  453  320  1  -2  
9  38  39  374  462  320  1  -2  
9  38  39  383  472  320  1  -2  
9  38  39  393  477  320  1  -2  
9  38  39  400  482  320  1  -2  
9  38  39  408  488  322  1  -2  
9  38  40  416  492  323  1  -2  
9  38  40  425  495  323  2  -2  
9  38  40  433  496  323  2  -2  
9  38  40  443  497  324  2  -2  
9  38  40  450  497  324  2  -2  
9  38  40  458  497  324  2  -2  
9  38  40  467  497  324  2  -2  
9  38  40  474  498  324  2  -2  
9  38  40  483  498  324  2  -2  
9  38  40  493  498  324  2  -2  
9  38  40  500  501  324  2  -2  
9  38  40  509  504  324  2  -2  
9  38  40  516  506  324  2  -2  
9  38  40  525  509  324  2  -2  
9  38  40  533  510  324  2  -2  
9  38  40  543  511  324  2  -2  
9  38  40  550  512  324  2  -2  
9  38  40  559  512  324  2  -2  
9  38  40  566  512  324  2  -2  
9  38  40  575  512  324  2  -2  
9  38  40  583  512  324  2  -2  
9  38  40  593  512  324  2  -2  
9  38  40  601  512  324  2  -2  
9  38  40  609  512  324  2  -2  
9  38  40  617  512  324  2  -2  
9  38  40  625  512  324  2  -2  
9  38  40  634  512  324  2  -2  
9  38  40  643  512  324  2  -2  
9  38  40  651  512  324  2  -2  
9  38  40  659  512  324  2  -2  
9  38  40  667  512  324  2  -2  
9  38  40  675  512  324  2  -2  
9  38  40  683  512  324  2  -2  
9  38  40  692  512  324  2  -2  
9  38  40  699  512  324  2  -2  
9  38  40  709  512  324  2  -2  
9  38  40  717  512  324  2  -2  
9  38  40  725  512  324  2  -2  
9  38  40  733  512  324  2  -2  
9  38  40  741  512  324  2  -2  
9  38  40  751  512  324  2  -2  
9  38  40  758  512  324  2  -2  
9  38  40  767  512  324  2  -2  
9  38  40  776  512  324  2  -2  
9  38  40  783  512  324  2  -2  
9  38  40  793  512  324  2  -2  
9  38  40  800  512  324  2  -2  
9  38  40  808  512  324  2  -2  
9  38  40  818  512  324  2  -2  
9  38  40  826  512  324  2  -2  
9  38  40  834  512  324  2  -2  
9  38  40  843  512  324  2  -2  
9  38  40  851  512  324  2  -2  
9  38  40  859  512  324  2  -2  
9  38  40  866  512  324  2  -2  
9  38  40  875  512  324  2  -2  
9  38  40  883  512  324  2  -2  
9  38  40  893  512  324  2  -2  
9  38  40  900  512  324  2  -2  
9  38  40  909  512  324  2  -2  
9  38  40  917  512  324  2  -2  
9  38  40  926  512  324  2  -2  
9  38  40  934  512  324  2  -2  
9  38  40  943  512  324  2  -2  
9  38  40  951  512  324  2  -2  
9  38  40  959  511  324  2  -2  
9  38  40  969  509  324  2  -2  
9  38  40  977  507  323  2  -2  
9  38  40  989  507  323  2  -2  
9  38  40  998  504  323  2  -2  
9  38  40  1006  501  323  2  -2  
9  38  40  1016  497  322  2  -2  
9  38  40  1023  493  321  2  -2  
9  38  40  1033  486  318  2  -2  
9  38  40  1041  479  317  2  -2  
9  38  40  1049  472  316  2  -2  
9  38  40  1057  463  316  2  -2  
9  38  40  1066  455  315  2  -2  
9  38  40  1073  448  314  2  -2  
9  38  40  1083  442  312  2  -2  
9  38  40  1089  437  311  2  -2  
9  38  40  1099  433  311  2  -2  
9  38  40  1107  429  310  2  -2  
9  38  40  1116  424  309  2  -2  
9  38  40  1123  420  307  2  -2  
9  38  40  1133  416  307  2  -2  
9  38  40  1141  404  305  2  -2  
9  38  40  1150  401  304  2  -2  
9  38  40  1157  396  302  3  -2  
9  38  40  1166  392  301  3  -2  
9  38  40  1173  386  300  3  -2  
9  38  40  1184  386  300  3  -2  
9  38  40  1190  384  300  3  -2  
9  38  40  1199  382  300  3  -2  
9  38  40  1207  379  299  3  -2  
9  38  40  1216  379  299  3  -2  
9  38  40  1224  375  299  3  -2  
9  38  40  1233  370  299  3  -2  
9  38  40  1240  367  297  3  -2  
9  38  40  1249  362  297  3  -2  
9  38  40  1257  357  296  3  -2  
9  38  40  1266  353  295  3  -2  
9  38  40  1273  350  295  3  -2  
9  38  40  1283  349  295  3  -2  
9  38  40  1290  348  295  3  -2  
9  38  40  1299  348  295  3  -2  
9  38  40  1307  348  295  3  -2  
9  38  40  1316  348  295  3  -2  
9  38  40  1323  348  295  3  -2  
9  38  40  1333  348  295  3  -2  
9  38  40  1341  348  295  3  -2  
9  38  40  1349  348  295  3  -2  
9  38  40  1357  348  295  3  -2  
9  38  40  1366  348  295  3  -2  
9  38  40  1374  348  295  3  -2  
9  38  40  1383  348  295  3  -2  
9  38  40  1391  348  295  3  -2  
9  38  40  1401  349  295  3  -2  
9  38  40  1407  349  295  3  -2  
9  38  41  1416  353  295  3  -2  
9  38  41  1424  355  295  3  -2  
9  38  41  1433  362  295  3  -2  
9  38  41  1440  368  295  3  -2  
9  38  41  1449  376  295  3  -2  
9  38  41  1457  388  297  3  -2  
9  38  41  1466  403  301  3  -2  
9  38  41  1473  423  307  3  -2  
9  38  41  1483  444  309  3  -2  
9  38  41  1491  468  314  3  -2  
9  38  41  1499  498  321  4  -2  
9  38  41  1507  515  324  4  -2  
9  38  41  1515  530  325  4  -2  
9  38  41  1523  540  328  4  -2  
9  38  41  1532  545  329  4  -2  
9  38  41  1539  550  330  4  -2  
9  38  41  1548  550  330  4  -2  
9  38  41  1556  550  330  4  -2  
9  38  41  1565  550  330  4  -2  
9  38  41  1572  550  330  4  -2  
9  38  41  1582  550  330  4  -2  
9  38  41  1590  550  330  4  -2  
9  38  41  1598  551  330  4  -2  
9  38  41  1606  551  330  4  -2  
9  38  41  1615  552  330  4  -2  
9  38  41  1623  552  330  4  -2  
9  38  41  1632  553  330  4  -2  
9  38  41  1640  553  330  4  -2  
9  38  41  1650  553  330  4  -2  
9  38  41  1657  553  330  4  -2  
9  38  41  1665  553  330  4  -2  
9  38  41  1673  553  330  4  -2  
9  38  41  1682  553  330  4  -2  
9  38  41  1689  553  330  4  -2  
9  38  41  1698  553  330  4  -2  
9  38  41  1706  553  330  4  -2  
9  38  41  1715  553  330  4  -2  
9  38  41  1724  553  330  4  -2  
9  38  41  1732  553  330  4  -2  
9  38  41  1741  553  330  4  -2  
9  38  41  1748  553  330  4  -2  
9  38  41  1757  553  330  4  -2  
9  38  41  1765  553  330  4  -2  
9  38  41  1774  553  330  4  -2  
9  38  41  1782  553  330  4  -2  
9  38  41  1790  553  329  4  -2  
9  38  41  1799  553  329  4  -2  
9  38  41  1807  550  328  4  -2  
9  38  41  1815  545  327  4  -2  
9  38  41  1823  542  327  4  -2  
9  38  41  1832  537  327  4  -2  
9  38  41  1841  533  326  4  -2  
9  38  41  1848  528  326  4  -2  
9  38  41  1858  525  326  4  -2  
9  38  41  1866  520  326  4  -2  
9  38  41  1874  516  326  4  -2  
9  38  41  1882  511  326  4  -2  
9  38  41  1891  504  326  4  -2  
9  38  41  1900  501  326  4  -2  
9  38  41  1907  497  326  4  -2  
9  38  41  1915  492  326  4  -2  
9  38  41  1923  487  326  4  -2  
9  38  41  1933  483  326  4  -2  
9  38  41  1941  477  326  4  -2  
9  38  41  1949  473  326  4  -2  
9  38  41  1959  469  326  4  -2  
9  38  41  1966  466  325  4  -2  
9  38  41  1975  461  325  4  -2  
9  38  41  1983  458  325  4  -2  
9  38  41  1992  455  325  4  -2  
9  38  41  2001  452  325  4  -2  
9  38  41  2008  449  325  4  -2  
9  38  41  2017  445  325  4  -2  
9  38  41  2026  441  324  4  -2  
9  38  41  2034  434  322  4  -2  
9  38  41  2043  429  322  4  -2  
9  38  41  2050  423  321  4  -2  
9  38  41  2059  415  320  4  -2  
9  38  41  2067  411  319  4  -2  
9  38  41  2075  406  319  4  -2  
9  38  41  2083  402  319  4  -2  
9  38  41  2093  400  318  4  -2  
