9  40  20  0  353  305  1  -2  
9  40  20  8  353  305  1  -2  
9  40  20  17  353  305  1  -2  
9  40  20  26  354  305  1  -2  
9  40  20  34  354  305  1  -2  
9  40  20  43  354  305  1  -2  
9  40  20  51  354  305  1  -2  
9  40  20  60  354  305  1  -2  
9  40  20  67  354  305  1  -2  
9  40  20  76  354  305  1  -2  
9  40  20  85  354  305  1  -2  
9  40  21  94  354  305  1  -2  
9  40  21  100  354  305  1  -2  
9  40  21  109  354  305  1  -2  
9  40  21  117  354  305  1  -2  
9  40  21  126  354  305  1  -2  
9  40  21  133  354  305  1  -2  
9  40  21  143  354  305  1  -2  
9  40  21  151  354  305  1  -2  
9  40  21  160  354  305  1  -2  
9  40  21  167  354  305  1  -2  
9  40  21  176  354  305  1  -2  
9  40  21  185  354  305  1  -2  
9  40  21  193  355  305  1  -2  
9  40  21  201  356  305  1  -2  
9  40  21  210  357  305  1  -2  
9  40  21  217  361  305  1  -2  
9  40  21  227  367  303  1  -2  
9  40  21  234  374  300  1  -2  
9  40  21  243  388  295  1  -2  
9  40  21  251  398  295  1  -2  
9  40  21  260  408  293  1  -2  
9  40  21  267  419  291  1  -2  
9  40  21  276  426  290  1  -2  
9  40  21  284  431  290  1  -2  
9  40  21  293  435  289  1  -2  
9  40  21  300  437  289  1  -2  
9  40  21  310  439  289  1  -2  
9  40  21  317  441  289  1  -2  
9  40  21  328  443  288  1  -2  
9  40  21  336  449  288  1  -2  
9  40  21  346  452  288  1  -2  
9  40  21  350  457  288  1  -2  
9  40  21  361  457  288  1  -2  
9  40  21  370  469  288  1  -2  
9  40  21  379  476  288  1  -2  
9  40  21  386  485  288  1  -2  
9  40  21  396  491  288  1  -2  
9  40  21  402  498  288  1  -2  
9  40  21  412  505  288  1  -2  
9  40  21  418  513  288  2  -2  
9  40  21  428  518  288  2  -2  
9  40  21  436  524  288  2  -2  
9  40  21  446  527  288  2  -2  
9  40  21  453  529  288  2  -2  
9  40  21  462  531  288  2  -2  
9  40  21  469  535  289  2  -2  
9  40  21  478  535  290  2  -2  
9  40  21  486  538  290  2  -2  
9  40  21  496  539  290  2  -2  
9  40  21  502  542  290  2  -2  
9  40  21  512  542  290  2  -2  
9  40  21  520  544  291  2  -2  
9  40  21  528  545  291  2  -2  
9  40  21  536  545  291  2  -2  
9  40  21  545  545  291  2  -2  
9  40  21  552  545  291  2  -2  
9  40  21  562  545  291  2  -2  
9  40  21  568  545  291  2  -2  
9  40  21  578  545  291  2  -2  
9  40  21  586  545  291  2  -2  
9  40  21  596  545  291  2  -2  
9  40  21  602  545  291  2  -2  
9  40  21  611  545  291  2  -2  
9  40  21  619  545  291  2  -2  
9  40  21  629  545  291  2  -2  
9  40  21  636  545  291  2  -2  
9  40  21  646  545  291  2  -2  
9  40  21  652  545  291  2  -2  
9  40  21  662  545  291  2  -2  
9  40  21  668  545  291  2  -2  
9  40  21  678  545  291  2  -2  
9  40  21  686  545  291  2  -2  
9  40  21  695  545  291  2  -2  
9  40  21  703  545  291  2  -2  
9  40  21  712  545  291  2  -2  
9  40  21  719  545  291  2  -2  
9  40  21  728  545  291  2  -2  
9  40  21  736  545  291  2  -2  
9  40  21  746  545  291  2  -2  
9  40  21  752  545  291  2  -2  
9  40  21  762  545  291  2  -2  
9  40  21  770  545  292  2  -2  
9  40  21  778  545  293  2  -2  
9  40  21  786  545  293  2  -2  
9  40  21  796  545  294  2  -2  
9  40  21  802  543  295  2  -2  
9  40  21  812  542  296  2  -2  
9  40  21  820  540  297  2  -2  
9  40  21  828  538  298  2  -2  
9  40  21  836  537  298  2  -2  
9  40  21  846  536  299  2  -2  
9  40  21  853  535  299  2  -2  
9  40  21  862  535  299  2  -2  
9  40  21  869  535  299  2  -2  
9  40  21  878  535  300  2  -2  
9  40  21  886  535  300  2  -2  
9  40  21  896  535  300  2  -2  
9  40  21  902  535  300  2  -2  
9  40  21  911  535  300  2  -2  
9  40  21  919  535  300  2  -2  
9  40  21  929  535  300  2  -2  
9  40  21  936  535  300  2  -2  
9  40  21  946  534  300  2  -2  
9  40  21  952  533  300  2  -2  
9  40  21  962  530  301  2  -2  
9  40  21  970  530  301  2  -2  
9  40  21  978  527  302  2  -2  
9  40  21  986  525  302  2  -2  
9  40  21  995  523  303  2  -2  
9  40  21  1003  521  303  2  -2  
9  40  21  1012  518  303  2  -2  
9  40  21  1019  515  304  2  -2  
9  40  21  1028  513  304  2  -2  
9  40  21  1036  510  304  2  -2  
9  40  21  1045  506  304  2  -2  
9  40  21  1054  503  304  2  -2  
9  40  21  1061  500  304  2  -2  
9  40  21  1069  497  304  2  -2  
9  40  21  1078  496  304  2  -2  
9  40  21  1086  495  304  2  -2  
9  40  22  1096  494  304  2  -2  
9  40  22  1102  494  304  2  -2  
9  40  22  1112  494  304  2  -2  
9  40  22  1119  494  304  2  -2  
9  40  22  1128  494  304  2  -2  
9  40  22  1136  491  305  2  -2  
9  40  22  1145  490  306  2  -2  
9  40  22  1154  490  306  2  -2  
9  40  22  1162  488  306  2  -2  
9  40  22  1169  486  306  2  -2  
9  40  22  1178  481  306  2  -2  
9  40  22  1186  477  306  2  -2  
9  40  22  1195  472  306  2  -2  
9  40  22  1203  465  306  2  -2  
9  40  22  1212  460  306  2  -2  
9  40  22  1219  452  306  2  -2  
9  40  22  1228  446  306  2  -2  
9  40  22  1236  440  306  2  -2  
9  40  22  1244  436  306  2  -2  
9  40  22  1253  433  306  2  -2  
9  40  22  1260  429  306  2  -2  
9  40  22  1268  426  306  2  -2  
9  40  22  1277  424  306  2  -2  
9  40  22  1285  420  306  2  -2  
9  40  22  1294  418  306  2  -2  
9  40  22  1301  415  306  2  -2  
9  40  22  1311  412  306  2  -2  
9  40  22  1321  406  307  2  -2  
9  40  22  1329  402  307  2  -2  
9  40  22  1338  398  307  3  -2  
9  40  22  1345  395  307  3  -2  
9  40  22  1354  392  308  3  -2  
9  40  22  1363  388  308  3  -2  
9  40  22  1370  384  309  3  -2  
9  40  22  1379  383  309  3  -2  
9  40  22  1387  381  309  3  -2  
9  40  22  1395  380  309  3  -2  
9  40  22  1405  379  309  3  -2  
9  40  22  1414  376  309  3  -2  
9  40  22  1421  376  309  3  -2  
9  40  22  1429  375  309  3  -2  
9  40  22  1437  373  309  3  -2  
9  40  22  1446  373  309  3  -2  
9  40  22  1455  372  309  3  -2  
9  40  22  1464  371  309  3  -2  
9  40  22  1472  371  309  3  -2  
9  40  22  1480  371  309  3  -2  
9  40  22  1488  371  309  3  -2  
9  40  22  1496  371  309  3  -2  
9  40  22  1505  369  309  3  -2  
9  40  22  1514  369  309  3  -2  
9  40  22  1521  369  309  3  -2  
9  40  22  1529  369  309  3  -2  
9  40  22  1537  369  309  3  -2  
9  40  22  1546  369  309  3  -2  
9  40  22  1555  369  309  3  -2  
9  40  22  1563  369  309  3  -2  
9  40  22  1572  369  309  3  -2  
9  40  22  1580  369  309  3  -2  
9  40  22  1588  369  309  3  -2  
9  40  22  1596  369  309  3  -2  
9  40  22  1605  369  309  3  -2  
9  40  22  1613  369  309  3  -2  
9  40  22  1621  369  309  3  -2  
9  40  22  1629  369  309  3  -2  
9  40  22  1638  369  309  3  -2  
9  40  22  1646  369  309  3  -2  
9  40  22  1655  369  309  3  -2  
9  40  22  1664  369  309  3  -2  
9  40  22  1671  369  309  3  -2  
9  40  22  1679  369  309  3  -2  
9  40  22  1689  369  310  3  -2  
9  40  22  1697  373  310  3  -2  
9  40  22  1706  385  310  3  -2  
9  40  22  1714  398  310  3  -2  
9  40  22  1722  413  311  3  -2  
9  40  22  1730  430  313  3  -2  
9  40  22  1737  446  317  3  -2  
9  40  22  1746  460  318  3  -2  
9  40  22  1755  473  320  3  -2  
9  40  22  1764  482  321  3  -2  
9  40  22  1771  489  323  3  -2  
9  40  22  1780  493  323  3  -2  
9  40  22  1788  495  324  3  -2  
9  40  22  1796  495  324  3  -2  
9  40  22  1806  495  324  3  -2  
9  40  22  1814  496  324  4  -2  
9  40  22  1821  496  324  4  -2  
9  40  22  1830  496  324  4  -2  
9  40  22  1838  497  324  4  -2  
9  40  22  1846  497  324  4  -2  
9  40  22  1855  498  324  4  -2  
9  40  22  1864  500  324  4  -2  
9  40  22  1871  503  324  4  -2  
9  40  22  1881  505  324  4  -2  
9  40  22  1888  506  324  4  -2  
9  40  22  1896  507  324  4  -2  
9  40  22  1905  508  324  4  -2  
9  40  22  1914  508  324  4  -2  
9  40  22  1921  511  323  4  -2  
9  40  22  1930  511  323  4  -2  
9  40  22  1938  511  323  4  -2  
9  40  22  1946  511  323  4  -2  
9  40  22  1955  511  323  4  -2  
9  40  22  1963  511  323  4  -2  
9  40  22  1971  511  323  4  -2  
9  40  22  1980  512  322  4  -2  
9  40  22  1988  512  322  4  -2  
9  40  22  1996  512  322  4  -2  
9  40  22  2006  512  322  4  -2  
9  40  22  2012  515  321  4  -2  
9  40  22  2021  515  321  4  -2  
9  40  22  2030  515  321  4  -2  
9  40  22  2038  515  321  4  -2  
9  40  22  2046  515  321  4  -2  
9  40  22  2056  515  321  4  -2  
9  40  22  2064  516  321  4  -2  
9  40  22  2072  516  321  4  -2  
9  40  22  2082  516  321  4  -2  
9  40  22  2091  516  321  4  -2  
9  40  23  2099  519  320  4  -2  
9  40  23  2108  519  320  4  -2  
9  40  23  2116  519  320  4  -2  
9  40  23  2126  519  320  4  -2  
9  40  23  2132  520  319  4  -2  
9  40  23  2142  520  319  4  -2  
9  40  23  2148  520  319  4  -2  
9  40  23  2159  522  319  4  -2  
9  40  23  2166  522  319  4  -2  
9  40  23  2177  522  319  4  -2  
9  40  23  2182  522  319  4  -2  
9  40  23  2193  522  319  4  -2  
9  40  23  2200  522  319  4  -2  
9  40  23  2210  522  319  4  -2  
9  40  23  2216  522  319  4  -2  
9  40  23  2226  522  319  4  -2  
9  40  23  2234  519  319  4  -2  
9  40  23  2244  518  319  4  -2  
9  40  23  2249  513  319  4  -2  
9  40  23  2259  508  319  4  -2  
9  40  23  2267  499  319  4  -2  
9  40  23  2276  492  320  4  -2  
9  40  23  2284  485  320  4  -2  
9  40  23  2294  475  320  4  -2  
9  40  23  2300  467  320  4  -2  
9  40  23  2310  462  320  4  -2  
9  40  23  2317  455  320  4  -2  
9  40  23  2328  451  320  4  -2  
9  40  23  2334  444  320  4  -2  
9  40  23  2344  444  320  4  -2  
9  40  23  2352  439  320  4  -2  
9  40  23  2360  438  320  4  -2  
9  40  23  2368  435  320  4  -2  
9  40  23  2378  432  320  4  -2  
9  40  23  2385  429  320  4  -2  
9  40  23  2394  426  320  4  -2  
9  40  23  2401  423  320  4  -2  
9  40  23  2411  421  320  4  -2  
9  40  23  2418  417  320  4  -2  
9  40  23  2428  415  320  4  -2  
9  40  23  2435  413  320  4  -2  
9  40  23  2444  410  320  4  -2  
9  40  23  2450  408  320  4  -2  
9  40  23  2460  408  320  4  -2  
9  40  23  2468  407  320  4  -2  
9  40  23  2477  406  320  4  -2  
9  40  23  2485  405  320  4  -2  
9  40  23  2494  404  320  4  -2  
9  40  23  2501  403  320  4  -2  
9  40  23  2510  401  320  4  -2  
9  40  23  2518  400  320  4  -2  
