16  5  1  0  359  282  1  -2  
16  5  1  8  359  282  1  -2  
16  5  1  17  359  282  1  -2  
16  5  1  25  359  283  1  -2  
16  5  1  33  359  283  1  -2  
16  5  1  43  359  283  1  -2  
16  5  1  50  359  283  1  -2  
16  5  1  60  359  283  1  -2  
16  5  1  67  359  283  1  -2  
16  5  1  75  359  283  1  -2  
16  5  1  84  359  283  1  -2  
16  5  1  93  359  284  1  -2  
16  5  1  100  361  285  1  -2  
16  5  1  108  369  285  1  -2  
16  5  1  117  379  288  1  -2  
16  5  1  125  393  291  1  -2  
16  5  1  134  409  292  1  -2  
16  5  1  144  424  293  1  -2  
16  5  1  149  436  295  1  -2  
16  5  1  160  447  297  1  -2  
16  5  1  167  457  299  1  -2  
16  5  1  176  464  299  1  -2  
16  5  1  184  469  301  1  -2  
16  5  1  194  474  301  1  -2  
16  5  1  200  481  303  1  -2  
16  5  1  210  481  303  1  -2  
16  5  1  217  483  304  1  -2  
16  5  1  226  485  304  1  -2  
16  5  1  234  486  304  1  -2  
16  5  1  244  486  304  1  -2  
16  5  1  251  487  305  1  -2  
16  5  1  260  488  305  1  -2  
16  5  1  267  489  305  1  -2  
16  5  1  276  491  305  1  -2  
16  5  1  284  494  307  1  -2  
16  5  1  292  495  308  2  -2  
16  5  1  300  496  308  2  -2  
16  5  1  311  501  309  2  -2  
16  5  1  317  502  309  2  -2  
16  5  1  325  504  309  2  -2  
16  5  1  334  505  309  2  -2  
16  5  1  340  507  310  2  -2  
16  5  1  349  508  311  2  -2  
16  5  1  360  508  311  2  -2  
16  5  1  366  510  311  2  -2  
16  5  1  375  510  311  2  -2  
16  5  1  383  511  311  2  -2  
16  5  1  393  511  311  2  -2  
16  5  1  399  511  311  2  -2  
16  5  1  410  511  311  2  -2  
16  5  1  416  514  311  2  -2  
16  5  1  425  514  311  2  -2  
16  5  1  434  514  311  2  -2  
16  5  1  442  514  311  2  -2  
16  5  1  449  514  311  2  -2  
16  5  1  459  514  311  2  -2  
16  5  1  466  514  311  2  -2  
16  5  1  475  514  311  2  -2  
16  5  1  483  514  311  2  -2  
16  5  1  493  514  311  2  -2  
16  5  1  500  514  311  2  -2  
16  5  1  509  514  311  2  -2  
16  5  1  517  514  311  2  -2  
16  5  1  527  514  311  2  -2  
16  5  1  533  514  311  2  -2  
16  5  1  543  514  311  2  -2  
16  5  1  551  514  311  2  -2  
16  5  1  559  514  311  2  -2  
16  5  1  566  514  311  2  -2  
16  5  1  575  514  311  2  -2  
16  5  1  582  514  311  2  -2  
16  5  1  593  514  311  2  -2  
16  5  1  599  514  311  2  -2  
16  5  1  609  514  311  2  -2  
16  5  1  616  514  311  2  -2  
16  5  1  625  514  311  2  -2  
16  5  1  633  514  311  2  -2  
16  5  1  643  514  311  2  -2  
16  5  1  649  514  311  2  -2  
16  5  1  659  514  311  2  -2  
16  5  1  666  514  311  2  -2  
16  5  1  675  514  311  2  -2  
16  5  1  684  512  311  2  -2  
16  5  1  693  510  311  2  -2  
16  5  1  699  508  311  2  -2  
16  5  1  709  502  312  2  -2  
16  5  1  716  494  313  2  -2  
16  5  1  725  487  314  2  -2  
16  5  1  733  482  314  2  -2  
16  5  1  744  473  317  2  -2  
16  5  1  751  458  318  2  -2  
16  5  1  759  458  318  2  -2  
16  5  1  767  447  319  2  -2  
16  5  1  777  436  319  2  -2  
16  5  1  784  414  319  2  -2  
16  5  1  794  404  319  2  -2  
16  5  1  802  397  319  3  -2  
16  5  1  812  392  319  3  -2  
16  5  1  817  388  319  3  -2  
16  5  1  827  387  319  3  -2  
16  5  1  834  384  319  3  -2  
16  5  1  845  382  319  3  -2  
16  5  1  851  379  319  3  -2  
16  5  1  861  377  319  3  -2  
16  5  1  868  372  318  3  -2  
16  5  1  877  368  318  3  -2  
16  5  1  884  364  318  3  -2  
16  5  2  894  359  318  3  -2  
16  5  2  902  353  318  3  -2  
16  5  2  911  349  317  3  -2  
16  5  2  917  344  317  3  -2  
16  5  2  927  340  317  3  -2  
16  5  2  934  338  317  3  -2  
16  5  2  945  338  317  3  -2  
16  5  2  950  338  317  3  -2  
16  5  2  961  338  317  3  -2  
16  5  2  968  338  317  3  -2  
16  5  2  978  338  317  3  -2  
16  5  2  984  338  317  3  -2  
16  5  2  995  338  317  3  -2  
16  5  2  1003  338  317  3  -2  
16  5  2  1011  338  317  3  -2  
16  5  2  1018  338  317  3  -2  
16  5  2  1027  338  317  3  -2  
16  5  2  1034  338  317  3  -2  
16  5  2  1044  338  317  3  -2  
16  5  2  1052  338  317  3  -2  
16  5  2  1062  338  317  3  -2  
16  5  2  1068  338  317  3  -2  
16  5  2  1078  338  317  3  -2  
16  5  2  1084  338  317  3  -2  
16  5  2  1095  338  317  3  -2  
16  5  2  1103  338  317  3  -2  
16  5  2  1112  338  317  3  -2  
16  5  2  1118  338  317  3  -2  
16  5  2  1127  338  317  3  -2  
16  5  2  1134  338  317  3  -2  
16  5  2  1145  338  317  3  -2  
16  5  2  1150  338  317  3  -2  
16  5  2  1162  338  317  3  -2  
16  5  2  1168  338  317  3  -2  
16  5  2  1178  338  317  3  -2  
16  5  2  1184  338  317  3  -2  
16  5  2  1195  338  317  3  -2  
16  5  2  1203  338  317  3  -2  
16  5  2  1212  338  317  3  -2  
16  5  2  1218  338  317  3  -2  
16  5  2  1228  338  317  3  -2  
16  5  2  1234  338  317  3  -2  
16  5  2  1245  338  317  3  -2  
16  5  2  1253  343  317  3  -2  
16  5  2  1262  350  319  3  -2  
16  5  2  1269  362  320  3  -2  
16  5  2  1277  377  321  3  -2  
16  5  2  1286  392  325  3  -2  
16  5  2  1295  406  327  3  -2  
16  5  2  1304  422  328  3  -2  
16  5  2  1312  438  331  3  -2  
16  5  2  1319  453  332  3  -2  
16  5  2  1329  468  334  3  -2  
16  5  2  1337  495  339  3  -2  
16  5  2  1346  505  340  4  -2  
16  5  2  1353  510  340  4  -2  
16  5  2  1362  512  340  4  -2  
16  5  2  1369  512  340  4  -2  
16  5  2  1378  512  340  4  -2  
16  5  2  1387  513  341  4  -2  
16  5  2  1397  514  341  4  -2  
16  5  2  1406  519  344  4  -2  
16  5  2  1415  524  345  4  -2  
16  5  2  1426  535  350  4  -2  
16  5  2  1434  555  356  4  -2  
16  5  2  1444  562  356  4  -2  
16  5  2  1451  566  357  4  -2  
16  5  2  1460  569  357  4  -2  
16  5  2  1467  571  357  4  -2  
16  5  2  1478  571  357  4  -2  
16  5  2  1484  571  357  4  -2  
16  5  2  1495  571  357  4  -2  
16  5  2  1502  571  357  4  -2  
16  5  2  1512  571  357  4  -2  
16  5  2  1518  571  357  4  -2  
16  5  2  1528  571  357  4  -2  
16  5  2  1535  571  357  4  -2  
16  5  2  1545  571  357  4  -2  
16  5  2  1552  571  357  4  -2  
16  5  2  1562  571  357  4  -2  
16  5  2  1568  571  356  4  -2  
16  5  2  1578  571  356  4  -2  
16  5  2  1585  571  356  4  -2  
16  5  2  1595  571  356  4  -2  
16  5  2  1602  571  356  4  -2  
16  5  2  1612  571  356  4  -2  
16  5  2  1618  571  356  4  -2  
16  5  2  1628  571  356  4  -2  
16  5  2  1635  571  356  4  -2  
16  5  2  1645  571  356  4  -2  
16  5  2  1653  571  356  4  -2  
16  5  2  1662  571  356  4  -2  
16  5  2  1669  571  356  4  -2  
16  5  2  1678  571  356  4  -2  
16  5  2  1685  571  355  4  -2  
16  5  2  1695  571  355  4  -2  
16  5  2  1702  571  355  4  -2  
16  5  2  1712  571  355  4  -2  
16  5  2  1719  571  355  4  -2  
16  5  2  1728  569  355  4  -2  
16  5  2  1735  568  355  4  -2  
16  5  2  1745  565  355  4  -2  
16  5  2  1752  559  355  4  -2  
16  5  2  1762  559  355  4  -2  
16  5  2  1769  553  355  4  -2  
16  5  2  1778  551  355  4  -2  
16  5  2  1786  547  355  4  -2  
16  5  2  1795  542  355  4  -2  
16  5  2  1803  534  355  4  -2  
16  5  2  1812  522  355  4  -2  
16  5  2  1819  507  355  4  -2  
16  5  2  1828  489  354  4  -2  
16  5  2  1835  474  351  4  -2  
16  5  2  1846  459  350  4  -2  
16  5  2  1853  447  349  4  -2  
16  5  2  1862  438  349  4  -2  
16  5  2  1868  436  349  4  -2  
16  5  2  1878  435  349  4  -2  
16  5  2  1885  435  349  4  -2  
16  5  3  1895  435  349  4  -2  
16  5  3  1903  434  349  4  -2  
16  5  3  1911  432  349  4  -2  
16  5  3  1918  428  349  4  -2  
16  5  3  1928  420  349  4  -2  
16  5  3  1936  412  349  4  -2  
16  5  3  1945  402  347  4  -2  
16  5  3  1953  385  347  4  -2  
16  5  3  1962  381  347  4  -2  
16  5  3  1967  380  347  4  -2  
16  5  3  1978  380  347  4  -2  
16  5  3  1986  380  347  4  -2  
16  5  3  1995  380  347  4  -2  
16  5  3  2004  380  347  4  -2  
16  5  3  2012  380  347  4  -2  
16  5  3  2020  380  347  4  -2  
16  5  3  2028  380  347  4  -2  
