9  40  12  0  360  291  1  -2  
9  40  12  9  360  291  1  -2  
9  40  12  17  360  291  1  -2  
9  40  12  26  360  291  1  -2  
9  40  12  34  360  291  1  -2  
9  40  12  42  360  291  1  -2  
9  40  12  51  360  291  1  -2  
9  40  12  59  360  291  1  -2  
9  40  12  67  360  291  1  -2  
9  40  12  76  360  291  1  -2  
9  40  12  83  360  291  1  -2  
9  40  12  92  360  291  1  -2  
9  40  12  102  360  291  1  -2  
9  40  12  109  360  292  1  -2  
9  40  12  117  360  292  1  -2  
9  40  12  127  360  292  1  -2  
9  40  12  135  360  292  1  -2  
9  40  12  142  360  293  1  -2  
9  40  12  150  360  293  1  -2  
9  40  12  159  360  294  1  -2  
9  40  12  167  362  294  1  -2  
9  40  12  176  367  294  1  -2  
9  40  12  183  372  294  1  -2  
9  40  12  192  378  294  1  -2  
9  40  13  202  381  294  1  -2  
9  40  13  209  385  294  1  -2  
9  40  13  217  389  294  1  -2  
9  40  13  227  392  294  1  -2  
9  40  13  235  395  294  1  -2  
9  40  13  242  400  294  1  -2  
9  40  13  252  404  294  1  -2  
9  40  13  259  409  294  1  -2  
9  40  13  267  414  294  1  -2  
9  40  13  277  421  294  1  -2  
9  40  13  285  439  294  1  -2  
9  40  13  292  439  294  1  -2  
9  40  13  302  458  294  1  -2  
9  40  13  309  465  294  1  -2  
9  40  13  317  473  294  1  -2  
9  40  13  327  478  294  1  -2  
9  40  13  336  481  294  1  -2  
9  40  13  343  483  294  1  -2  
9  40  13  350  485  294  1  -2  
9  40  13  359  487  294  1  -2  
9  40  13  367  487  294  1  -2  
9  40  13  377  488  294  1  -2  
9  40  13  385  490  294  1  -2  
9  40  13  392  493  294  1  -2  
9  40  13  400  497  296  1  -2  
9  40  13  409  502  296  2  -2  
9  40  13  419  508  297  2  -2  
9  40  13  427  513  297  2  -2  
9  40  13  435  520  299  2  -2  
9  40  13  442  525  300  2  -2  
9  40  13  452  534  300  2  -2  
9  40  13  459  541  302  2  -2  
9  40  13  467  545  302  2  -2  
9  40  13  477  550  303  2  -2  
9  40  13  485  553  304  2  -2  
9  40  13  492  553  304  2  -2  
9  40  13  500  553  304  2  -2  
9  40  13  509  553  304  2  -2  
9  40  13  517  553  304  2  -2  
9  40  13  527  553  304  2  -2  
9  40  13  535  553  304  2  -2  
9  40  13  542  553  304  2  -2  
9  40  13  552  553  304  2  -2  
9  40  13  560  553  304  2  -2  
9  40  13  569  553  304  2  -2  
9  40  13  576  553  304  2  -2  
9  40  13  585  553  304  2  -2  
9  40  13  592  553  304  2  -2  
9  40  13  600  553  304  2  -2  
9  40  13  609  553  304  2  -2  
9  40  13  617  553  304  2  -2  
9  40  13  627  553  304  2  -2  
9  40  13  636  553  304  2  -2  
9  40  13  642  553  304  2  -2  
9  40  13  651  553  304  2  -2  
9  40  13  658  552  304  2  -2  
9  40  13  667  552  304  2  -2  
9  40  13  676  551  304  2  -2  
9  40  13  684  549  305  2  -2  
9  40  13  692  548  305  2  -2  
9  40  13  703  547  306  2  -2  
9  40  13  708  544  306  2  -2  
9  40  13  719  540  306  2  -2  
9  40  13  726  535  307  2  -2  
9  40  13  735  530  307  2  -2  
9  40  13  741  523  309  2  -2  
9  40  13  751  516  309  2  -2  
9  40  13  758  508  309  2  -2  
9  40  13  767  500  309  2  -2  
9  40  13  776  493  309  2  -2  
9  40  13  786  488  309  2  -2  
9  40  13  792  482  309  2  -2  
9  40  13  801  477  309  2  -2  
9  40  13  809  472  309  2  -2  
9  40  13  819  467  309  2  -2  
9  40  13  826  459  309  2  -2  
9  40  13  834  452  309  2  -2  
9  40  13  841  443  309  2  -2  
9  40  13  852  433  309  2  -2  
9  40  13  858  427  309  2  -2  
9  40  13  867  420  309  2  -2  
9  40  13  876  413  309  2  -2  
9  40  13  885  403  309  2  -2  
9  40  13  893  399  309  3  -2  
9  40  13  901  395  309  3  -2  
9  40  13  908  391  309  3  -2  
9  40  13  917  390  309  3  -2  
9  40  13  926  387  309  3  -2  
9  40  13  934  386  309  3  -2  
9  40  13  942  385  309  3  -2  
9  40  13  951  382  309  3  -2  
9  40  13  958  381  309  3  -2  
9  40  13  967  379  309  3  -2  
9  40  13  976  377  309  3  -2  
9  40  13  986  373  308  3  -2  
9  40  13  992  372  308  3  -2  
9  40  13  1001  369  308  3  -2  
9  40  13  1009  369  308  3  -2  
9  40  13  1018  368  308  3  -2  
9  40  13  1027  367  308  3  -2  
9  40  13  1036  367  308  3  -2  
9  40  13  1042  367  308  3  -2  
9  40  13  1053  367  308  3  -2  
9  40  13  1059  367  308  3  -2  
9  40  13  1067  367  308  3  -2  
9  40  13  1076  367  308  3  -2  
9  40  13  1084  367  308  3  -2  
9  40  13  1092  367  308  3  -2  
9  40  13  1101  367  308  3  -2  
9  40  13  1109  367  308  3  -2  
9  40  13  1118  366  307  3  -2  
9  40  13  1126  366  307  3  -2  
9  40  13  1136  366  307  3  -2  
9  40  13  1142  366  307  3  -2  
9  40  13  1151  366  307  3  -2  
9  40  13  1159  366  307  3  -2  
9  40  13  1168  366  307  3  -2  
9  40  13  1176  366  307  3  -2  
9  40  13  1186  366  307  3  -2  
9  40  13  1192  366  307  3  -2  
9  40  14  1201  366  307  3  -2  
9  40  14  1209  366  307  3  -2  
9  40  14  1218  366  307  3  -2  
9  40  14  1227  366  307  3  -2  
9  40  14  1236  366  307  3  -2  
9  40  14  1242  366  307  3  -2  
9  40  14  1251  366  307  3  -2  
9  40  14  1259  366  307  3  -2  
9  40  14  1268  366  307  3  -2  
9  40  14  1276  366  307  3  -2  
9  40  14  1285  366  307  3  -2  
9  40  14  1292  366  307  3  -2  
9  40  14  1301  366  307  3  -2  
9  40  14  1309  366  307  3  -2  
9  40  14  1318  366  307  3  -2  
9  40  14  1327  366  307  3  -2  
9  40  14  1336  366  307  3  -2  
9  40  14  1342  366  307  3  -2  
9  40  14  1351  366  307  3  -2  
9  40  14  1359  366  307  3  -2  
9  40  14  1368  366  307  3  -2  
9  40  14  1377  366  307  3  -2  
9  40  14  1387  366  307  3  -2  
9  40  14  1393  366  307  3  -2  
9  40  14  1403  366  307  3  -2  
9  40  14  1409  366  307  3  -2  
9  40  14  1418  366  307  3  -2  
9  40  14  1427  366  307  3  -2  
9  40  14  1436  366  307  3  -2  
9  40  14  1443  366  307  3  -2  
9  40  14  1453  366  307  3  -2  
9  40  14  1459  366  307  3  -2  
9  40  14  1468  366  307  3  -2  
9  40  14  1477  366  307  3  -2  
9  40  14  1486  366  307  3  -2  
9  40  14  1492  366  307  3  -2  
9  40  14  1503  366  307  3  -2  
9  40  14  1509  366  307  3  -2  
9  40  14  1518  366  307  3  -2  
9  40  14  1527  366  307  3  -2  
9  40  14  1536  366  307  3  -2  
9  40  14  1543  366  307  3  -2  
9  40  14  1554  366  307  3  -2  
9  40  14  1560  366  307  3  -2  
9  40  14  1570  366  307  3  -2  
9  40  14  1576  366  307  3  -2  
9  40  14  1587  366  307  3  -2  
9  40  14  1595  366  307  3  -2  
9  40  14  1603  366  307  3  -2  
9  40  14  1610  366  307  3  -2  
9  40  14  1620  365  306  3  -2  
9  40  14  1627  366  305  3  -2  
9  40  14  1638  366  305  3  -2  
9  40  14  1645  374  305  3  -2  
9  40  14  1653  381  305  3  -2  
9  40  14  1660  386  305  3  -2  
9  40  14  1670  396  305  3  -2  
9  40  14  1678  405  305  3  -2  
9  40  14  1687  418  305  3  -2  
9  40  14  1695  431  305  3  -2  
9  40  14  1704  445  305  3  -2  
9  40  14  1711  458  306  3  -2  
9  40  14  1720  467  308  3  -2  
9  40  14  1728  475  309  3  -2  
9  40  14  1737  481  309  3  -2  
9  40  14  1743  484  310  3  -2  
9  40  14  1753  486  310  3  -2  
9  40  14  1761  489  310  3  -2  
9  40  14  1770  490  310  3  -2  
9  40  14  1777  492  310  3  -2  
9  40  14  1787  495  310  4  -2  
9  40  14  1795  498  310  4  -2  
9  40  14  1804  503  310  4  -2  
9  40  14  1813  510  310  4  -2  
9  40  14  1821  534  314  4  -2  
9  40  14  1829  547  316  4  -2  
9  40  14  1837  559  318  4  -2  
9  40  14  1846  569  318  4  -2  
9  40  14  1854  575  321  4  -2  
9  40  14  1861  579  322  4  -2  
9  40  14  1870  579  322  4  -2  
9  40  14  1878  579  322  4  -2  
9  40  14  1888  579  322  4  -2  
9  40  14  1895  579  322  4  -2  
9  40  14  1903  579  322  4  -2  
9  40  14  1911  579  322  4  -2  
9  40  14  1920  579  322  4  -2  
9  40  14  1928  579  322  4  -2  
9  40  14  1937  579  322  4  -2  
9  40  14  1946  579  322  4  -2  
9  40  14  1953  579  322  4  -2  
9  40  14  1961  579  322  4  -2  
9  40  14  1970  579  322  4  -2  
9  40  14  1979  577  322  4  -2  
9  40  14  1987  574  322  4  -2  
9  40  14  1996  570  322  4  -2  
9  40  14  2003  565  322  4  -2  
9  40  14  2012  558  322  4  -2  
9  40  14  2021  547  322  4  -2  
9  40  14  2029  518  322  4  -2  
9  40  14  2038  500  322  4  -2  
9  40  14  2046  484  322  4  -2  
9  40  14  2053  467  320  4  -2  
9  40  14  2063  452  320  4  -2  
9  40  14  2071  440  320  4  -2  
9  40  14  2079  432  320  4  -2  
9  40  14  2088  427  320  4  -2  
9  40  14  2096  422  319  4  -2  
9  40  14  2103  422  319  4  -2  
9  40  14  2112  422  319  4  -2  
9  40  14  2120  422  319  4  -2  
9  40  14  2128  422  319  4  -2  
9  40  14  2139  422  319  4  -2  
9  40  14  2146  421  319  4  -2  
9  40  14  2154  419  319  4  -2  
9  40  14  2162  418  318  4  -2  
9  40  14  2170  411  318  4  -2  
9  40  14  2179  401  318  4  -2  
