9  39  57  0  373  308  1  -2  
9  39  57  9  373  308  1  -2  
9  39  57  17  373  308  1  -2  
9  39  57  26  373  308  1  -2  
9  39  57  34  373  308  1  -2  
9  39  57  42  373  308  1  -2  
9  39  57  51  373  308  1  -2  
9  39  57  59  373  308  1  -2  
9  39  57  67  373  308  1  -2  
9  39  57  74  373  308  1  -2  
9  39  57  83  373  308  1  -2  
9  39  57  92  373  308  1  -2  
9  39  57  100  373  308  1  -2  
9  39  57  108  373  308  1  -2  
9  39  57  116  373  308  1  -2  
9  39  57  124  373  308  1  -2  
9  39  57  133  373  308  1  -2  
9  39  57  142  373  308  1  -2  
9  39  57  150  373  308  1  -2  
9  39  57  160  373  308  1  -2  
9  39  57  167  373  308  1  -2  
9  39  57  174  373  308  1  -2  
9  39  57  183  373  308  1  -2  
9  39  57  192  373  308  1  -2  
9  39  57  200  373  308  1  -2  
9  39  57  208  373  308  1  -2  
9  39  57  216  373  308  1  -2  
9  39  57  226  373  308  1  -2  
9  39  57  233  373  308  1  -2  
9  39  57  242  373  308  1  -2  
9  39  57  250  373  308  1  -2  
9  39  57  260  373  308  1  -2  
9  39  57  267  373  308  1  -2  
9  39  57  276  373  308  1  -2  
9  39  57  283  373  308  1  -2  
9  39  57  292  373  308  1  -2  
9  39  57  300  373  308  1  -2  
9  39  57  308  373  308  1  -2  
9  39  57  316  373  308  1  -2  
9  39  58  325  373  308  1  -2  
9  39  58  334  373  308  1  -2  
9  39  58  342  373  308  1  -2  
9  39  58  350  373  308  1  -2  
9  39  58  361  373  308  1  -2  
9  39  58  368  373  308  1  -2  
9  39  58  376  373  308  1  -2  
9  39  58  384  373  308  1  -2  
9  39  58  393  373  308  1  -2  
9  39  58  400  373  308  1  -2  
9  39  58  410  373  308  1  -2  
9  39  58  417  373  308  1  -2  
9  39  58  427  373  308  1  -2  
9  39  58  434  373  308  1  -2  
9  39  58  441  373  308  1  -2  
9  39  58  450  373  308  1  -2  
9  39  58  458  373  308  1  -2  
9  39  58  467  373  308  1  -2  
9  39  58  474  373  308  1  -2  
9  39  58  484  373  308  1  -2  
9  39  58  493  373  308  1  -2  
9  39  58  500  373  308  1  -2  
9  39  58  509  373  308  1  -2  
9  39  58  516  376  307  1  -2  
9  39  58  526  381  306  1  -2  
9  39  58  533  384  305  1  -2  
9  39  58  544  387  305  1  -2  
9  39  58  550  391  305  1  -2  
9  39  58  561  392  305  1  -2  
9  39  58  567  395  305  1  -2  
9  39  58  576  399  305  1  -2  
9  39  58  584  400  305  1  -2  
9  39  58  594  404  305  1  -2  
9  39  58  600  406  305  1  -2  
9  39  58  611  408  305  1  -2  
9  39  58  618  415  305  1  -2  
9  39  58  627  420  305  1  -2  
9  39  58  634  425  305  1  -2  
9  39  58  642  435  305  1  -2  
9  39  58  650  435  305  1  -2  
9  39  58  661  448  305  1  -2  
9  39  58  667  457  305  1  -2  
9  39  58  676  462  305  1  -2  
9  39  58  686  467  305  1  -2  
9  39  58  694  470  305  1  -2  
9  39  58  701  474  305  1  -2  
9  39  58  710  477  305  1  -2  
9  39  58  717  482  305  1  -2  
9  39  58  726  486  305  1  -2  
9  39  58  734  491  305  1  -2  
9  39  58  744  495  305  1  -2  
9  39  58  750  502  305  2  -2  
9  39  58  760  508  305  2  -2  
9  39  58  767  516  305  2  -2  
9  39  58  777  526  305  2  -2  
9  39  58  784  533  305  2  -2  
9  39  58  793  543  306  2  -2  
9  39  58  802  552  307  2  -2  
9  39  58  811  559  308  2  -2  
9  39  58  817  563  309  2  -2  
9  39  58  826  563  309  2  -2  
9  39  58  834  565  309  2  -2  
9  39  58  844  565  309  2  -2  
9  39  58  850  565  309  2  -2  
9  39  58  861  565  309  2  -2  
9  39  58  867  565  309  2  -2  
9  39  58  877  565  309  2  -2  
9  39  58  884  565  309  2  -2  
9  39  58  894  565  309  2  -2  
9  39  58  900  565  309  2  -2  
9  39  58  909  565  309  2  -2  
9  39  58  917  565  309  2  -2  
9  39  58  927  565  309  2  -2  
9  39  58  934  565  309  2  -2  
9  39  58  943  565  309  2  -2  
9  39  58  952  565  309  2  -2  
9  39  58  961  565  309  2  -2  
9  39  58  968  565  309  2  -2  
9  39  58  977  565  309  2  -2  
9  39  58  984  565  309  2  -2  
9  39  58  994  565  309  2  -2  
9  39  58  1001  565  310  2  -2  
9  39  58  1011  565  310  2  -2  
9  39  58  1017  563  311  2  -2  
9  39  58  1027  563  311  2  -2  
9  39  58  1034  560  311  2  -2  
9  39  58  1044  558  312  2  -2  
9  39  58  1052  557  312  2  -2  
9  39  58  1061  555  312  2  -2  
9  39  58  1067  551  312  2  -2  
9  39  58  1078  547  313  2  -2  
9  39  58  1085  543  314  2  -2  
9  39  58  1095  540  314  2  -2  
9  39  58  1102  534  315  2  -2  
9  39  58  1110  531  316  2  -2  
9  39  58  1117  525  317  2  -2  
9  39  58  1128  520  318  2  -2  
9  39  58  1134  518  319  2  -2  
9  39  58  1144  514  319  2  -2  
9  39  58  1151  509  319  2  -2  
9  39  58  1162  504  320  2  -2  
9  39  58  1167  485  320  2  -2  
9  39  58  1178  485  320  2  -2  
9  39  58  1186  472  320  2  -2  
9  39  58  1195  460  320  2  -2  
9  39  58  1202  440  319  2  -2  
9  39  58  1211  440  319  2  -2  
9  39  58  1219  425  318  2  -2  
9  39  58  1228  419  317  2  -2  
9  39  58  1235  412  316  2  -2  
9  39  58  1245  411  316  2  -2  
9  39  58  1253  407  316  2  -2  
9  39  58  1262  405  315  2  -2  
9  39  58  1269  404  314  2  -2  
9  39  58  1279  403  314  2  -2  
9  39  58  1285  402  314  2  -2  
9  39  58  1295  400  314  2  -2  
9  39  58  1302  399  314  3  -2  
9  39  58  1312  397  313  3  -2  
9  39  58  1319  395  313  3  -2  
9  39  59  1329  392  313  3  -2  
9  39  59  1336  391  313  3  -2  
9  39  59  1345  389  313  3  -2  
9  39  59  1353  388  313  3  -2  
9  39  59  1363  384  313  3  -2  
9  39  59  1369  380  313  3  -2  
9  39  59  1379  380  313  3  -2  
9  39  59  1385  375  313  3  -2  
9  39  59  1395  375  313  3  -2  
9  39  59  1402  374  312  3  -2  
9  39  59  1412  374  312  3  -2  
9  39  59  1418  374  312  3  -2  
9  39  59  1430  374  312  3  -2  
9  39  59  1436  374  312  3  -2  
9  39  59  1445  374  312  3  -2  
9  39  59  1452  374  312  3  -2  
9  39  59  1462  374  312  3  -2  
9  39  59  1469  374  312  3  -2  
9  39  59  1479  374  312  3  -2  
9  39  59  1485  374  312  3  -2  
9  39  59  1495  374  312  3  -2  
9  39  59  1502  374  312  3  -2  
9  39  59  1512  374  312  3  -2  
9  39  59  1519  374  312  3  -2  
9  39  59  1529  374  312  3  -2  
9  39  59  1535  374  312  3  -2  
9  39  59  1545  374  312  3  -2  
9  39  59  1552  374  312  3  -2  
9  39  59  1563  374  312  3  -2  
9  39  59  1569  374  312  3  -2  
9  39  59  1579  374  312  3  -2  
9  39  59  1585  374  312  3  -2  
9  39  59  1595  374  312  3  -2  
9  39  59  1601  374  312  3  -2  
9  39  59  1612  374  312  3  -2  
9  39  59  1619  374  312  3  -2  
9  39  59  1630  374  312  3  -2  
9  39  59  1636  374  312  3  -2  
9  39  59  1645  374  312  3  -2  
9  39  59  1653  374  312  3  -2  
9  39  59  1663  374  312  3  -2  
9  39  59  1669  382  313  3  -2  
9  39  59  1679  392  314  3  -2  
9  39  59  1687  406  316  3  -2  
9  39  59  1695  419  317  3  -2  
9  39  59  1703  435  321  3  -2  
9  39  59  1712  453  323  3  -2  
9  39  59  1721  466  324  3  -2  
9  39  59  1729  478  324  3  -2  
9  39  59  1736  486  325  3  -2  
9  39  59  1745  493  325  3  -2  
9  39  59  1754  502  325  4  -2  
9  39  59  1763  507  325  4  -2  
9  39  59  1769  515  327  4  -2  
9  39  59  1778  515  327  4  -2  
9  39  59  1786  528  330  4  -2  
9  39  59  1795  528  330  4  -2  
9  39  59  1804  544  331  4  -2  
9  39  59  1812  554  333  4  -2  
9  39  59  1820  563  335  4  -2  
9  39  59  1828  573  336  4  -2  
9  39  59  1836  580  337  4  -2  
9  39  59  1845  589  340  4  -2  
9  39  59  1852  590  340  4  -2  
9  39  59  1861  591  340  4  -2  
9  39  59  1870  591  340  4  -2  
9  39  59  1878  591  340  4  -2  
9  39  59  1885  591  340  4  -2  
9  39  59  1894  591  340  4  -2  
9  39  59  1903  591  340  4  -2  
9  39  59  1911  591  340  4  -2  
9  39  59  1918  591  340  4  -2  
9  39  59  1927  591  340  4  -2  
9  39  59  1935  590  340  4  -2  
9  39  59  1944  586  340  4  -2  
9  39  59  1953  583  340  4  -2  
9  39  59  1961  581  340  4  -2  
9  39  59  1970  577  340  4  -2  
9  39  59  1978  568  340  4  -2  
9  39  59  1986  568  340  4  -2  
9  39  59  1994  556  340  4  -2  
9  39  59  2003  546  340  4  -2  
9  39  59  2013  538  340  4  -2  
9  39  59  2020  525  340  4  -2  
9  39  59  2028  513  340  4  -2  
9  39  59  2036  501  340  4  -2  
9  39  59  2045  490  340  4  -2  
9  39  59  2053  480  340  4  -2  
9  39  59  2062  468  340  4  -2  
9  39  59  2069  461  340  4  -2  
9  39  59  2078  456  340  4  -2  
9  39  59  2087  451  340  4  -2  
9  39  59  2095  448  340  4  -2  
9  39  59  2103  446  339  4  -2  
9  39  59  2111  445  339  4  -2  
9  39  59  2120  443  339  4  -2  
9  39  59  2128  440  339  4  -2  
9  39  59  2136  437  339  4  -2  
9  39  59  2144  432  339  4  -2  
9  39  59  2154  423  339  4  -2  
9  39  59  2162  401  335  4  -2  
