14  45  52  0  372  328  1  -2  
14  45  52  10  372  328  1  -2  
14  45  52  17  372  328  1  -2  
14  45  52  25  372  328  1  -2  
14  45  52  33  372  328  1  -2  
14  45  52  44  372  328  1  -2  
14  45  52  50  372  328  1  -2  
14  45  52  60  372  328  1  -2  
14  45  52  67  372  328  1  -2  
14  45  52  75  372  328  1  -2  
14  45  52  85  372  328  1  -2  
14  45  52  93  372  328  1  -2  
14  45  52  101  372  328  1  -2  
14  45  52  110  372  328  1  -2  
14  45  52  117  372  328  1  -2  
14  45  52  125  372  328  1  -2  
14  45  52  135  372  328  1  -2  
14  45  52  144  372  328  1  -2  
14  45  52  150  372  328  1  -2  
14  45  52  158  372  328  1  -2  
14  45  52  167  372  328  1  -2  
14  45  52  176  372  328  1  -2  
14  45  52  184  372  328  1  -2  
14  45  52  193  372  328  1  -2  
14  45  52  200  372  328  1  -2  
14  45  52  210  372  328  1  -2  
14  45  52  217  372  328  1  -2  
14  45  52  225  372  328  1  -2  
14  45  52  235  372  328  1  -2  
14  45  52  244  372  328  1  -2  
14  45  52  250  372  328  1  -2  
14  45  52  260  372  328  1  -2  
14  45  52  267  372  328  1  -2  
14  45  52  276  372  328  1  -2  
14  45  52  284  372  328  1  -2  
14  45  52  294  372  328  1  -2  
14  45  52  300  372  328  1  -2  
14  45  52  310  372  328  1  -2  
14  45  52  317  372  328  1  -2  
14  45  52  326  372  328  1  -2  
14  45  52  335  372  328  1  -2  
14  45  52  344  372  328  1  -2  
14  45  52  350  372  328  1  -2  
14  45  52  360  372  328  1  -2  
14  45  52  368  372  328  1  -2  
14  45  52  376  372  328  1  -2  
14  45  52  385  372  328  1  -2  
14  45  53  394  372  328  1  -2  
14  45  53  400  372  328  1  -2  
14  45  53  410  372  328  1  -2  
14  45  53  418  372  328  1  -2  
14  45  53  426  372  328  1  -2  
14  45  53  437  372  328  1  -2  
14  45  53  444  373  328  1  -2  
14  45  53  451  375  328  1  -2  
14  45  53  461  375  328  1  -2  
14  45  53  468  377  328  1  -2  
14  45  53  477  378  328  1  -2  
14  45  53  484  378  328  1  -2  
14  45  53  493  381  328  1  -2  
14  45  53  500  381  328  1  -2  
14  45  53  511  383  328  1  -2  
14  45  53  518  387  328  1  -2  
14  45  53  528  392  329  1  -2  
14  45  53  534  401  330  1  -2  
14  45  53  543  401  330  1  -2  
14  45  53  550  405  330  1  -2  
14  45  53  560  408  330  1  -2  
14  45  53  567  416  331  1  -2  
14  45  53  577  416  331  1  -2  
14  45  53  584  423  331  1  -2  
14  45  53  595  427  331  1  -2  
14  45  53  601  432  331  1  -2  
14  45  53  612  435  332  1  -2  
14  45  53  617  439  332  1  -2  
14  45  53  627  443  332  1  -2  
14  45  53  634  449  332  1  -2  
14  45  53  645  454  332  1  -2  
14  45  53  651  463  332  1  -2  
14  45  53  661  471  332  1  -2  
14  45  53  668  480  332  1  -2  
14  45  53  678  486  332  1  -2  
14  45  53  684  496  332  1  -2  
14  45  53  694  502  332  2  -2  
14  45  53  702  507  332  2  -2  
14  45  53  711  512  332  2  -2  
14  45  53  718  516  332  2  -2  
14  45  53  728  518  332  2  -2  
14  45  53  734  521  332  2  -2  
14  45  53  744  521  332  2  -2  
14  45  53  751  521  332  2  -2  
14  45  53  761  521  332  2  -2  
14  45  53  768  521  332  2  -2  
14  45  53  778  521  332  2  -2  
14  45  53  784  521  332  2  -2  
14  45  53  794  521  332  2  -2  
14  45  53  802  521  332  2  -2  
14  45  53  812  521  332  2  -2  
14  45  53  818  521  332  2  -2  
14  45  53  828  521  332  2  -2  
14  45  53  834  521  332  2  -2  
14  45  53  846  521  332  2  -2  
14  45  53  851  521  332  2  -2  
14  45  53  863  521  332  2  -2  
14  45  53  869  521  332  2  -2  
14  45  53  878  521  332  2  -2  
14  45  53  885  521  332  2  -2  
14  45  53  897  521  332  2  -2  
14  45  53  902  521  332  2  -2  
14  45  53  912  521  332  2  -2  
14  45  53  919  521  332  2  -2  
14  45  53  928  521  332  2  -2  
14  45  53  935  521  332  2  -2  
14  45  53  946  521  332  2  -2  
14  45  53  952  520  332  2  -2  
14  45  53  962  520  332  2  -2  
14  45  53  969  504  332  2  -2  
14  45  53  978  493  332  2  -2  
14  45  53  987  479  332  2  -2  
14  45  53  995  468  332  2  -2  
14  45  53  1004  456  332  2  -2  
14  45  53  1012  441  332  2  -2  
14  45  53  1019  426  332  2  -2  
14  45  53  1028  411  332  2  -2  
14  45  53  1036  398  332  2  -2  
14  45  53  1045  386  332  3  -2  
14  45  53  1053  378  332  3  -2  
14  45  53  1061  371  332  3  -2  
14  45  53  1070  368  332  3  -2  
14  45  53  1078  368  332  3  -2  
14  45  53  1085  366  332  3  -2  
14  45  53  1096  366  332  3  -2  
14  45  53  1103  365  332  3  -2  
14  45  53  1113  365  332  3  -2  
14  45  53  1119  361  332  3  -2  
14  45  53  1128  361  332  3  -2  
14  45  53  1135  358  332  3  -2  
14  45  53  1146  358  332  3  -2  
14  45  53  1154  357  332  3  -2  
14  45  53  1161  357  332  3  -2  
14  45  53  1169  357  332  3  -2  
14  45  53  1178  357  332  3  -2  
14  45  53  1186  357  332  3  -2  
14  45  53  1195  356  333  3  -2  
14  45  53  1202  356  333  3  -2  
14  45  53  1212  356  333  3  -2  
14  45  53  1220  356  333  3  -2  
14  45  53  1228  356  333  3  -2  
14  45  53  1236  356  333  3  -2  
14  45  53  1245  356  333  3  -2  
14  45  53  1253  356  333  3  -2  
14  45  53  1261  356  333  3  -2  
14  45  53  1269  356  333  3  -2  
14  45  53  1278  356  333  3  -2  
14  45  53  1286  356  333  3  -2  
14  45  53  1295  356  333  3  -2  
14  45  53  1304  356  333  3  -2  
14  45  53  1311  356  333  3  -2  
14  45  53  1320  356  333  3  -2  
14  45  53  1328  356  333  3  -2  
14  45  53  1336  356  333  3  -2  
14  45  53  1347  356  333  3  -2  
14  45  53  1354  356  333  3  -2  
14  45  53  1363  356  333  3  -2  
14  45  53  1370  356  333  3  -2  
14  45  53  1378  356  333  3  -2  
14  45  53  1386  356  333  3  -2  
14  45  54  1396  356  333  3  -2  
14  45  54  1404  356  333  3  -2  
14  45  54  1412  356  333  3  -2  
14  45  54  1420  356  333  3  -2  
14  45  54  1427  356  333  3  -2  
14  45  54  1437  356  333  3  -2  
14  45  54  1445  356  333  3  -2  
14  45  54  1453  356  333  3  -2  
14  45  54  1462  357  334  3  -2  
14  45  54  1469  358  334  3  -2  
14  45  54  1478  359  335  3  -2  
14  45  54  1486  362  335  3  -2  
14  45  54  1495  365  335  3  -2  
14  45  54  1504  366  336  3  -2  
14  45  54  1511  369  336  3  -2  
14  45  54  1519  369  336  3  -2  
14  45  54  1528  370  336  3  -2  
14  45  54  1536  377  337  3  -2  
14  45  54  1546  381  338  3  -2  
14  45  54  1554  388  339  3  -2  
14  45  54  1562  393  339  3  -2  
14  45  54  1571  399  339  3  -2  
14  45  54  1579  406  339  3  -2  
14  45  54  1587  411  339  3  -2  
14  45  54  1596  417  339  3  -2  
14  45  54  1604  420  339  3  -2  
14  45  54  1613  422  339  3  -2  
14  45  54  1620  423  339  3  -2  
14  45  54  1628  425  339  3  -2  
14  45  54  1637  428  339  3  -2  
14  45  54  1645  433  339  3  -2  
14  45  54  1654  435  339  3  -2  
14  45  54  1662  443  339  3  -2  
14  45  54  1670  448  339  3  -2  
14  45  54  1678  453  339  3  -2  
14  45  54  1686  460  339  3  -2  
14  45  54  1696  464  339  3  -2  
14  45  54  1704  467  339  3  -2  
14  45  54  1712  470  339  3  -2  
14  45  54  1720  470  339  3  -2  
14  45  54  1728  472  339  3  -2  
14  45  54  1737  473  339  3  -2  
14  45  54  1745  474  339  3  -2  
14  45  54  1754  477  339  3  -2  
14  45  54  1762  479  339  3  -2  
14  45  54  1771  482  339  3  -2  
14  45  54  1779  486  339  3  -2  
14  45  54  1786  490  339  3  -2  
14  45  54  1795  492  339  3  -2  
14  45  54  1804  494  339  3  -2  
14  45  54  1812  495  339  3  -2  
14  45  54  1820  496  339  3  -2  
14  45  54  1828  499  339  3  -2  
14  45  54  1836  500  339  3  -2  
14  45  54  1846  500  339  3  -2  
14  45  54  1854  500  339  3  -2  
14  45  54  1863  502  339  3  -2  
14  45  54  1870  503  339  3  -2  
14  45  54  1879  503  339  3  -2  
14  45  54  1887  504  339  4  -2  
14  45  54  1897  506  339  4  -2  
14  45  54  1905  511  339  4  -2  
14  45  54  1912  514  340  4  -2  
14  45  54  1920  514  340  4  -2  
14  45  54  1928  519  340  4  -2  
14  45  54  1936  520  340  4  -2  
14  45  54  1946  520  340  4  -2  
14  45  54  1954  521  340  4  -2  
14  45  54  1963  521  340  4  -2  
14  45  54  1970  523  340  4  -2  
14  45  54  1980  523  340  4  -2  
14  45  54  1987  523  340  4  -2  
14  45  54  1995  523  340  4  -2  
14  45  54  2005  523  340  4  -2  
14  45  54  2014  523  340  4  -2  
14  45  54  2021  523  340  4  -2  
14  45  54  2028  523  340  4  -2  
14  45  54  2036  523  340  4  -2  
14  45  54  2046  523  340  4  -2  
14  45  54  2055  523  340  4  -2  
14  45  54  2062  523  340  4  -2  
14  45  54  2070  523  340  4  -2  
14  45  54  2079  523  340  4  -2  
14  45  54  2087  523  340  4  -2  
14  45  54  2096  523  340  4  -2  
14  45  54  2105  523  340  4  -2  
14  45  54  2113  523  340  4  -2  
14  45  54  2120  523  340  4  -2  
14  45  54  2129  523  340  4  -2  
14  45  54  2137  523  340  4  -2  
14  45  54  2147  523  340  4  -2  
14  45  54  2155  523  340  4  -2  
14  45  54  2163  523  340  4  -2  
14  45  54  2171  523  340  4  -2  
14  45  54  2180  523  340  4  -2  
14  45  54  2188  523  340  4  -2  
14  45  54  2197  523  340  4  -2  
14  45  54  2206  523  340  4  -2  
14  45  54  2213  523  340  4  -2  
14  45  54  2220  523  340  4  -2  
14  45  54  2229  523  340  4  -2  
14  45  54  2238  523  340  4  -2  
14  45  54  2245  523  340  4  -2  
14  45  54  2254  523  340  4  -2  
14  45  54  2263  523  340  4  -2  
14  45  54  2272  523  340  4  -2  
14  45  54  2279  523  340  4  -2  
14  45  54  2287  523  340  4  -2  
14  45  54  2295  523  340  4  -2  
14  45  54  2304  523  340  4  -2  
14  45  54  2313  523  340  4  -2  
14  45  54  2320  523  340  4  -2  
14  45  54  2329  523  340  4  -2  
14  45  54  2338  523  340  4  -2  
14  45  54  2346  523  340  4  -2  
14  45  54  2354  523  340  4  -2  
14  45  54  2363  523  340  4  -2  
14  45  54  2372  523  340  4  -2  
14  45  54  2381  523  340  4  -2  
14  45  54  2388  523  340  4  -2  
14  45  55  2396  521  340  4  -2  
14  45  55  2404  516  340  4  -2  
14  45  55  2413  511  340  4  -2  
14  45  55  2422  502  340  4  -2  
14  45  55  2430  492  339  4  -2  
14  45  55  2438  482  339  4  -2  
14  45  55  2448  469  336  4  -2  
14  45  55  2454  437  336  4  -2  
14  45  55  2462  437  336  4  -2  
14  45  55  2472  424  336  4  -2  
14  45  55  2481  399  336  4  -2  
14  45  55  2489  392  336  5  -2  
14  45  55  2498  388  336  5  -2  
14  45  55  2507  387  336  5  -2  
14  45  55  2513  386  336  5  -2  
14  45  55  2524  386  336  5  -2  
14  45  55  2531  385  336  5  -2  
14  45  55  2541  385  336  5  -2  
14  45  55  2547  385  336  5  -2  
14  45  55  2557  385  336  5  -2  
14  45  55  2565  385  336  5  -2  
14  45  55  2575  385  336  5  -2  
14  45  55  2583  385  336  5  -2  
14  45  55  2592  385  336  5  -2  
14  45  55  2598  385  336  5  -2  
14  45  55  2606  385  336  5  -2  
14  45  55  2614  385  336  5  -2  
14  45  55  2626  385  336  5  -2  
14  45  55  2631  385  336  5  -2  
14  45  55  2643  385  336  5  -2  
14  45  55  2648  385  336  5  -2  
14  45  55  2658  385  336  5  -2  
14  45  55  2664  385  336  5  -2  
14  45  55  2676  385  336  5  -2  
14  45  55  2683  385  336  5  -2  
14  45  55  2692  385  336  5  -2  
14  45  55  2699  385  336  5  -2  
14  45  55  2709  385  336  5  -2  
14  45  55  2716  385  336  5  -2  
14  45  55  2728  385  336  5  -2  
14  45  55  2733  385  336  5  -2  
14  45  55  2744  385  336  5  -2  
14  45  55  2752  385  336  5  -2  
14  45  55  2762  385  336  5  -2  
14  45  55  2772  385  336  5  -2  
14  45  55  2781  385  336  5  -2  
14  45  55  2789  385  336  5  -2  
14  45  55  2799  385  336  5  -2  
14  45  55  2808  385  336  5  -2  
14  45  55  2817  385  336  5  -2  
14  45  55  2828  385  336  5  -2  
14  45  55  2837  385  336  5  -2  
14  45  55  2846  385  336  5  -2  
14  45  55  2858  385  336  5  -2  
14  45  55  2866  385  336  5  -2  
