16  4  43  0  362  290  1  -2  
16  4  43  9  362  290  1  -2  
16  4  43  19  362  290  1  -2  
16  4  43  26  362  290  1  -2  
16  4  43  34  362  290  1  -2  
16  4  43  43  362  290  1  -2  
16  4  43  51  362  290  1  -2  
16  4  43  59  362  290  1  -2  
16  4  43  67  362  290  1  -2  
16  4  43  77  362  290  1  -2  
16  4  43  84  362  290  1  -2  
16  4  43  93  362  290  1  -2  
16  4  43  101  362  290  1  -2  
16  4  43  109  362  290  1  -2  
16  4  43  117  362  290  1  -2  
16  4  43  125  362  290  1  -2  
16  4  43  134  362  290  1  -2  
16  4  43  143  362  290  1  -2  
16  4  43  151  362  290  1  -2  
16  4  43  159  365  291  1  -2  
16  4  43  168  371  293  1  -2  
16  4  43  176  383  296  1  -2  
16  4  44  185  390  297  1  -2  
16  4  44  193  400  299  1  -2  
16  4  44  201  411  301  1  -2  
16  4  44  210  422  301  1  -2  
16  4  44  218  429  301  1  -2  
16  4  44  227  436  301  1  -2  
16  4  44  234  441  302  1  -2  
16  4  44  243  445  303  1  -2  
16  4  44  251  446  303  1  -2  
16  4  44  259  447  303  1  -2  
16  4  44  269  447  303  1  -2  
16  4  44  276  448  303  1  -2  
16  4  44  285  449  303  1  -2  
16  4  44  292  449  303  1  -2  
16  4  44  301  449  303  1  -2  
16  4  44  309  450  304  1  -2  
16  4  44  318  452  305  1  -2  
16  4  44  326  452  305  1  -2  
16  4  44  335  456  306  1  -2  
16  4  44  344  460  307  1  -2  
16  4  44  352  472  310  1  -2  
16  4  44  360  479  311  1  -2  
16  4  44  369  483  311  1  -2  
16  4  44  377  487  311  1  -2  
16  4  44  384  490  312  1  -2  
16  4  44  393  491  312  1  -2  
16  4  44  402  493  314  1  -2  
16  4  44  410  493  314  1  -2  
16  4  44  419  493  314  1  -2  
16  4  44  427  493  314  1  -2  
16  4  44  434  493  314  1  -2  
16  4  44  444  496  314  2  -2  
16  4  44  452  501  314  2  -2  
16  4  44  460  509  314  2  -2  
16  4  44  469  522  315  2  -2  
16  4  44  476  537  317  2  -2  
16  4  44  485  552  317  2  -2  
16  4  44  493  564  321  2  -2  
16  4  44  500  573  321  2  -2  
16  4  44  509  575  321  2  -2  
16  4  44  518  577  321  2  -2  
16  4  44  525  577  321  2  -2  
16  4  44  535  578  321  2  -2  
16  4  44  544  578  321  2  -2  
16  4  44  552  578  321  2  -2  
16  4  44  560  578  321  2  -2  
16  4  44  569  578  321  2  -2  
16  4  44  576  578  321  2  -2  
16  4  44  585  578  321  2  -2  
16  4  44  593  578  321  2  -2  
16  4  44  602  578  321  2  -2  
16  4  44  610  578  321  2  -2  
16  4  44  619  578  321  2  -2  
16  4  44  628  578  321  2  -2  
16  4  44  635  578  321  2  -2  
16  4  44  642  578  321  2  -2  
16  4  44  651  578  321  2  -2  
16  4  44  662  578  321  2  -2  
16  4  44  669  578  321  2  -2  
16  4  44  677  578  321  2  -2  
16  4  44  684  578  321  2  -2  
16  4  44  694  578  321  2  -2  
16  4  44  703  578  321  2  -2  
16  4  44  712  578  321  2  -2  
16  4  44  720  578  321  2  -2  
16  4  44  728  578  321  2  -2  
16  4  44  736  578  321  2  -2  
16  4  44  744  578  321  2  -2  
16  4  44  753  578  321  2  -2  
16  4  44  762  578  321  2  -2  
16  4  44  769  578  321  2  -2  
16  4  44  778  578  321  2  -2  
16  4  44  786  578  321  2  -2  
16  4  44  794  578  321  2  -2  
16  4  44  803  578  321  2  -2  
16  4  44  814  578  321  2  -2  
16  4  44  820  578  321  2  -2  
16  4  44  829  578  321  2  -2  
16  4  44  838  577  321  2  -2  
16  4  44  845  577  321  2  -2  
16  4  44  855  577  321  2  -2  
16  4  44  861  577  321  2  -2  
16  4  44  871  576  321  2  -2  
16  4  44  879  574  321  2  -2  
16  4  44  888  574  321  2  -2  
16  4  44  894  572  322  2  -2  
16  4  44  905  572  322  2  -2  
16  4  44  912  570  322  2  -2  
16  4  44  920  568  322  2  -2  
16  4  44  929  568  322  2  -2  
16  4  44  939  568  322  2  -2  
16  4  44  945  567  322  2  -2  
16  4  44  954  566  322  2  -2  
16  4  44  961  565  322  2  -2  
16  4  44  969  563  323  2  -2  
16  4  44  978  560  325  2  -2  
16  4  44  987  559  325  2  -2  
16  4  44  994  555  325  2  -2  
16  4  44  1004  551  326  2  -2  
16  4  44  1011  543  326  2  -2  
16  4  44  1021  534  327  2  -2  
16  4  44  1029  525  328  2  -2  
16  4  44  1037  517  330  2  -2  
16  4  44  1044  511  332  2  -2  
16  4  44  1054  501  332  2  -2  
16  4  44  1061  494  333  2  -2  
16  4  44  1072  489  334  2  -2  
16  4  44  1078  470  334  2  -2  
16  4  44  1088  470  334  2  -2  
16  4  44  1094  458  334  2  -2  
16  4  44  1104  458  334  2  -2  
16  4  44  1111  451  334  2  -2  
16  4  44  1120  446  334  2  -2  
16  4  44  1129  441  334  2  -2  
16  4  44  1138  436  334  2  -2  
16  4  44  1145  429  334  2  -2  
16  4  44  1154  419  334  2  -2  
16  4  44  1161  410  334  2  -2  
16  4  44  1170  400  334  2  -2  
16  4  44  1179  393  334  3  -2  
16  4  45  1188  392  334  3  -2  
16  4  45  1196  389  334  3  -2  
16  4  45  1204  388  334  3  -2  
16  4  45  1211  386  334  3  -2  
16  4  45  1219  385  334  3  -2  
16  4  45  1228  385  334  3  -2  
16  4  45  1237  384  334  3  -2  
16  4  45  1244  381  334  3  -2  
16  4  45  1254  380  334  3  -2  
16  4  45  1262  376  334  3  -2  
16  4  45  1272  372  334  3  -2  
16  4  45  1279  364  334  3  -2  
16  4  45  1288  364  334  3  -2  
16  4  45  1294  361  334  3  -2  
16  4  45  1304  361  334  3  -2  
16  4  45  1311  360  334  3  -2  
16  4  45  1319  360  334  3  -2  
16  4  45  1329  360  334  3  -2  
16  4  45  1338  360  334  3  -2  
16  4  45  1344  360  334  3  -2  
16  4  45  1355  360  334  3  -2  
16  4  45  1362  360  334  3  -2  
16  4  45  1370  360  334  3  -2  
16  4  45  1379  360  334  3  -2  
16  4  45  1388  360  334  3  -2  
16  4  45  1395  360  334  3  -2  
16  4  45  1404  360  334  3  -2  
16  4  45  1411  360  334  3  -2  
16  4  45  1420  360  334  3  -2  
16  4  45  1429  360  334  3  -2  
16  4  45  1439  360  334  3  -2  
16  4  45  1446  360  334  3  -2  
16  4  45  1454  360  334  3  -2  
16  4  45  1462  360  334  3  -2  
16  4  45  1470  360  334  3  -2  
16  4  45  1479  360  334  3  -2  
16  4  45  1489  360  334  3  -2  
16  4  45  1496  360  334  3  -2  
16  4  45  1504  360  334  3  -2  
16  4  45  1511  360  334  3  -2  
16  4  45  1522  360  334  3  -2  
16  4  45  1529  360  334  3  -2  
16  4  45  1538  360  334  3  -2  
16  4  45  1545  360  334  3  -2  
16  4  45  1552  360  334  3  -2  
16  4  45  1562  360  334  3  -2  
16  4  45  1570  360  334  3  -2  
16  4  45  1579  360  334  3  -2  
16  4  45  1588  360  334  3  -2  
16  4  45  1594  360  334  3  -2  
16  4  45  1604  360  334  3  -2  
16  4  45  1611  359  336  3  -2  
16  4  45  1622  359  336  3  -2  
16  4  45  1629  359  336  3  -2  
16  4  45  1638  362  336  3  -2  
16  4  45  1644  367  336  3  -2  
16  4  45  1655  375  338  3  -2  
16  4  45  1661  386  339  3  -2  
16  4  45  1672  399  343  3  -2  
16  4  45  1679  429  344  3  -2  
16  4  45  1688  441  344  3  -2  
16  4  45  1698  453  344  3  -2  
16  4  45  1705  461  344  3  -2  
16  4  45  1712  468  344  3  -2  
16  4  45  1724  470  345  3  -2  
16  4  45  1729  473  345  3  -2  
16  4  45  1740  473  345  3  -2  
16  4  45  1746  473  345  3  -2  
16  4  45  1756  473  345  3  -2  
16  4  45  1763  476  346  3  -2  
16  4  45  1772  480  348  3  -2  
16  4  45  1780  490  350  3  -2  
16  4  45  1791  501  353  3  -2  
16  4  45  1797  512  355  3  -2  
16  4  45  1807  524  355  3  -2  
16  4  45  1814  531  356  3  -2  
16  4  45  1824  536  357  3  -2  
16  4  45  1831  539  357  3  -2  
16  4  45  1841  539  357  3  -2  
16  4  45  1848  540  358  3  -2  
16  4  45  1857  540  358  3  -2  
16  4  45  1865  540  358  3  -2  
16  4  45  1874  541  358  3  -2  
16  4  45  1881  541  358  3  -2  
16  4  45  1891  541  358  3  -2  
16  4  45  1898  541  358  3  -2  
16  4  45  1908  541  358  3  -2  
16  4  45  1914  541  358  3  -2  
16  4  45  1924  541  358  3  -2  
16  4  45  1931  541  358  3  -2  
16  4  45  1941  541  358  3  -2  
16  4  45  1949  541  358  3  -2  
16  4  45  1957  541  358  3  -2  
16  4  45  1964  541  359  3  -2  
16  4  45  1974  541  359  3  -2  
16  4  45  1980  541  359  3  -2  
16  4  45  1991  541  359  3  -2  
16  4  45  1998  541  359  3  -2  
16  4  45  2008  541  359  3  -2  
16  4  45  2015  541  359  3  -2  
16  4  45  2024  541  359  3  -2  
16  4  45  2030  541  359  3  -2  
16  4  45  2041  541  359  3  -2  
16  4  45  2048  541  359  3  -2  
16  4  45  2057  541  359  3  -2  
16  4  45  2064  541  359  3  -2  
16  4  45  2074  541  359  3  -2  
16  4  45  2080  541  359  3  -2  
16  4  45  2091  541  359  3  -2  
16  4  45  2098  541  359  3  -2  
16  4  45  2107  541  359  3  -2  
16  4  45  2114  541  359  3  -2  
16  4  45  2124  541  359  3  -2  
16  4  45  2132  541  359  3  -2  
16  4  45  2141  541  359  3  -2  
16  4  45  2148  541  359  3  -2  
16  4  45  2157  541  359  3  -2  
16  4  45  2164  541  359  3  -2  
16  4  45  2174  541  359  3  -2  
16  4  45  2182  541  359  3  -2  
16  4  46  2191  541  359  3  -2  
16  4  46  2199  541  359  3  -2  
16  4  46  2207  541  359  3  -2  
16  4  46  2214  541  359  3  -2  
16  4  46  2224  541  359  3  -2  
16  4  46  2231  541  359  3  -2  
16  4  46  2241  541  359  3  -2  
16  4  46  2248  541  359  3  -2  
16  4  46  2257  541  359  3  -2  
16  4  46  2264  541  359  3  -2  
16  4  46  2273  541  359  3  -2  
16  4  46  2282  541  359  3  -2  
16  4  46  2291  541  359  3  -2  
16  4  46  2298  541  359  3  -2  
16  4  46  2307  541  359  3  -2  
16  4  46  2315  541  359  3  -2  
16  4  46  2324  541  359  3  -2  
16  4  46  2331  541  359  3  -2  
16  4  46  2341  541  359  3  -2  
16  4  46  2348  541  359  3  -2  
16  4  46  2357  541  359  3  -2  
16  4  46  2365  541  359  3  -2  
16  4  46  2373  541  359  3  -2  
16  4  46  2382  541  359  3  -2  
16  4  46  2391  541  359  3  -2  
16  4  46  2399  541  359  3  -2  
16  4  46  2407  541  359  3  -2  
16  4  46  2414  541  359  3  -2  
16  4  46  2423  541  359  3  -2  
16  4  46  2432  541  359  3  -2  
16  4  46  2441  541  359  3  -2  
16  4  46  2449  541  359  3  -2  
16  4  46  2457  541  359  3  -2  
16  4  46  2464  541  359  3  -2  
16  4  46  2473  541  359  3  -2  
16  4  46  2482  541  359  3  -2  
16  4  46  2491  541  359  3  -2  
16  4  46  2499  541  359  3  -2  
16  4  46  2507  541  359  3  -2  
16  4  46  2514  541  359  3  -2  
16  4  46  2524  539  359  3  -2  
16  4  46  2532  536  359  3  -2  
16  4  46  2541  533  359  3  -2  
16  4  46  2549  532  359  3  -2  
16  4  46  2557  532  359  3  -2  
16  4  46  2565  532  359  3  -2  
16  4  46  2574  532  359  3  -2  
16  4  46  2581  532  359  3  -2  
16  4  46  2591  532  359  3  -2  
16  4  46  2598  532  359  3  -2  
16  4  46  2606  532  359  3  -2  
16  4  46  2613  531  359  3  -2  
16  4  46  2622  530  359  3  -2  
16  4  46  2631  529  359  3  -2  
16  4  46  2640  529  359  3  -2  
16  4  46  2648  529  359  3  -2  
16  4  46  2656  529  359  3  -2  
16  4  46  2663  529  359  3  -2  
16  4  46  2674  529  359  3  -2  
16  4  46  2682  529  359  3  -2  
16  4  46  2689  529  359  3  -2  
16  4  46  2697  529  359  3  -2  
16  4  46  2706  528  359  3  -2  
16  4  46  2714  527  359  3  -2  
16  4  46  2723  524  359  3  -2  
16  4  46  2730  520  359  3  -2  
16  4  46  2740  515  359  3  -2  
16  4  46  2748  511  358  3  -2  
16  4  46  2755  506  358  3  -2  
16  4  46  2765  503  357  3  -2  
16  4  46  2772  501  356  3  -2  
16  4  46  2781  499  356  3  -2  
16  4  46  2790  495  354  3  -2  
16  4  46  2798  491  354  3  -2  
16  4  46  2806  486  353  3  -2  
16  4  46  2815  478  352  3  -2  
16  4  46  2823  456  351  3  -2  
16  4  46  2831  445  347  3  -2  
16  4  46  2840  445  347  3  -2  
16  4  46  2848  430  346  3  -2  
16  4  46  2856  423  346  3  -2  
16  4  46  2864  419  345  3  -2  
16  4  46  2873  415  345  3  -2  
16  4  46  2880  413  343  3  -2  
16  4  46  2890  411  343  3  -2  
16  4  46  2898  411  343  3  -2  
16  4  46  2906  409  342  3  -2  
16  4  46  2914  406  342  3  -2  
16  4  46  2923  401  342  3  -2  
16  4  46  2931  390  341  3  -2  
16  4  46  2940  379  339  3  -2  
16  4  46  2948  367  337  3  -2  
16  4  46  2957  355  335  3  -2  
16  4  46  2965  348  335  3  -2  
16  4  46  2973  341  335  3  -2  
16  4  46  2981  339  335  3  -2  
16  4  46  2989  339  335  3  -2  
16  4  46  2999  339  335  3  -2  
16  4  46  3007  339  335  3  -2  
16  4  46  3015  339  335  3  -2  
16  4  46  3023  339  335  3  -2  
16  4  46  3030  339  335  3  -2  
16  4  46  3040  339  335  3  -2  
16  4  46  3048  339  335  3  -2  
16  4  46  3056  339  335  3  -2  
16  4  46  3065  339  335  3  -2  
16  4  46  3074  339  335  3  -2  
16  4  46  3082  339  335  3  -2  
16  4  46  3090  339  335  3  -2  
16  4  46  3098  339  335  3  -2  
16  4  46  3106  339  335  3  -2  
16  4  46  3114  339  335  3  -2  
16  4  46  3123  339  335  3  -2  
16  4  46  3131  339  335  3  -2  
16  4  46  3140  339  335  3  -2  
16  4  46  3148  339  335  3  -2  
16  4  46  3156  339  335  3  -2  
16  4  46  3165  339  335  3  -2  
16  4  46  3173  339  335  3  -2  
16  4  47  3182  339  335  3  -2  
16  4  47  3191  339  335  3  -2  
16  4  47  3200  339  335  3  -2  
16  4  47  3209  339  335  3  -2  
16  4  47  3218  339  335  3  -2  
16  4  47  3226  339  335  3  -2  
16  4  47  3237  339  335  3  -2  
16  4  47  3244  339  335  3  -2  
16  4  47  3254  339  335  3  -2  
16  4  47  3261  339  335  3  -2  
16  4  47  3271  339  335  3  -2  
16  4  47  3278  339  335  3  -2  
16  4  47  3288  339  335  3  -2  
16  4  47  3295  339  335  3  -2  
16  4  47  3304  339  335  3  -2  
16  4  47  3312  339  335  3  -2  
16  4  47  3322  339  335  3  -2  
16  4  47  3329  339  335  3  -2  
16  4  47  3339  339  335  3  -2  
16  4  47  3344  339  335  3  -2  
16  4  47  3354  339  335  3  -2  
16  4  47  3362  339  335  3  -2  
16  4  47  3372  339  335  3  -2  
