16  4  52  0  361  276  1  -2  
16  4  52  8  361  276  1  -2  
16  4  52  15  361  276  1  -2  
16  4  52  24  361  276  1  -2  
16  4  52  32  361  276  1  -2  
16  4  52  41  361  276  1  -2  
16  4  52  49  361  276  1  -2  
16  4  53  57  361  276  1  -2  
16  4  53  66  361  276  1  -2  
16  4  53  74  361  276  1  -2  
16  4  53  82  361  276  1  -2  
16  4  53  91  361  277  1  -2  
16  4  53  99  362  277  1  -2  
16  4  53  109  366  279  1  -2  
16  4  53  116  370  280  1  -2  
16  4  53  125  374  280  1  -2  
16  4  53  132  379  280  1  -2  
16  4  53  141  384  280  1  -2  
16  4  53  149  389  280  1  -2  
16  4  53  157  395  281  1  -2  
16  4  53  166  399  281  1  -2  
16  4  53  175  401  282  1  -2  
16  4  53  183  405  282  1  -2  
16  4  53  191  407  284  1  -2  
16  4  53  202  408  284  1  -2  
16  4  53  208  412  284  1  -2  
16  4  53  217  413  285  1  -2  
16  4  53  225  417  285  1  -2  
16  4  53  233  421  286  1  -2  
16  4  53  241  427  289  1  -2  
16  4  53  252  430  290  1  -2  
16  4  53  258  434  290  1  -2  
16  4  53  266  438  291  1  -2  
16  4  53  274  441  291  1  -2  
16  4  53  283  442  291  1  -2  
16  4  53  291  445  291  1  -2  
16  4  53  299  446  291  1  -2  
16  4  53  308  446  291  1  -2  
16  4  53  316  451  291  1  -2  
16  4  53  325  458  292  1  -2  
16  4  53  333  470  294  1  -2  
16  4  53  343  481  294  1  -2  
16  4  53  351  492  297  1  -2  
16  4  53  359  502  298  2  -2  
16  4  53  367  509  298  2  -2  
16  4  53  375  514  301  2  -2  
16  4  53  383  517  301  2  -2  
16  4  53  391  519  301  2  -2  
16  4  53  401  519  301  2  -2  
16  4  53  408  521  301  2  -2  
16  4  53  418  524  302  2  -2  
16  4  53  426  527  302  2  -2  
16  4  53  436  529  302  2  -2  
16  4  53  442  532  302  2  -2  
16  4  53  451  534  302  2  -2  
16  4  53  457  534  302  2  -2  
16  4  53  467  534  302  2  -2  
16  4  53  474  534  302  2  -2  
16  4  53  482  534  302  2  -2  
16  4  53  491  534  302  2  -2  
16  4  53  500  534  302  2  -2  
16  4  53  507  534  302  2  -2  
16  4  53  517  534  302  2  -2  
16  4  53  524  534  302  2  -2  
16  4  53  532  534  302  2  -2  
16  4  53  541  534  302  2  -2  
16  4  53  550  534  302  2  -2  
16  4  53  557  534  302  2  -2  
16  4  53  567  534  302  2  -2  
16  4  53  575  534  302  2  -2  
16  4  53  582  534  302  2  -2  
16  4  53  591  534  302  2  -2  
16  4  53  599  534  302  2  -2  
16  4  53  607  534  302  2  -2  
16  4  53  616  534  302  2  -2  
16  4  53  624  534  302  2  -2  
16  4  53  632  534  302  2  -2  
16  4  53  640  534  302  2  -2  
16  4  53  651  534  302  2  -2  
16  4  53  658  534  302  2  -2  
16  4  53  667  534  302  2  -2  
16  4  53  674  534  302  2  -2  
16  4  53  685  534  302  2  -2  
16  4  53  691  534  302  2  -2  
16  4  53  700  534  303  2  -2  
16  4  53  707  532  305  2  -2  
16  4  53  717  528  307  2  -2  
16  4  53  724  525  307  2  -2  
16  4  53  735  521  308  2  -2  
16  4  53  741  517  310  2  -2  
16  4  53  749  515  310  2  -2  
16  4  53  759  512  311  2  -2  
16  4  53  767  507  312  2  -2  
16  4  53  775  502  312  2  -2  
16  4  53  784  495  313  2  -2  
16  4  53  792  483  315  2  -2  
16  4  53  801  468  315  2  -2  
16  4  53  807  455  315  2  -2  
16  4  53  818  442  315  2  -2  
16  4  53  824  430  315  2  -2  
16  4  53  835  423  315  2  -2  
16  4  53  841  420  315  2  -2  
16  4  53  851  415  315  2  -2  
16  4  53  858  411  314  2  -2  
16  4  53  865  409  313  2  -2  
16  4  53  874  407  313  2  -2  
16  4  53  885  407  313  2  -2  
16  4  53  891  406  313  2  -2  
16  4  53  900  405  313  2  -2  
16  4  53  908  404  313  2  -2  
16  4  53  917  401  313  2  -2  
16  4  53  925  397  313  3  -2  
16  4  53  931  392  313  3  -2  
16  4  53  940  386  313  3  -2  
16  4  53  951  380  313  3  -2  
16  4  53  957  377  313  3  -2  
16  4  53  968  372  313  3  -2  
16  4  53  974  367  313  3  -2  
16  4  53  983  367  313  3  -2  
16  4  53  991  367  313  3  -2  
16  4  53  1002  367  313  3  -2  
16  4  53  1007  367  313  3  -2  
16  4  53  1017  367  313  3  -2  
16  4  53  1024  367  313  3  -2  
16  4  53  1033  367  313  3  -2  
16  4  53  1041  365  313  3  -2  
16  4  53  1051  365  313  3  -2  
16  4  54  1057  365  313  3  -2  
16  4  54  1067  365  313  3  -2  
16  4  54  1074  365  313  3  -2  
16  4  54  1084  365  313  3  -2  
16  4  54  1092  365  313  3  -2  
16  4  54  1101  365  313  3  -2  
16  4  54  1107  365  313  3  -2  
16  4  54  1117  365  313  3  -2  
16  4  54  1125  365  313  3  -2  
16  4  54  1132  365  313  3  -2  
16  4  54  1141  365  313  3  -2  
16  4  54  1152  365  313  3  -2  
16  4  54  1159  365  313  3  -2  
16  4  54  1168  365  313  3  -2  
16  4  54  1175  365  313  3  -2  
16  4  54  1185  365  313  3  -2  
16  4  54  1194  365  313  3  -2  
16  4  54  1204  365  313  3  -2  
16  4  54  1211  365  313  3  -2  
16  4  54  1222  365  313  3  -2  
16  4  54  1230  365  313  3  -2  
16  4  54  1240  365  313  3  -2  
16  4  54  1248  365  313  3  -2  
16  4  54  1258  365  313  3  -2  
16  4  54  1266  365  313  3  -2  
16  4  54  1274  365  313  3  -2  
16  4  54  1284  365  313  3  -2  
16  4  54  1292  365  313  3  -2  
16  4  54  1302  365  313  3  -2  
16  4  54  1309  365  313  3  -2  
16  4  54  1319  365  313  3  -2  
16  4  54  1327  365  313  3  -2  
16  4  54  1337  365  313  3  -2  
16  4  54  1344  365  313  3  -2  
16  4  54  1354  365  313  3  -2  
16  4  54  1362  365  313  3  -2  
16  4  54  1371  365  313  3  -2  
16  4  54  1380  365  313  3  -2  
16  4  54  1388  367  313  3  -2  
16  4  54  1400  371  313  3  -2  
16  4  54  1408  377  316  3  -2  
16  4  54  1416  397  317  3  -2  
16  4  54  1426  407  317  3  -2  
16  4  54  1436  419  317  3  -2  
16  4  54  1444  430  317  3  -2  
16  4  54  1454  437  317  3  -2  
16  4  54  1461  445  317  3  -2  
16  4  54  1472  448  318  3  -2  
16  4  54  1480  457  319  3  -2  
16  4  54  1489  464  323  3  -2  
16  4  54  1497  476  324  3  -2  
16  4  54  1506  486  324  3  -2  
16  4  54  1515  496  325  4  -2  
16  4  54  1525  508  328  4  -2  
16  4  54  1535  515  329  4  -2  
16  4  54  1542  524  329  4  -2  
16  4  54  1552  529  330  4  -2  
16  4  54  1559  532  331  4  -2  
16  4  54  1570  532  331  4  -2  
16  4  54  1577  533  331  4  -2  
16  4  54  1589  534  331  4  -2  
16  4  54  1597  534  331  4  -2  
16  4  54  1607  534  331  4  -2  
16  4  54  1615  535  331  4  -2  
16  4  54  1625  535  331  4  -2  
16  4  54  1635  535  331  4  -2  
16  4  54  1644  535  331  4  -2  
16  4  54  1656  535  331  4  -2  
16  4  54  1668  535  331  4  -2  
16  4  54  1676  535  331  4  -2  
16  4  54  1689  535  331  4  -2  
16  4  54  1697  537  331  4  -2  
16  4  54  1706  537  331  4  -2  
16  4  54  1717  537  331  4  -2  
16  4  54  1725  537  331  4  -2  
16  4  54  1737  537  331  4  -2  
16  4  54  1745  537  331  4  -2  
16  4  54  1755  537  331  4  -2  
16  4  54  1765  537  331  4  -2  
16  4  54  1775  537  331  4  -2  
16  4  54  1785  537  331  4  -2  
16  4  54  1794  537  331  4  -2  
16  4  54  1805  537  331  4  -2  
16  4  54  1813  537  331  4  -2  
16  4  54  1823  537  331  4  -2  
16  4  54  1832  537  331  4  -2  
16  4  54  1841  537  331  4  -2  
16  4  54  1851  537  331  4  -2  
16  4  54  1859  537  331  4  -2  
16  4  54  1871  537  331  4  -2  
16  4  54  1880  537  331  4  -2  
16  4  54  1890  537  331  4  -2  
16  4  54  1900  537  331  4  -2  
16  4  54  1909  537  331  4  -2  
16  4  54  1918  537  331  4  -2  
16  4  54  1926  537  331  4  -2  
16  4  54  1935  537  331  4  -2  
16  4  54  1943  537  331  4  -2  
16  4  54  1954  532  334  4  -2  
16  4  54  1962  524  335  4  -2  
16  4  54  1972  513  336  4  -2  
16  4  54  1981  503  336  4  -2  
16  4  54  1991  495  336  4  -2  
16  4  54  2000  486  339  4  -2  
16  4  54  2009  481  339  4  -2  
16  4  54  2016  476  339  4  -2  
16  4  54  2025  472  339  4  -2  
16  4  54  2035  469  339  4  -2  
16  4  54  2042  463  339  4  -2  
16  4  54  2051  455  339  4  -2  
16  4  55  2058  448  339  4  -2  
16  4  55  2068  438  339  4  -2  
16  4  55  2074  433  339  4  -2  
16  4  55  2085  427  339  4  -2  
16  4  55  2092  422  340  4  -2  
16  4  55  2101  419  340  4  -2  
16  4  55  2109  416  341  4  -2  
16  4  55  2118  412  341  4  -2  
16  4  55  2126  408  341  4  -2  
16  4  55  2134  403  341  4  -2  
16  4  55  2143  400  341  4  -2  
16  4  55  2153  395  341  4  -2  
