15  57  36  0  361  317  1  -2  
15  57  36  9  361  317  1  -2  
15  57  36  17  361  317  1  -2  
15  57  36  26  361  317  1  -2  
15  57  36  33  361  317  1  -2  
15  57  36  43  361  317  1  -2  
15  57  36  50  361  317  1  -2  
15  57  36  59  361  317  1  -2  
15  57  36  67  361  317  1  -2  
15  57  36  76  361  317  1  -2  
15  57  36  83  361  317  1  -2  
15  57  36  93  361  317  1  -2  
15  57  36  100  361  317  1  -2  
15  57  36  109  361  317  1  -2  
15  57  36  117  361  317  1  -2  
15  57  36  126  361  317  1  -2  
15  57  36  133  361  317  1  -2  
15  57  36  143  361  317  1  -2  
15  57  36  150  361  317  1  -2  
15  57  36  159  361  317  1  -2  
15  57  36  167  361  317  1  -2  
15  57  36  176  361  317  1  -2  
15  57  36  184  361  317  1  -2  
15  57  36  193  361  317  1  -2  
15  57  36  200  362  317  1  -2  
15  57  36  209  367  317  1  -2  
15  57  36  216  372  317  1  -2  
15  57  36  226  382  317  1  -2  
15  57  36  234  390  317  1  -2  
15  57  36  243  404  317  1  -2  
15  57  36  250  437  317  1  -2  
15  57  36  259  437  317  1  -2  
15  57  36  266  473  317  1  -2  
15  57  36  276  473  317  1  -2  
15  57  36  283  508  317  2  -2  
15  57  36  293  523  318  2  -2  
15  57  36  301  535  320  2  -2  
15  57  36  309  542  320  2  -2  
15  57  36  317  547  321  2  -2  
15  57  36  326  550  321  2  -2  
15  57  36  334  550  321  2  -2  
15  57  36  343  550  321  2  -2  
15  57  36  350  550  321  2  -2  
15  57  36  359  550  321  2  -2  
15  57  36  367  550  321  2  -2  
15  57  36  376  550  321  2  -2  
15  57  36  383  550  321  2  -2  
15  57  36  393  550  321  2  -2  
15  57  36  400  550  321  2  -2  
15  57  36  409  550  321  2  -2  
15  57  36  417  550  321  2  -2  
15  57  36  426  550  321  2  -2  
15  57  36  434  550  321  2  -2  
15  57  36  443  550  321  2  -2  
15  57  36  450  550  321  2  -2  
15  57  36  459  550  321  2  -2  
15  57  36  467  550  321  2  -2  
15  57  36  476  550  321  2  -2  
15  57  36  484  550  322  2  -2  
15  57  36  493  550  322  2  -2  
15  57  36  501  548  322  2  -2  
15  57  36  509  548  322  2  -2  
15  57  36  517  548  322  2  -2  
15  57  36  526  547  322  2  -2  
15  57  36  534  546  323  2  -2  
15  57  36  543  542  325  2  -2  
15  57  36  550  539  326  2  -2  
15  57  36  559  533  326  2  -2  
15  57  36  568  522  327  2  -2  
15  57  36  576  511  327  2  -2  
15  57  36  584  496  327  2  -2  
15  57  36  593  481  327  2  -2  
15  57  36  600  466  327  2  -2  
15  57  36  609  451  327  2  -2  
15  57  36  617  436  327  2  -2  
15  57  36  626  423  327  2  -2  
15  57  36  634  410  327  2  -2  
15  57  36  643  401  327  2  -2  
15  57  36  650  395  327  3  -2  
15  57  36  660  391  327  3  -2  
15  57  36  668  387  327  3  -2  
15  57  36  676  387  327  3  -2  
15  57  36  685  387  327  3  -2  
15  57  36  693  387  327  3  -2  
15  57  36  701  387  327  3  -2  
15  57  36  710  387  327  3  -2  
15  57  36  718  387  327  3  -2  
15  57  36  727  386  327  3  -2  
15  57  36  735  384  327  3  -2  
15  57  36  744  382  327  3  -2  
15  57  36  752  380  327  3  -2  
15  57  36  759  376  327  3  -2  
15  57  36  768  374  327  3  -2  
15  57  36  776  371  327  3  -2  
15  57  36  784  369  327  3  -2  
15  57  36  792  368  327  3  -2  
15  57  36  801  367  327  3  -2  
15  57  36  809  365  327  3  -2  
15  57  36  818  365  327  3  -2  
15  57  36  826  364  327  3  -2  
15  57  36  834  364  327  3  -2  
15  57  36  844  364  327  3  -2  
15  57  36  852  364  327  3  -2  
15  57  36  859  364  327  3  -2  
15  57  36  868  364  327  3  -2  
15  57  36  876  363  327  3  -2  
15  57  36  885  363  327  3  -2  
15  57  36  893  361  327  3  -2  
15  57  36  902  360  327  3  -2  
15  57  36  909  359  327  3  -2  
15  57  37  919  358  327  3  -2  
15  57  37  926  357  327  3  -2  
15  57  37  935  357  327  3  -2  
15  57  37  943  357  327  3  -2  
15  57  37  951  357  327  3  -2  
15  57  37  959  357  327  3  -2  
15  57  37  967  357  327  3  -2  
15  57  37  975  357  327  3  -2  
15  57  37  984  357  327  3  -2  
15  57  37  993  357  327  3  -2  
15  57  37  999  357  327  3  -2  
15  57  37  1009  357  327  3  -2  
15  57  37  1016  357  327  3  -2  
15  57  37  1025  357  327  3  -2  
15  57  37  1034  357  327  3  -2  
15  57  37  1044  357  327  3  -2  
15  57  37  1050  357  327  3  -2  
15  57  37  1059  357  327  3  -2  
15  57  37  1067  357  327  3  -2  
15  57  37  1076  357  327  3  -2  
15  57  37  1084  357  327  3  -2  
15  57  37  1092  357  327  3  -2  
15  57  37  1101  357  327  3  -2  
15  57  37  1108  357  327  3  -2  
15  57  37  1118  357  327  3  -2  
15  57  37  1125  357  327  3  -2  
15  57  37  1134  357  327  3  -2  
15  57  37  1143  357  327  3  -2  
15  57  37  1151  357  327  3  -2  
15  57  37  1159  357  327  3  -2  
15  57  37  1168  357  327  3  -2  
15  57  37  1176  357  327  3  -2  
15  57  37  1184  357  327  3  -2  
15  57  37  1193  357  327  3  -2  
15  57  37  1201  357  327  3  -2  
15  57  37  1210  358  327  3  -2  
15  57  37  1217  361  327  3  -2  
15  57  37  1226  366  327  3  -2  
15  57  37  1235  373  327  3  -2  
15  57  37  1243  388  327  3  -2  
15  57  37  1251  397  327  3  -2  
15  57  37  1259  407  327  3  -2  
15  57  37  1267  415  327  3  -2  
15  57  37  1275  425  327  3  -2  
15  57  37  1284  437  327  3  -2  
15  57  37  1293  445  327  3  -2  
15  57  37  1301  455  327  3  -2  
15  57  37  1309  462  327  3  -2  
15  57  37  1318  471  328  3  -2  
15  57  37  1326  476  328  3  -2  
15  57  37  1334  484  328  3  -2  
15  57  37  1343  488  328  3  -2  
15  57  37  1351  492  328  3  -2  
15  57  37  1358  494  328  3  -2  
15  57  37  1368  496  328  3  -2  
15  57  37  1376  498  328  4  -2  
15  57  37  1383  498  328  4  -2  
15  57  37  1393  499  328  4  -2  
15  57  37  1401  499  328  4  -2  
15  57  37  1408  499  328  4  -2  
15  57  37  1417  499  328  4  -2  
15  57  37  1425  499  328  4  -2  
15  57  37  1435  500  328  4  -2  
15  57  37  1442  501  328  4  -2  
15  57  37  1451  501  328  4  -2  
15  57  37  1460  503  328  4  -2  
15  57  37  1468  505  328  4  -2  
15  57  37  1476  507  328  4  -2  
15  57  37  1484  507  328  4  -2  
15  57  37  1493  509  328  4  -2  
15  57  37  1501  509  328  4  -2  
15  57  37  1508  510  328  4  -2  
15  57  37  1517  510  328  4  -2  
15  57  37  1524  510  328  4  -2  
15  57  37  1533  510  328  4  -2  
15  57  37  1543  510  328  4  -2  
15  57  37  1551  510  328  4  -2  
15  57  37  1558  510  328  4  -2  
15  57  37  1568  510  328  4  -2  
15  57  37  1576  511  328  4  -2  
15  57  37  1585  512  328  4  -2  
15  57  37  1593  513  328  4  -2  
15  57  37  1601  514  328  4  -2  
15  57  37  1608  515  328  4  -2  
15  57  37  1618  515  328  4  -2  
15  57  37  1625  516  328  4  -2  
15  57  37  1635  516  328  4  -2  
15  57  37  1643  517  328  4  -2  
15  57  37  1651  517  328  4  -2  
15  57  37  1659  517  328  4  -2  
15  57  37  1668  517  328  4  -2  
15  57  37  1676  518  328  4  -2  
15  57  37  1685  518  328  4  -2  
15  57  37  1694  518  328  4  -2  
15  57  37  1701  518  328  4  -2  
15  57  37  1709  518  328  4  -2  
15  57  37  1718  518  328  4  -2  
15  57  37  1726  518  328  4  -2  
15  57  37  1735  518  328  4  -2  
15  57  37  1743  518  328  4  -2  
15  57  37  1751  518  328  4  -2  
15  57  37  1759  518  328  4  -2  
15  57  37  1768  518  328  4  -2  
15  57  37  1776  518  328  4  -2  
15  57  37  1785  518  328  4  -2  
15  57  37  1793  518  328  4  -2  
15  57  37  1802  518  328  4  -2  
15  57  37  1809  518  328  4  -2  
15  57  37  1818  514  328  4  -2  
15  57  37  1825  509  328  4  -2  
15  57  37  1834  502  328  4  -2  
15  57  37  1843  494  328  4  -2  
15  57  37  1852  475  328  4  -2  
15  57  37  1860  464  328  4  -2  
15  57  37  1868  450  328  4  -2  
15  57  37  1876  439  328  4  -2  
15  57  37  1884  427  328  4  -2  
15  57  37  1893  415  328  4  -2  
15  57  37  1901  404  328  4  -2  
15  57  37  1910  392  328  5  -2  
15  57  38  1919  385  328  5  -2  
15  57  38  1925  382  328  5  -2  
15  57  38  1935  378  328  5  -2  
15  57  38  1944  376  328  5  -2  
15  57  38  1951  374  328  5  -2  
15  57  38  1958  373  328  5  -2  
15  57  38  1968  372  328  5  -2  
15  57  38  1977  369  328  5  -2  
15  57  38  1985  366  328  5  -2  
15  57  38  1993  365  328  5  -2  
15  57  38  2001  362  327  5  -2  
15  57  38  2008  359  327  5  -2  
15  57  38  2017  357  327  5  -2  
15  57  38  2027  356  327  5  -2  
15  57  38  2035  353  327  5  -2  
15  57  38  2043  352  327  5  -2  
15  57  38  2051  352  327  5  -2  
15  57  38  2059  352  327  5  -2  
15  57  38  2068  352  327  5  -2  
15  57  38  2077  352  327  5  -2  
15  57  38  2085  352  327  5  -2  
15  57  38  2093  352  327  5  -2  
15  57  38  2101  352  327  5  -2  
15  57  38  2109  352  327  5  -2  
15  57  38  2118  352  327  5  -2  
15  57  38  2126  352  327  5  -2  
15  57  38  2135  352  327  5  -2  
15  57  38  2143  352  327  5  -2  
15  57  38  2151  352  327  5  -2  
15  57  38  2160  352  327  5  -2  
15  57  38  2168  352  327  5  -2  
15  57  38  2176  352  327  5  -2  
15  57  38  2185  352  327  5  -2  
15  57  38  2193  352  327  5  -2  
15  57  38  2203  352  327  5  -2  
15  57  38  2211  352  327  5  -2  
15  57  38  2218  352  327  5  -2  
15  57  38  2227  352  327  5  -2  
15  57  38  2235  352  327  5  -2  
15  57  38  2243  352  327  5  -2  
15  57  38  2251  352  327  5  -2  
15  57  38  2259  352  327  5  -2  
15  57  38  2268  352  327  5  -2  
