15  57  22  0  368  318  1  -2  
15  57  22  8  368  318  1  -2  
15  57  22  16  368  318  1  -2  
15  57  22  25  368  318  1  -2  
15  57  22  33  368  318  1  -2  
15  57  22  41  368  318  1  -2  
15  57  23  50  368  318  1  -2  
15  57  23  58  368  318  1  -2  
15  57  23  67  368  318  1  -2  
15  57  23  75  368  318  1  -2  
15  57  23  83  368  318  1  -2  
15  57  23  91  368  318  1  -2  
15  57  23  100  368  318  1  -2  
15  57  23  108  368  318  1  -2  
15  57  23  118  368  318  1  -2  
15  57  23  125  368  318  1  -2  
15  57  23  133  368  318  1  -2  
15  57  23  141  368  318  1  -2  
15  57  23  149  368  318  1  -2  
15  57  23  157  368  318  1  -2  
15  57  23  165  368  318  1  -2  
15  57  23  174  368  318  1  -2  
15  57  23  182  368  318  1  -2  
15  57  23  190  368  318  1  -2  
15  57  23  199  368  318  1  -2  
15  57  23  207  368  318  1  -2  
15  57  23  215  368  318  1  -2  
15  57  23  224  368  318  1  -2  
15  57  23  233  368  318  1  -2  
15  57  23  241  368  318  1  -2  
15  57  23  249  368  318  1  -2  
15  57  23  258  368  318  1  -2  
15  57  23  266  368  318  1  -2  
15  57  23  275  368  318  1  -2  
15  57  23  284  368  318  1  -2  
15  57  23  292  368  318  1  -2  
15  57  23  301  368  318  1  -2  
15  57  23  309  368  318  1  -2  
15  57  23  315  368  318  1  -2  
15  57  23  324  368  318  1  -2  
15  57  23  333  368  318  1  -2  
15  57  23  340  368  318  1  -2  
15  57  23  349  368  318  1  -2  
15  57  23  357  368  318  1  -2  
15  57  23  367  372  318  1  -2  
15  57  23  375  379  318  1  -2  
15  57  23  384  385  318  1  -2  
15  57  23  390  398  318  1  -2  
15  57  23  399  411  318  1  -2  
15  57  23  407  428  318  1  -2  
15  57  23  418  443  319  1  -2  
15  57  23  426  456  319  1  -2  
15  57  23  434  470  319  1  -2  
15  57  23  442  480  320  1  -2  
15  57  23  453  490  324  1  -2  
15  57  23  459  495  324  1  -2  
15  57  23  469  499  324  2  -2  
15  57  23  475  500  324  2  -2  
15  57  23  486  500  324  2  -2  
15  57  23  492  501  324  2  -2  
15  57  23  502  501  324  2  -2  
15  57  23  510  501  324  2  -2  
15  57  23  520  501  324  2  -2  
15  57  23  526  501  324  2  -2  
15  57  23  537  502  324  2  -2  
15  57  23  544  503  325  2  -2  
15  57  23  554  503  325  2  -2  
15  57  23  560  504  325  2  -2  
15  57  23  570  504  325  2  -2  
15  57  23  578  504  325  2  -2  
15  57  23  587  504  325  2  -2  
15  57  23  594  504  325  2  -2  
15  57  23  604  504  325  2  -2  
15  57  23  612  504  325  2  -2  
15  57  23  621  504  325  2  -2  
15  57  23  628  504  325  2  -2  
15  57  23  637  504  325  2  -2  
15  57  23  645  504  325  2  -2  
15  57  23  655  504  325  2  -2  
15  57  23  662  504  325  2  -2  
15  57  23  670  504  325  2  -2  
15  57  23  679  504  325  2  -2  
15  57  23  688  504  325  2  -2  
15  57  23  695  504  325  2  -2  
15  57  23  703  504  325  2  -2  
15  57  23  711  504  325  2  -2  
15  57  23  719  504  325  2  -2  
15  57  23  727  504  325  2  -2  
15  57  23  737  504  325  2  -2  
15  57  23  744  504  325  2  -2  
15  57  23  753  504  325  2  -2  
15  57  23  761  504  325  2  -2  
15  57  23  770  504  325  2  -2  
15  57  23  778  504  325  2  -2  
15  57  23  786  504  325  2  -2  
15  57  23  794  504  325  2  -2  
15  57  23  803  504  325  2  -2  
15  57  23  811  504  325  2  -2  
15  57  23  819  504  325  2  -2  
15  57  23  827  504  325  2  -2  
15  57  23  836  504  325  2  -2  
15  57  23  844  504  325  2  -2  
15  57  23  853  504  325  2  -2  
15  57  23  862  504  325  2  -2  
15  57  23  870  504  325  2  -2  
15  57  23  877  504  325  2  -2  
15  57  23  886  504  325  2  -2  
15  57  23  895  504  325  2  -2  
15  57  23  904  504  325  2  -2  
15  57  23  911  504  325  2  -2  
15  57  23  919  504  325  2  -2  
15  57  23  927  504  325  2  -2  
15  57  23  936  504  325  2  -2  
15  57  23  944  504  325  2  -2  
15  57  23  954  503  326  2  -2  
15  57  23  961  499  326  2  -2  
15  57  23  970  495  326  2  -2  
15  57  23  977  490  326  2  -2  
15  57  23  987  488  326  2  -2  
15  57  23  995  482  328  2  -2  
15  57  23  1003  479  328  2  -2  
15  57  23  1012  474  328  2  -2  
15  57  23  1019  470  328  2  -2  
15  57  23  1027  468  328  2  -2  
15  57  23  1036  463  328  2  -2  
15  57  24  1045  461  328  2  -2  
15  57  24  1053  456  328  2  -2  
15  57  24  1060  452  328  2  -2  
15  57  24  1069  447  328  2  -2  
15  57  24  1077  442  328  2  -2  
15  57  24  1086  437  328  2  -2  
15  57  24  1094  423  328  2  -2  
15  57  24  1103  423  328  2  -2  
15  57  24  1112  406  328  2  -2  
15  57  24  1120  400  328  2  -2  
15  57  24  1128  393  328  3  -2  
15  57  24  1137  384  328  3  -2  
15  57  24  1145  379  328  3  -2  
15  57  24  1153  372  328  3  -2  
15  57  24  1161  367  328  3  -2  
15  57  24  1169  360  328  3  -2  
15  57  24  1179  355  328  3  -2  
15  57  24  1186  351  329  3  -2  
15  57  24  1194  348  329  3  -2  
15  57  24  1203  345  329  3  -2  
15  57  24  1210  342  329  3  -2  
15  57  24  1219  342  329  3  -2  
15  57  24  1227  341  329  3  -2  
15  57  24  1237  339  329  3  -2  
15  57  24  1245  339  329  3  -2  
15  57  24  1253  339  329  3  -2  
15  57  24  1260  339  329  3  -2  
15  57  24  1269  339  329  3  -2  
15  57  24  1278  339  329  3  -2  
15  57  24  1286  339  329  3  -2  
15  57  24  1294  339  329  3  -2  
15  57  24  1304  339  329  3  -2  
15  57  24  1311  339  329  3  -2  
15  57  24  1320  339  329  3  -2  
15  57  24  1328  342  329  3  -2  
15  57  24  1337  347  329  3  -2  
15  57  24  1345  353  329  3  -2  
15  57  24  1353  364  329  3  -2  
15  57  24  1362  375  329  3  -2  
15  57  24  1369  392  329  3  -2  
15  57  24  1378  405  329  3  -2  
15  57  24  1387  421  329  3  -2  
15  57  24  1395  440  329  3  -2  
15  57  24  1403  458  329  3  -2  
15  57  24  1410  476  329  3  -2  
15  57  24  1420  489  329  3  -2  
15  57  24  1428  503  329  4  -2  
15  57  24  1436  509  329  4  -2  
15  57  24  1445  518  329  4  -2  
15  57  24  1453  519  329  4  -2  
15  57  24  1460  522  329  4  -2  
15  57  24  1469  523  329  4  -2  
15  57  24  1479  523  329  4  -2  
15  57  24  1487  523  329  4  -2  
15  57  24  1495  523  329  4  -2  
15  57  24  1504  523  329  4  -2  
15  57  24  1511  524  329  4  -2  
15  57  24  1519  524  329  4  -2  
15  57  24  1529  524  329  4  -2  
15  57  24  1536  524  329  4  -2  
15  57  24  1545  524  329  4  -2  
15  57  24  1554  524  329  4  -2  
15  57  24  1562  524  329  4  -2  
15  57  24  1569  524  329  4  -2  
15  57  24  1578  524  329  4  -2  
15  57  24  1586  524  329  4  -2  
15  57  24  1595  524  329  4  -2  
15  57  24  1603  524  329  4  -2  
15  57  24  1611  524  329  4  -2  
15  57  24  1619  524  329  4  -2  
15  57  24  1629  524  329  4  -2  
15  57  24  1637  524  329  4  -2  
15  57  24  1645  524  329  4  -2  
15  57  24  1653  524  329  4  -2  
15  57  24  1662  524  329  4  -2  
15  57  24  1669  524  329  4  -2  
15  57  24  1679  525  330  4  -2  
15  57  24  1687  525  331  4  -2  
15  57  24  1696  524  331  4  -2  
15  57  24  1704  524  331  4  -2  
15  57  24  1712  523  331  4  -2  
15  57  24  1720  523  331  4  -2  
15  57  24  1729  523  331  4  -2  
15  57  24  1737  522  332  4  -2  
15  57  24  1745  522  332  4  -2  
15  57  24  1753  521  332  4  -2  
15  57  24  1761  520  332  4  -2  
15  57  24  1771  519  333  4  -2  
15  57  24  1779  516  333  4  -2  
15  57  24  1786  511  334  4  -2  
15  57  24  1795  504  334  4  -2  
15  57  24  1804  494  334  4  -2  
15  57  24  1813  486  334  4  -2  
15  57  24  1820  474  334  4  -2  
15  57  24  1829  461  334  4  -2  
15  57  24  1837  446  334  4  -2  
15  57  24  1845  433  334  4  -2  
15  57  24  1853  419  334  4  -2  
15  57  24  1862  408  334  4  -2  
15  57  24  1870  398  334  4  -2  
15  57  24  1878  388  334  5  -2  
15  57  24  1886  376  334  5  -2  
15  57  24  1895  372  334  5  -2  
15  57  24  1903  369  334  5  -2  
15  57  24  1911  369  334  5  -2  
15  57  24  1919  368  334  5  -2  
15  57  24  1928  367  334  5  -2  
15  57  24  1936  366  334  5  -2  
15  57  24  1944  365  334  5  -2  
15  57  24  1952  363  335  5  -2  
15  57  24  1962  363  335  5  -2  
15  57  24  1969  362  335  5  -2  
15  57  24  1978  362  335  5  -2  
15  57  24  1987  362  335  5  -2  
15  57  24  1994  362  335  5  -2  
15  57  24  2003  362  335  5  -2  
15  57  24  2011  362  335  5  -2  
15  57  24  2019  362  335  5  -2  
15  57  24  2028  362  335  5  -2  
15  57  24  2037  362  335  5  -2  
15  57  25  2044  362  335  5  -2  
15  57  25  2053  362  335  5  -2  
15  57  25  2061  362  335  5  -2  
15  57  25  2070  362  335  5  -2  
15  57  25  2078  362  335  5  -2  
15  57  25  2085  362  335  5  -2  
15  57  25  2095  362  335  5  -2  
15  57  25  2103  362  335  5  -2  
15  57  25  2111  362  335  5  -2  
15  57  25  2119  362  335  5  -2  
15  57  25  2128  362  335  5  -2  
15  57  25  2136  362  335  5  -2  
15  57  25  2144  362  335  5  -2  
15  57  25  2153  362  335  5  -2  
15  57  25  2161  362  335  5  -2  
15  57  25  2170  362  335  5  -2  
15  57  25  2178  362  335  5  -2  
15  57  25  2186  362  335  5  -2  
15  57  25  2195  362  335  5  -2  
15  57  25  2203  362  335  5  -2  
15  57  25  2211  362  335  5  -2  
15  57  25  2220  362  335  5  -2  
15  57  25  2228  362  335  5  -2  
15  57  25  2236  362  335  5  -2  
15  57  25  2245  362  335  5  -2  
15  57  25  2253  362  335  5  -2  
15  57  25  2261  362  335  5  -2  
15  57  25  2269  362  335  5  -2  
15  57  25  2278  362  335  5  -2  
