10  50  40  0  350  319  1  -2  
10  50  40  8  350  319  1  -2  
10  50  40  16  350  319  1  -2  
10  50  40  25  350  319  1  -2  
10  50  40  34  350  319  1  -2  
10  50  40  42  350  319  1  -2  
10  50  40  50  350  319  1  -2  
10  50  40  59  350  319  1  -2  
10  50  40  66  350  319  1  -2  
10  50  40  75  350  319  1  -2  
10  50  40  84  350  319  1  -2  
10  50  40  91  350  319  1  -2  
10  50  40  100  350  319  1  -2  
10  50  40  109  350  319  1  -2  
10  50  40  117  350  319  1  -2  
10  50  40  125  350  319  1  -2  
10  50  40  134  350  319  1  -2  
10  50  40  141  350  319  1  -2  
10  50  40  150  350  319  1  -2  
10  50  40  159  350  319  1  -2  
10  50  40  166  350  319  1  -2  
10  50  40  175  350  319  1  -2  
10  50  40  184  350  319  1  -2  
10  50  40  192  350  319  1  -2  
10  50  40  200  350  319  1  -2  
10  50  40  208  350  319  1  -2  
10  50  40  217  350  319  1  -2  
10  50  40  225  353  319  1  -2  
10  50  40  234  358  319  1  -2  
10  50  40  243  365  319  1  -2  
10  50  40  250  382  322  1  -2  
10  50  40  258  382  322  1  -2  
10  50  40  267  396  323  1  -2  
10  50  40  275  418  326  1  -2  
10  50  40  283  428  328  1  -2  
10  50  41  292  437  330  1  -2  
10  50  41  300  443  330  1  -2  
10  50  41  308  447  331  1  -2  
10  50  41  316  450  331  1  -2  
10  50  41  324  451  331  1  -2  
10  50  41  333  454  332  1  -2  
10  50  41  342  455  332  1  -2  
10  50  41  349  458  332  1  -2  
10  50  41  358  460  332  1  -2  
10  50  41  365  465  334  1  -2  
10  50  41  374  469  334  1  -2  
10  50  41  383  475  335  1  -2  
10  50  41  392  481  336  1  -2  
10  50  41  401  489  337  1  -2  
10  50  41  408  493  337  1  -2  
10  50  41  415  497  337  1  -2  
10  50  41  424  500  339  1  -2  
10  50  41  433  502  339  1  -2  
10  50  41  441  504  339  2  -2  
10  50  41  449  505  339  2  -2  
10  50  41  458  506  339  2  -2  
10  50  41  465  508  339  2  -2  
10  50  41  474  508  339  2  -2  
10  50  41  483  509  339  2  -2  
10  50  41  492  510  339  2  -2  
10  50  41  500  511  339  2  -2  
10  50  41  507  512  339  2  -2  
10  50  41  516  513  340  2  -2  
10  50  41  524  516  340  2  -2  
10  50  41  533  517  340  2  -2  
10  50  41  542  519  340  2  -2  
10  50  41  549  521  340  2  -2  
10  50  41  558  524  340  2  -2  
10  50  41  565  525  340  2  -2  
10  50  41  575  525  340  2  -2  
10  50  41  583  526  340  2  -2  
10  50  41  592  526  340  2  -2  
10  50  41  599  526  340  2  -2  
10  50  41  608  526  340  2  -2  
10  50  41  616  526  340  2  -2  
10  50  41  624  526  340  2  -2  
10  50  41  633  526  340  2  -2  
10  50  41  642  526  340  2  -2  
10  50  41  649  526  340  2  -2  
10  50  41  658  526  340  2  -2  
10  50  41  666  526  340  2  -2  
10  50  41  675  526  340  2  -2  
10  50  41  683  526  340  2  -2  
10  50  41  692  526  340  2  -2  
10  50  41  700  526  340  2  -2  
10  50  41  708  526  340  2  -2  
10  50  41  716  526  340  2  -2  
10  50  41  725  526  340  2  -2  
10  50  41  733  526  340  2  -2  
10  50  41  742  526  340  2  -2  
10  50  41  750  526  340  2  -2  
10  50  41  758  526  340  2  -2  
10  50  41  767  525  340  2  -2  
10  50  41  775  524  340  2  -2  
10  50  41  784  523  340  2  -2  
10  50  41  792  522  340  2  -2  
10  50  41  799  521  340  2  -2  
10  50  41  808  520  340  2  -2  
10  50  41  818  519  340  2  -2  
10  50  41  825  517  340  2  -2  
10  50  41  833  515  340  2  -2  
10  50  41  842  514  340  2  -2  
10  50  41  849  512  340  2  -2  
10  50  41  859  509  340  2  -2  
10  50  41  867  504  340  2  -2  
10  50  41  876  500  340  2  -2  
10  50  41  884  496  340  2  -2  
10  50  41  892  492  340  2  -2  
10  50  41  900  488  339  2  -2  
10  50  41  908  485  339  2  -2  
10  50  41  916  479  339  2  -2  
10  50  41  925  474  339  2  -2  
10  50  41  934  469  339  2  -2  
10  50  41  942  465  339  2  -2  
10  50  41  949  460  337  2  -2  
10  50  41  958  456  337  2  -2  
10  50  41  967  451  337  2  -2  
10  50  41  975  448  337  2  -2  
10  50  41  983  443  337  2  -2  
10  50  41  994  440  337  2  -2  
10  50  41  1000  436  337  2  -2  
10  50  41  1008  433  337  2  -2  
10  50  41  1017  429  337  2  -2  
10  50  41  1025  426  337  2  -2  
10  50  41  1034  422  337  2  -2  
10  50  41  1042  419  337  2  -2  
10  50  41  1050  417  337  2  -2  
10  50  41  1059  413  337  2  -2  
10  50  41  1068  409  337  2  -2  
10  50  41  1076  406  337  2  -2  
10  50  41  1084  405  337  2  -2  
10  50  41  1092  402  337  2  -2  
10  50  41  1100  400  337  2  -2  
10  50  41  1108  397  337  2  -2  
10  50  41  1117  393  337  2  -2  
10  50  41  1126  390  337  3  -2  
10  50  41  1134  387  337  3  -2  
10  50  41  1142  384  337  3  -2  
10  50  41  1149  383  337  3  -2  
10  50  41  1158  382  337  3  -2  
10  50  41  1166  380  337  3  -2  
10  50  41  1174  379  337  3  -2  
10  50  41  1183  379  337  3  -2  
10  50  41  1192  378  337  3  -2  
10  50  41  1200  378  337  3  -2  
10  50  41  1208  376  337  3  -2  
10  50  41  1216  376  337  3  -2  
10  50  41  1225  376  337  3  -2  
10  50  41  1234  375  337  3  -2  
10  50  41  1245  375  337  3  -2  
10  50  41  1250  375  337  3  -2  
10  50  41  1258  375  337  3  -2  
10  50  41  1267  375  337  3  -2  
10  50  41  1276  374  337  3  -2  
10  50  41  1283  374  337  3  -2  
10  50  42  1294  374  337  3  -2  
10  50  42  1300  374  337  3  -2  
10  50  42  1309  373  337  3  -2  
10  50  42  1317  373  337  3  -2  
10  50  42  1325  373  337  3  -2  
10  50  42  1334  373  337  3  -2  
10  50  42  1342  373  337  3  -2  
10  50  42  1349  373  337  3  -2  
10  50  42  1359  373  337  3  -2  
10  50  42  1368  373  337  3  -2  
10  50  42  1376  373  337  3  -2  
10  50  42  1384  373  337  3  -2  
10  50  42  1392  373  337  3  -2  
10  50  42  1399  373  337  3  -2  
10  50  42  1408  373  337  3  -2  
10  50  42  1418  373  337  3  -2  
10  50  42  1426  373  337  3  -2  
10  50  42  1434  373  337  3  -2  
10  50  42  1444  373  337  3  -2  
10  50  42  1450  373  337  3  -2  
10  50  42  1458  373  337  3  -2  
10  50  42  1465  373  337  3  -2  
10  50  42  1475  373  337  3  -2  
10  50  42  1484  373  337  3  -2  
10  50  42  1495  373  337  3  -2  
10  50  42  1501  373  337  3  -2  
10  50  42  1508  373  337  3  -2  
10  50  42  1517  373  337  3  -2  
10  50  42  1525  376  337  3  -2  
10  50  42  1534  382  337  3  -2  
10  50  42  1544  394  337  3  -2  
10  50  42  1551  407  337  3  -2  
10  50  42  1561  423  337  3  -2  
10  50  42  1567  444  337  3  -2  
10  50  42  1576  462  337  3  -2  
10  50  42  1584  480  337  3  -2  
10  50  42  1594  495  337  3  -2  
10  50  42  1601  512  340  4  -2  
10  50  42  1609  524  342  4  -2  
10  50  42  1617  532  342  4  -2  
10  50  42  1630  539  344  4  -2  
10  50  42  1637  544  344  4  -2  
10  50  42  1647  551  346  4  -2  
10  50  42  1653  554  347  4  -2  
10  50  42  1663  555  347  4  -2  
10  50  42  1670  557  347  4  -2  
10  50  42  1679  558  347  4  -2  
10  50  42  1686  559  347  4  -2  
10  50  42  1696  560  347  4  -2  
10  50  42  1704  563  347  4  -2  
10  50  42  1713  565  347  4  -2  
10  50  42  1719  565  347  4  -2  
10  50  42  1729  567  347  4  -2  
10  50  42  1736  567  347  4  -2  
10  50  42  1746  567  347  4  -2  
10  50  42  1754  567  347  4  -2  
10  50  42  1763  567  347  4  -2  
10  50  42  1770  567  347  4  -2  
10  50  42  1779  567  347  4  -2  
10  50  42  1786  567  347  4  -2  
10  50  42  1796  567  347  4  -2  
10  50  42  1804  567  347  4  -2  
10  50  42  1813  567  347  4  -2  
10  50  42  1820  567  347  4  -2  
10  50  42  1829  567  347  4  -2  
10  50  42  1838  567  347  4  -2  
10  50  42  1846  567  347  4  -2  
10  50  42  1854  567  347  4  -2  
10  50  42  1863  565  347  4  -2  
10  50  42  1870  564  347  4  -2  
10  50  42  1880  562  347  4  -2  
10  50  42  1887  560  347  4  -2  
10  50  42  1896  560  347  4  -2  
10  50  42  1904  557  347  4  -2  
10  50  42  1913  553  347  4  -2  
10  50  42  1920  551  347  4  -2  
10  50  42  1929  547  347  4  -2  
10  50  42  1938  542  347  4  -2  
10  50  42  1946  535  347  4  -2  
10  50  42  1954  525  346  4  -2  
10  50  42  1963  511  343  4  -2  
10  50  42  1970  498  343  4  -2  
10  50  42  1979  485  342  4  -2  
10  50  42  1988  463  338  4  -2  
10  50  42  1996  451  335  4  -2  
10  50  42  2004  439  335  4  -2  
10  50  42  2013  432  333  4  -2  
10  50  42  2019  425  331  4  -2  
10  50  42  2028  415  330  4  -2  
10  50  42  2037  409  330  4  -2  
10  50  42  2045  402  329  4  -2  
