10  50  54  0  355  313  1  -2  
10  50  54  10  355  313  1  -2  
10  50  54  18  355  313  1  -2  
10  50  54  25  355  313  1  -2  
10  50  54  34  355  313  1  -2  
10  50  54  43  355  313  1  -2  
10  50  54  50  355  313  1  -2  
10  50  54  60  355  313  1  -2  
10  50  54  70  355  313  1  -2  
10  50  54  78  355  313  1  -2  
10  50  54  87  355  313  1  -2  
10  50  54  95  355  313  1  -2  
10  50  54  104  355  313  1  -2  
10  50  54  111  355  313  1  -2  
10  50  54  121  355  313  1  -2  
10  50  54  127  355  313  1  -2  
10  50  54  136  355  313  1  -2  
10  50  54  145  355  313  1  -2  
10  50  54  153  355  313  1  -2  
10  50  54  161  355  313  1  -2  
10  50  54  169  355  313  1  -2  
10  50  54  178  355  313  1  -2  
10  50  54  186  355  313  1  -2  
10  50  54  194  357  313  1  -2  
10  50  54  203  360  313  1  -2  
10  50  54  211  367  313  1  -2  
10  50  54  219  376  313  1  -2  
10  50  54  227  386  313  1  -2  
10  50  54  236  399  315  1  -2  
10  50  54  245  413  319  1  -2  
10  50  54  256  428  320  1  -2  
10  50  54  262  456  323  1  -2  
10  50  54  272  470  325  1  -2  
10  50  54  278  482  327  1  -2  
10  50  54  287  490  328  1  -2  
10  50  54  294  499  328  2  -2  
10  50  54  304  502  329  2  -2  
10  50  54  311  502  329  2  -2  
10  50  54  319  502  329  2  -2  
10  50  54  327  502  329  2  -2  
10  50  54  336  502  329  2  -2  
10  50  54  345  502  329  2  -2  
10  50  54  353  502  329  2  -2  
10  50  54  361  502  329  2  -2  
10  50  54  372  502  329  2  -2  
10  50  54  377  502  329  2  -2  
10  50  54  386  502  329  2  -2  
10  50  54  394  502  329  2  -2  
10  50  54  403  502  329  2  -2  
10  50  54  411  502  329  2  -2  
10  50  54  421  502  329  2  -2  
10  50  54  428  502  329  2  -2  
10  50  54  436  502  329  2  -2  
10  50  54  445  504  329  2  -2  
10  50  54  454  504  329  2  -2  
10  50  54  461  505  329  2  -2  
10  50  54  472  505  329  2  -2  
10  50  54  478  505  329  2  -2  
10  50  54  489  505  329  2  -2  
10  50  54  495  505  329  2  -2  
10  50  54  503  505  329  2  -2  
10  50  54  511  505  329  2  -2  
10  50  54  521  505  329  2  -2  
10  50  54  528  505  329  2  -2  
10  50  54  537  505  329  2  -2  
10  50  54  544  505  329  2  -2  
10  50  54  556  500  329  2  -2  
10  50  54  563  496  329  2  -2  
10  50  54  569  490  329  2  -2  
10  50  54  577  478  329  2  -2  
10  50  54  587  468  329  2  -2  
10  50  54  593  455  329  2  -2  
10  50  54  604  441  329  2  -2  
10  50  54  612  430  329  2  -2  
10  50  54  618  411  324  2  -2  
10  50  54  627  411  324  2  -2  
10  50  54  638  406  324  2  -2  
10  50  54  644  398  324  3  -2  
10  50  54  654  398  324  3  -2  
10  50  54  661  393  324  3  -2  
10  50  54  669  392  324  3  -2  
10  50  54  677  391  324  3  -2  
10  50  54  686  391  324  3  -2  
10  50  54  694  389  324  3  -2  
10  50  54  704  388  324  3  -2  
10  50  54  710  387  324  3  -2  
10  50  54  721  386  324  3  -2  
10  50  54  728  384  324  3  -2  
10  50  54  736  382  324  3  -2  
10  50  54  744  380  324  3  -2  
10  50  54  754  377  324  3  -2  
10  50  54  760  376  324  3  -2  
10  50  54  770  375  324  3  -2  
10  50  55  777  373  324  3  -2  
10  50  55  786  372  324  3  -2  
10  50  55  793  372  324  3  -2  
10  50  55  804  371  324  3  -2  
10  50  55  811  371  324  3  -2  
10  50  55  821  371  324  3  -2  
10  50  55  827  371  324  3  -2  
10  50  55  838  371  324  3  -2  
10  50  55  844  371  324  3  -2  
10  50  55  855  371  324  3  -2  
10  50  55  860  369  324  3  -2  
10  50  55  872  369  324  3  -2  
10  50  55  878  369  324  3  -2  
10  50  55  888  369  324  3  -2  
10  50  55  894  369  324  3  -2  
10  50  55  904  369  324  3  -2  
10  50  55  912  369  324  3  -2  
10  50  55  921  369  324  3  -2  
10  50  55  927  369  324  3  -2  
10  50  55  938  369  324  3  -2  
10  50  55  943  369  324  3  -2  
10  50  55  955  369  324  3  -2  
10  50  55  960  369  324  3  -2  
10  50  55  971  369  324  3  -2  
10  50  55  978  369  324  3  -2  
10  50  55  988  369  324  3  -2  
10  50  55  995  369  324  3  -2  
10  50  55  1005  369  324  3  -2  
10  50  55  1012  369  324  3  -2  
10  50  55  1021  369  324  3  -2  
10  50  55  1028  369  324  3  -2  
10  50  55  1038  369  324  3  -2  
10  50  55  1044  369  324  3  -2  
10  50  55  1056  369  324  3  -2  
10  50  55  1062  369  324  3  -2  
10  50  55  1071  369  324  3  -2  
10  50  55  1078  369  324  3  -2  
10  50  55  1088  369  324  3  -2  
10  50  55  1093  369  324  3  -2  
10  50  55  1105  369  324  3  -2  
10  50  55  1112  369  324  3  -2  
10  50  55  1121  369  324  3  -2  
10  50  55  1128  369  324  3  -2  
10  50  55  1138  369  324  3  -2  
10  50  55  1144  369  324  3  -2  
10  50  55  1156  369  324  3  -2  
10  50  55  1162  369  324  3  -2  
10  50  55  1171  369  324  3  -2  
10  50  55  1178  369  324  3  -2  
10  50  55  1188  372  324  3  -2  
10  50  55  1194  376  324  3  -2  
10  50  55  1206  376  324  3  -2  
10  50  55  1212  386  324  3  -2  
10  50  55  1221  386  324  3  -2  
10  50  55  1229  398  324  3  -2  
10  50  55  1238  405  326  3  -2  
10  50  55  1245  414  327  3  -2  
10  50  55  1255  419  327  3  -2  
10  50  55  1262  424  328  3  -2  
10  50  55  1271  428  328  3  -2  
10  50  55  1278  432  328  3  -2  
10  50  55  1288  437  330  3  -2  
10  50  55  1294  442  330  3  -2  
10  50  55  1304  447  331  3  -2  
10  50  55  1312  456  331  3  -2  
10  50  55  1321  461  332  3  -2  
10  50  55  1328  468  333  3  -2  
10  50  55  1338  475  333  3  -2  
10  50  55  1344  481  336  3  -2  
10  50  55  1355  486  337  3  -2  
10  50  55  1362  491  337  3  -2  
10  50  55  1371  495  337  3  -2  
10  50  55  1378  499  337  3  -2  
10  50  55  1388  500  337  3  -2  
10  50  55  1395  505  337  4  -2  
10  50  55  1405  505  337  4  -2  
10  50  55  1412  507  337  4  -2  
10  50  55  1421  507  337  4  -2  
10  50  55  1427  508  337  4  -2  
10  50  55  1439  508  337  4  -2  
10  50  55  1444  508  337  4  -2  
10  50  55  1455  508  337  4  -2  
10  50  55  1462  509  337  4  -2  
10  50  55  1471  511  337  4  -2  
10  50  55  1478  511  337  4  -2  
10  50  55  1488  512  337  4  -2  
10  50  55  1494  512  337  4  -2  
10  50  55  1505  513  337  4  -2  
10  50  55  1512  513  337  4  -2  
10  50  55  1521  513  337  4  -2  
10  50  55  1528  513  337  4  -2  
10  50  55  1538  513  337  4  -2  
10  50  55  1544  513  337  4  -2  
10  50  55  1555  513  337  4  -2  
10  50  55  1562  513  337  4  -2  
10  50  55  1572  513  337  4  -2  
10  50  55  1577  513  337  4  -2  
10  50  55  1588  513  337  4  -2  
10  50  55  1595  513  337  4  -2  
10  50  55  1606  513  337  4  -2  
10  50  55  1612  513  337  4  -2  
10  50  55  1622  513  337  4  -2  
10  50  55  1628  513  337  4  -2  
10  50  55  1639  513  337  4  -2  
10  50  55  1644  513  337  4  -2  
10  50  55  1656  513  337  4  -2  
10  50  55  1662  513  337  4  -2  
10  50  55  1671  513  337  4  -2  
10  50  55  1678  513  337  4  -2  
10  50  55  1688  513  337  4  -2  
10  50  55  1696  513  337  4  -2  
10  50  55  1705  513  337  4  -2  
10  50  55  1712  513  337  4  -2  
10  50  55  1722  513  337  4  -2  
10  50  55  1728  513  337  4  -2  
10  50  55  1738  513  337  4  -2  
10  50  55  1746  513  337  4  -2  
10  50  55  1755  513  337  4  -2  
10  50  55  1762  513  337  4  -2  
10  50  55  1772  513  337  4  -2  
10  50  56  1779  513  337  4  -2  
10  50  56  1788  513  337  4  -2  
10  50  56  1796  513  337  4  -2  
10  50  56  1806  511  337  4  -2  
10  50  56  1812  503  337  4  -2  
10  50  56  1822  503  337  4  -2  
10  50  56  1829  489  336  4  -2  
10  50  56  1839  489  336  4  -2  
10  50  56  1845  470  334  4  -2  
10  50  56  1855  460  333  4  -2  
10  50  56  1862  450  333  4  -2  
10  50  56  1872  440  333  4  -2  
10  50  56  1879  431  333  4  -2  
10  50  56  1888  423  333  4  -2  
10  50  56  1895  417  330  4  -2  
10  50  56  1906  412  330  4  -2  
10  50  56  1912  407  330  4  -2  
10  50  56  1922  402  330  4  -2  
