12  27  47  0  346  318  1  -2  
12  27  47  6  346  318  1  -2  
12  27  47  17  346  318  1  -2  
12  27  47  23  346  318  1  -2  
12  27  47  33  346  318  1  -2  
12  27  47  40  346  318  1  -2  
12  27  47  50  346  318  1  -2  
12  27  47  56  346  318  1  -2  
12  27  47  67  346  318  1  -2  
12  27  47  75  346  318  1  -2  
12  27  47  83  346  317  1  -2  
12  27  47  89  346  317  1  -2  
12  27  47  100  346  317  1  -2  
12  27  47  107  348  317  1  -2  
12  27  47  116  348  317  1  -2  
12  27  47  123  352  316  1  -2  
12  27  47  133  356  315  1  -2  
12  27  47  141  360  315  1  -2  
12  27  47  151  365  315  1  -2  
12  27  47  156  371  313  1  -2  
12  27  47  166  377  313  1  -2  
12  27  47  173  386  313  1  -2  
12  27  47  183  396  311  1  -2  
12  27  47  189  404  311  1  -2  
12  27  47  200  414  311  1  -2  
12  27  47  208  421  311  1  -2  
12  27  47  216  431  311  1  -2  
12  27  47  224  440  311  1  -2  
12  27  47  233  450  311  1  -2  
12  27  47  241  458  311  1  -2  
12  27  47  250  466  311  1  -2  
12  27  47  257  475  311  1  -2  
12  27  47  266  483  311  1  -2  
12  27  47  274  492  311  1  -2  
12  27  47  283  498  311  2  -2  
12  27  47  290  505  311  2  -2  
12  27  48  300  505  311  2  -2  
12  27  48  308  508  311  2  -2  
12  27  48  317  509  311  2  -2  
12  27  48  323  510  311  2  -2  
12  27  48  333  511  311  2  -2  
12  27  48  340  513  311  2  -2  
12  27  48  351  513  311  2  -2  
12  27  48  358  514  311  2  -2  
12  27  48  367  515  311  2  -2  
12  27  48  373  516  311  2  -2  
12  27  48  383  516  311  2  -2  
12  27  48  391  516  311  2  -2  
12  27  48  400  516  311  2  -2  
12  27  48  407  516  311  2  -2  
12  27  48  416  516  311  2  -2  
12  27  48  423  516  311  2  -2  
12  27  48  433  516  311  2  -2  
12  27  48  441  518  311  2  -2  
12  27  48  450  518  311  2  -2  
12  27  48  456  520  311  2  -2  
12  27  48  466  523  311  2  -2  
12  27  48  473  524  311  2  -2  
12  27  48  483  527  311  2  -2  
12  27  48  490  529  311  2  -2  
12  27  48  501  530  311  2  -2  
12  27  48  509  532  311  2  -2  
12  27  48  517  532  311  2  -2  
12  27  48  524  532  311  2  -2  
12  27  48  534  532  311  2  -2  
12  27  48  541  532  311  2  -2  
12  27  48  550  532  311  2  -2  
12  27  48  558  532  311  2  -2  
12  27  48  567  532  311  2  -2  
12  27  48  574  532  311  2  -2  
12  27  48  583  532  311  2  -2  
12  27  48  591  532  311  2  -2  
12  27  48  600  532  311  2  -2  
12  27  48  607  532  311  2  -2  
12  27  48  616  532  311  2  -2  
12  27  48  624  532  311  2  -2  
12  27  48  633  532  311  2  -2  
12  27  48  641  532  311  2  -2  
12  27  48  650  532  311  2  -2  
12  27  48  658  532  311  2  -2  
12  27  48  666  532  311  2  -2  
12  27  48  673  532  311  2  -2  
12  27  48  683  532  311  2  -2  
12  27  48  690  532  311  2  -2  
12  27  48  700  532  311  2  -2  
12  27  48  708  532  311  2  -2  
12  27  48  716  532  311  2  -2  
12  27  48  724  532  311  2  -2  
12  27  48  733  532  311  2  -2  
12  27  48  740  532  311  2  -2  
12  27  48  750  532  311  2  -2  
12  27  48  757  532  311  2  -2  
12  27  48  767  532  311  2  -2  
12  27  48  774  532  311  2  -2  
12  27  48  784  532  311  2  -2  
12  27  48  790  532  311  2  -2  
12  27  48  800  532  311  2  -2  
12  27  48  808  532  311  2  -2  
12  27  48  817  532  311  2  -2  
12  27  48  824  532  311  2  -2  
12  27  48  833  532  311  2  -2  
12  27  48  840  532  311  2  -2  
12  27  48  850  532  311  2  -2  
12  27  48  858  532  311  2  -2  
12  27  48  866  532  311  2  -2  
12  27  48  874  531  312  2  -2  
12  27  48  883  531  312  2  -2  
12  27  48  890  531  312  2  -2  
12  27  48  900  530  312  2  -2  
12  27  48  908  527  312  2  -2  
12  27  48  916  525  312  2  -2  
12  27  48  925  523  313  2  -2  
12  27  48  933  519  313  2  -2  
12  27  48  940  516  314  2  -2  
12  27  48  950  513  314  2  -2  
12  27  48  957  509  314  2  -2  
12  27  48  967  505  314  2  -2  
12  27  48  973  502  314  2  -2  
12  27  48  982  499  314  2  -2  
12  27  48  990  495  314  2  -2  
12  27  48  999  492  314  2  -2  
12  27  48  1006  488  314  2  -2  
12  27  48  1016  483  314  2  -2  
12  27  48  1023  479  314  2  -2  
12  27  48  1032  474  314  2  -2  
12  27  48  1040  467  314  2  -2  
12  27  48  1049  461  314  2  -2  
12  27  48  1057  454  314  2  -2  
12  27  48  1066  449  314  2  -2  
12  27  48  1073  440  314  2  -2  
12  27  48  1082  433  314  2  -2  
12  27  48  1090  428  313  2  -2  
12  27  48  1099  421  313  2  -2  
12  27  48  1107  412  311  2  -2  
12  27  48  1115  409  310  2  -2  
12  27  48  1124  404  310  2  -2  
12  27  48  1132  400  310  2  -2  
12  27  48  1140  397  310  3  -2  
12  27  48  1149  393  310  3  -2  
12  27  48  1156  390  309  3  -2  
12  27  48  1165  387  309  3  -2  
12  27  48  1173  385  308  3  -2  
12  27  48  1182  383  307  3  -2  
12  27  48  1190  381  307  3  -2  
12  27  48  1199  379  307  3  -2  
12  27  48  1207  377  306  3  -2  
12  27  48  1215  375  306  3  -2  
12  27  48  1223  374  306  3  -2  
12  27  48  1232  371  306  3  -2  
12  27  48  1239  370  306  3  -2  
12  27  48  1249  370  305  3  -2  
12  27  48  1256  367  305  3  -2  
12  27  48  1266  367  305  3  -2  
12  27  48  1273  365  305  3  -2  
12  27  48  1282  364  305  3  -2  
12  27  48  1289  362  305  3  -2  
12  27  49  1300  359  305  3  -2  
12  27  49  1307  359  305  3  -2  
12  27  49  1315  358  305  3  -2  
12  27  49  1323  358  305  3  -2  
12  27  49  1332  358  305  3  -2  
12  27  49  1340  358  305  3  -2  
12  27  49  1349  357  305  3  -2  
12  27  49  1357  357  305  3  -2  
12  27  49  1366  357  305  3  -2  
12  27  49  1374  355  305  3  -2  
12  27  49  1383  355  305  3  -2  
12  27  49  1391  355  305  3  -2  
12  27  49  1400  355  305  3  -2  
12  27  49  1407  355  305  3  -2  
12  27  49  1416  355  305  3  -2  
12  27  49  1424  355  305  3  -2  
12  27  49  1432  355  305  3  -2  
12  27  49  1440  355  305  3  -2  
12  27  49  1450  354  305  3  -2  
12  27  49  1457  354  305  3  -2  
12  27  49  1466  354  305  3  -2  
12  27  49  1474  354  305  3  -2  
12  27  49  1483  354  305  3  -2  
12  27  49  1490  354  305  3  -2  
12  27  49  1500  354  305  3  -2  
12  27  49  1509  354  305  3  -2  
12  27  49  1517  354  305  3  -2  
12  27  49  1524  354  305  3  -2  
12  27  49  1532  354  305  3  -2  
12  27  49  1541  354  305  3  -2  
12  27  49  1550  354  305  3  -2  
12  27  49  1557  354  305  3  -2  
12  27  49  1567  354  305  3  -2  
12  27  49  1574  354  305  3  -2  
12  27  49  1582  354  305  3  -2  
12  27  49  1591  354  305  3  -2  
12  27  49  1600  354  305  3  -2  
12  27  49  1607  354  305  3  -2  
12  27  49  1617  355  305  3  -2  
12  27  49  1623  357  305  3  -2  
12  27  49  1633  358  304  3  -2  
12  27  49  1641  359  303  3  -2  
12  27  49  1650  362  303  3  -2  
12  27  49  1657  365  302  3  -2  
12  27  49  1667  367  302  3  -2  
12  27  49  1674  370  302  3  -2  
12  27  49  1682  372  302  3  -2  
12  27  49  1691  376  302  3  -2  
12  27  49  1700  378  302  3  -2  
12  27  49  1708  385  302  3  -2  
12  27  49  1715  388  302  3  -2  
12  27  49  1723  388  302  3  -2  
12  27  49  1734  395  302  3  -2  
12  27  49  1742  400  302  3  -2  
12  27  49  1750  405  302  3  -2  
12  27  49  1758  411  302  3  -2  
12  27  49  1767  414  302  3  -2  
12  27  49  1774  418  302  3  -2  
12  27  49  1783  423  302  3  -2  
12  27  49  1791  427  302  3  -2  
12  27  49  1800  432  302  3  -2  
12  27  49  1807  437  302  3  -2  
12  27  49  1816  442  302  3  -2  
12  27  49  1825  448  302  3  -2  
12  27  49  1833  450  302  3  -2  
12  27  49  1841  454  302  3  -2  
12  27  49  1850  457  303  3  -2  
12  27  49  1857  459  303  3  -2  
12  27  49  1866  461  303  3  -2  
12  27  49  1874  463  304  3  -2  
12  27  49  1883  463  304  3  -2  
12  27  49  1891  467  304  3  -2  
12  27  49  1899  471  304  3  -2  
12  27  49  1907  474  305  3  -2  
12  27  49  1916  474  305  3  -2  
12  27  49  1924  479  307  3  -2  
12  27  49  1933  481  307  3  -2  
12  27  49  1941  485  307  3  -2  
12  27  49  1951  487  308  3  -2  
12  27  49  1957  489  308  3  -2  
12  27  49  1966  493  308  3  -2  
12  27  49  1974  494  308  3  -2  
12  27  49  1983  498  308  4  -2  
12  27  49  1991  501  309  4  -2  
12  27  49  1999  502  309  4  -2  
12  27  49  2008  506  309  4  -2  
12  27  49  2017  507  309  4  -2  
12  27  49  2023  509  309  4  -2  
12  27  49  2033  510  309  4  -2  
12  27  49  2041  511  309  4  -2  
12  27  49  2049  511  309  4  -2  
12  27  49  2058  513  309  4  -2  
12  27  49  2066  514  309  4  -2  
12  27  49  2075  514  309  4  -2  
12  27  49  2083  515  309  4  -2  
12  27  49  2091  516  309  4  -2  
12  27  49  2100  516  309  4  -2  
12  27  49  2107  519  311  4  -2  
12  27  49  2116  519  311  4  -2  
12  27  49  2124  519  311  4  -2  
12  27  49  2134  520  311  4  -2  
12  27  49  2142  521  311  4  -2  
12  27  49  2150  523  311  4  -2  
12  27  49  2159  524  311  4  -2  
12  27  49  2165  525  311  4  -2  
12  27  49  2174  526  311  4  -2  
12  27  49  2183  526  311  4  -2  
12  27  49  2191  526  311  4  -2  
12  27  49  2200  528  311  4  -2  
12  27  49  2207  528  311  4  -2  
12  27  49  2217  529  311  4  -2  
12  27  49  2224  529  311  4  -2  
12  27  49  2233  529  311  4  -2  
12  27  49  2241  529  311  4  -2  
12  27  49  2249  530  311  4  -2  
12  27  49  2258  532  311  4  -2  
12  27  49  2267  533  311  4  -2  
12  27  49  2274  534  311  4  -2  
12  27  49  2283  535  311  4  -2  
12  27  49  2291  536  311  4  -2  
12  27  50  2301  536  311  4  -2  
12  27  50  2308  536  311  4  -2  
12  27  50  2316  536  311  4  -2  
12  27  50  2324  536  311  4  -2  
12  27  50  2333  536  311  4  -2  
12  27  50  2341  536  311  4  -2  
12  27  50  2351  536  311  4  -2  
12  27  50  2358  536  311  4  -2  
12  27  50  2366  536  311  4  -2  
12  27  50  2374  536  311  4  -2  
12  27  50  2383  536  311  4  -2  
12  27  50  2392  536  311  4  -2  
12  27  50  2401  536  311  4  -2  
12  27  50  2408  536  311  4  -2  
12  27  50  2416  536  311  4  -2  
12  27  50  2424  536  312  4  -2  
12  27  50  2433  536  312  4  -2  
12  27  50  2441  536  312  4  -2  
12  27  50  2449  536  312  4  -2  
12  27  50  2458  536  312  4  -2  
12  27  50  2466  534  312  4  -2  
12  27  50  2474  533  313  4  -2  
12  27  50  2483  532  313  4  -2  
12  27  50  2491  529  315  4  -2  
12  27  50  2501  527  315  4  -2  
12  27  50  2507  521  315  4  -2  
12  27  50  2516  521  315  4  -2  
12  27  50  2524  511  315  4  -2  
12  27  50  2533  504  315  4  -2  
12  27  50  2541  496  315  4  -2  
12  27  50  2549  484  315  4  -2  
12  27  50  2559  471  315  4  -2  
12  27  50  2567  457  315  4  -2  
12  27  50  2574  444  315  4  -2  
12  27  50  2583  431  315  4  -2  
12  27  50  2591  419  315  4  -2  
12  27  50  2601  406  315  4  -2  
