15  55  40  0  371  312  1  -2  
15  55  40  8  371  312  1  -2  
15  55  40  17  371  312  1  -2  
15  55  40  25  371  312  1  -2  
15  55  40  33  371  312  1  -2  
15  55  40  41  371  312  1  -2  
15  55  40  50  371  312  1  -2  
15  55  40  58  371  312  1  -2  
15  55  40  66  371  312  1  -2  
15  55  40  74  371  312  1  -2  
15  55  40  84  371  312  1  -2  
15  55  40  91  371  312  1  -2  
15  55  40  100  371  312  1  -2  
15  55  40  108  371  312  1  -2  
15  55  40  116  371  312  1  -2  
15  55  40  126  371  312  1  -2  
15  55  40  133  371  312  1  -2  
15  55  40  141  376  312  1  -2  
15  55  40  149  386  312  1  -2  
15  55  40  157  401  312  1  -2  
15  55  40  166  416  312  1  -2  
15  55  40  176  432  312  1  -2  
15  55  40  186  450  312  1  -2  
15  55  40  193  450  312  1  -2  
15  55  40  202  450  312  1  -2  
15  55  40  209  450  312  1  -2  
15  55  40  220  450  312  1  -2  
15  55  40  225  516  312  2  -2  
15  55  40  236  516  312  2  -2  
15  55  40  243  516  312  2  -2  
15  55  40  252  516  312  2  -2  
15  55  40  260  516  312  2  -2  
15  55  40  267  516  312  2  -2  
15  55  40  276  516  312  2  -2  
15  55  40  284  516  312  2  -2  
15  55  40  294  516  312  2  -2  
15  55  40  302  516  312  2  -2  
15  55  40  309  516  312  2  -2  
15  55  40  319  516  312  2  -2  
15  55  40  327  516  312  2  -2  
15  55  40  336  516  312  2  -2  
15  55  40  343  516  312  2  -2  
15  55  40  350  516  312  2  -2  
15  55  40  359  516  312  2  -2  
15  55  40  369  516  312  2  -2  
15  55  41  376  516  312  2  -2  
15  55  41  385  516  312  2  -2  
15  55  41  394  516  312  2  -2  
15  55  41  403  516  312  2  -2  
15  55  41  410  516  312  2  -2  
15  55  41  419  516  312  2  -2  
15  55  41  427  516  312  2  -2  
15  55  41  436  516  312  2  -2  
15  55  41  444  516  312  2  -2  
15  55  41  453  516  312  2  -2  
15  55  41  460  512  314  2  -2  
15  55  41  469  503  315  2  -2  
15  55  41  475  493  317  2  -2  
15  55  41  487  481  317  2  -2  
15  55  41  494  451  321  2  -2  
15  55  41  504  451  321  2  -2  
15  55  41  510  418  321  2  -2  
15  55  41  520  418  321  2  -2  
15  55  41  526  390  321  3  -2  
15  55  41  538  390  321  3  -2  
15  55  41  545  368  321  3  -2  
15  55  41  556  366  321  3  -2  
15  55  41  562  362  321  3  -2  
15  55  41  571  361  321  3  -2  
15  55  41  578  361  321  3  -2  
15  55  41  589  361  321  3  -2  
15  55  41  595  361  321  3  -2  
15  55  41  604  361  321  3  -2  
15  55  41  612  361  321  3  -2  
15  55  41  622  361  321  3  -2  
15  55  41  628  361  321  3  -2  
15  55  41  638  361  321  3  -2  
15  55  41  644  361  321  3  -2  
15  55  41  656  361  321  3  -2  
15  55  41  663  361  321  3  -2  
15  55  41  672  361  321  3  -2  
15  55  41  679  361  321  3  -2  
15  55  41  688  361  321  3  -2  
15  55  41  695  361  321  3  -2  
15  55  41  706  361  321  3  -2  
15  55  41  713  361  321  3  -2  
15  55  41  722  361  321  3  -2  
15  55  41  728  361  321  3  -2  
15  55  41  739  361  321  3  -2  
15  55  41  746  361  321  3  -2  
15  55  41  756  361  321  3  -2  
15  55  41  763  361  321  3  -2  
15  55  41  772  361  321  3  -2  
15  55  41  779  361  321  3  -2  
15  55  41  788  361  321  3  -2  
15  55  41  796  361  321  3  -2  
15  55  41  806  361  321  3  -2  
15  55  41  813  361  321  3  -2  
15  55  41  823  361  321  3  -2  
15  55  41  829  361  321  3  -2  
15  55  41  838  361  321  3  -2  
15  55  41  846  361  321  3  -2  
15  55  41  856  361  321  3  -2  
15  55  41  863  361  321  3  -2  
15  55  41  873  361  321  3  -2  
15  55  41  880  361  321  3  -2  
15  55  41  889  361  321  3  -2  
15  55  41  895  361  321  3  -2  
15  55  41  906  361  321  3  -2  
15  55  41  913  361  321  3  -2  
15  55  41  923  361  321  3  -2  
15  55  41  932  361  321  3  -2  
15  55  41  939  361  321  3  -2  
15  55  41  946  361  321  3  -2  
15  55  41  956  361  321  3  -2  
15  55  41  964  361  321  3  -2  
15  55  41  973  361  321  3  -2  
15  55  41  980  361  321  3  -2  
15  55  41  988  361  321  3  -2  
15  55  41  998  361  321  3  -2  
15  55  41  1005  367  321  3  -2  
15  55  41  1014  379  321  3  -2  
15  55  41  1023  392  321  3  -2  
15  55  41  1032  407  321  3  -2  
15  55  41  1039  446  321  3  -2  
15  55  41  1047  446  321  3  -2  
15  55  41  1056  497  321  4  -2  
15  55  41  1066  515  321  4  -2  
15  55  41  1073  534  321  4  -2  
15  55  41  1082  545  321  4  -2  
15  55  41  1090  550  321  4  -2  
15  55  41  1098  552  321  4  -2  
15  55  41  1106  552  321  4  -2  
15  55  41  1114  552  321  4  -2  
15  55  41  1124  552  321  4  -2  
15  55  41  1132  552  321  4  -2  
15  55  41  1140  552  321  4  -2  
15  55  41  1148  552  321  4  -2  
15  55  41  1156  552  321  4  -2  
15  55  41  1165  553  322  4  -2  
15  55  41  1173  552  323  4  -2  
15  55  41  1182  546  323  4  -2  
15  55  41  1190  536  323  4  -2  
15  55  41  1198  524  323  4  -2  
15  55  41  1206  508  323  4  -2  
15  55  41  1215  491  323  4  -2  
15  55  41  1224  473  323  4  -2  
15  55  41  1232  437  323  4  -2  
15  55  41  1241  422  323  4  -2  
15  55  41  1249  408  323  4  -2  
15  55  41  1258  398  323  5  -2  
15  55  41  1266  393  323  5  -2  
15  55  41  1275  391  323  5  -2  
15  55  41  1283  388  323  5  -2  
15  55  41  1290  387  323  5  -2  
15  55  41  1298  386  323  5  -2  
15  55  41  1306  385  323  5  -2  
15  55  41  1316  383  323  5  -2  
15  55  41  1325  382  323  5  -2  
15  55  41  1332  379  323  5  -2  
15  55  41  1341  376  323  5  -2  
15  55  41  1348  375  323  5  -2  
15  55  41  1358  371  323  5  -2  
15  55  41  1365  370  323  5  -2  
15  55  42  1374  370  323  5  -2  
15  55  42  1383  370  323  5  -2  
15  55  42  1391  370  323  5  -2  
15  55  42  1398  370  323  5  -2  
15  55  42  1408  370  323  5  -2  
15  55  42  1415  370  323  5  -2  
15  55  42  1424  370  323  5  -2  
15  55  42  1432  370  323  5  -2  
15  55  42  1440  370  323  5  -2  
15  55  42  1448  370  323  5  -2  
15  55  42  1457  370  323  5  -2  
15  55  42  1466  370  323  5  -2  
15  55  42  1475  370  323  5  -2  
15  55  42  1484  370  323  5  -2  
15  55  42  1490  370  323  5  -2  
15  55  42  1500  370  323  5  -2  
15  55  42  1508  370  323  5  -2  
15  55  42  1518  370  323  5  -2  
15  55  42  1525  370  323  5  -2  
15  55  42  1534  370  323  5  -2  
15  55  42  1540  370  323  5  -2  
15  55  42  1552  370  323  5  -2  
15  55  42  1559  370  323  5  -2  
15  55  42  1568  370  323  5  -2  
15  55  42  1575  370  323  5  -2  
15  55  42  1585  370  323  5  -2  
15  55  42  1592  370  323  5  -2  
15  55  42  1601  370  323  5  -2  
15  55  42  1609  370  323  5  -2  
15  55  42  1618  370  323  5  -2  
15  55  42  1625  370  323  5  -2  
15  55  42  1635  370  323  5  -2  
15  55  42  1643  371  323  5  -2  
15  55  42  1652  372  323  5  -2  
15  55  42  1658  373  323  5  -2  
15  55  42  1669  375  323  5  -2  
15  55  42  1675  378  323  5  -2  
15  55  42  1686  386  323  5  -2  
15  55  42  1693  398  323  5  -2  
15  55  42  1702  414  323  5  -2  
15  55  42  1710  435  323  5  -2  
15  55  42  1719  455  323  5  -2  
15  55  42  1726  492  323  5  -2  
15  55  42  1735  492  323  5  -2  
15  55  42  1743  516  323  6  -2  
15  55  42  1752  521  323  6  -2  
15  55  42  1760  522  323  6  -2  
15  55  42  1769  522  323  6  -2  
15  55  42  1775  522  323  6  -2  
15  55  42  1786  522  323  6  -2  
15  55  42  1793  522  323  6  -2  
15  55  42  1802  522  323  6  -2  
15  55  42  1808  522  323  6  -2  
15  55  42  1819  522  323  6  -2  
15  55  42  1827  522  323  6  -2  
15  55  42  1836  522  323  6  -2  
15  55  42  1843  522  323  6  -2  
15  55  42  1852  522  323  6  -2  
15  55  42  1860  522  323  6  -2  
15  55  42  1869  522  323  6  -2  
15  55  42  1877  522  323  6  -2  
15  55  42  1886  522  323  6  -2  
15  55  42  1894  522  323  6  -2  
15  55  42  1904  522  323  6  -2  
15  55  42  1909  522  323  6  -2  
15  55  42  1919  522  323  6  -2  
15  55  42  1926  522  323  6  -2  
15  55  42  1937  522  323  6  -2  
15  55  42  1945  522  323  6  -2  
15  55  42  1956  522  323  6  -2  
15  55  42  1964  522  323  6  -2  
15  55  42  1974  522  323  6  -2  
15  55  42  1982  522  323  6  -2  
15  55  42  1991  522  323  6  -2  
15  55  42  1999  522  323  6  -2  
15  55  42  2008  522  323  6  -2  
15  55  42  2015  522  323  6  -2  
15  55  42  2025  522  323  6  -2  
15  55  42  2035  522  323  6  -2  
