10  48  48  0  366  317  1  -2  
10  48  48  8  366  317  1  -2  
10  48  48  16  366  317  1  -2  
10  48  48  22  366  317  1  -2  
10  48  48  34  366  317  1  -2  
10  48  49  41  366  317  1  -2  
10  48  49  49  366  317  1  -2  
10  48  49  57  366  317  1  -2  
10  48  49  66  366  317  1  -2  
10  48  49  74  366  317  1  -2  
10  48  49  82  366  317  1  -2  
10  48  49  91  366  317  1  -2  
10  48  49  100  366  317  1  -2  
10  48  49  107  366  317  1  -2  
10  48  49  116  366  317  1  -2  
10  48  49  124  366  317  1  -2  
10  48  49  135  366  317  1  -2  
10  48  49  142  366  317  1  -2  
10  48  49  150  366  317  1  -2  
10  48  49  160  366  317  1  -2  
10  48  49  169  366  317  1  -2  
10  48  49  179  366  317  1  -2  
10  48  49  187  366  317  1  -2  
10  48  49  197  366  317  1  -2  
10  48  49  205  366  317  1  -2  
10  48  49  212  366  317  1  -2  
10  48  49  222  366  317  1  -2  
10  48  49  231  366  317  1  -2  
10  48  49  239  366  317  1  -2  
10  48  49  248  366  317  1  -2  
10  48  49  255  366  317  1  -2  
10  48  49  266  366  317  1  -2  
10  48  49  272  366  317  1  -2  
10  48  49  282  366  317  1  -2  
10  48  49  288  366  317  1  -2  
10  48  49  298  366  317  1  -2  
10  48  49  305  366  317  1  -2  
10  48  49  316  366  317  1  -2  
10  48  49  322  366  317  1  -2  
10  48  49  332  366  317  1  -2  
10  48  49  338  366  317  1  -2  
10  48  49  348  366  317  1  -2  
10  48  49  356  366  317  1  -2  
10  48  49  366  366  317  1  -2  
10  48  49  372  369  317  1  -2  
10  48  49  383  369  317  1  -2  
10  48  49  389  372  317  1  -2  
10  48  49  400  373  317  1  -2  
10  48  49  407  376  317  1  -2  
10  48  49  416  381  317  1  -2  
10  48  49  422  385  318  1  -2  
10  48  49  432  394  320  1  -2  
10  48  49  439  401  321  1  -2  
10  48  49  450  408  321  1  -2  
10  48  49  456  418  323  1  -2  
10  48  49  464  427  325  1  -2  
10  48  49  472  438  326  1  -2  
10  48  49  482  450  327  1  -2  
10  48  49  489  462  330  1  -2  
10  48  49  499  471  331  1  -2  
10  48  49  506  477  331  1  -2  
10  48  49  516  486  331  1  -2  
10  48  49  522  489  331  1  -2  
10  48  49  532  492  332  1  -2  
10  48  49  539  498  332  1  -2  
10  48  49  549  498  332  1  -2  
10  48  49  556  501  332  2  -2  
10  48  49  566  504  332  2  -2  
10  48  49  572  505  332  2  -2  
10  48  49  582  508  332  2  -2  
10  48  49  590  511  332  2  -2  
10  48  49  599  514  332  2  -2  
10  48  49  607  519  333  2  -2  
10  48  49  616  523  333  2  -2  
10  48  49  622  526  334  2  -2  
10  48  49  632  528  335  2  -2  
10  48  49  640  529  335  2  -2  
10  48  49  649  531  335  2  -2  
10  48  49  656  532  335  2  -2  
10  48  49  666  532  335  2  -2  
10  48  49  672  532  335  2  -2  
10  48  49  682  532  335  2  -2  
10  48  49  689  532  335  2  -2  
10  48  49  699  532  335  2  -2  
10  48  49  706  532  335  2  -2  
10  48  49  716  532  335  2  -2  
10  48  49  722  532  335  2  -2  
10  48  49  731  532  335  2  -2  
10  48  49  738  532  335  2  -2  
10  48  49  748  532  335  2  -2  
10  48  49  756  532  335  2  -2  
10  48  49  765  532  335  2  -2  
10  48  49  771  532  335  2  -2  
10  48  49  781  532  335  2  -2  
10  48  49  788  532  335  2  -2  
10  48  49  798  532  335  2  -2  
10  48  49  806  532  335  2  -2  
10  48  49  815  532  335  2  -2  
10  48  49  821  532  335  2  -2  
10  48  49  831  532  335  2  -2  
10  48  49  838  532  335  2  -2  
10  48  49  848  532  335  2  -2  
10  48  49  855  532  335  2  -2  
10  48  49  865  532  335  2  -2  
10  48  49  871  532  335  2  -2  
10  48  49  881  532  335  2  -2  
10  48  49  889  531  335  2  -2  
10  48  49  898  523  335  2  -2  
10  48  49  906  515  335  2  -2  
10  48  49  915  503  335  2  -2  
10  48  49  921  492  335  2  -2  
10  48  49  931  480  335  2  -2  
10  48  49  937  465  335  2  -2  
10  48  49  948  450  335  2  -2  
10  48  49  956  422  335  2  -2  
10  48  49  965  408  333  2  -2  
10  48  49  971  397  332  2  -2  
10  48  49  981  388  329  3  -2  
10  48  49  988  379  329  3  -2  
10  48  49  998  372  328  3  -2  
10  48  49  1006  367  327  3  -2  
10  48  49  1015  364  327  3  -2  
10  48  49  1022  362  327  3  -2  
10  48  49  1031  361  327  3  -2  
10  48  50  1038  359  327  3  -2  
10  48  50  1048  359  327  3  -2  
10  48  50  1055  359  327  3  -2  
10  48  50  1064  358  327  3  -2  
10  48  50  1072  357  327  3  -2  
10  48  50  1081  357  327  3  -2  
10  48  50  1089  357  327  3  -2  
10  48  50  1098  356  327  3  -2  
10  48  50  1106  356  327  3  -2  
10  48  50  1115  355  327  3  -2  
10  48  50  1122  355  327  3  -2  
10  48  50  1131  355  327  3  -2  
10  48  50  1139  355  327  3  -2  
10  48  50  1148  355  327  3  -2  
10  48  50  1154  355  327  3  -2  
10  48  50  1164  355  327  3  -2  
10  48  50  1172  355  327  3  -2  
10  48  50  1181  355  327  3  -2  
10  48  50  1188  355  327  3  -2  
10  48  50  1199  355  327  3  -2  
10  48  50  1206  355  327  3  -2  
10  48  50  1215  355  327  3  -2  
10  48  50  1222  355  327  3  -2  
10  48  50  1231  355  327  3  -2  
10  48  50  1238  355  327  3  -2  
10  48  50  1248  355  327  3  -2  
10  48  50  1256  355  327  3  -2  
10  48  50  1264  355  327  3  -2  
10  48  50  1273  355  327  3  -2  
10  48  50  1282  355  327  3  -2  
10  48  50  1289  355  327  3  -2  
10  48  50  1298  355  327  3  -2  
10  48  50  1306  355  327  3  -2  
10  48  50  1314  355  327  3  -2  
10  48  50  1323  355  327  3  -2  
10  48  50  1331  355  327  3  -2  
10  48  50  1339  355  327  3  -2  
10  48  50  1348  355  327  3  -2  
10  48  50  1356  355  327  3  -2  
10  48  50  1364  355  327  3  -2  
10  48  50  1372  355  327  3  -2  
10  48  50  1381  355  327  3  -2  
10  48  50  1389  355  327  3  -2  
10  48  50  1398  355  327  3  -2  
10  48  50  1406  355  327  3  -2  
10  48  50  1415  355  327  3  -2  
10  48  50  1423  355  327  3  -2  
10  48  50  1431  355  327  3  -2  
10  48  50  1439  355  327  3  -2  
10  48  50  1448  355  327  3  -2  
10  48  50  1456  355  327  3  -2  
10  48  50  1464  355  327  3  -2  
10  48  50  1472  355  327  3  -2  
10  48  50  1481  355  327  3  -2  
10  48  50  1488  355  327  3  -2  
10  48  50  1498  355  327  3  -2  
10  48  50  1505  355  327  3  -2  
10  48  50  1514  355  327  3  -2  
10  48  50  1522  355  327  3  -2  
10  48  50  1531  355  327  3  -2  
10  48  50  1539  355  327  3  -2  
10  48  50  1548  355  327  3  -2  
10  48  50  1557  355  327  3  -2  
10  48  50  1564  355  327  3  -2  
10  48  50  1573  355  327  3  -2  
10  48  50  1581  355  327  3  -2  
10  48  50  1589  355  327  3  -2  
10  48  50  1598  355  327  3  -2  
10  48  50  1606  355  327  3  -2  
10  48  50  1614  355  327  3  -2  
10  48  50  1622  355  327  3  -2  
10  48  50  1631  355  327  3  -2  
10  48  50  1640  355  327  3  -2  
10  48  50  1648  355  327  3  -2  
10  48  50  1657  355  327  3  -2  
10  48  50  1665  355  327  3  -2  
10  48  50  1672  355  327  3  -2  
10  48  50  1681  355  327  3  -2  
10  48  50  1690  355  327  3  -2  
10  48  50  1698  355  327  3  -2  
10  48  50  1706  355  327  3  -2  
10  48  50  1714  355  327  3  -2  
10  48  50  1722  355  327  3  -2  
10  48  50  1731  355  327  3  -2  
10  48  50  1739  355  327  3  -2  
10  48  50  1748  355  327  3  -2  
10  48  50  1756  355  327  3  -2  
10  48  50  1765  355  327  3  -2  
10  48  50  1771  355  327  3  -2  
10  48  50  1781  355  327  3  -2  
10  48  50  1790  355  327  3  -2  
10  48  50  1798  355  327  3  -2  
10  48  50  1806  355  327  3  -2  
10  48  50  1814  355  327  3  -2  
10  48  50  1822  355  327  3  -2  
10  48  50  1831  355  327  3  -2  
10  48  50  1839  355  327  3  -2  
10  48  50  1848  355  327  3  -2  
10  48  50  1857  355  327  3  -2  
10  48  50  1864  355  327  3  -2  
10  48  50  1873  355  327  3  -2  
10  48  50  1880  355  327  3  -2  
10  48  50  1889  358  327  3  -2  
10  48  50  1898  363  327  3  -2  
10  48  50  1907  370  327  3  -2  
10  48  50  1914  378  327  3  -2  
10  48  50  1924  390  327  3  -2  
10  48  50  1931  403  327  3  -2  
10  48  50  1939  421  327  3  -2  
10  48  50  1949  436  327  3  -2  
10  48  50  1957  470  330  3  -2  
10  48  50  1965  486  330  3  -2  
10  48  50  1972  499  330  4  -2  
10  48  50  1981  509  330  4  -2  
10  48  50  1990  516  330  4  -2  
10  48  50  1999  521  330  4  -2  
10  48  50  2007  525  330  4  -2  
10  48  50  2014  527  330  4  -2  
10  48  50  2023  528  330  4  -2  
10  48  50  2031  529  330  4  -2  
10  48  51  2041  530  330  4  -2  
10  48  51  2049  532  330  4  -2  
10  48  51  2057  533  330  4  -2  
10  48  51  2064  534  330  4  -2  
10  48  51  2072  536  330  4  -2  
10  48  51  2082  537  330  4  -2  
10  48  51  2090  537  330  4  -2  
10  48  51  2099  537  330  4  -2  
10  48  51  2107  537  330  4  -2  
10  48  51  2116  537  330  4  -2  
10  48  51  2123  537  330  4  -2  
10  48  51  2133  537  330  4  -2  
10  48  51  2141  537  330  4  -2  
10  48  51  2149  537  330  4  -2  
10  48  51  2158  537  330  4  -2  
10  48  51  2167  537  330  4  -2  
10  48  51  2174  537  330  4  -2  
10  48  51  2183  537  330  4  -2  
10  48  51  2191  537  330  4  -2  
10  48  51  2200  533  330  4  -2  
10  48  51  2208  526  330  4  -2  
10  48  51  2217  511  329  4  -2  
10  48  51  2225  491  327  4  -2  
10  48  51  2233  461  322  4  -2  
10  48  51  2240  418  315  4  -2  
