15  55  23  0  363  314  1  -2  
15  55  23  6  363  314  1  -2  
15  55  23  14  363  314  1  -2  
15  55  23  23  363  314  1  -2  
15  55  23  30  363  314  1  -2  
15  55  23  40  363  314  1  -2  
15  55  23  48  363  314  1  -2  
15  55  23  56  363  314  1  -2  
15  55  23  65  363  314  1  -2  
15  55  23  73  363  314  1  -2  
15  55  23  81  363  314  1  -2  
15  55  23  90  363  314  1  -2  
15  55  23  97  363  314  1  -2  
15  55  23  106  363  314  1  -2  
15  55  23  115  363  314  1  -2  
15  55  23  123  363  314  1  -2  
15  55  23  131  363  314  1  -2  
15  55  23  139  363  314  1  -2  
15  55  23  148  363  314  1  -2  
15  55  23  157  363  314  1  -2  
15  55  23  164  366  314  1  -2  
15  55  23  174  372  314  1  -2  
15  55  23  182  381  314  1  -2  
15  55  23  190  389  314  1  -2  
15  55  23  198  402  314  1  -2  
15  55  23  207  414  314  1  -2  
15  55  23  216  429  314  1  -2  
15  55  23  224  444  314  1  -2  
15  55  23  232  459  314  1  -2  
15  55  23  240  470  314  1  -2  
15  55  23  249  484  314  1  -2  
15  55  23  258  497  314  2  -2  
15  55  23  267  507  314  2  -2  
15  55  23  274  519  314  2  -2  
15  55  23  283  527  314  2  -2  
15  55  23  291  544  314  2  -2  
15  55  23  299  544  314  2  -2  
15  55  23  309  548  314  2  -2  
15  55  23  318  553  314  2  -2  
15  55  23  324  555  314  2  -2  
15  55  23  333  556  314  2  -2  
15  55  23  341  557  314  2  -2  
15  55  23  349  557  314  2  -2  
15  55  23  359  557  314  2  -2  
15  55  23  366  557  314  2  -2  
15  55  23  375  557  314  2  -2  
15  55  23  382  557  314  2  -2  
15  55  23  391  557  314  2  -2  
15  55  23  400  557  314  2  -2  
15  55  23  411  557  314  2  -2  
15  55  23  418  557  314  2  -2  
15  55  23  429  557  314  2  -2  
15  55  23  436  557  314  2  -2  
15  55  23  446  557  314  2  -2  
15  55  23  453  557  314  2  -2  
15  55  23  463  557  314  2  -2  
15  55  23  471  557  314  2  -2  
15  55  23  481  553  314  2  -2  
15  55  23  490  546  314  2  -2  
15  55  24  500  536  314  2  -2  
15  55  24  508  506  314  2  -2  
15  55  24  515  488  314  2  -2  
15  55  24  524  488  314  2  -2  
15  55  24  534  454  314  2  -2  
15  55  24  542  439  314  2  -2  
15  55  24  550  424  314  2  -2  
15  55  24  558  411  314  2  -2  
15  55  24  567  397  314  3  -2  
15  55  24  575  387  314  3  -2  
15  55  24  582  382  314  3  -2  
15  55  24  591  378  314  3  -2  
15  55  24  600  378  314  3  -2  
15  55  24  609  378  314  3  -2  
15  55  24  617  378  314  3  -2  
15  55  24  626  378  314  3  -2  
15  55  24  634  378  314  3  -2  
15  55  24  642  378  314  3  -2  
15  55  24  651  378  314  3  -2  
15  55  24  660  378  314  3  -2  
15  55  24  668  378  314  3  -2  
15  55  24  675  378  314  3  -2  
15  55  24  686  378  314  3  -2  
15  55  24  697  378  314  3  -2  
15  55  24  705  378  314  3  -2  
15  55  24  714  378  314  3  -2  
15  55  24  721  378  314  3  -2  
15  55  24  731  378  314  3  -2  
15  55  24  738  378  314  3  -2  
15  55  24  747  378  314  3  -2  
15  55  24  753  378  314  3  -2  
15  55  24  764  378  314  3  -2  
15  55  24  770  378  314  3  -2  
15  55  24  781  378  314  3  -2  
15  55  24  788  378  314  3  -2  
15  55  24  797  378  314  3  -2  
15  55  24  804  378  314  3  -2  
15  55  24  814  378  314  3  -2  
15  55  24  820  378  314  3  -2  
15  55  24  831  378  314  3  -2  
15  55  24  838  378  314  3  -2  
15  55  24  847  378  314  3  -2  
15  55  24  854  378  314  3  -2  
15  55  24  864  378  314  3  -2  
15  55  24  870  378  314  3  -2  
15  55  24  881  378  314  3  -2  
15  55  24  888  378  314  3  -2  
15  55  24  897  378  314  3  -2  
15  55  24  903  378  314  3  -2  
15  55  24  914  378  314  3  -2  
15  55  24  921  378  314  3  -2  
15  55  24  931  378  314  3  -2  
15  55  24  939  378  314  3  -2  
15  55  24  947  380  314  3  -2  
15  55  24  955  386  314  3  -2  
15  55  24  963  395  314  3  -2  
15  55  24  971  420  314  3  -2  
15  55  24  980  438  314  3  -2  
15  55  24  989  454  314  3  -2  
15  55  24  998  472  314  3  -2  
15  55  24  1006  489  314  3  -2  
15  55  24  1013  504  314  4  -2  
15  55  24  1021  515  314  4  -2  
15  55  24  1030  527  314  4  -2  
15  55  24  1039  536  314  4  -2  
15  55  24  1047  541  314  4  -2  
15  55  24  1056  543  314  4  -2  
15  55  24  1064  545  314  4  -2  
15  55  24  1072  545  314  4  -2  
15  55  24  1080  545  314  4  -2  
15  55  24  1088  545  314  4  -2  
15  55  24  1098  545  314  4  -2  
15  55  24  1106  545  314  4  -2  
15  55  24  1113  545  314  4  -2  
15  55  24  1123  545  314  4  -2  
15  55  24  1130  545  314  4  -2  
15  55  24  1139  545  314  4  -2  
15  55  24  1148  545  314  4  -2  
15  55  24  1156  545  314  4  -2  
15  55  24  1163  545  314  4  -2  
15  55  24  1173  541  314  4  -2  
15  55  24  1183  534  314  4  -2  
15  55  24  1191  527  314  4  -2  
15  55  24  1198  517  314  4  -2  
15  55  24  1210  507  314  4  -2  
15  55  24  1217  494  314  4  -2  
15  55  24  1224  477  314  4  -2  
15  55  24  1234  463  314  4  -2  
15  55  24  1242  448  314  4  -2  
15  55  24  1250  434  314  4  -2  
15  55  24  1259  426  314  4  -2  
15  55  24  1267  418  314  4  -2  
15  55  24  1276  406  314  4  -2  
15  55  24  1283  400  314  4  -2  
15  55  24  1293  395  314  5  -2  
15  55  24  1301  389  314  5  -2  
15  55  24  1310  383  314  5  -2  
15  55  24  1318  378  314  5  -2  
15  55  24  1326  374  316  5  -2  
15  55  24  1334  371  316  5  -2  
15  55  24  1342  371  316  5  -2  
15  55  24  1349  371  316  5  -2  
15  55  24  1359  371  316  5  -2  
15  55  24  1367  371  316  5  -2  
15  55  24  1375  371  316  5  -2  
15  55  24  1383  371  316  5  -2  
15  55  24  1393  374  316  5  -2  
15  55  24  1401  381  316  5  -2  
15  55  24  1410  392  316  5  -2  
15  55  24  1417  409  316  5  -2  
15  55  24  1427  429  316  5  -2  
15  55  24  1436  456  316  5  -2  
15  55  24  1445  521  316  6  -2  
15  55  24  1452  548  316  6  -2  
15  55  24  1461  567  316  6  -2  
15  55  24  1469  578  316  6  -2  
15  55  24  1480  585  316  6  -2  
15  55  24  1486  586  316  6  -2  
15  55  25  1496  586  316  6  -2  
15  55  25  1504  586  316  6  -2  
15  55  25  1513  586  316  6  -2  
15  55  25  1519  586  316  6  -2  
15  55  25  1530  586  316  6  -2  
15  55  25  1537  586  317  6  -2  
15  55  25  1547  586  317  6  -2  
15  55  25  1554  586  317  6  -2  
15  55  25  1563  586  317  6  -2  
15  55  25  1570  586  317  6  -2  
15  55  25  1580  586  317  6  -2  
15  55  25  1587  584  317  6  -2  
15  55  25  1596  583  317  6  -2  
15  55  25  1604  582  317  6  -2  
15  55  25  1613  580  318  6  -2  
15  55  25  1620  580  318  6  -2  
15  55  25  1630  578  318  6  -2  
15  55  25  1637  576  319  6  -2  
15  55  25  1647  573  320  6  -2  
15  55  25  1654  571  321  6  -2  
15  55  25  1662  566  321  6  -2  
15  55  25  1670  563  322  6  -2  
15  55  25  1680  557  322  6  -2  
15  55  25  1689  552  323  6  -2  
15  55  25  1697  543  324  6  -2  
15  55  25  1706  533  326  6  -2  
15  55  25  1714  525  327  6  -2  
15  55  25  1723  511  328  6  -2  
15  55  25  1731  498  331  6  -2  
15  55  25  1739  479  333  6  -2  
15  55  25  1749  479  333  6  -2  
15  55  25  1757  465  336  6  -2  
15  55  25  1765  460  336  6  -2  
15  55  25  1774  457  336  6  -2  
15  55  25  1782  453  337  6  -2  
15  55  25  1790  452  337  6  -2  
15  55  25  1799  451  337  6  -2  
15  55  25  1809  450  337  6  -2  
15  55  25  1815  449  338  6  -2  
15  55  25  1827  449  338  6  -2  
15  55  25  1833  449  338  6  -2  
15  55  25  1843  449  338  6  -2  
15  55  25  1851  449  338  6  -2  
15  55  25  1861  449  338  6  -2  
15  55  25  1867  449  338  6  -2  
15  55  25  1876  449  338  6  -2  
15  55  25  1883  447  338  6  -2  
15  55  25  1893  447  338  6  -2  
15  55  25  1900  446  338  6  -2  
15  55  25  1910  445  338  6  -2  
15  55  25  1916  445  338  6  -2  
15  55  25  1928  444  338  6  -2  
15  55  25  1935  444  338  6  -2  
15  55  25  1946  442  338  6  -2  
15  55  25  1952  441  338  6  -2  
15  55  25  1963  440  338  6  -2  
15  55  25  1970  439  338  6  -2  
15  55  25  1980  439  338  6  -2  
15  55  25  1987  438  338  6  -2  
15  55  25  1997  438  338  6  -2  
15  55  25  2004  438  338  6  -2  
15  55  25  2014  438  338  6  -2  
15  55  25  2022  438  338  6  -2  
15  55  25  2033  438  338  6  -2  
15  55  25  2043  438  338  6  -2  
15  55  25  2051  438  338  6  -2  
15  55  25  2060  438  338  6  -2  
15  55  25  2070  436  338  6  -2  
15  55  25  2081  433  338  6  -2  
15  55  25  2089  431  338  6  -2  
15  55  25  2097  426  338  6  -2  
15  55  25  2107  419  337  6  -2  
15  55  25  2115  412  337  6  -2  
15  55  25  2128  395  336  6  -2  
15  55  25  2137  389  335  7  -2  
15  55  25  2146  386  335  7  -2  
15  55  25  2156  382  335  7  -2  
15  55  25  2166  380  335  7  -2  
15  55  25  2174  380  335  7  -2  
15  55  25  2184  380  335  7  -2  
15  55  25  2194  380  335  7  -2  
15  55  25  2207  380  335  7  -2  
15  55  25  2220  380  335  7  -2  
15  55  25  2234  380  335  7  -2  
15  55  25  2246  380  335  7  -2  
15  55  25  2255  380  335  7  -2  
15  55  25  2268  380  335  7  -2  
15  55  25  2280  380  335  7  -2  
15  55  25  2290  380  335  7  -2  
15  55  25  2301  380  335  7  -2  
15  55  25  2322  380  335  7  -2  
15  55  25  2333  380  335  7  -2  
15  55  25  2345  380  335  7  -2  
15  55  25  2355  380  335  7  -2  
15  55  25  2366  380  335  7  -2  
15  55  25  2381  380  335  7  -2  
15  55  25  2391  380  335  7  -2  
15  55  25  2401  380  335  7  -2  
15  55  25  2412  380  335  7  -2  
15  55  25  2422  380  335  7  -2  
