12  25  45  0  363  322  1  -2  
12  25  45  8  363  322  1  -2  
12  25  45  16  363  322  1  -2  
12  25  45  25  363  322  1  -2  
12  25  45  34  363  322  1  -2  
12  25  45  42  366  322  1  -2  
12  25  45  49  372  322  1  -2  
12  25  45  58  382  322  1  -2  
12  25  45  66  390  322  1  -2  
12  25  45  77  399  322  1  -2  
12  25  45  83  409  322  1  -2  
12  25  45  92  416  322  1  -2  
12  25  45  100  426  322  1  -2  
12  25  45  108  432  322  1  -2  
12  25  45  116  438  322  1  -2  
12  25  45  125  448  322  1  -2  
12  25  45  133  454  322  1  -2  
12  25  45  143  461  322  1  -2  
12  25  45  150  480  322  1  -2  
12  25  45  159  480  322  1  -2  
12  25  45  166  498  322  2  -2  
12  25  45  176  498  322  2  -2  
12  25  45  184  513  322  2  -2  
12  25  45  193  516  322  2  -2  
12  25  45  200  521  322  2  -2  
12  25  45  210  525  322  2  -2  
12  25  45  216  528  323  2  -2  
12  25  45  225  529  323  2  -2  
12  25  45  234  530  323  2  -2  
12  25  45  243  531  323  2  -2  
12  25  45  249  532  323  2  -2  
12  25  45  259  532  323  2  -2  
12  25  45  267  533  323  2  -2  
12  25  45  276  534  323  2  -2  
12  25  45  285  535  323  2  -2  
12  25  45  293  535  323  2  -2  
12  25  45  301  536  323  2  -2  
12  25  45  308  536  323  2  -2  
12  25  45  317  536  323  2  -2  
12  25  45  326  536  323  2  -2  
12  25  45  334  536  323  2  -2  
12  25  45  342  536  323  2  -2  
12  25  45  352  536  323  2  -2  
12  25  45  361  536  323  2  -2  
12  25  45  368  536  323  2  -2  
12  25  45  376  536  323  2  -2  
12  25  45  384  536  323  2  -2  
12  25  45  393  536  323  2  -2  
12  25  45  400  536  323  2  -2  
12  25  45  409  536  323  2  -2  
12  25  45  417  536  323  2  -2  
12  25  46  427  536  323  2  -2  
12  25  46  434  536  323  2  -2  
12  25  46  444  536  323  2  -2  
12  25  46  452  536  323  2  -2  
12  25  46  460  536  323  2  -2  
12  25  46  468  536  323  2  -2  
12  25  46  476  536  323  2  -2  
12  25  46  484  536  323  2  -2  
12  25  46  494  536  323  2  -2  
12  25  46  502  536  323  2  -2  
12  25  46  509  536  323  2  -2  
12  25  46  517  536  323  2  -2  
12  25  46  526  536  323  2  -2  
12  25  46  534  536  323  2  -2  
12  25  46  543  536  323  2  -2  
12  25  46  551  536  323  2  -2  
12  25  46  559  536  323  2  -2  
12  25  46  567  536  323  2  -2  
12  25  46  576  536  323  2  -2  
12  25  46  585  533  323  2  -2  
12  25  46  594  529  323  2  -2  
12  25  46  601  526  323  2  -2  
12  25  46  611  517  323  2  -2  
12  25  46  618  511  323  2  -2  
12  25  46  626  500  323  2  -2  
12  25  46  635  492  323  2  -2  
12  25  46  644  482  323  2  -2  
12  25  46  652  472  323  2  -2  
12  25  46  660  462  323  2  -2  
12  25  46  667  450  323  2  -2  
12  25  46  676  442  323  2  -2  
12  25  46  685  430  323  2  -2  
12  25  46  694  422  323  2  -2  
12  25  46  700  412  323  2  -2  
12  25  46  709  403  323  2  -2  
12  25  46  717  397  323  3  -2  
12  25  46  725  390  323  3  -2  
12  25  46  734  386  322  3  -2  
12  25  46  744  383  322  3  -2  
12  25  46  751  378  321  3  -2  
12  25  46  759  378  321  3  -2  
12  25  46  767  375  321  3  -2  
12  25  46  775  373  320  3  -2  
12  25  46  784  373  320  3  -2  
12  25  46  794  372  320  3  -2  
12  25  46  802  371  320  3  -2  
12  25  46  810  370  320  3  -2  
12  25  46  818  370  320  3  -2  
12  25  46  826  367  320  3  -2  
12  25  46  836  366  320  3  -2  
12  25  46  844  366  320  3  -2  
12  25  46  852  364  320  3  -2  
12  25  46  860  363  320  3  -2  
12  25  46  868  362  320  3  -2  
12  25  46  876  360  318  3  -2  
12  25  46  884  360  318  3  -2  
12  25  46  893  360  318  3  -2  
12  25  46  902  359  318  3  -2  
12  25  46  909  358  318  3  -2  
12  25  46  918  358  318  3  -2  
12  25  46  926  357  318  3  -2  
12  25  46  935  356  318  3  -2  
12  25  46  945  356  318  3  -2  
12  25  46  952  355  318  3  -2  
12  25  46  960  355  318  3  -2  
12  25  46  967  353  317  3  -2  
12  25  46  976  353  317  3  -2  
12  25  46  984  352  317  3  -2  
12  25  46  993  352  317  3  -2  
12  25  46  1001  352  317  3  -2  
12  25  46  1008  352  317  3  -2  
12  25  46  1016  352  317  3  -2  
12  25  46  1025  352  317  3  -2  
12  25  46  1034  352  317  3  -2  
12  25  46  1043  352  317  3  -2  
12  25  46  1051  352  317  3  -2  
12  25  46  1058  352  317  3  -2  
12  25  46  1067  352  317  3  -2  
12  25  46  1076  352  317  3  -2  
12  25  46  1084  352  317  3  -2  
12  25  46  1093  352  317  3  -2  
12  25  46  1101  352  317  3  -2  
12  25  46  1109  352  317  3  -2  
12  25  46  1116  352  317  3  -2  
12  25  46  1124  352  317  3  -2  
12  25  46  1134  352  317  3  -2  
12  25  46  1143  352  317  3  -2  
12  25  46  1151  352  317  3  -2  
12  25  46  1158  352  317  3  -2  
12  25  46  1168  352  317  3  -2  
12  25  46  1176  352  317  3  -2  
12  25  46  1184  352  317  3  -2  
12  25  46  1193  352  317  3  -2  
12  25  46  1201  352  317  3  -2  
12  25  46  1209  352  317  3  -2  
12  25  46  1217  352  317  3  -2  
12  25  46  1225  353  317  3  -2  
12  25  46  1235  354  317  3  -2  
12  25  46  1243  358  317  3  -2  
12  25  46  1250  362  317  3  -2  
12  25  46  1258  367  317  3  -2  
12  25  46  1267  375  317  3  -2  
12  25  46  1276  380  317  3  -2  
12  25  46  1285  389  317  3  -2  
12  25  46  1293  396  318  3  -2  
12  25  46  1301  404  319  3  -2  
12  25  46  1309  411  320  3  -2  
12  25  46  1316  417  320  3  -2  
12  25  46  1326  420  321  3  -2  
12  25  46  1334  423  321  3  -2  
12  25  46  1342  426  321  3  -2  
12  25  46  1352  427  321  3  -2  
12  25  46  1360  435  323  3  -2  
12  25  46  1368  436  323  3  -2  
12  25  46  1376  439  323  3  -2  
12  25  46  1384  441  323  3  -2  
12  25  46  1393  443  323  3  -2  
12  25  46  1401  447  323  3  -2  
12  25  46  1409  449  323  3  -2  
12  25  46  1418  451  323  3  -2  
12  25  46  1426  454  323  3  -2  
12  25  47  1435  456  323  3  -2  
12  25  47  1443  457  323  3  -2  
12  25  47  1451  458  323  3  -2  
12  25  47  1459  460  323  3  -2  
12  25  47  1466  462  323  3  -2  
12  25  47  1475  465  323  3  -2  
12  25  47  1484  466  323  3  -2  
12  25  47  1493  470  323  3  -2  
12  25  47  1501  473  323  3  -2  
12  25  47  1509  474  323  3  -2  
12  25  47  1518  478  323  3  -2  
12  25  47  1526  480  323  3  -2  
12  25  47  1535  481  323  3  -2  
12  25  47  1544  484  323  3  -2  
12  25  47  1551  487  324  3  -2  
12  25  47  1559  487  324  3  -2  
12  25  47  1569  490  324  3  -2  
12  25  47  1577  494  325  3  -2  
12  25  47  1584  495  325  3  -2  
12  25  47  1594  496  325  4  -2  
12  25  47  1601  500  327  4  -2  
12  25  47  1609  500  327  4  -2  
12  25  47  1618  503  327  4  -2  
12  25  47  1626  505  328  4  -2  
12  25  47  1634  507  328  4  -2  
12  25  47  1642  508  328  4  -2  
12  25  47  1651  511  329  4  -2  
12  25  47  1660  511  329  4  -2  
12  25  47  1668  511  329  4  -2  
12  25  47  1676  512  329  4  -2  
12  25  47  1684  513  329  4  -2  
12  25  47  1693  513  329  4  -2  
12  25  47  1701  516  329  4  -2  
12  25  47  1709  517  329  4  -2  
12  25  47  1718  520  329  4  -2  
12  25  47  1725  523  329  4  -2  
12  25  47  1733  524  329  4  -2  
12  25  47  1744  526  329  4  -2  
12  25  47  1751  528  329  4  -2  
12  25  47  1760  528  329  4  -2  
12  25  47  1768  528  329  4  -2  
12  25  47  1775  528  329  4  -2  
12  25  47  1785  528  329  4  -2  
12  25  47  1792  529  329  4  -2  
12  25  47  1801  529  329  4  -2  
12  25  47  1810  530  329  4  -2  
12  25  47  1819  530  329  4  -2  
12  25  47  1826  530  329  4  -2  
12  25  47  1835  530  329  4  -2  
12  25  47  1843  530  329  4  -2  
12  25  47  1851  530  329  4  -2  
12  25  47  1860  530  329  4  -2  
12  25  47  1869  530  329  4  -2  
12  25  47  1877  530  329  4  -2  
12  25  47  1886  530  329  4  -2  
12  25  47  1894  530  329  4  -2  
12  25  47  1902  530  329  4  -2  
12  25  47  1910  530  329  4  -2  
12  25  47  1918  530  329  4  -2  
12  25  47  1926  530  329  4  -2  
12  25  47  1935  530  329  4  -2  
12  25  47  1944  530  329  4  -2  
12  25  47  1953  530  329  4  -2  
12  25  47  1960  530  329  4  -2  
12  25  47  1969  530  329  4  -2  
12  25  47  1977  530  329  4  -2  
12  25  47  1985  530  329  4  -2  
12  25  47  1993  530  329  4  -2  
12  25  47  2001  530  329  4  -2  
12  25  47  2010  530  329  4  -2  
12  25  47  2018  530  329  4  -2  
12  25  47  2026  530  329  4  -2  
12  25  47  2036  530  329  4  -2  
12  25  47  2044  528  328  4  -2  
12  25  47  2052  528  328  4  -2  
12  25  47  2060  524  328  4  -2  
12  25  47  2068  519  328  4  -2  
12  25  47  2076  514  328  4  -2  
12  25  47  2085  509  327  4  -2  
12  25  47  2093  502  326  4  -2  
12  25  47  2101  492  326  4  -2  
12  25  47  2110  485  325  4  -2  
12  25  47  2119  479  323  4  -2  
12  25  47  2127  472  323  4  -2  
12  25  47  2137  464  323  4  -2  
12  25  47  2144  453  323  4  -2  
12  25  47  2152  451  323  4  -2  
12  25  47  2160  446  323  4  -2  
12  25  47  2168  442  323  4  -2  
12  25  47  2177  437  323  4  -2  
12  25  47  2185  433  323  4  -2  
12  25  47  2194  428  322  4  -2  
12  25  47  2204  423  322  4  -2  
12  25  47  2212  419  322  4  -2  
12  25  47  2221  417  322  4  -2  
12  25  47  2227  412  322  4  -2  
12  25  47  2236  409  322  4  -2  
12  25  47  2244  405  322  4  -2  
12  25  47  2252  404  322  4  -2  
12  25  47  2260  401  322  4  -2  
