12  25  22  0  339  293  1  -2  
12  25  22  5  339  293  1  -2  
12  25  22  15  339  293  1  -2  
12  25  22  22  339  293  1  -2  
12  25  23  32  339  293  1  -2  
12  25  23  37  339  293  1  -2  
12  25  23  48  339  293  1  -2  
12  25  23  55  339  293  1  -2  
12  25  23  65  340  293  1  -2  
12  25  23  72  340  293  1  -2  
12  25  23  82  340  293  1  -2  
12  25  23  88  340  293  1  -2  
12  25  23  98  340  293  1  -2  
12  25  23  104  342  293  1  -2  
12  25  23  118  342  293  1  -2  
12  25  23  128  343  293  1  -2  
12  25  23  139  345  292  1  -2  
12  25  23  151  347  291  1  -2  
12  25  23  159  349  290  1  -2  
12  25  23  167  352  289  1  -2  
12  25  23  175  355  288  1  -2  
12  25  23  184  363  284  1  -2  
12  25  23  192  373  280  1  -2  
12  25  23  203  381  276  1  -2  
12  25  23  208  390  274  1  -2  
12  25  23  217  390  274  1  -2  
12  25  23  226  391  274  1  -2  
12  25  23  235  393  273  1  -2  
12  25  23  243  395  273  1  -2  
12  25  23  251  395  273  1  -2  
12  25  23  259  396  273  1  -2  
12  25  23  267  397  273  1  -2  
12  25  23  276  400  273  1  -2  
12  25  23  284  404  273  1  -2  
12  25  23  292  408  273  1  -2  
12  25  23  301  416  274  1  -2  
12  25  23  308  426  275  1  -2  
12  25  23  317  436  275  1  -2  
12  25  23  326  446  279  1  -2  
12  25  23  334  456  280  1  -2  
12  25  23  342  462  280  1  -2  
12  25  23  350  464  281  1  -2  
12  25  23  358  467  281  1  -2  
12  25  23  369  469  282  1  -2  
12  25  23  378  470  283  1  -2  
12  25  23  388  471  284  1  -2  
12  25  23  398  473  284  1  -2  
12  25  23  408  475  285  1  -2  
12  25  23  419  480  288  1  -2  
12  25  23  429  488  291  1  -2  
12  25  23  440  495  294  1  -2  
12  25  23  455  499  295  1  -2  
12  25  23  465  508  298  2  -2  
12  25  23  473  512  299  2  -2  
12  25  23  485  515  300  2  -2  
12  25  23  491  517  301  2  -2  
12  25  23  501  519  302  2  -2  
12  25  23  508  520  303  2  -2  
12  25  23  517  522  303  2  -2  
12  25  23  526  522  303  2  -2  
12  25  23  534  522  303  2  -2  
12  25  23  542  525  304  2  -2  
12  25  23  550  525  304  2  -2  
12  25  23  558  525  304  2  -2  
12  25  23  567  525  304  2  -2  
12  25  23  574  526  305  2  -2  
12  25  23  584  526  305  2  -2  
12  25  23  590  529  305  2  -2  
12  25  23  600  529  306  2  -2  
12  25  23  607  529  306  2  -2  
12  25  23  619  530  306  2  -2  
12  25  23  628  530  306  2  -2  
12  25  23  639  530  306  2  -2  
12  25  23  650  530  306  2  -2  
12  25  23  659  530  306  2  -2  
12  25  23  670  530  306  2  -2  
12  25  23  681  530  306  2  -2  
12  25  23  690  530  306  2  -2  
12  25  23  700  530  306  2  -2  
12  25  23  709  530  306  2  -2  
12  25  23  718  530  306  2  -2  
12  25  23  728  530  306  2  -2  
12  25  23  738  530  306  2  -2  
12  25  23  748  529  308  2  -2  
12  25  23  757  528  309  2  -2  
12  25  23  768  527  309  2  -2  
12  25  23  779  527  310  2  -2  
12  25  23  789  521  312  2  -2  
12  25  23  800  520  312  2  -2  
12  25  23  809  515  312  2  -2  
12  25  23  820  511  313  2  -2  
12  25  23  829  501  313  2  -2  
12  25  23  838  495  313  2  -2  
12  25  23  848  490  313  2  -2  
12  25  23  857  485  313  2  -2  
12  25  23  868  480  313  2  -2  
12  25  23  885  468  313  2  -2  
12  25  23  892  451  313  2  -2  
12  25  23  902  440  313  2  -2  
12  25  23  910  426  313  2  -2  
12  25  23  922  413  313  2  -2  
12  25  23  933  396  312  3  -2  
12  25  23  942  389  310  3  -2  
12  25  23  952  383  309  3  -2  
12  25  23  963  382  309  3  -2  
12  25  23  970  377  308  3  -2  
12  25  23  981  376  308  3  -2  
12  25  23  993  375  308  3  -2  
12  25  23  1003  374  307  3  -2  
12  25  23  1014  374  307  3  -2  
12  25  23  1023  372  307  3  -2  
12  25  24  1034  372  307  3  -2  
12  25  24  1044  370  307  3  -2  
12  25  24  1056  368  306  3  -2  
12  25  24  1068  367  306  3  -2  
12  25  24  1077  367  306  3  -2  
12  25  24  1085  366  306  3  -2  
12  25  24  1095  366  306  3  -2  
12  25  24  1104  366  306  3  -2  
12  25  24  1114  366  306  3  -2  
12  25  24  1123  364  306  3  -2  
12  25  24  1132  364  305  3  -2  
12  25  24  1141  364  305  3  -2  
12  25  24  1152  364  305  3  -2  
12  25  24  1163  364  305  3  -2  
12  25  24  1173  363  305  3  -2  
12  25  24  1183  363  305  3  -2  
12  25  24  1190  363  305  3  -2  
12  25  24  1199  363  305  3  -2  
12  25  24  1207  363  305  3  -2  
12  25  24  1216  363  305  3  -2  
12  25  24  1225  363  305  3  -2  
12  25  24  1236  363  305  3  -2  
12  25  24  1244  363  305  3  -2  
12  25  24  1253  363  305  3  -2  
12  25  24  1264  363  305  3  -2  
12  25  24  1269  363  305  3  -2  
12  25  24  1280  363  305  3  -2  
12  25  24  1286  363  304  3  -2  
12  25  24  1297  366  303  3  -2  
12  25  24  1304  385  301  3  -2  
12  25  24  1314  385  301  3  -2  
12  25  24  1320  408  301  3  -2  
12  25  24  1330  408  301  3  -2  
12  25  24  1336  433  301  3  -2  
12  25  24  1346  433  301  3  -2  
12  25  24  1355  452  301  3  -2  
12  25  24  1365  459  301  3  -2  
12  25  24  1370  462  301  3  -2  
12  25  24  1380  466  302  3  -2  
12  25  24  1387  468  302  3  -2  
12  25  24  1397  470  302  3  -2  
12  25  24  1406  472  303  3  -2  
12  25  24  1421  474  303  3  -2  
12  25  24  1432  479  306  3  -2  
12  25  24  1440  481  306  3  -2  
12  25  24  1450  485  307  3  -2  
12  25  24  1460  495  308  4  -2  
12  25  24  1470  503  310  4  -2  
12  25  24  1481  505  310  4  -2  
12  25  24  1489  509  311  4  -2  
12  25  24  1501  511  311  4  -2  
12  25  24  1509  513  311  4  -2  
12  25  24  1517  513  311  4  -2  
12  25  24  1526  514  311  4  -2  
12  25  24  1537  515  311  4  -2  
12  25  24  1548  519  311  4  -2  
12  25  24  1556  521  311  4  -2  
12  25  24  1568  523  311  4  -2  
12  25  24  1576  523  311  4  -2  
12  25  24  1584  525  311  4  -2  
12  25  24  1592  526  312  4  -2  
12  25  24  1601  529  312  4  -2  
12  25  24  1608  532  312  4  -2  
12  25  24  1618  534  312  4  -2  
12  25  24  1626  536  312  4  -2  
12  25  24  1634  536  312  4  -2  
12  25  24  1643  537  312  4  -2  
12  25  24  1651  538  312  4  -2  
12  25  24  1664  538  312  4  -2  
12  25  24  1673  539  312  4  -2  
12  25  24  1683  539  312  4  -2  
12  25  24  1690  539  312  4  -2  
12  25  24  1699  539  312  4  -2  
12  25  24  1707  539  312  4  -2  
12  25  24  1716  539  312  4  -2  
12  25  24  1723  539  312  4  -2  
12  25  24  1732  539  312  4  -2  
12  25  24  1740  539  312  4  -2  
12  25  24  1749  539  312  4  -2  
12  25  24  1756  539  312  4  -2  
12  25  24  1766  539  312  4  -2  
12  25  24  1774  539  312  4  -2  
12  25  24  1782  538  313  4  -2  
12  25  24  1789  534  313  4  -2  
12  25  24  1799  530  313  4  -2  
12  25  24  1807  524  313  4  -2  
12  25  24  1816  515  313  4  -2  
12  25  24  1823  504  313  4  -2  
12  25  24  1832  490  313  4  -2  
12  25  24  1840  477  313  4  -2  
12  25  24  1849  464  313  4  -2  
12  25  24  1856  437  313  4  -2  
12  25  24  1866  437  313  4  -2  
12  25  24  1873  419  313  4  -2  
12  25  24  1882  419  313  4  -2  
12  25  24  1890  408  313  4  -2  
12  25  24  1899  405  313  4  -2  
12  25  24  1909  402  313  4  -2  
12  25  24  1919  400  313  4  -2  
