10  50  18  0  366  314  1  -2  
10  50  18  9  366  314  1  -2  
10  50  18  16  366  314  1  -2  
10  50  18  26  366  314  1  -2  
10  50  18  33  366  314  1  -2  
10  50  18  42  366  314  1  -2  
10  50  18  50  366  314  1  -2  
10  50  18  58  366  314  1  -2  
10  50  18  66  366  314  1  -2  
10  50  18  75  366  314  1  -2  
10  50  18  83  366  314  1  -2  
10  50  18  92  366  314  1  -2  
10  50  18  100  366  314  1  -2  
10  50  18  108  366  314  1  -2  
10  50  18  117  366  314  1  -2  
10  50  18  125  366  314  1  -2  
10  50  18  133  366  314  1  -2  
10  50  18  142  366  314  1  -2  
10  50  18  150  366  314  1  -2  
10  50  18  158  366  314  1  -2  
10  50  18  167  366  314  1  -2  
10  50  18  175  366  314  1  -2  
10  50  18  183  366  314  1  -2  
10  50  19  192  366  314  1  -2  
10  50  19  200  366  314  1  -2  
10  50  19  208  368  314  1  -2  
10  50  19  216  369  314  1  -2  
10  50  19  225  373  314  1  -2  
10  50  19  234  379  314  1  -2  
10  50  19  242  386  314  1  -2  
10  50  19  250  394  315  1  -2  
10  50  19  259  406  315  1  -2  
10  50  19  267  416  318  1  -2  
10  50  19  277  430  321  1  -2  
10  50  19  285  442  322  1  -2  
10  50  19  292  453  322  1  -2  
10  50  19  300  460  323  1  -2  
10  50  19  309  467  323  1  -2  
10  50  19  317  471  323  1  -2  
10  50  19  325  474  323  1  -2  
10  50  19  333  475  323  1  -2  
10  50  19  343  476  323  1  -2  
10  50  19  351  477  323  1  -2  
10  50  19  359  478  323  1  -2  
10  50  19  366  480  323  1  -2  
10  50  19  376  483  323  1  -2  
10  50  19  384  488  323  1  -2  
10  50  19  393  495  323  2  -2  
10  50  19  401  505  323  2  -2  
10  50  19  409  514  324  2  -2  
10  50  19  417  529  327  2  -2  
10  50  19  426  529  327  2  -2  
10  50  19  434  539  328  2  -2  
10  50  19  442  541  328  2  -2  
10  50  19  449  543  328  2  -2  
10  50  19  458  543  328  2  -2  
10  50  19  468  544  328  2  -2  
10  50  19  475  545  328  2  -2  
10  50  19  484  545  328  2  -2  
10  50  19  492  546  328  2  -2  
10  50  19  502  546  328  2  -2  
10  50  19  508  546  328  2  -2  
10  50  19  517  546  328  2  -2  
10  50  19  526  546  328  2  -2  
10  50  19  534  546  328  2  -2  
10  50  19  542  546  328  2  -2  
10  50  19  551  546  328  2  -2  
10  50  19  559  546  328  2  -2  
10  50  19  567  546  328  2  -2  
10  50  19  575  546  328  2  -2  
10  50  19  585  546  328  2  -2  
10  50  19  592  546  328  2  -2  
10  50  19  601  546  328  2  -2  
10  50  19  609  546  328  2  -2  
10  50  19  617  546  328  2  -2  
10  50  19  625  546  328  2  -2  
10  50  19  634  546  328  2  -2  
10  50  19  642  546  328  2  -2  
10  50  19  650  546  328  2  -2  
10  50  19  658  546  328  2  -2  
10  50  19  667  546  328  2  -2  
10  50  19  676  546  328  2  -2  
10  50  19  684  544  328  2  -2  
10  50  19  692  541  328  2  -2  
10  50  19  701  538  328  2  -2  
10  50  19  709  534  328  2  -2  
10  50  19  718  529  328  2  -2  
10  50  19  727  522  328  2  -2  
10  50  19  734  516  328  2  -2  
10  50  19  742  506  328  2  -2  
10  50  19  750  494  328  2  -2  
10  50  19  758  482  328  2  -2  
10  50  19  768  471  328  2  -2  
10  50  19  777  459  328  2  -2  
10  50  19  786  446  328  2  -2  
10  50  19  792  424  328  2  -2  
10  50  19  801  424  328  2  -2  
10  50  19  810  416  328  2  -2  
10  50  19  819  403  328  2  -2  
10  50  19  827  398  327  2  -2  
10  50  19  836  394  327  3  -2  
10  50  19  843  391  327  3  -2  
10  50  19  851  387  327  3  -2  
10  50  19  859  384  327  3  -2  
10  50  19  868  381  327  3  -2  
10  50  19  877  378  327  3  -2  
10  50  19  884  376  327  3  -2  
10  50  19  892  372  327  3  -2  
10  50  19  901  371  327  3  -2  
10  50  19  910  368  327  3  -2  
10  50  19  919  366  327  3  -2  
10  50  19  927  364  327  3  -2  
10  50  19  937  362  327  3  -2  
10  50  19  942  361  327  3  -2  
10  50  19  951  359  327  3  -2  
10  50  19  959  358  327  3  -2  
10  50  19  967  358  327  3  -2  
10  50  19  977  358  327  3  -2  
10  50  19  984  358  327  3  -2  
10  50  19  992  358  327  3  -2  
10  50  19  1001  358  327  3  -2  
10  50  19  1009  358  327  3  -2  
10  50  19  1018  358  327  3  -2  
10  50  19  1026  358  327  3  -2  
10  50  19  1038  358  327  3  -2  
10  50  19  1043  358  327  3  -2  
10  50  19  1054  358  327  3  -2  
10  50  19  1060  358  327  3  -2  
10  50  19  1069  358  327  3  -2  
10  50  19  1077  358  327  3  -2  
10  50  19  1087  358  327  3  -2  
10  50  19  1095  358  327  3  -2  
10  50  19  1104  358  327  3  -2  
10  50  19  1110  358  327  3  -2  
10  50  19  1119  358  327  3  -2  
10  50  19  1128  358  327  3  -2  
10  50  19  1136  358  327  3  -2  
10  50  19  1143  358  327  3  -2  
10  50  19  1154  358  327  3  -2  
10  50  19  1161  358  327  3  -2  
10  50  19  1169  358  327  3  -2  
10  50  19  1178  358  327  3  -2  
10  50  19  1187  358  327  3  -2  
10  50  20  1193  358  327  3  -2  
10  50  20  1203  358  327  3  -2  
10  50  20  1210  358  327  3  -2  
10  50  20  1221  358  327  3  -2  
10  50  20  1228  358  327  3  -2  
10  50  20  1237  358  327  3  -2  
10  50  20  1243  358  327  3  -2  
10  50  20  1253  358  327  3  -2  
10  50  20  1260  358  327  3  -2  
10  50  20  1269  358  327  3  -2  
10  50  20  1277  358  327  3  -2  
10  50  20  1288  358  327  3  -2  
10  50  20  1293  360  327  3  -2  
10  50  20  1304  362  327  3  -2  
10  50  20  1311  365  327  3  -2  
10  50  20  1321  366  327  3  -2  
10  50  20  1328  368  327  3  -2  
10  50  20  1338  368  327  3  -2  
10  50  20  1346  369  327  3  -2  
10  50  20  1355  370  327  3  -2  
10  50  20  1361  370  327  3  -2  
10  50  20  1369  370  327  3  -2  
10  50  20  1378  370  327  3  -2  
10  50  20  1387  370  327  3  -2  
10  50  20  1393  370  327  3  -2  
10  50  20  1404  370  327  3  -2  
10  50  20  1411  370  327  3  -2  
10  50  20  1419  370  327  3  -2  
10  50  20  1428  370  327  3  -2  
10  50  20  1437  371  327  3  -2  
10  50  20  1444  372  327  3  -2  
10  50  20  1454  372  327  3  -2  
10  50  20  1461  375  327  3  -2  
10  50  20  1470  376  327  3  -2  
10  50  20  1478  379  327  3  -2  
10  50  20  1486  380  327  3  -2  
10  50  20  1494  382  327  3  -2  
10  50  20  1504  384  327  3  -2  
10  50  20  1510  386  327  3  -2  
10  50  20  1520  389  327  3  -2  
10  50  20  1527  394  327  3  -2  
10  50  20  1536  404  327  3  -2  
10  50  20  1543  413  327  3  -2  
10  50  20  1553  426  327  3  -2  
10  50  20  1559  439  327  3  -2  
10  50  20  1570  453  327  3  -2  
10  50  20  1577  483  331  3  -2  
10  50  20  1587  498  335  3  -2  
10  50  20  1594  506  335  4  -2  
10  50  20  1604  517  337  4  -2  
10  50  20  1609  522  338  4  -2  
10  50  20  1620  527  338  4  -2  
10  50  20  1627  530  339  4  -2  
10  50  20  1636  532  339  4  -2  
10  50  20  1643  532  339  4  -2  
10  50  20  1653  532  339  4  -2  
10  50  20  1659  532  339  4  -2  
10  50  20  1670  532  339  4  -2  
10  50  20  1677  532  339  4  -2  
10  50  20  1686  532  339  4  -2  
10  50  20  1694  532  339  4  -2  
10  50  20  1703  532  339  4  -2  
10  50  20  1709  532  339  4  -2  
10  50  20  1719  532  339  4  -2  
10  50  20  1727  532  339  4  -2  
10  50  20  1737  532  339  4  -2  
10  50  20  1745  532  339  4  -2  
10  50  20  1754  532  339  4  -2  
10  50  20  1760  532  339  4  -2  
10  50  20  1770  532  339  4  -2  
10  50  20  1777  532  339  4  -2  
10  50  20  1788  532  339  4  -2  
10  50  20  1794  533  339  4  -2  
10  50  20  1805  533  339  4  -2  
10  50  20  1812  533  339  4  -2  
10  50  20  1822  533  339  4  -2  
10  50  20  1828  533  339  4  -2  
10  50  20  1839  533  339  4  -2  
10  50  20  1846  533  339  4  -2  
10  50  20  1855  533  337  4  -2  
10  50  20  1862  533  337  4  -2  
10  50  20  1871  533  336  4  -2  
10  50  20  1879  533  336  4  -2  
10  50  20  1889  533  336  4  -2  
10  50  20  1896  533  336  4  -2  
10  50  20  1905  533  336  4  -2  
10  50  20  1911  533  336  4  -2  
10  50  20  1921  533  336  4  -2  
10  50  20  1928  532  336  4  -2  
10  50  20  1939  532  336  4  -2  
10  50  20  1946  528  335  4  -2  
10  50  20  1955  522  334  4  -2  
10  50  20  1962  514  333  4  -2  
10  50  20  1971  505  332  4  -2  
10  50  20  1979  493  329  4  -2  
10  50  20  1989  480  328  4  -2  
10  50  20  1996  465  325  4  -2  
10  50  20  2005  450  324  4  -2  
10  50  20  2012  433  321  4  -2  
10  50  20  2022  418  318  4  -2  
10  50  20  2028  404  317  4  -2  
