10  50  11  0  364  318  1  -2  
10  50  11  10  364  318  1  -2  
10  50  11  17  364  318  1  -2  
10  50  11  27  364  318  1  -2  
10  50  11  33  364  318  1  -2  
10  50  11  44  364  318  1  -2  
10  50  11  50  364  318  1  -2  
10  50  11  59  364  318  1  -2  
10  50  11  68  364  318  1  -2  
10  50  11  77  364  318  1  -2  
10  50  11  83  364  318  1  -2  
10  50  11  94  364  318  1  -2  
10  50  11  101  364  318  1  -2  
10  50  11  109  364  318  1  -2  
10  50  11  116  364  318  1  -2  
10  50  11  124  364  318  1  -2  
10  50  11  132  364  318  1  -2  
10  50  11  142  364  318  1  -2  
10  50  11  149  364  318  1  -2  
10  50  11  158  364  318  1  -2  
10  50  11  167  364  318  1  -2  
10  50  11  177  364  318  1  -2  
10  50  11  183  364  318  1  -2  
10  50  11  192  364  318  1  -2  
10  50  11  199  364  318  1  -2  
10  50  11  209  364  318  1  -2  
10  50  11  215  364  318  1  -2  
10  50  11  226  364  318  1  -2  
10  50  11  232  364  318  1  -2  
10  50  11  243  364  318  1  -2  
10  50  11  249  364  318  1  -2  
10  50  11  259  364  318  1  -2  
10  50  11  267  364  318  1  -2  
10  50  11  276  364  318  1  -2  
10  50  11  283  364  318  1  -2  
10  50  11  291  364  318  1  -2  
10  50  11  299  364  318  1  -2  
10  50  11  308  364  318  1  -2  
10  50  11  317  364  318  1  -2  
10  50  11  326  364  318  1  -2  
10  50  11  333  364  318  1  -2  
10  50  11  343  364  318  1  -2  
10  50  11  349  364  318  1  -2  
10  50  11  359  364  318  1  -2  
10  50  11  367  364  318  1  -2  
10  50  11  376  364  318  1  -2  
10  50  11  382  364  318  1  -2  
10  50  11  391  364  318  1  -2  
10  50  11  399  364  318  1  -2  
10  50  11  410  364  318  1  -2  
10  50  11  417  364  318  1  -2  
10  50  11  426  364  318  1  -2  
10  50  11  433  365  318  1  -2  
10  50  11  444  370  318  1  -2  
10  50  11  450  387  318  1  -2  
10  50  11  461  387  318  1  -2  
10  50  11  468  407  318  1  -2  
10  50  11  478  420  318  1  -2  
10  50  11  486  430  318  1  -2  
10  50  11  494  442  318  1  -2  
10  50  11  502  450  318  1  -2  
10  50  11  511  457  318  1  -2  
10  50  12  518  462  318  1  -2  
10  50  12  528  470  318  1  -2  
10  50  12  535  474  318  1  -2  
10  50  12  544  478  318  1  -2  
10  50  12  551  483  318  1  -2  
10  50  12  560  487  318  1  -2  
10  50  12  567  490  318  1  -2  
10  50  12  577  495  318  2  -2  
10  50  12  584  499  318  2  -2  
10  50  12  593  502  319  2  -2  
10  50  12  601  504  319  2  -2  
10  50  12  610  508  319  2  -2  
10  50  12  618  510  319  2  -2  
10  50  12  627  514  319  2  -2  
10  50  12  636  515  319  2  -2  
10  50  12  643  523  319  2  -2  
10  50  12  652  526  319  2  -2  
10  50  12  660  529  319  2  -2  
10  50  12  668  533  319  2  -2  
10  50  12  678  533  319  2  -2  
10  50  12  685  535  319  2  -2  
10  50  12  693  536  319  2  -2  
10  50  12  701  536  319  2  -2  
10  50  12  711  536  318  2  -2  
10  50  12  718  537  318  2  -2  
10  50  12  728  537  318  2  -2  
10  50  12  735  537  318  2  -2  
10  50  12  743  537  318  2  -2  
10  50  12  751  537  318  2  -2  
10  50  12  760  537  318  2  -2  
10  50  12  769  537  318  2  -2  
10  50  12  777  537  318  2  -2  
10  50  12  785  537  318  2  -2  
10  50  12  794  538  318  2  -2  
10  50  12  802  539  318  2  -2  
10  50  12  810  539  318  2  -2  
10  50  12  819  539  318  2  -2  
10  50  12  828  539  318  2  -2  
10  50  12  836  539  318  2  -2  
10  50  12  844  539  318  2  -2  
10  50  12  852  539  318  2  -2  
10  50  12  860  539  318  2  -2  
10  50  12  869  539  318  2  -2  
10  50  12  876  539  318  2  -2  
10  50  12  886  539  318  2  -2  
10  50  12  894  539  318  2  -2  
10  50  12  902  539  318  2  -2  
10  50  12  910  539  318  2  -2  
10  50  12  919  539  318  2  -2  
10  50  12  927  539  318  2  -2  
10  50  12  935  539  318  2  -2  
10  50  12  943  539  318  2  -2  
10  50  12  952  539  318  2  -2  
10  50  12  961  539  318  2  -2  
10  50  12  969  539  318  2  -2  
10  50  12  977  539  318  2  -2  
10  50  12  986  539  318  2  -2  
10  50  12  994  539  318  2  -2  
10  50  12  1002  539  318  2  -2  
10  50  12  1009  539  318  2  -2  
10  50  12  1019  539  318  2  -2  
10  50  12  1027  539  318  2  -2  
10  50  12  1036  539  318  2  -2  
10  50  12  1044  539  318  2  -2  
10  50  12  1052  539  318  2  -2  
10  50  12  1061  539  318  2  -2  
10  50  12  1068  539  318  2  -2  
10  50  12  1078  539  318  2  -2  
10  50  12  1085  539  318  2  -2  
10  50  12  1094  539  318  2  -2  
10  50  12  1103  539  318  2  -2  
10  50  12  1110  539  318  2  -2  
10  50  12  1119  539  318  2  -2  
10  50  12  1127  539  318  2  -2  
10  50  12  1135  539  318  2  -2  
10  50  12  1144  539  318  2  -2  
10  50  12  1152  539  318  2  -2  
10  50  12  1161  539  318  2  -2  
10  50  12  1169  536  318  2  -2  
10  50  12  1178  531  318  2  -2  
10  50  12  1185  526  318  2  -2  
10  50  12  1194  519  318  2  -2  
10  50  12  1202  511  318  2  -2  
10  50  12  1210  502  318  2  -2  
10  50  12  1219  492  316  2  -2  
10  50  12  1227  483  314  2  -2  
10  50  12  1236  476  313  2  -2  
10  50  12  1245  471  313  2  -2  
10  50  12  1253  465  312  2  -2  
10  50  12  1260  463  312  2  -2  
10  50  12  1268  462  311  2  -2  
10  50  12  1278  459  311  2  -2  
10  50  12  1286  455  310  2  -2  
10  50  12  1294  451  309  2  -2  
10  50  12  1302  444  308  2  -2  
10  50  12  1310  441  308  2  -2  
10  50  12  1319  435  307  2  -2  
10  50  12  1327  429  307  2  -2  
10  50  12  1337  425  307  2  -2  
10  50  12  1346  420  306  2  -2  
10  50  12  1353  417  306  2  -2  
10  50  12  1361  412  304  2  -2  
10  50  12  1370  408  304  2  -2  
10  50  12  1377  404  303  2  -2  
10  50  12  1387  401  303  2  -2  
10  50  12  1396  400  303  2  -2  
10  50  12  1403  397  302  3  -2  
10  50  12  1410  397  302  3  -2  
10  50  12  1420  397  302  3  -2  
10  50  12  1428  395  302  3  -2  
10  50  12  1437  395  302  3  -2  
10  50  12  1446  395  302  3  -2  
10  50  12  1453  393  302  3  -2  
10  50  12  1462  392  302  3  -2  
10  50  12  1469  392  302  3  -2  
10  50  12  1478  389  302  3  -2  
10  50  12  1487  389  302  3  -2  
10  50  12  1496  388  302  3  -2  
10  50  12  1503  387  302  3  -2  
10  50  12  1511  385  302  3  -2  
10  50  13  1519  384  302  3  -2  
10  50  13  1527  382  302  3  -2  
10  50  13  1537  381  302  3  -2  
10  50  13  1544  380  302  3  -2  
10  50  13  1553  380  302  3  -2  
10  50  13  1560  379  302  3  -2  
10  50  13  1570  379  302  3  -2  
10  50  13  1579  378  302  3  -2  
10  50  13  1586  377  302  3  -2  
10  50  13  1596  377  302  3  -2  
10  50  13  1604  376  302  3  -2  
10  50  13  1612  373  302  3  -2  
10  50  13  1620  371  302  3  -2  
10  50  13  1628  371  302  3  -2  
10  50  13  1638  369  303  3  -2  
10  50  13  1646  366  303  3  -2  
10  50  13  1653  365  303  3  -2  
10  50  13  1662  364  304  3  -2  
10  50  13  1669  364  304  3  -2  
10  50  13  1679  364  304  3  -2  
10  50  13  1687  362  304  3  -2  
10  50  13  1696  362  304  3  -2  
10  50  13  1703  362  304  3  -2  
10  50  13  1713  362  304  3  -2  
10  50  13  1720  362  304  3  -2  
10  50  13  1728  362  304  3  -2  
10  50  13  1737  362  304  3  -2  
10  50  13  1746  362  304  3  -2  
10  50  13  1753  362  304  3  -2  
10  50  13  1762  362  304  3  -2  
10  50  13  1770  362  304  3  -2  
10  50  13  1778  362  304  3  -2  
10  50  13  1787  362  304  3  -2  
10  50  13  1794  362  304  3  -2  
10  50  13  1805  364  304  3  -2  
10  50  13  1811  376  304  3  -2  
10  50  13  1820  376  304  3  -2  
10  50  13  1830  402  306  3  -2  
10  50  13  1839  418  308  3  -2  
10  50  13  1846  436  311  3  -2  
10  50  13  1855  455  313  3  -2  
10  50  13  1863  474  317  3  -2  
10  50  13  1870  489  318  3  -2  
10  50  13  1878  501  320  4  -2  
10  50  13  1887  509  322  4  -2  
10  50  13  1896  515  323  4  -2  
10  50  13  1904  519  323  4  -2  
10  50  13  1912  519  324  4  -2  
10  50  13  1920  522  324  4  -2  
10  50  13  1929  522  324  4  -2  
10  50  13  1937  522  324  4  -2  
10  50  13  1946  523  324  4  -2  
10  50  13  1954  523  324  4  -2  
10  50  13  1962  525  324  4  -2  
10  50  13  1969  525  325  4  -2  
10  50  13  1979  525  325  4  -2  
10  50  13  1987  525  325  4  -2  
10  50  13  1996  528  325  4  -2  
10  50  13  2003  530  325  4  -2  
10  50  13  2012  530  325  4  -2  
10  50  13  2020  531  325  4  -2  
10  50  13  2029  531  325  4  -2  
10  50  13  2037  532  325  4  -2  
10  50  13  2046  532  325  4  -2  
10  50  13  2054  532  325  4  -2  
10  50  13  2062  533  325  4  -2  
10  50  13  2070  533  325  4  -2  
10  50  13  2078  534  325  4  -2  
10  50  13  2087  534  325  4  -2  
10  50  13  2097  534  325  4  -2  
10  50  13  2108  534  325  4  -2  
10  50  13  2115  534  325  4  -2  
10  50  13  2124  534  325  4  -2  
10  50  13  2131  534  325  4  -2  
10  50  13  2141  534  325  4  -2  
10  50  13  2148  534  325  4  -2  
10  50  13  2159  534  325  4  -2  
10  50  13  2165  534  325  4  -2  
10  50  13  2176  534  325  4  -2  
10  50  13  2181  534  325  4  -2  
10  50  13  2191  534  325  4  -2  
10  50  13  2198  534  325  4  -2  
10  50  13  2210  534  325  4  -2  
10  50  13  2215  534  325  4  -2  
10  50  13  2225  534  325  4  -2  
10  50  13  2232  534  325  4  -2  
10  50  13  2242  534  325  4  -2  
10  50  13  2250  534  325  4  -2  
10  50  13  2259  534  325  4  -2  
10  50  13  2267  534  325  4  -2  
10  50  13  2275  534  325  4  -2  
10  50  13  2282  534  325  4  -2  
10  50  13  2292  534  325  4  -2  
10  50  13  2300  534  325  4  -2  
10  50  13  2309  528  325  4  -2  
10  50  13  2317  521  325  4  -2  
10  50  13  2326  511  325  4  -2  
10  50  13  2333  502  325  4  -2  
10  50  13  2342  489  322  4  -2  
10  50  13  2350  475  320  4  -2  
10  50  13  2359  462  319  4  -2  
10  50  13  2367  450  318  4  -2  
10  50  13  2376  438  315  4  -2  
10  50  13  2382  429  314  4  -2  
10  50  13  2392  421  314  4  -2  
10  50  13  2398  414  314  4  -2  
10  50  13  2409  407  314  4  -2  
10  50  13  2416  404  314  4  -2  
