12  26  58  0  373  318  1  -2  
12  26  58  6  373  318  1  -2  
12  26  58  14  373  317  1  -2  
12  26  58  23  374  314  1  -2  
12  26  58  31  376  312  1  -2  
12  26  58  41  378  310  1  -2  
12  26  58  50  381  308  1  -2  
12  26  58  57  384  307  1  -2  
12  26  58  65  388  305  1  -2  
12  26  58  73  391  303  1  -2  
12  26  58  82  395  302  1  -2  
12  26  58  89  402  300  1  -2  
12  26  58  98  407  299  1  -2  
12  26  58  106  416  298  1  -2  
12  26  58  114  423  298  1  -2  
12  26  58  123  430  296  1  -2  
12  26  58  132  436  296  1  -2  
12  26  58  140  445  296  1  -2  
12  26  58  151  452  296  1  -2  
12  26  58  157  462  296  1  -2  
12  26  58  164  462  296  1  -2  
12  26  58  174  466  296  1  -2  
12  26  58  182  473  296  1  -2  
12  26  58  190  476  296  1  -2  
12  26  58  200  480  296  1  -2  
12  26  58  208  482  296  1  -2  
12  26  58  216  485  296  1  -2  
12  26  58  225  487  296  1  -2  
12  26  58  234  489  296  1  -2  
12  26  58  241  491  296  1  -2  
12  26  58  250  495  296  1  -2  
12  26  58  259  497  296  1  -2  
12  26  58  266  499  296  1  -2  
12  26  58  274  502  296  2  -2  
12  26  58  282  503  296  2  -2  
12  26  58  290  504  296  2  -2  
12  26  58  300  505  296  2  -2  
12  26  58  307  505  296  2  -2  
12  26  58  315  506  296  2  -2  
12  26  58  323  506  296  2  -2  
12  26  58  332  506  296  2  -2  
12  26  58  340  506  296  2  -2  
12  26  58  348  506  296  2  -2  
12  26  58  357  506  296  2  -2  
12  26  58  366  506  296  2  -2  
12  26  58  373  507  296  2  -2  
12  26  58  381  507  296  2  -2  
12  26  58  390  507  296  2  -2  
12  26  58  401  507  296  2  -2  
12  26  58  407  507  296  2  -2  
12  26  58  414  507  296  2  -2  
12  26  58  423  508  296  2  -2  
12  26  58  433  508  296  2  -2  
12  26  58  440  508  297  2  -2  
12  26  58  450  508  297  2  -2  
12  26  58  457  509  298  2  -2  
12  26  58  465  509  298  2  -2  
12  26  58  473  509  298  2  -2  
12  26  58  483  509  298  2  -2  
12  26  58  490  509  298  2  -2  
12  26  58  499  509  298  2  -2  
12  26  58  507  509  298  2  -2  
12  26  59  518  509  298  2  -2  
12  26  59  524  509  298  2  -2  
12  26  59  533  509  298  2  -2  
12  26  59  540  509  298  2  -2  
12  26  59  550  509  298  2  -2  
12  26  59  557  509  298  2  -2  
12  26  59  565  509  298  2  -2  
12  26  59  573  509  298  2  -2  
12  26  59  583  509  298  2  -2  
12  26  59  590  509  298  2  -2  
12  26  59  599  509  298  2  -2  
12  26  59  608  509  298  2  -2  
12  26  59  615  509  298  2  -2  
12  26  59  623  509  298  2  -2  
12  26  59  634  509  298  2  -2  
12  26  59  640  510  298  2  -2  
12  26  59  651  510  298  2  -2  
12  26  59  658  510  299  2  -2  
12  26  59  665  510  300  2  -2  
12  26  59  674  510  300  2  -2  
12  26  59  683  508  301  2  -2  
12  26  59  690  508  301  2  -2  
12  26  59  700  506  302  2  -2  
12  26  59  707  505  302  2  -2  
12  26  59  718  503  302  2  -2  
12  26  59  723  499  302  2  -2  
12  26  59  733  497  302  2  -2  
12  26  59  740  493  302  2  -2  
12  26  59  748  488  302  2  -2  
12  26  59  757  483  302  2  -2  
12  26  59  765  478  302  2  -2  
12  26  59  774  471  302  2  -2  
12  26  59  783  457  302  2  -2  
12  26  59  790  450  302  2  -2  
12  26  59  800  444  302  2  -2  
12  26  59  808  437  302  2  -2  
12  26  59  818  428  302  2  -2  
12  26  59  824  423  302  2  -2  
12  26  59  834  418  302  2  -2  
12  26  59  841  413  302  2  -2  
12  26  59  852  408  302  2  -2  
12  26  59  859  403  302  2  -2  
12  26  59  868  400  302  2  -2  
12  26  59  874  394  302  3  -2  
12  26  59  883  390  302  3  -2  
12  26  59  891  385  302  3  -2  
12  26  59  902  381  302  3  -2  
12  26  59  908  374  302  3  -2  
12  26  59  918  374  302  3  -2  
12  26  59  924  372  302  3  -2  
12  26  59  933  369  302  3  -2  
12  26  59  940  369  302  3  -2  
12  26  59  951  368  302  3  -2  
12  26  59  957  367  302  3  -2  
12  26  59  967  367  302  3  -2  
12  26  59  973  366  302  3  -2  
12  26  59  984  366  302  3  -2  
12  26  59  990  366  302  3  -2  
12  26  59  1001  366  302  3  -2  
12  26  59  1007  366  302  3  -2  
12  26  59  1014  366  302  3  -2  
12  26  59  1023  366  302  3  -2  
12  26  59  1035  366  302  3  -2  
12  26  59  1041  365  303  3  -2  
12  26  59  1050  365  303  3  -2  
12  26  59  1057  365  303  3  -2  
12  26  59  1067  365  303  3  -2  
12  26  59  1074  365  303  3  -2  
12  26  59  1084  365  303  3  -2  
12  26  59  1090  365  303  3  -2  
12  26  59  1101  365  303  3  -2  
12  26  59  1108  365  303  3  -2  
12  26  59  1117  365  303  3  -2  
12  26  59  1123  366  303  3  -2  
12  26  59  1134  366  302  3  -2  
12  26  59  1140  366  302  3  -2  
12  26  59  1150  366  302  3  -2  
12  26  59  1158  367  302  3  -2  
12  26  59  1167  369  302  3  -2  
12  26  59  1175  371  301  3  -2  
12  26  59  1184  374  301  3  -2  
12  26  59  1193  378  301  3  -2  
12  26  59  1202  383  301  3  -2  
12  26  59  1209  388  301  3  -2  
12  26  59  1218  395  301  3  -2  
12  26  59  1225  405  301  3  -2  
12  26  59  1235  416  301  3  -2  
12  26  59  1241  431  301  3  -2  
12  26  59  1250  446  301  3  -2  
12  26  59  1258  461  302  3  -2  
12  26  59  1268  478  305  3  -2  
12  26  59  1274  493  307  3  -2  
12  26  59  1283  507  309  4  -2  
12  26  59  1290  517  311  4  -2  
12  26  59  1302  524  312  4  -2  
12  26  59  1309  532  313  4  -2  
12  26  59  1318  532  313  4  -2  
12  26  59  1324  535  313  4  -2  
12  26  59  1335  535  313  4  -2  
12  26  59  1341  536  313  4  -2  
12  26  59  1351  536  313  4  -2  
12  26  59  1358  538  315  4  -2  
12  26  59  1368  539  315  4  -2  
12  26  59  1374  540  315  4  -2  
12  26  59  1384  542  315  4  -2  
12  26  59  1390  542  315  4  -2  
12  26  59  1402  543  315  4  -2  
12  26  59  1409  543  315  4  -2  
12  26  59  1418  543  315  4  -2  
12  26  59  1424  544  315  4  -2  
12  26  59  1434  544  315  4  -2  
12  26  59  1441  544  315  4  -2  
12  26  59  1452  544  315  4  -2  
12  26  59  1458  544  315  4  -2  
12  26  59  1468  544  315  4  -2  
12  26  59  1475  544  315  4  -2  
12  26  59  1484  544  315  4  -2  
12  26  59  1492  544  315  4  -2  
12  26  59  1501  544  315  4  -2  
12  26  59  1508  544  315  4  -2  
12  27  0  1520  544  315  4  -2  
12  27  0  1526  544  315  4  -2  
12  27  0  1535  544  315  4  -2  
12  27  0  1543  544  315  4  -2  
12  27  0  1552  544  315  4  -2  
12  27  0  1559  544  315  4  -2  
12  27  0  1569  544  315  4  -2  
12  27  0  1575  544  315  4  -2  
12  27  0  1585  544  315  4  -2  
12  27  0  1593  544  315  4  -2  
12  27  0  1602  544  315  4  -2  
12  27  0  1610  544  315  4  -2  
12  27  0  1619  544  315  4  -2  
12  27  0  1625  544  315  4  -2  
12  27  0  1635  544  315  4  -2  
12  27  0  1643  544  315  4  -2  
12  27  0  1652  544  315  4  -2  
12  27  0  1659  544  315  4  -2  
12  27  0  1669  544  315  4  -2  
12  27  0  1676  544  315  4  -2  
12  27  0  1685  544  315  4  -2  
12  27  0  1693  544  315  4  -2  
12  27  0  1702  544  315  4  -2  
12  27  0  1710  544  315  4  -2  
12  27  0  1719  544  315  4  -2  
12  27  0  1725  544  315  4  -2  
12  27  0  1735  544  315  4  -2  
12  27  0  1743  544  315  4  -2  
12  27  0  1752  544  315  4  -2  
12  27  0  1759  544  315  4  -2  
12  27  0  1769  544  315  4  -2  
12  27  0  1775  544  315  4  -2  
12  27  0  1785  544  315  4  -2  
12  27  0  1793  544  315  4  -2  
12  27  0  1802  544  315  4  -2  
12  27  0  1809  544  315  4  -2  
12  27  0  1819  543  315  4  -2  
12  27  0  1826  540  315  4  -2  
12  27  0  1835  538  315  4  -2  
12  27  0  1843  535  315  4  -2  
12  27  0  1852  533  315  4  -2  
12  27  0  1859  529  315  4  -2  
12  27  0  1868  525  315  4  -2  
12  27  0  1875  522  315  4  -2  
12  27  0  1885  515  315  4  -2  
12  27  0  1893  508  315  4  -2  
12  27  0  1902  501  314  4  -2  
12  27  0  1911  491  313  4  -2  
12  27  0  1919  486  313  4  -2  
12  27  0  1925  482  313  4  -2  
12  27  0  1935  482  313  4  -2  
12  27  0  1942  472  313  4  -2  
12  27  0  1952  468  313  4  -2  
12  27  0  1961  466  312  4  -2  
12  27  0  1969  464  312  4  -2  
12  27  0  1975  461  310  4  -2  
12  27  0  1985  460  310  4  -2  
12  27  0  1993  460  310  4  -2  
12  27  0  2002  460  310  4  -2  
12  27  0  2011  458  310  4  -2  
12  27  0  2019  458  310  4  -2  
12  27  0  2025  455  310  4  -2  
12  27  0  2035  454  309  4  -2  
12  27  0  2042  452  309  4  -2  
12  27  0  2052  450  309  4  -2  
12  27  0  2061  449  309  4  -2  
12  27  0  2069  446  308  4  -2  
12  27  0  2075  443  308  4  -2  
12  27  0  2085  442  308  4  -2  
12  27  0  2092  439  308  4  -2  
12  27  0  2103  437  308  4  -2  
12  27  0  2109  434  308  4  -2  
12  27  0  2119  434  308  4  -2  
12  27  0  2126  430  308  4  -2  
12  27  0  2135  430  308  4  -2  
12  27  0  2142  426  308  4  -2  
12  27  0  2152  426  308  4  -2  
12  27  0  2159  420  308  4  -2  
12  27  0  2169  418  308  4  -2  
12  27  0  2177  417  308  4  -2  
12  27  0  2185  415  308  4  -2  
12  27  0  2193  413  308  4  -2  
12  27  0  2202  412  308  4  -2  
12  27  0  2209  411  308  4  -2  
12  27  0  2219  410  308  4  -2  
12  27  0  2226  409  308  4  -2  
12  27  0  2236  408  308  4  -2  
12  27  0  2242  406  308  4  -2  
12  27  0  2252  406  308  4  -2  
12  27  0  2259  405  308  4  -2  
12  27  0  2268  405  308  4  -2  
12  27  0  2277  404  308  4  -2  
12  27  0  2286  404  308  4  -2  
12  27  0  2292  402  308  4  -2  
12  27  0  2302  402  308  4  -2  
12  27  0  2309  402  308  4  -2  
12  27  0  2319  401  308  4  -2  
12  27  0  2326  400  308  4  -2  
12  27  0  2335  400  308  4  -2  
