10  50  3  0  362  322  1  -2  
10  50  3  9  362  322  1  -2  
10  50  3  17  362  322  1  -2  
10  50  3  26  362  322  1  -2  
10  50  3  34  362  322  1  -2  
10  50  3  42  362  322  1  -2  
10  50  3  49  362  322  1  -2  
10  50  3  58  362  322  1  -2  
10  50  3  67  362  322  1  -2  
10  50  3  75  362  322  1  -2  
10  50  3  84  362  322  1  -2  
10  50  3  92  362  322  1  -2  
10  50  3  100  362  322  1  -2  
10  50  3  108  362  322  1  -2  
10  50  3  117  362  322  1  -2  
10  50  3  127  362  322  1  -2  
10  50  3  134  362  322  1  -2  
10  50  3  142  362  322  1  -2  
10  50  3  150  362  322  1  -2  
10  50  3  158  362  322  1  -2  
10  50  3  167  362  322  1  -2  
10  50  3  175  362  322  1  -2  
10  50  3  184  362  322  1  -2  
10  50  3  192  362  322  1  -2  
10  50  3  199  362  322  1  -2  
10  50  3  209  362  322  1  -2  
10  50  3  218  362  322  1  -2  
10  50  3  226  362  322  1  -2  
10  50  3  234  362  322  1  -2  
10  50  3  242  362  322  1  -2  
10  50  4  249  362  322  1  -2  
10  50  4  258  362  322  1  -2  
10  50  4  266  362  322  1  -2  
10  50  4  275  362  322  1  -2  
10  50  4  282  362  322  1  -2  
10  50  4  291  362  322  1  -2  
10  50  4  299  362  322  1  -2  
10  50  4  307  362  322  1  -2  
10  50  4  316  362  322  1  -2  
10  50  4  325  362  322  1  -2  
10  50  4  332  362  322  1  -2  
10  50  4  344  362  322  1  -2  
10  50  4  350  362  322  1  -2  
10  50  4  361  362  322  1  -2  
10  50  4  367  362  322  1  -2  
10  50  4  377  362  322  1  -2  
10  50  4  385  362  322  1  -2  
10  50  4  393  362  322  1  -2  
10  50  4  400  362  322  1  -2  
10  50  4  410  362  322  1  -2  
10  50  4  417  362  322  1  -2  
10  50  4  426  362  322  1  -2  
10  50  4  435  362  322  1  -2  
10  50  4  443  362  322  1  -2  
10  50  4  450  362  322  1  -2  
10  50  4  460  362  322  1  -2  
10  50  4  467  362  322  1  -2  
10  50  4  477  362  322  1  -2  
10  50  4  485  362  322  1  -2  
10  50  4  493  362  322  1  -2  
10  50  4  500  362  322  1  -2  
10  50  4  510  362  322  1  -2  
10  50  4  518  362  322  1  -2  
10  50  4  528  362  322  1  -2  
10  50  4  536  362  322  1  -2  
10  50  4  546  362  322  1  -2  
10  50  4  552  362  322  1  -2  
10  50  4  563  362  322  1  -2  
10  50  4  570  362  322  1  -2  
10  50  4  580  362  322  1  -2  
10  50  4  586  369  322  1  -2  
10  50  4  597  369  322  1  -2  
10  50  4  604  374  322  1  -2  
10  50  4  613  378  323  1  -2  
10  50  4  620  380  323  1  -2  
10  50  4  629  385  323  1  -2  
10  50  4  636  391  325  1  -2  
10  50  4  647  396  325  1  -2  
10  50  4  654  405  327  1  -2  
10  50  4  663  410  328  1  -2  
10  50  4  669  417  328  1  -2  
10  50  4  679  422  329  1  -2  
10  50  4  686  428  329  1  -2  
10  50  4  696  437  333  1  -2  
10  50  4  704  445  333  1  -2  
10  50  4  713  454  334  1  -2  
10  50  4  719  461  335  1  -2  
10  50  4  729  471  335  1  -2  
10  50  4  735  478  337  1  -2  
10  50  4  746  488  339  1  -2  
10  50  4  754  495  340  1  -2  
10  50  4  763  504  341  1  -2  
10  50  4  770  509  341  2  -2  
10  50  4  781  514  341  2  -2  
10  50  4  786  523  341  2  -2  
10  50  4  797  523  341  2  -2  
10  50  4  804  526  341  2  -2  
10  50  4  813  528  341  2  -2  
10  50  4  819  528  341  2  -2  
10  50  4  829  528  341  2  -2  
10  50  4  836  530  341  2  -2  
10  50  4  847  532  341  2  -2  
10  50  4  854  533  341  2  -2  
10  50  4  863  535  341  2  -2  
10  50  4  870  537  341  2  -2  
10  50  4  879  540  341  2  -2  
10  50  4  886  543  341  2  -2  
10  50  4  896  543  341  2  -2  
10  50  4  904  543  341  2  -2  
10  50  4  912  543  341  2  -2  
10  50  4  920  544  341  2  -2  
10  50  4  929  544  341  2  -2  
10  50  4  935  546  341  2  -2  
10  50  4  946  546  341  2  -2  
10  50  4  953  546  341  2  -2  
10  50  4  963  546  341  2  -2  
10  50  4  970  546  341  2  -2  
10  50  4  979  546  341  2  -2  
10  50  4  986  546  341  2  -2  
10  50  4  997  546  341  2  -2  
10  50  4  1004  546  341  2  -2  
10  50  4  1013  546  341  2  -2  
10  50  4  1020  546  341  2  -2  
10  50  4  1029  546  341  2  -2  
10  50  4  1037  546  341  2  -2  
10  50  4  1047  546  341  2  -2  
10  50  4  1054  546  341  2  -2  
10  50  4  1063  546  341  2  -2  
10  50  4  1070  546  341  2  -2  
10  50  4  1079  546  341  2  -2  
10  50  4  1087  546  341  2  -2  
10  50  4  1096  546  341  2  -2  
10  50  4  1105  546  341  2  -2  
10  50  4  1113  546  341  2  -2  
10  50  4  1120  546  341  2  -2  
10  50  4  1130  546  341  2  -2  
10  50  4  1136  546  341  2  -2  
10  50  4  1146  544  341  2  -2  
10  50  4  1154  539  341  2  -2  
10  50  4  1163  529  341  2  -2  
10  50  4  1170  517  338  2  -2  
10  50  4  1179  500  337  2  -2  
10  50  4  1187  481  331  2  -2  
10  50  4  1196  443  326  2  -2  
10  50  4  1205  423  322  2  -2  
10  50  4  1213  408  320  2  -2  
10  50  4  1221  395  319  3  -2  
10  50  4  1229  384  316  3  -2  
10  50  4  1238  379  316  3  -2  
10  50  5  1246  377  316  3  -2  
10  50  5  1254  377  316  3  -2  
10  50  5  1263  377  316  3  -2  
10  50  5  1270  377  316  3  -2  
10  50  5  1279  377  316  3  -2  
10  50  5  1287  377  316  3  -2  
10  50  5  1296  377  316  3  -2  
10  50  5  1305  377  316  3  -2  
10  50  5  1312  377  316  3  -2  
10  50  5  1320  377  316  3  -2  
10  50  5  1329  377  316  3  -2  
10  50  5  1336  377  316  3  -2  
10  50  5  1347  377  316  3  -2  
10  50  5  1354  377  316  3  -2  
10  50  5  1363  377  316  3  -2  
10  50  5  1370  377  316  3  -2  
10  50  5  1379  377  316  3  -2  
10  50  5  1387  377  316  3  -2  
10  50  5  1396  377  316  3  -2  
10  50  5  1405  377  316  3  -2  
10  50  5  1412  377  316  3  -2  
10  50  5  1420  377  316  3  -2  
10  50  5  1429  377  316  3  -2  
10  50  5  1437  377  316  3  -2  
10  50  5  1446  377  316  3  -2  
10  50  5  1455  377  316  3  -2  
10  50  5  1463  377  316  3  -2  
10  50  5  1470  377  316  3  -2  
10  50  5  1479  377  316  3  -2  
10  50  5  1488  377  316  3  -2  
10  50  5  1496  377  316  3  -2  
10  50  5  1505  377  316  3  -2  
10  50  5  1513  377  316  3  -2  
10  50  5  1521  377  316  3  -2  
10  50  5  1529  377  316  3  -2  
10  50  5  1538  377  316  3  -2  
10  50  5  1546  377  316  3  -2  
10  50  5  1555  377  316  3  -2  
10  50  5  1563  377  316  3  -2  
10  50  5  1570  377  316  3  -2  
10  50  5  1579  377  316  3  -2  
10  50  5  1587  377  316  3  -2  
10  50  5  1596  377  316  3  -2  
10  50  5  1605  377  316  3  -2  
10  50  5  1613  377  316  3  -2  
10  50  5  1620  377  316  3  -2  
10  50  5  1629  377  316  3  -2  
10  50  5  1637  377  316  3  -2  
10  50  5  1646  377  316  3  -2  
10  50  5  1655  377  316  3  -2  
10  50  5  1662  377  316  3  -2  
10  50  5  1671  377  316  3  -2  
10  50  5  1679  377  316  3  -2  
10  50  5  1688  377  316  3  -2  
10  50  5  1696  377  316  3  -2  
10  50  5  1705  377  316  3  -2  
10  50  5  1712  377  316  3  -2  
10  50  5  1721  377  316  3  -2  
10  50  5  1729  377  316  3  -2  
10  50  5  1738  377  316  3  -2  
10  50  5  1746  377  316  3  -2  
10  50  5  1755  377  316  3  -2  
10  50  5  1763  377  316  3  -2  
10  50  5  1772  377  316  3  -2  
10  50  5  1780  377  316  3  -2  
10  50  5  1787  377  316  3  -2  
10  50  5  1796  377  316  3  -2  
10  50  5  1805  377  316  3  -2  
10  50  5  1814  377  316  3  -2  
10  50  5  1821  377  316  3  -2  
10  50  5  1829  377  316  3  -2  
10  50  5  1837  377  316  3  -2  
10  50  5  1846  377  316  3  -2  
10  50  5  1855  377  316  3  -2  
10  50  5  1864  377  316  3  -2  
10  50  5  1871  377  316  3  -2  
10  50  5  1880  377  316  3  -2  
10  50  5  1888  377  316  3  -2  
10  50  5  1897  377  316  3  -2  
10  50  5  1905  378  316  3  -2  
10  50  5  1912  383  316  3  -2  
10  50  5  1921  390  316  3  -2  
10  50  5  1929  398  316  3  -2  
10  50  5  1938  407  316  3  -2  
10  50  5  1946  419  313  3  -2  
10  50  5  1955  425  313  3  -2  
10  50  5  1962  433  311  3  -2  
10  50  5  1971  441  309  3  -2  
10  50  5  1979  448  309  3  -2  
10  50  5  1988  455  308  3  -2  
10  50  5  1996  459  308  3  -2  
10  50  5  2004  465  308  3  -2  
10  50  5  2012  470  308  3  -2  
10  50  5  2021  473  308  3  -2  
10  50  5  2029  477  308  3  -2  
10  50  5  2037  480  307  3  -2  
10  50  5  2046  483  307  3  -2  
10  50  5  2054  488  307  3  -2  
10  50  5  2062  492  307  3  -2  
10  50  5  2070  497  307  4  -2  
10  50  5  2078  502  307  4  -2  
10  50  5  2087  507  307  4  -2  
10  50  5  2095  511  307  4  -2  
10  50  5  2105  513  307  4  -2  
10  50  5  2112  513  307  4  -2  
10  50  5  2120  513  307  4  -2  
10  50  5  2128  513  307  4  -2  
10  50  5  2136  513  307  4  -2  
10  50  5  2147  513  307  4  -2  
10  50  5  2154  515  307  4  -2  
10  50  5  2162  515  307  4  -2  
10  50  5  2170  516  307  4  -2  
10  50  5  2178  520  307  4  -2  
10  50  5  2187  524  307  4  -2  
10  50  5  2196  529  307  4  -2  
10  50  5  2205  533  307  4  -2  
10  50  5  2213  534  307  4  -2  
10  50  5  2220  536  309  4  -2  
10  50  5  2229  536  309  4  -2  
10  50  5  2236  536  309  4  -2  
10  50  5  2245  536  309  4  -2  
10  50  6  2255  536  309  4  -2  
10  50  6  2264  536  309  4  -2  
10  50  6  2272  536  309  4  -2  
10  50  6  2279  536  309  4  -2  
10  50  6  2288  536  309  4  -2  
10  50  6  2297  536  309  4  -2  
10  50  6  2305  536  309  4  -2  
10  50  6  2312  536  309  4  -2  
10  50  6  2322  536  309  4  -2  
10  50  6  2332  536  309  4  -2  
10  50  6  2338  536  309  4  -2  
10  50  6  2347  536  309  4  -2  
10  50  6  2356  536  309  4  -2  
10  50  6  2364  536  309  4  -2  
10  50  6  2373  536  309  4  -2  
10  50  6  2381  536  309  4  -2  
10  50  6  2389  536  309  4  -2  
10  50  6  2397  536  309  4  -2  
10  50  6  2405  536  309  4  -2  
10  50  6  2414  536  309  4  -2  
10  50  6  2423  536  309  4  -2  
10  50  6  2431  536  309  4  -2  
10  50  6  2439  535  309  4  -2  
10  50  6  2447  531  309  4  -2  
10  50  6  2456  527  310  4  -2  
10  50  6  2465  520  311  4  -2  
10  50  6  2473  512  311  4  -2  
10  50  6  2482  502  311  4  -2  
10  50  6  2490  489  311  4  -2  
10  50  6  2499  474  311  4  -2  
10  50  6  2507  461  311  4  -2  
10  50  6  2515  447  311  4  -2  
10  50  6  2524  434  311  4  -2  
10  50  6  2532  422  311  4  -2  
10  50  6  2540  405  311  4  -2  
10  50  6  2549  402  311  4  -2  
