15  56  54  0  366  316  1  -2  
15  56  54  8  366  316  1  -2  
15  56  54  16  366  316  1  -2  
15  56  54  25  366  316  1  -2  
15  56  54  33  366  316  1  -2  
15  56  54  40  366  316  1  -2  
15  56  54  49  366  316  1  -2  
15  56  54  58  366  316  1  -2  
15  56  54  66  366  316  1  -2  
15  56  54  75  366  316  1  -2  
15  56  54  84  366  316  1  -2  
15  56  54  91  366  316  1  -2  
15  56  54  100  366  316  1  -2  
15  56  54  108  366  316  1  -2  
15  56  54  116  366  316  1  -2  
15  56  54  125  366  316  1  -2  
15  56  54  133  366  316  1  -2  
15  56  54  141  366  316  1  -2  
15  56  54  149  366  316  1  -2  
15  56  54  159  366  316  1  -2  
15  56  54  166  366  316  1  -2  
15  56  54  176  366  316  1  -2  
15  56  54  184  366  316  1  -2  
15  56  54  191  366  316  1  -2  
15  56  54  200  366  316  1  -2  
15  56  54  208  366  316  1  -2  
15  56  54  216  366  316  1  -2  
15  56  54  225  366  316  1  -2  
15  56  54  233  366  316  1  -2  
15  56  54  241  366  316  1  -2  
15  56  54  250  366  316  1  -2  
15  56  54  258  366  316  1  -2  
15  56  54  266  366  316  1  -2  
15  56  54  275  366  316  1  -2  
15  56  54  283  366  316  1  -2  
15  56  54  290  366  316  1  -2  
15  56  54  299  366  316  1  -2  
15  56  54  308  366  316  1  -2  
15  56  54  316  366  316  1  -2  
15  56  54  324  366  316  1  -2  
15  56  54  333  366  316  1  -2  
15  56  54  340  366  316  1  -2  
15  56  54  349  366  316  1  -2  
15  56  54  357  366  316  1  -2  
15  56  54  365  366  316  1  -2  
15  56  54  374  366  316  1  -2  
15  56  55  383  366  316  1  -2  
15  56  55  390  366  316  1  -2  
15  56  55  399  366  316  1  -2  
15  56  55  408  366  316  1  -2  
15  56  55  416  366  316  1  -2  
15  56  55  425  367  316  1  -2  
15  56  55  433  368  316  1  -2  
15  56  55  442  371  316  1  -2  
15  56  55  451  373  316  1  -2  
15  56  55  457  373  316  1  -2  
15  56  55  466  376  316  1  -2  
15  56  55  474  377  316  1  -2  
15  56  55  483  380  316  1  -2  
15  56  55  491  384  316  1  -2  
15  56  55  501  389  316  1  -2  
15  56  55  508  392  316  1  -2  
15  56  55  516  399  316  1  -2  
15  56  55  524  406  316  1  -2  
15  56  55  533  414  316  1  -2  
15  56  55  542  424  316  1  -2  
15  56  55  549  436  316  1  -2  
15  56  55  558  449  316  1  -2  
15  56  55  566  463  316  1  -2  
15  56  55  574  478  316  1  -2  
15  56  55  584  491  316  1  -2  
15  56  55  592  504  316  2  -2  
15  56  55  599  521  316  2  -2  
15  56  55  607  521  316  2  -2  
15  56  55  617  525  316  2  -2  
15  56  55  624  527  316  2  -2  
15  56  55  633  527  316  2  -2  
15  56  55  641  527  316  2  -2  
15  56  55  649  527  316  2  -2  
15  56  55  657  527  316  2  -2  
15  56  55  666  527  316  2  -2  
15  56  55  674  527  316  2  -2  
15  56  55  683  527  316  2  -2  
15  56  55  692  527  316  2  -2  
15  56  55  701  527  316  2  -2  
15  56  55  708  527  316  2  -2  
15  56  55  716  527  316  2  -2  
15  56  55  726  527  316  2  -2  
15  56  55  733  527  316  2  -2  
15  56  55  742  527  316  2  -2  
15  56  55  749  527  316  2  -2  
15  56  55  757  527  316  2  -2  
15  56  55  766  527  316  2  -2  
15  56  55  775  527  316  2  -2  
15  56  55  783  527  316  2  -2  
15  56  55  791  527  316  2  -2  
15  56  55  802  527  316  2  -2  
15  56  55  809  527  316  2  -2  
15  56  55  818  527  316  2  -2  
15  56  55  826  526  316  2  -2  
15  56  55  834  515  316  2  -2  
15  56  55  842  500  316  2  -2  
15  56  55  851  478  316  2  -2  
15  56  55  858  447  316  2  -2  
15  56  55  866  420  316  2  -2  
15  56  55  875  392  316  3  -2  
15  56  55  885  365  316  3  -2  
15  56  55  893  344  316  3  -2  
15  56  55  901  326  316  3  -2  
15  56  55  908  318  316  3  -2  
15  56  55  916  314  316  3  -2  
15  56  55  924  314  316  3  -2  
15  56  55  934  314  316  3  -2  
15  56  55  942  314  316  3  -2  
15  56  55  949  314  316  3  -2  
15  56  55  958  314  316  3  -2  
15  56  55  966  314  316  3  -2  
15  56  55  975  314  316  3  -2  
15  56  55  985  314  316  3  -2  
15  56  55  992  314  316  3  -2  
15  56  55  1002  314  316  3  -2  
15  56  55  1009  314  316  3  -2  
15  56  55  1018  314  316  3  -2  
15  56  55  1025  314  316  3  -2  
15  56  55  1034  314  316  3  -2  
15  56  55  1042  314  316  3  -2  
15  56  55  1051  314  316  3  -2  
15  56  55  1058  314  316  3  -2  
15  56  55  1066  314  316  3  -2  
15  56  55  1075  314  316  3  -2  
15  56  55  1085  314  316  3  -2  
15  56  55  1093  314  316  3  -2  
15  56  55  1101  314  316  3  -2  
15  56  55  1108  314  316  3  -2  
15  56  55  1119  314  316  3  -2  
15  56  55  1125  314  316  3  -2  
15  56  55  1134  314  316  3  -2  
15  56  55  1142  314  316  3  -2  
15  56  55  1152  314  316  3  -2  
15  56  55  1159  316  316  3  -2  
15  56  55  1169  316  316  3  -2  
15  56  55  1177  317  316  3  -2  
15  56  55  1185  317  316  3  -2  
15  56  55  1192  318  316  3  -2  
15  56  55  1203  320  316  3  -2  
15  56  55  1213  322  316  3  -2  
15  56  55  1221  326  315  3  -2  
15  56  55  1228  330  315  3  -2  
15  56  55  1237  335  314  3  -2  
15  56  55  1245  342  314  3  -2  
15  56  55  1255  350  314  3  -2  
15  56  55  1263  360  314  3  -2  
15  56  55  1271  370  314  3  -2  
15  56  55  1279  380  314  3  -2  
15  56  55  1288  393  314  3  -2  
15  56  55  1296  405  314  3  -2  
15  56  55  1305  427  314  3  -2  
15  56  55  1313  435  314  3  -2  
15  56  55  1321  444  314  3  -2  
15  56  55  1330  452  314  3  -2  
15  56  55  1338  460  314  3  -2  
15  56  55  1346  466  314  3  -2  
15  56  55  1355  471  314  3  -2  
15  56  55  1362  475  314  3  -2  
15  56  55  1371  476  314  3  -2  
15  56  55  1379  478  314  3  -2  
15  56  56  1387  478  314  3  -2  
15  56  56  1396  478  314  3  -2  
15  56  56  1405  479  314  3  -2  
15  56  56  1413  479  314  3  -2  
15  56  56  1421  479  314  3  -2  
15  56  56  1429  479  314  3  -2  
15  56  56  1438  480  314  3  -2  
15  56  56  1445  481  314  3  -2  
15  56  56  1455  483  314  3  -2  
15  56  56  1463  484  314  3  -2  
15  56  56  1471  486  314  3  -2  
15  56  56  1479  487  314  3  -2  
15  56  56  1487  488  314  3  -2  
15  56  56  1495  489  314  3  -2  
15  56  56  1505  489  314  3  -2  
15  56  56  1513  489  314  3  -2  
15  56  56  1521  489  314  3  -2  
15  56  56  1528  489  314  3  -2  
15  56  56  1538  489  314  3  -2  
15  56  56  1546  490  314  3  -2  
15  56  56  1555  490  314  3  -2  
15  56  56  1563  490  314  3  -2  
15  56  56  1571  490  314  3  -2  
15  56  56  1579  490  314  3  -2  
15  56  56  1588  490  314  3  -2  
15  56  56  1596  492  314  3  -2  
15  56  56  1605  492  314  3  -2  
15  56  56  1613  493  314  3  -2  
15  56  56  1621  493  314  3  -2  
15  56  56  1629  493  314  3  -2  
15  56  56  1638  493  314  3  -2  
15  56  56  1646  493  314  3  -2  
15  56  56  1655  495  313  4  -2  
15  56  56  1663  497  313  4  -2  
15  56  56  1670  498  313  4  -2  
15  56  56  1680  499  313  4  -2  
15  56  56  1688  501  313  4  -2  
15  56  56  1695  501  313  4  -2  
15  56  56  1705  502  313  4  -2  
15  56  56  1714  502  313  4  -2  
15  56  56  1722  502  313  4  -2  
15  56  56  1729  502  313  4  -2  
15  56  56  1737  502  313  4  -2  
15  56  56  1746  502  313  4  -2  
15  56  56  1754  502  313  4  -2  
15  56  56  1763  502  313  4  -2  
15  56  56  1772  502  313  4  -2  
15  56  56  1778  502  313  4  -2  
15  56  56  1788  502  313  4  -2  
15  56  56  1796  502  313  4  -2  
15  56  56  1804  502  313  4  -2  
15  56  56  1813  502  313  4  -2  
15  56  56  1823  502  313  4  -2  
15  56  56  1830  502  313  4  -2  
15  56  56  1838  503  313  4  -2  
15  56  56  1846  504  313  4  -2  
15  56  56  1856  505  312  4  -2  
15  56  56  1864  506  311  4  -2  
15  56  56  1872  506  311  4  -2  
15  56  56  1881  506  311  4  -2  
15  56  56  1890  506  311  4  -2  
15  56  56  1898  506  311  4  -2  
15  56  56  1914  509  311  4  -2  
15  56  56  1923  509  311  4  -2  
15  56  56  1932  512  311  4  -2  
15  56  56  1939  513  311  4  -2  
15  56  56  1949  517  311  4  -2  
15  56  56  1956  523  311  4  -2  
15  56  56  1965  527  311  4  -2  
15  56  56  1973  529  310  4  -2  
15  56  56  1982  530  310  4  -2  
15  56  56  1990  531  309  4  -2  
15  56  56  1998  531  309  4  -2  
15  56  56  2007  531  309  4  -2  
15  56  56  2015  531  309  4  -2  
15  56  56  2024  531  309  4  -2  
15  56  56  2031  531  309  4  -2  
15  56  56  2039  531  309  4  -2  
15  56  56  2048  531  309  4  -2  
15  56  56  2056  531  309  4  -2  
15  56  56  2064  531  309  4  -2  
15  56  56  2073  531  309  4  -2  
15  56  56  2081  531  309  4  -2  
15  56  56  2090  531  309  4  -2  
15  56  56  2098  528  309  4  -2  
15  56  56  2106  523  309  4  -2  
15  56  56  2115  519  309  4  -2  
15  56  56  2123  517  309  4  -2  
15  56  56  2131  512  309  4  -2  
15  56  56  2138  506  309  4  -2  
15  56  56  2147  500  309  4  -2  
15  56  56  2156  491  309  4  -2  
15  56  56  2164  486  309  4  -2  
15  56  56  2173  479  309  4  -2  
15  56  56  2182  469  309  4  -2  
15  56  56  2192  461  309  4  -2  
15  56  56  2201  441  309  4  -2  
15  56  56  2208  432  309  4  -2  
15  56  56  2220  422  309  4  -2  
15  56  56  2228  412  309  4  -2  
15  56  56  2237  404  309  4  -2  
15  56  56  2245  395  309  5  -2  
15  56  56  2254  390  309  5  -2  
15  56  56  2261  385  309  5  -2  
15  56  56  2269  383  309  5  -2  
15  56  56  2279  383  309  5  -2  
15  56  56  2286  383  309  5  -2  
15  56  56  2294  383  309  5  -2  
15  56  56  2303  383  309  5  -2  
15  56  56  2312  383  309  5  -2  
15  56  56  2320  383  309  5  -2  
15  56  56  2328  383  309  5  -2  
15  56  56  2337  383  309  5  -2  
15  56  56  2344  383  309  5  -2  
15  56  56  2353  383  309  5  -2  
15  56  56  2362  383  309  5  -2  
15  56  56  2369  383  309  5  -2  
15  56  56  2378  383  309  5  -2  
15  56  57  2386  383  309  5  -2  
15  56  57  2395  383  309  5  -2  
15  56  57  2404  383  309  5  -2  
15  56  57  2412  383  309  5  -2  
15  56  57  2419  383  309  5  -2  
15  56  57  2429  383  309  5  -2  
15  56  57  2437  383  309  5  -2  
15  56  57  2445  383  309  5  -2  
15  56  57  2453  383  309  5  -2  
15  56  57  2462  383  309  5  -2  
15  56  57  2469  383  309  5  -2  
15  56  57  2478  383  309  5  -2  
15  56  57  2487  383  309  5  -2  
15  56  57  2495  383  309  5  -2  
15  56  57  2503  383  309  5  -2  
15  56  57  2512  383  309  5  -2  
15  56  57  2520  383  309  5  -2  
15  56  57  2527  383  309  5  -2  
15  56  57  2537  383  309  5  -2  
15  56  57  2546  383  309  5  -2  
15  56  57  2554  383  309  5  -2  
15  56  57  2562  383  309  5  -2  
15  56  57  2570  383  309  5  -2  
15  56  57  2579  383  309  5  -2  
15  56  57  2587  383  309  5  -2  
15  56  57  2596  383  309  5  -2  
15  56  57  2604  383  309  5  -2  
15  56  57  2612  383  309  5  -2  
15  56  57  2620  383  309  5  -2  
15  56  57  2629  383  309  5  -2  
15  56  57  2637  383  309  5  -2  
