15  56  18  0  367  311  1  -2  
15  56  18  8  367  311  1  -2  
15  56  18  16  367  311  1  -2  
15  56  18  23  367  311  1  -2  
15  56  18  33  367  311  1  -2  
15  56  18  41  367  311  1  -2  
15  56  18  50  367  311  1  -2  
15  56  18  59  367  311  1  -2  
15  56  18  65  367  311  1  -2  
15  56  18  74  367  311  1  -2  
15  56  18  83  367  311  1  -2  
15  56  18  90  367  311  1  -2  
15  56  18  100  367  311  1  -2  
15  56  18  108  367  311  1  -2  
15  56  18  118  367  311  1  -2  
15  56  18  125  367  311  1  -2  
15  56  18  133  367  311  1  -2  
15  56  18  142  367  311  1  -2  
15  56  18  150  367  311  1  -2  
15  56  18  160  367  311  1  -2  
15  56  18  167  367  311  1  -2  
15  56  18  175  367  311  1  -2  
15  56  18  183  367  311  1  -2  
15  56  18  192  367  311  1  -2  
15  56  18  201  367  311  1  -2  
15  56  18  208  367  311  1  -2  
15  56  18  219  367  311  1  -2  
15  56  18  226  367  311  1  -2  
15  56  18  233  367  311  1  -2  
15  56  18  242  367  311  1  -2  
15  56  18  250  367  311  1  -2  
15  56  18  260  367  311  1  -2  
15  56  18  269  367  311  1  -2  
15  56  18  276  367  311  1  -2  
15  56  18  284  367  311  1  -2  
15  56  18  292  367  311  1  -2  
15  56  18  301  367  311  1  -2  
15  56  18  310  367  311  1  -2  
15  56  18  318  367  311  1  -2  
15  56  18  325  367  311  1  -2  
15  56  18  334  367  311  1  -2  
15  56  18  342  367  311  1  -2  
15  56  18  350  368  311  1  -2  
15  56  18  360  372  311  1  -2  
15  56  18  368  377  311  1  -2  
15  56  18  376  385  311  1  -2  
15  56  18  384  395  311  1  -2  
15  56  18  392  407  311  1  -2  
15  56  18  400  422  311  1  -2  
15  56  18  409  437  313  1  -2  
15  56  18  418  454  314  1  -2  
15  56  18  425  470  317  1  -2  
15  56  18  434  485  318  1  -2  
15  56  18  443  500  320  2  -2  
15  56  18  450  517  321  2  -2  
15  56  18  460  517  321  2  -2  
15  56  18  468  522  321  2  -2  
15  56  18  474  523  321  2  -2  
15  56  18  485  523  321  2  -2  
15  56  18  493  524  321  2  -2  
15  56  18  501  524  321  2  -2  
15  56  18  510  524  321  2  -2  
15  56  18  520  524  321  2  -2  
15  56  18  526  524  321  2  -2  
15  56  19  534  524  321  2  -2  
15  56  19  542  524  321  2  -2  
15  56  19  550  524  321  2  -2  
15  56  19  560  524  321  2  -2  
15  56  19  568  524  321  2  -2  
15  56  19  575  524  321  2  -2  
15  56  19  584  524  321  2  -2  
15  56  19  591  524  321  2  -2  
15  56  19  600  524  321  2  -2  
15  56  19  610  524  321  2  -2  
15  56  19  619  524  321  2  -2  
15  56  19  628  512  321  2  -2  
15  56  19  637  501  321  2  -2  
15  56  19  643  486  321  2  -2  
15  56  19  652  486  321  2  -2  
15  56  19  661  451  321  2  -2  
15  56  19  671  433  321  2  -2  
15  56  19  679  415  321  2  -2  
15  56  19  689  397  321  3  -2  
15  56  19  696  383  321  3  -2  
15  56  19  706  373  321  3  -2  
15  56  19  713  371  321  3  -2  
15  56  19  722  369  321  3  -2  
15  56  19  730  369  321  3  -2  
15  56  19  739  369  321  3  -2  
15  56  19  745  369  321  3  -2  
15  56  19  755  369  321  3  -2  
15  56  19  762  369  321  3  -2  
15  56  19  772  369  321  3  -2  
15  56  19  781  369  321  3  -2  
15  56  19  789  369  321  3  -2  
15  56  19  795  369  321  3  -2  
15  56  19  806  369  321  3  -2  
15  56  19  812  369  321  3  -2  
15  56  19  823  369  321  3  -2  
15  56  19  830  369  321  3  -2  
15  56  19  839  369  321  3  -2  
15  56  19  845  369  321  3  -2  
15  56  19  855  369  321  3  -2  
15  56  19  862  369  321  3  -2  
15  56  19  873  369  321  3  -2  
15  56  19  881  369  321  3  -2  
15  56  19  889  369  321  3  -2  
15  56  19  896  369  321  3  -2  
15  56  19  905  369  321  3  -2  
15  56  19  913  369  321  3  -2  
15  56  19  923  369  321  3  -2  
15  56  19  930  369  321  3  -2  
15  56  19  939  369  321  3  -2  
15  56  19  945  369  321  3  -2  
15  56  19  955  369  321  3  -2  
15  56  19  962  369  321  3  -2  
15  56  19  973  369  321  3  -2  
15  56  19  980  369  321  3  -2  
15  56  19  989  369  321  3  -2  
15  56  19  996  369  321  3  -2  
15  56  19  1005  369  321  3  -2  
15  56  19  1013  369  321  3  -2  
15  56  19  1023  372  321  3  -2  
15  56  19  1032  381  321  3  -2  
15  56  19  1040  391  321  3  -2  
15  56  19  1048  404  321  3  -2  
15  56  19  1055  421  321  3  -2  
15  56  19  1063  439  321  3  -2  
15  56  19  1073  462  321  3  -2  
15  56  19  1080  492  321  3  -2  
15  56  19  1089  523  321  4  -2  
15  56  19  1097  551  321  4  -2  
15  56  19  1105  571  321  4  -2  
15  56  19  1113  588  321  4  -2  
15  56  19  1123  598  321  4  -2  
15  56  19  1130  603  321  4  -2  
15  56  19  1139  603  321  4  -2  
15  56  19  1147  603  321  4  -2  
15  56  19  1155  603  321  4  -2  
15  56  19  1163  603  321  4  -2  
15  56  19  1173  603  321  4  -2  
15  56  19  1181  603  321  4  -2  
15  56  19  1190  603  321  4  -2  
15  56  19  1196  603  321  4  -2  
15  56  19  1205  603  321  4  -2  
15  56  19  1213  603  321  4  -2  
15  56  19  1222  603  321  4  -2  
15  56  19  1231  603  321  4  -2  
15  56  19  1239  603  321  4  -2  
15  56  19  1247  603  321  4  -2  
15  56  19  1256  603  321  4  -2  
15  56  19  1264  603  321  4  -2  
15  56  19  1272  603  321  4  -2  
15  56  19  1281  603  321  4  -2  
15  56  19  1289  603  321  4  -2  
15  56  19  1298  603  321  4  -2  
15  56  19  1305  603  321  4  -2  
15  56  19  1315  603  321  4  -2  
15  56  19  1322  603  321  4  -2  
15  56  19  1331  602  322  4  -2  
15  56  19  1339  601  322  4  -2  
15  56  19  1347  600  322  4  -2  
15  56  19  1356  599  322  4  -2  
15  56  19  1364  593  322  4  -2  
15  56  19  1373  590  322  4  -2  
15  56  19  1381  583  322  4  -2  
15  56  19  1389  576  322  4  -2  
15  56  19  1397  568  322  4  -2  
15  56  19  1406  560  322  4  -2  
15  56  19  1414  546  322  4  -2  
15  56  19  1423  533  322  4  -2  
15  56  19  1431  521  322  4  -2  
15  56  19  1439  510  322  4  -2  
15  56  19  1447  501  322  4  -2  
15  56  19  1455  491  322  4  -2  
15  56  19  1465  486  322  4  -2  
15  56  19  1473  482  322  4  -2  
15  56  19  1481  480  322  4  -2  
15  56  19  1489  476  322  4  -2  
15  56  19  1498  471  322  4  -2  
15  56  19  1506  466  322  4  -2  
15  56  19  1513  459  322  4  -2  
15  56  19  1522  451  322  4  -2  
15  56  20  1530  442  322  4  -2  
15  56  20  1538  432  322  4  -2  
15  56  20  1546  424  322  4  -2  
15  56  20  1555  412  322  4  -2  
15  56  20  1563  392  322  5  -2  
15  56  20  1572  382  322  5  -2  
15  56  20  1580  377  322  5  -2  
15  56  20  1588  372  322  5  -2  
15  56  20  1597  371  322  5  -2  
15  56  20  1604  371  322  5  -2  
15  56  20  1613  371  322  5  -2  
15  56  20  1621  371  322  5  -2  
15  56  20  1631  371  322  5  -2  
15  56  20  1639  371  322  5  -2  
15  56  20  1647  371  322  5  -2  
15  56  20  1655  371  322  5  -2  
15  56  20  1664  371  322  5  -2  
15  56  20  1671  371  322  5  -2  
15  56  20  1680  371  322  5  -2  
15  56  20  1689  371  322  5  -2  
15  56  20  1697  371  322  5  -2  
15  56  20  1705  371  322  5  -2  
15  56  20  1714  371  322  5  -2  
15  56  20  1722  371  322  5  -2  
15  56  20  1730  371  322  5  -2  
15  56  20  1738  371  322  5  -2  
15  56  20  1747  371  322  5  -2  
15  56  20  1755  371  322  5  -2  
15  56  20  1764  371  322  5  -2  
15  56  20  1772  371  322  5  -2  
15  56  20  1780  371  322  5  -2  
15  56  20  1788  371  322  5  -2  
15  56  20  1797  371  322  5  -2  
15  56  20  1805  371  322  5  -2  
15  56  20  1814  371  322  5  -2  
15  56  20  1822  371  322  5  -2  
