12  26  44  0  346  320  1  -2  
12  26  44  7  347  319  1  -2  
12  26  44  17  347  318  1  -2  
12  26  44  23  350  316  1  -2  
12  26  44  33  353  315  1  -2  
12  26  44  39  357  314  1  -2  
12  26  44  49  361  312  1  -2  
12  26  44  56  365  311  1  -2  
12  26  44  67  370  310  1  -2  
12  26  44  73  375  309  1  -2  
12  26  44  84  375  309  1  -2  
12  26  44  90  386  306  1  -2  
12  26  44  99  391  306  1  -2  
12  26  44  106  398  306  1  -2  
12  26  44  117  408  306  1  -2  
12  26  44  123  416  306  1  -2  
12  26  44  133  426  306  1  -2  
12  26  44  139  436  306  1  -2  
12  26  44  149  447  306  1  -2  
12  26  44  157  453  306  1  -2  
12  26  44  166  460  306  1  -2  
12  26  44  173  467  307  1  -2  
12  26  44  183  471  307  1  -2  
12  26  44  190  475  307  1  -2  
12  26  44  200  477  307  1  -2  
12  26  44  207  479  307  1  -2  
12  26  44  217  480  307  1  -2  
12  26  44  223  480  308  1  -2  
12  26  44  233  481  308  1  -2  
12  26  44  241  481  308  1  -2  
12  26  44  250  481  308  1  -2  
12  26  44  257  481  308  1  -2  
12  26  44  267  481  308  1  -2  
12  26  44  275  482  308  1  -2  
12  26  44  285  483  308  1  -2  
12  26  44  292  483  308  1  -2  
12  26  44  302  483  308  1  -2  
12  26  44  307  483  308  1  -2  
12  26  44  317  483  308  1  -2  
12  26  44  323  483  308  1  -2  
12  26  44  334  483  308  1  -2  
12  26  44  341  483  308  1  -2  
12  26  44  350  483  308  1  -2  
12  26  44  357  483  308  1  -2  
12  26  44  367  483  308  1  -2  
12  26  44  373  483  308  1  -2  
12  26  44  383  483  308  1  -2  
12  26  44  391  483  308  1  -2  
12  26  44  400  483  308  1  -2  
12  26  44  406  483  308  1  -2  
12  26  44  417  483  308  1  -2  
12  26  44  423  483  308  1  -2  
12  26  44  434  483  308  1  -2  
12  26  44  440  483  308  1  -2  
12  26  44  450  482  308  1  -2  
12  26  44  457  480  308  1  -2  
12  26  44  467  480  308  1  -2  
12  26  44  474  475  310  1  -2  
12  26  44  483  475  310  1  -2  
12  26  44  490  466  310  1  -2  
12  26  44  500  463  310  1  -2  
12  26  44  506  458  310  1  -2  
12  26  44  518  458  310  1  -2  
12  26  44  524  449  310  1  -2  
12  26  44  534  444  310  1  -2  
12  26  44  541  441  310  1  -2  
12  26  44  550  437  310  1  -2  
12  26  44  558  433  310  1  -2  
12  26  44  567  429  310  1  -2  
12  26  44  574  426  310  1  -2  
12  26  44  583  422  310  1  -2  
12  26  44  590  418  310  1  -2  
12  26  44  600  415  310  1  -2  
12  26  44  607  413  310  1  -2  
12  26  44  617  409  310  1  -2  
12  26  44  624  407  310  1  -2  
12  26  44  634  404  310  1  -2  
12  26  44  642  398  310  1  -2  
12  26  44  650  395  310  1  -2  
12  26  44  657  395  310  1  -2  
12  26  44  667  392  310  1  -2  
12  26  44  673  384  311  1  -2  
12  26  44  683  384  311  1  -2  
12  26  44  693  374  313  1  -2  
12  26  44  701  370  313  1  -2  
12  26  44  709  366  313  1  -2  
12  26  44  717  363  313  1  -2  
12  26  44  723  361  313  1  -2  
12  26  44  734  359  313  1  -2  
12  26  44  742  356  313  1  -2  
12  26  44  751  356  313  1  -2  
12  26  44  758  355  313  1  -2  
12  26  44  767  354  313  1  -2  
12  26  44  774  354  313  1  -2  
12  26  44  784  354  313  1  -2  
12  26  44  791  354  313  1  -2  
12  26  44  801  354  313  1  -2  
12  26  44  807  354  313  1  -2  
12  26  44  817  354  313  1  -2  
12  26  44  824  353  313  1  -2  
12  26  44  834  353  313  1  -2  
12  26  44  842  353  313  1  -2  
12  26  45  850  353  313  1  -2  
12  26  45  857  353  313  1  -2  
12  26  45  867  353  313  1  -2  
12  26  45  874  353  313  1  -2  
12  26  45  883  353  313  1  -2  
12  26  45  893  353  313  1  -2  
12  26  45  900  353  313  1  -2  
12  26  45  908  353  313  1  -2  
12  26  45  917  353  313  1  -2  
12  26  45  924  353  313  1  -2  
12  26  45  934  353  313  1  -2  
12  26  45  941  353  313  1  -2  
12  26  45  950  353  313  1  -2  
12  26  45  957  353  313  1  -2  
12  26  45  965  353  313  1  -2  
12  26  45  973  353  313  1  -2  
12  26  45  982  353  313  1  -2  
12  26  45  992  353  313  1  -2  
12  26  45  1000  353  313  1  -2  
12  26  45  1006  353  313  1  -2  
12  26  45  1015  353  313  1  -2  
12  26  45  1024  353  313  1  -2  
12  26  45  1033  353  313  1  -2  
12  26  45  1041  353  313  1  -2  
12  26  45  1049  353  313  1  -2  
12  26  45  1057  353  313  1  -2  
12  26  45  1067  353  313  1  -2  
12  26  45  1073  353  313  1  -2  
12  26  45  1082  353  313  1  -2  
12  26  45  1091  353  313  1  -2  
12  26  45  1099  353  313  1  -2  
12  26  45  1107  353  313  1  -2  
12  26  45  1116  353  313  1  -2  
12  26  45  1123  353  313  1  -2  
12  26  45  1132  353  313  1  -2  
12  26  45  1141  353  313  1  -2  
12  26  45  1149  353  313  1  -2  
12  26  45  1156  353  313  1  -2  
12  26  45  1166  353  313  1  -2  
12  26  45  1175  353  313  1  -2  
12  26  45  1183  353  313  1  -2  
12  26  45  1193  353  313  1  -2  
12  26  45  1201  353  313  1  -2  
12  26  45  1210  353  313  1  -2  
12  26  45  1217  353  313  1  -2  
12  26  45  1224  353  313  1  -2  
12  26  45  1233  353  313  1  -2  
12  26  45  1242  353  313  1  -2  
12  26  45  1251  353  313  1  -2  
12  26  45  1259  353  313  1  -2  
12  26  45  1266  353  313  1  -2  
12  26  45  1276  353  313  1  -2  
12  26  45  1284  353  313  1  -2  
12  26  45  1293  353  313  1  -2  
12  26  45  1301  353  313  1  -2  
12  26  45  1308  353  313  1  -2  
12  26  45  1316  353  313  1  -2  
12  26  45  1325  353  313  1  -2  
12  26  45  1333  353  313  1  -2  
12  26  45  1342  353  313  1  -2  
12  26  45  1351  353  313  1  -2  
12  26  45  1358  353  313  1  -2  
12  26  45  1368  353  313  1  -2  
12  26  45  1375  353  313  1  -2  
12  26  45  1384  353  313  1  -2  
12  26  45  1392  353  313  1  -2  
12  26  45  1401  353  313  1  -2  
12  26  45  1409  353  313  1  -2  
12  26  45  1417  353  313  1  -2  
12  26  45  1425  353  313  1  -2  
12  26  45  1434  353  313  1  -2  
12  26  45  1441  353  313  1  -2  
12  26  45  1451  353  313  1  -2  
12  26  45  1458  353  313  1  -2  
12  26  45  1467  353  313  1  -2  
12  26  45  1476  353  313  1  -2  
12  26  45  1483  353  313  1  -2  
12  26  45  1492  353  313  1  -2  
12  26  45  1501  353  313  1  -2  
12  26  45  1508  353  313  1  -2  
12  26  45  1517  353  313  1  -2  
12  26  45  1525  353  313  1  -2  
12  26  45  1533  353  313  1  -2  
12  26  45  1542  353  313  1  -2  
12  26  45  1551  353  313  1  -2  
12  26  45  1559  353  313  1  -2  
12  26  45  1567  353  313  1  -2  
12  26  45  1575  353  313  1  -2  
12  26  45  1583  353  313  1  -2  
12  26  45  1592  353  313  1  -2  
12  26  45  1601  353  313  1  -2  
12  26  45  1608  353  313  1  -2  
12  26  45  1618  353  313  1  -2  
12  26  45  1625  353  313  1  -2  
12  26  45  1633  353  313  1  -2  
12  26  45  1641  353  313  1  -2  
12  26  45  1651  355  313  1  -2  
12  26  45  1660  359  313  1  -2  
12  26  45  1669  362  313  1  -2  
12  26  45  1675  367  313  1  -2  
12  26  45  1685  376  313  1  -2  
12  26  45  1693  384  313  1  -2  
12  26  45  1701  394  313  1  -2  
12  26  45  1710  403  317  1  -2  
12  26  45  1717  413  317  1  -2  
12  26  45  1725  420  318  1  -2  
12  26  45  1734  427  320  1  -2  
12  26  45  1743  434  320  1  -2  
12  26  45  1751  441  320  1  -2  
12  26  45  1759  446  320  1  -2  
12  26  45  1766  453  320  1  -2  
12  26  45  1776  457  320  1  -2  
12  26  45  1785  462  320  1  -2  
12  26  45  1792  464  320  1  -2  
12  26  45  1801  468  320  1  -2  
12  26  45  1809  472  320  1  -2  
12  26  45  1817  473  320  1  -2  
12  26  45  1825  477  320  1  -2  
12  26  45  1834  481  320  1  -2  
12  26  45  1843  490  323  1  -2  
12  26  46  1851  497  323  2  -2  
12  26  46  1860  502  324  2  -2  
12  26  46  1867  509  325  2  -2  
12  26  46  1875  512  325  2  -2  
12  26  46  1883  515  325  2  -2  
12  26  46  1892  517  325  2  -2  
12  26  46  1901  517  325  2  -2  
12  26  46  1909  518  325  2  -2  
12  26  46  1917  518  325  2  -2  
12  26  46  1925  519  325  2  -2  
12  26  46  1934  519  325  2  -2  
12  26  46  1943  519  325  2  -2  
12  26  46  1951  519  325  2  -2  
12  26  46  1960  519  325  2  -2  
12  26  46  1967  519  325  2  -2  
12  26  46  1975  519  325  2  -2  
12  26  46  1983  519  325  2  -2  
12  26  46  1992  519  325  2  -2  
12  26  46  2001  519  325  2  -2  
12  26  46  2009  519  325  2  -2  
12  26  46  2017  520  326  2  -2  
12  26  46  2025  520  326  2  -2  
12  26  46  2033  520  326  2  -2  
12  26  46  2042  520  326  2  -2  
12  26  46  2051  520  326  2  -2  
12  26  46  2060  520  326  2  -2  
12  26  46  2068  520  326  2  -2  
12  26  46  2075  520  326  2  -2  
12  26  46  2084  518  326  2  -2  
12  26  46  2093  517  326  2  -2  
12  26  46  2101  514  326  2  -2  
12  26  46  2110  510  326  2  -2  
12  26  46  2118  507  326  2  -2  
12  26  46  2125  502  325  2  -2  
12  26  46  2134  499  325  2  -2  
12  26  46  2142  492  324  2  -2  
12  26  46  2151  485  323  2  -2  
12  26  46  2160  478  322  2  -2  
12  26  46  2169  470  321  2  -2  
12  26  46  2177  459  319  2  -2  
12  26  46  2184  451  319  2  -2  
12  26  46  2192  439  318  2  -2  
12  26  46  2201  431  318  2  -2  
12  26  46  2210  425  316  2  -2  
12  26  46  2218  420  316  2  -2  
12  26  46  2226  416  316  2  -2  
12  26  46  2233  413  315  2  -2  
12  26  46  2243  413  315  2  -2  
12  26  46  2251  411  315  2  -2  
12  26  46  2259  410  314  2  -2  
12  26  46  2268  409  314  2  -2  
12  26  46  2277  409  314  2  -2  
12  26  46  2285  408  314  2  -2  
12  26  46  2294  408  314  2  -2  
12  26  46  2303  408  314  2  -2  
12  26  46  2311  405  314  2  -2  
12  26  46  2319  404  314  2  -2  
12  26  46  2327  404  314  2  -2  
12  26  46  2334  401  314  2  -2  
12  26  46  2343  400  314  2  -2  
12  26  46  2353  397  314  3  -2  
12  26  46  2359  395  314  3  -2  
12  26  46  2367  393  314  3  -2  
12  26  46  2376  391  314  3  -2  
12  26  46  2385  389  314  3  -2  
12  26  46  2392  388  314  3  -2  
12  26  46  2403  387  314  3  -2  
12  26  46  2410  385  314  3  -2  
12  26  46  2418  385  314  3  -2  
12  26  46  2426  385  314  3  -2  
12  26  46  2435  383  315  3  -2  
12  26  46  2443  382  316  3  -2  
12  26  46  2453  381  316  3  -2  
12  26  46  2459  380  316  3  -2  
12  26  46  2467  380  316  3  -2  
12  26  46  2475  380  316  3  -2  
12  26  46  2485  380  316  3  -2  
12  26  46  2493  380  316  3  -2  
12  26  46  2501  380  316  3  -2  
12  26  46  2510  380  316  3  -2  
12  26  46  2517  380  316  3  -2  
12  26  46  2526  380  316  3  -2  
12  26  46  2535  380  316  3  -2  
12  26  46  2543  380  316  3  -2  
12  26  46  2553  380  316  3  -2  
12  26  46  2560  380  316  3  -2  
12  26  46  2568  380  316  3  -2  
12  26  46  2576  380  316  3  -2  
12  26  46  2585  380  316  3  -2  
12  26  46  2594  380  316  3  -2  
12  26  46  2603  380  316  3  -2  
12  26  46  2611  380  316  3  -2  
12  26  46  2619  380  316  3  -2  
12  26  46  2627  380  316  3  -2  
12  26  46  2635  380  316  3  -2  
12  26  46  2643  380  316  3  -2  
12  26  46  2651  380  316  3  -2  
12  26  46  2660  380  316  3  -2  
