15  56  32  0  384  319  1  -2  
15  56  32  10  384  319  1  -2  
15  56  32  17  384  319  1  -2  
15  56  32  26  384  319  1  -2  
15  56  32  33  384  319  1  -2  
15  56  32  42  384  319  1  -2  
15  56  32  50  384  319  1  -2  
15  56  32  61  384  319  1  -2  
15  56  32  67  384  319  1  -2  
15  56  32  77  384  319  1  -2  
15  56  32  84  384  319  1  -2  
15  56  32  94  384  319  1  -2  
15  56  32  101  384  319  1  -2  
15  56  32  111  384  319  1  -2  
15  56  32  117  384  319  1  -2  
15  56  32  127  384  319  1  -2  
15  56  32  134  384  319  1  -2  
15  56  32  143  384  319  1  -2  
15  56  32  151  384  319  1  -2  
15  56  32  160  384  319  1  -2  
15  56  32  169  384  319  1  -2  
15  56  32  177  384  319  1  -2  
15  56  32  184  384  319  1  -2  
15  56  32  194  384  319  1  -2  
15  56  32  201  384  319  1  -2  
15  56  32  211  384  319  1  -2  
15  56  32  218  384  319  1  -2  
15  56  32  227  384  319  1  -2  
15  56  32  235  384  319  1  -2  
15  56  32  244  384  319  1  -2  
15  56  32  251  384  319  1  -2  
15  56  32  260  384  319  1  -2  
15  56  32  269  384  319  1  -2  
15  56  32  277  384  319  1  -2  
15  56  32  285  384  319  1  -2  
15  56  32  293  384  319  1  -2  
15  56  32  301  384  319  1  -2  
15  56  32  311  385  319  1  -2  
15  56  32  319  385  319  1  -2  
15  56  32  327  386  319  1  -2  
15  56  32  335  389  319  1  -2  
15  56  32  344  392  319  1  -2  
15  56  32  351  395  319  1  -2  
15  56  32  361  399  319  1  -2  
15  56  32  369  404  316  1  -2  
15  56  32  377  411  316  1  -2  
15  56  32  384  419  316  1  -2  
15  56  32  394  427  316  1  -2  
15  56  32  401  436  316  1  -2  
15  56  32  411  444  316  1  -2  
15  56  32  417  463  316  1  -2  
15  56  32  427  463  316  1  -2  
15  56  32  435  475  316  1  -2  
15  56  32  444  480  316  1  -2  
15  56  32  451  485  316  1  -2  
15  56  32  461  490  316  1  -2  
15  56  32  469  493  316  1  -2  
15  56  32  477  495  316  2  -2  
15  56  32  485  498  316  2  -2  
15  56  32  494  500  316  2  -2  
15  56  32  503  502  316  2  -2  
15  56  32  513  503  316  2  -2  
15  56  32  521  504  316  2  -2  
15  56  32  529  506  316  2  -2  
15  56  32  539  511  316  2  -2  
15  56  32  548  528  316  2  -2  
15  56  32  555  538  316  2  -2  
15  56  32  564  550  316  2  -2  
15  56  32  574  556  316  2  -2  
15  56  32  581  562  316  2  -2  
15  56  32  589  564  316  2  -2  
15  56  32  597  564  316  2  -2  
15  56  32  604  564  316  2  -2  
15  56  32  614  564  316  2  -2  
15  56  32  622  564  316  2  -2  
15  56  32  629  563  316  2  -2  
15  56  32  640  559  316  2  -2  
15  56  33  647  555  316  2  -2  
15  56  33  654  551  316  2  -2  
15  56  33  663  548  316  2  -2  
15  56  33  671  545  316  2  -2  
15  56  33  680  541  316  2  -2  
15  56  33  690  539  316  2  -2  
15  56  33  697  536  316  2  -2  
15  56  33  705  532  316  2  -2  
15  56  33  714  529  316  2  -2  
15  56  33  724  522  316  2  -2  
15  56  33  731  513  316  2  -2  
15  56  33  739  503  316  2  -2  
15  56  33  747  487  316  2  -2  
15  56  33  755  467  316  2  -2  
15  56  33  765  439  316  2  -2  
15  56  33  773  412  316  2  -2  
15  56  33  781  385  316  3  -2  
15  56  33  790  357  316  3  -2  
15  56  33  798  337  316  3  -2  
15  56  33  805  323  316  3  -2  
15  56  33  815  313  316  3  -2  
15  56  33  823  311  316  3  -2  
15  56  33  830  311  316  3  -2  
15  56  33  839  311  316  3  -2  
15  56  33  846  311  316  3  -2  
15  56  33  855  311  316  3  -2  
15  56  33  863  311  316  3  -2  
15  56  33  873  311  316  3  -2  
15  56  33  880  311  316  3  -2  
15  56  33  891  311  316  3  -2  
15  56  33  898  311  316  3  -2  
15  56  33  905  311  316  3  -2  
15  56  33  914  311  316  3  -2  
15  56  33  922  311  316  3  -2  
15  56  33  931  311  316  3  -2  
15  56  33  940  311  316  3  -2  
15  56  33  948  311  316  3  -2  
15  56  33  955  311  316  3  -2  
15  56  33  963  311  316  3  -2  
15  56  33  973  311  316  3  -2  
15  56  33  980  311  316  3  -2  
15  56  33  989  311  316  3  -2  
15  56  33  998  311  316  3  -2  
15  56  33  1005  311  316  3  -2  
15  56  33  1014  311  316  3  -2  
15  56  33  1021  311  316  3  -2  
15  56  33  1031  311  316  3  -2  
15  56  33  1041  311  316  3  -2  
15  56  33  1048  311  316  3  -2  
15  56  33  1055  311  316  3  -2  
15  56  33  1063  311  316  3  -2  
15  56  33  1074  311  316  3  -2  
15  56  33  1082  311  316  3  -2  
15  56  33  1091  311  316  3  -2  
15  56  33  1099  311  316  3  -2  
15  56  33  1108  311  316  3  -2  
15  56  33  1114  311  316  3  -2  
15  56  33  1123  311  316  3  -2  
15  56  33  1131  311  316  3  -2  
15  56  33  1139  311  316  3  -2  
15  56  33  1150  311  316  3  -2  
15  56  33  1157  311  316  3  -2  
15  56  33  1164  311  316  3  -2  
15  56  33  1175  311  316  3  -2  
15  56  33  1182  312  316  3  -2  
15  56  33  1192  312  316  3  -2  
15  56  33  1199  312  316  3  -2  
15  56  33  1208  312  316  3  -2  
15  56  33  1215  312  316  3  -2  
15  56  33  1225  312  316  3  -2  
15  56  33  1232  312  316  3  -2  
15  56  33  1242  312  316  3  -2  
15  56  33  1249  312  316  3  -2  
15  56  33  1258  312  316  3  -2  
15  56  33  1265  312  316  3  -2  
15  56  33  1273  312  316  3  -2  
15  56  33  1282  312  316  3  -2  
15  56  33  1292  312  316  3  -2  
15  56  33  1298  312  316  3  -2  
15  56  33  1308  312  316  3  -2  
15  56  33  1314  312  316  3  -2  
15  56  33  1325  312  316  3  -2  
15  56  33  1332  313  316  3  -2  
15  56  33  1342  313  316  3  -2  
15  56  33  1349  314  316  3  -2  
15  56  33  1360  314  316  3  -2  
15  56  33  1367  315  316  3  -2  
15  56  33  1375  315  316  3  -2  
15  56  33  1382  318  316  3  -2  
15  56  33  1393  322  316  3  -2  
15  56  33  1400  325  316  3  -2  
15  56  33  1411  333  316  3  -2  
15  56  33  1416  350  316  3  -2  
15  56  33  1427  350  316  3  -2  
15  56  33  1433  372  316  3  -2  
15  56  33  1444  372  316  3  -2  
15  56  33  1451  400  316  3  -2  
15  56  33  1461  415  316  3  -2  
15  56  33  1468  430  316  3  -2  
15  56  33  1477  444  316  3  -2  
15  56  33  1485  453  316  3  -2  
15  56  33  1494  463  316  3  -2  
15  56  33  1501  468  316  3  -2  
15  56  33  1511  472  316  3  -2  
15  56  33  1518  475  316  3  -2  
15  56  33  1527  477  316  3  -2  
15  56  33  1535  479  316  3  -2  
15  56  33  1544  479  316  3  -2  
15  56  33  1551  482  316  3  -2  
15  56  33  1561  483  316  3  -2  
15  56  33  1568  487  316  3  -2  
15  56  33  1577  490  316  3  -2  
15  56  33  1583  491  316  3  -2  
15  56  33  1593  494  316  3  -2  
15  56  33  1599  497  316  4  -2  
15  56  33  1609  499  316  4  -2  
15  56  33  1615  501  316  4  -2  
15  56  33  1626  503  316  4  -2  
15  56  33  1633  503  316  4  -2  
15  56  33  1642  503  316  4  -2  
15  56  34  1651  503  316  4  -2  
15  56  34  1659  504  316  4  -2  
15  56  34  1668  504  316  4  -2  
15  56  34  1676  506  316  4  -2  
15  56  34  1684  507  316  4  -2  
15  56  34  1693  510  316  4  -2  
15  56  34  1700  512  316  4  -2  
15  56  34  1710  513  316  4  -2  
15  56  34  1717  514  316  4  -2  
15  56  34  1727  514  316  4  -2  
15  56  34  1733  514  316  4  -2  
15  56  34  1742  514  316  4  -2  
15  56  34  1751  514  316  4  -2  
15  56  34  1760  514  316  4  -2  
15  56  34  1767  514  316  4  -2  
15  56  34  1775  514  316  4  -2  
15  56  34  1783  514  316  4  -2  
15  56  34  1792  514  316  4  -2  
15  56  34  1801  514  316  4  -2  
15  56  34  1810  514  316  4  -2  
15  56  34  1817  514  316  4  -2  
15  56  34  1826  514  316  4  -2  
15  56  34  1834  514  316  4  -2  
15  56  34  1842  514  316  4  -2  
15  56  34  1851  514  316  4  -2  
15  56  34  1860  514  316  4  -2  
15  56  34  1867  513  316  4  -2  
15  56  34  1876  511  316  4  -2  
15  56  34  1884  506  316  4  -2  
15  56  34  1893  501  316  4  -2  
15  56  34  1901  496  316  4  -2  
15  56  34  1910  489  316  4  -2  
15  56  34  1917  484  316  4  -2  
15  56  34  1926  475  316  4  -2  
15  56  34  1933  467  316  4  -2  
15  56  34  1943  457  316  4  -2  
15  56  34  1951  447  316  4  -2  
15  56  34  1959  432  316  4  -2  
15  56  34  1967  414  316  4  -2  
15  56  34  1976  397  316  5  -2  
15  56  34  1983  379  316  5  -2  
15  56  34  1994  364  316  5  -2  
15  56  34  2001  339  316  5  -2  
15  56  34  2010  339  316  5  -2  
15  56  34  2018  330  315  5  -2  
15  56  34  2026  329  315  5  -2  
15  56  34  2035  329  315  5  -2  
15  56  34  2043  329  315  5  -2  
15  56  34  2052  329  315  5  -2  
15  56  34  2060  329  315  5  -2  
15  56  34  2069  329  315  5  -2  
15  56  34  2078  329  315  5  -2  
15  56  34  2089  329  315  5  -2  
15  56  34  2102  329  315  5  -2  
15  56  34  2112  329  315  5  -2  
15  56  34  2121  329  315  5  -2  
15  56  34  2130  330  315  5  -2  
15  56  34  2141  331  314  5  -2  
15  56  34  2150  331  314  5  -2  
15  56  34  2159  331  314  5  -2  
15  56  34  2166  331  314  5  -2  
15  56  34  2175  331  314  5  -2  
15  56  34  2183  331  314  5  -2  
15  56  34  2192  331  314  5  -2  
15  56  34  2200  331  314  5  -2  
15  56  34  2209  331  314  5  -2  
15  56  34  2216  331  314  5  -2  
15  56  34  2225  331  314  5  -2  
15  56  34  2233  331  314  5  -2  
15  56  34  2242  331  314  5  -2  
15  56  34  2250  331  314  5  -2  
15  56  34  2260  331  314  5  -2  
15  56  34  2266  331  314  5  -2  
15  56  34  2276  331  314  5  -2  
15  56  34  2283  331  314  5  -2  
15  56  34  2292  331  314  5  -2  
15  56  34  2300  331  314  5  -2  
15  56  34  2310  331  314  5  -2  
