12  26  37  0  368  319  1  -2  
12  26  37  7  368  319  1  -2  
12  26  37  17  368  319  1  -2  
12  26  37  25  368  319  1  -2  
12  26  37  34  368  319  1  -2  
12  26  37  41  368  319  1  -2  
12  26  37  50  368  319  1  -2  
12  26  37  57  369  318  1  -2  
12  26  37  67  370  318  1  -2  
12  26  37  75  370  317  1  -2  
12  26  37  84  372  315  1  -2  
12  26  37  91  375  313  1  -2  
12  26  37  100  379  311  1  -2  
12  26  37  108  380  311  1  -2  
12  26  37  117  383  310  1  -2  
12  26  37  125  387  310  1  -2  
12  26  37  134  391  310  1  -2  
12  26  37  143  396  308  1  -2  
12  26  37  150  400  308  1  -2  
12  26  37  158  404  308  1  -2  
12  26  37  167  406  308  1  -2  
12  26  37  174  410  308  1  -2  
12  26  37  184  416  308  1  -2  
12  26  37  190  422  308  1  -2  
12  26  37  200  430  308  1  -2  
12  26  37  208  437  308  1  -2  
12  26  37  218  442  308  1  -2  
12  26  37  225  449  308  1  -2  
12  26  37  234  454  308  1  -2  
12  26  37  241  458  308  1  -2  
12  26  37  250  459  308  1  -2  
12  26  37  257  462  308  1  -2  
12  26  37  267  463  308  1  -2  
12  26  37  275  463  308  1  -2  
12  26  37  284  465  308  1  -2  
12  26  37  290  465  308  1  -2  
12  26  37  300  466  308  1  -2  
12  26  37  308  467  308  1  -2  
12  26  37  317  467  308  1  -2  
12  26  37  325  468  308  1  -2  
12  26  37  334  470  308  1  -2  
12  26  37  342  473  308  1  -2  
12  26  37  350  477  308  1  -2  
12  26  37  358  478  308  1  -2  
12  26  37  367  481  308  1  -2  
12  26  37  375  482  308  1  -2  
12  26  37  384  482  308  1  -2  
12  26  37  391  483  308  1  -2  
12  26  37  400  485  308  1  -2  
12  26  37  408  485  308  1  -2  
12  26  37  417  485  308  1  -2  
12  26  37  425  486  308  1  -2  
12  26  37  434  487  308  1  -2  
12  26  37  441  489  308  1  -2  
12  26  37  451  491  308  1  -2  
12  26  37  458  494  308  1  -2  
12  26  37  468  497  308  2  -2  
12  26  37  475  498  308  2  -2  
12  26  37  483  499  308  2  -2  
12  26  37  491  499  308  2  -2  
12  26  37  502  501  308  2  -2  
12  26  37  508  502  308  2  -2  
12  26  37  517  502  308  2  -2  
12  26  37  525  502  308  2  -2  
12  26  37  534  502  308  2  -2  
12  26  37  541  505  308  2  -2  
12  26  37  550  505  308  2  -2  
12  26  37  558  505  308  2  -2  
12  26  37  567  505  308  2  -2  
12  26  37  575  506  308  2  -2  
12  26  37  584  506  308  2  -2  
12  26  37  591  506  308  2  -2  
12  26  37  600  506  308  2  -2  
12  26  37  608  507  308  2  -2  
12  26  37  616  507  308  2  -2  
12  26  37  625  507  308  2  -2  
12  26  37  634  507  308  2  -2  
12  26  37  641  507  308  2  -2  
12  26  37  650  507  308  2  -2  
12  26  37  658  507  308  2  -2  
12  26  37  667  507  308  2  -2  
12  26  37  675  507  308  2  -2  
12  26  37  684  507  308  2  -2  
12  26  38  691  507  308  2  -2  
12  26  38  701  507  308  2  -2  
12  26  38  708  507  308  2  -2  
12  26  38  718  507  308  2  -2  
12  26  38  733  507  308  2  -2  
12  26  38  738  507  308  2  -2  
12  26  38  749  507  308  2  -2  
12  26  38  755  507  308  2  -2  
12  26  38  765  507  308  2  -2  
12  26  38  771  507  308  2  -2  
12  26  38  781  507  308  2  -2  
12  26  38  789  507  308  2  -2  
12  26  38  797  507  308  2  -2  
12  26  38  805  507  308  2  -2  
12  26  38  814  507  308  2  -2  
12  26  38  821  507  308  2  -2  
12  26  38  831  507  308  2  -2  
12  26  38  837  507  308  2  -2  
12  26  38  844  507  308  2  -2  
12  26  38  854  507  308  2  -2  
12  26  38  864  507  308  2  -2  
12  26  38  870  507  308  2  -2  
12  26  38  880  507  308  2  -2  
12  26  38  887  507  308  2  -2  
12  26  38  898  507  308  2  -2  
12  26  38  904  507  308  2  -2  
12  26  38  915  507  308  2  -2  
12  26  38  921  507  308  2  -2  
12  26  38  929  506  308  2  -2  
12  26  38  936  506  308  2  -2  
12  26  38  946  506  308  2  -2  
12  26  38  954  505  308  2  -2  
12  26  38  964  505  308  2  -2  
12  26  38  971  503  308  2  -2  
12  26  38  981  503  308  2  -2  
12  26  38  987  502  308  2  -2  
12  26  38  994  502  308  2  -2  
12  26  38  1004  501  308  2  -2  
12  26  38  1014  500  308  2  -2  
12  26  38  1020  499  308  2  -2  
12  26  38  1029  499  308  2  -2  
12  26  38  1036  497  308  2  -2  
12  26  38  1046  496  308  2  -2  
12  26  38  1055  494  308  2  -2  
12  26  38  1064  491  308  2  -2  
12  26  38  1070  490  308  2  -2  
12  26  38  1082  487  308  2  -2  
12  26  38  1087  485  308  2  -2  
12  26  38  1098  484  308  2  -2  
12  26  38  1104  482  308  2  -2  
12  26  38  1114  480  308  2  -2  
12  26  38  1120  478  308  2  -2  
12  26  38  1132  474  308  2  -2  
12  26  38  1138  470  308  2  -2  
12  26  38  1146  468  308  2  -2  
12  26  38  1154  460  308  2  -2  
12  26  38  1163  452  308  2  -2  
12  26  38  1170  442  308  2  -2  
12  26  38  1181  432  308  2  -2  
12  26  38  1187  407  308  2  -2  
12  26  38  1196  407  308  2  -2  
12  26  38  1204  395  308  3  -2  
12  26  38  1214  387  308  3  -2  
12  26  38  1222  375  308  3  -2  
12  26  38  1230  371  307  3  -2  
12  26  38  1236  367  307  3  -2  
12  26  38  1248  367  307  3  -2  
12  26  38  1254  362  306  3  -2  
12  26  38  1264  360  306  3  -2  
12  26  38  1270  358  305  3  -2  
12  26  38  1282  357  305  3  -2  
12  26  38  1288  355  305  3  -2  
12  26  38  1298  354  305  3  -2  
12  26  38  1305  354  305  3  -2  
12  26  38  1314  354  305  3  -2  
12  26  38  1320  354  305  3  -2  
12  26  38  1331  354  305  3  -2  
12  26  38  1339  354  305  3  -2  
12  26  38  1348  354  305  3  -2  
12  26  38  1355  354  305  3  -2  
12  26  38  1364  354  305  3  -2  
12  26  38  1370  354  305  3  -2  
12  26  38  1380  354  305  3  -2  
12  26  38  1387  353  305  3  -2  
12  26  38  1398  353  305  3  -2  
12  26  38  1403  353  305  3  -2  
12  26  38  1414  353  305  3  -2  
12  26  38  1420  353  305  3  -2  
12  26  38  1431  353  305  3  -2  
12  26  38  1437  353  304  3  -2  
12  26  38  1448  353  303  3  -2  
12  26  38  1454  354  303  3  -2  
12  26  38  1466  355  303  3  -2  
12  26  38  1472  359  301  3  -2  
12  26  38  1482  363  301  3  -2  
12  26  38  1488  370  301  3  -2  
12  26  38  1498  375  301  3  -2  
12  26  38  1505  381  301  3  -2  
12  26  38  1515  392  301  3  -2  
12  26  38  1522  398  301  3  -2  
12  26  38  1531  412  301  3  -2  
12  26  38  1537  423  301  3  -2  
12  26  38  1548  435  301  3  -2  
12  26  38  1556  445  301  3  -2  
12  26  38  1566  459  305  3  -2  
12  26  38  1573  474  306  3  -2  
12  26  38  1581  474  306  3  -2  
12  26  38  1587  480  307  3  -2  
12  26  38  1598  485  307  3  -2  
12  26  38  1605  490  309  3  -2  
12  26  38  1614  494  309  3  -2  
12  26  38  1621  495  310  4  -2  
12  26  38  1631  495  310  4  -2  
12  26  38  1637  497  310  4  -2  
12  26  38  1648  497  310  4  -2  
12  26  38  1654  498  310  4  -2  
12  26  38  1664  498  310  4  -2  
12  26  38  1670  498  310  4  -2  
12  26  38  1682  499  310  4  -2  
12  26  38  1688  501  310  4  -2  
12  26  39  1699  502  310  4  -2  
12  26  39  1705  505  310  4  -2  
12  26  39  1715  506  310  4  -2  
12  26  39  1723  509  310  4  -2  
12  26  39  1731  509  310  4  -2  
12  26  39  1738  509  310  4  -2  
12  26  39  1748  510  311  4  -2  
12  26  39  1755  510  311  4  -2  
12  26  39  1766  510  311  4  -2  
12  26  39  1771  510  311  4  -2  
12  26  39  1780  510  311  4  -2  
12  26  39  1788  510  311  4  -2  
12  26  39  1798  510  311  4  -2  
12  26  39  1805  510  311  4  -2  
12  26  39  1816  510  311  4  -2  
12  26  39  1822  511  311  4  -2  
12  26  39  1831  511  311  4  -2  
12  26  39  1838  511  311  4  -2  
12  26  39  1849  511  311  4  -2  
12  26  39  1856  511  311  4  -2  
12  26  39  1866  511  311  4  -2  
12  26  39  1871  511  311  4  -2  
12  26  39  1881  511  311  4  -2  
12  26  39  1887  511  311  4  -2  
12  26  39  1898  511  311  4  -2  
12  26  39  1905  511  311  4  -2  
12  26  39  1916  511  311  4  -2  
12  26  39  1922  511  311  4  -2  
12  26  39  1931  511  311  4  -2  
12  26  39  1937  511  311  4  -2  
12  26  39  1948  511  311  4  -2  
12  26  39  1956  511  313  4  -2  
12  26  39  1966  510  313  4  -2  
12  26  39  1973  510  314  4  -2  
12  26  39  1982  509  315  4  -2  
12  26  39  1988  508  316  4  -2  
12  26  39  1998  508  316  4  -2  
12  26  39  2005  507  317  4  -2  
12  26  39  2016  507  317  4  -2  
12  26  39  2023  506  318  4  -2  
12  26  39  2031  505  319  4  -2  
12  26  39  2037  505  319  4  -2  
12  26  39  2047  505  319  4  -2  
12  26  39  2055  505  319  4  -2  
12  26  39  2066  505  319  4  -2  
12  26  39  2071  504  319  4  -2  
12  26  39  2081  504  319  4  -2  
12  26  39  2088  502  319  4  -2  
12  26  39  2099  500  319  4  -2  
12  26  39  2105  498  319  4  -2  
12  26  39  2116  495  319  4  -2  
12  26  39  2122  493  319  4  -2  
12  26  39  2131  489  319  4  -2  
12  26  39  2138  485  319  4  -2  
12  26  39  2148  480  319  4  -2  
12  26  39  2156  475  319  4  -2  
12  26  39  2166  468  319  4  -2  
12  26  39  2172  453  319  4  -2  
12  26  39  2181  453  319  4  -2  
12  26  39  2188  445  319  4  -2  
12  26  39  2198  438  319  4  -2  
12  26  39  2206  421  319  4  -2  
12  26  39  2216  414  319  4  -2  
12  26  39  2224  406  319  4  -2  
12  26  39  2232  401  319  4  -2  
