10  49  35  0  354  318  1  -2  
10  49  35  8  354  318  1  -2  
10  49  35  16  354  318  1  -2  
10  49  35  25  354  318  1  -2  
10  49  35  32  354  318  1  -2  
10  49  35  41  354  318  1  -2  
10  49  35  50  354  318  1  -2  
10  49  35  58  354  318  1  -2  
10  49  35  66  354  318  1  -2  
10  49  35  76  354  318  1  -2  
10  49  35  85  354  318  1  -2  
10  49  36  92  354  318  1  -2  
10  49  36  100  354  318  1  -2  
10  49  36  108  354  318  1  -2  
10  49  36  116  354  318  1  -2  
10  49  36  125  354  318  1  -2  
10  49  36  134  354  318  1  -2  
10  49  36  141  354  318  1  -2  
10  49  36  150  354  318  1  -2  
10  49  36  158  354  318  1  -2  
10  49  36  166  354  318  1  -2  
10  49  36  175  354  318  1  -2  
10  49  36  185  354  318  1  -2  
10  49  36  192  354  318  1  -2  
10  49  36  200  354  318  1  -2  
10  49  36  209  354  318  1  -2  
10  49  36  219  354  318  1  -2  
10  49  36  227  354  318  1  -2  
10  49  36  236  354  318  1  -2  
10  49  36  244  354  318  1  -2  
10  49  36  250  354  318  1  -2  
10  49  36  259  354  318  1  -2  
10  49  36  267  354  318  1  -2  
10  49  36  276  354  318  1  -2  
10  49  36  284  354  318  1  -2  
10  49  36  292  354  318  1  -2  
10  49  36  301  354  318  1  -2  
10  49  36  309  354  318  1  -2  
10  49  36  317  354  318  1  -2  
10  49  36  326  354  318  1  -2  
10  49  36  334  354  318  1  -2  
10  49  36  342  354  318  1  -2  
10  49  36  351  354  318  1  -2  
10  49  36  359  354  318  1  -2  
10  49  36  368  354  318  1  -2  
10  49  36  375  354  318  1  -2  
10  49  36  384  354  318  1  -2  
10  49  36  393  354  318  1  -2  
10  49  36  401  354  318  1  -2  
10  49  36  409  354  318  1  -2  
10  49  36  418  354  318  1  -2  
10  49  36  426  354  318  1  -2  
10  49  36  434  354  318  1  -2  
10  49  36  442  354  318  1  -2  
10  49  36  451  354  318  1  -2  
10  49  36  460  354  318  1  -2  
10  49  36  468  354  318  1  -2  
10  49  36  476  354  318  1  -2  
10  49  36  484  354  318  1  -2  
10  49  36  492  354  318  1  -2  
10  49  36  500  354  318  1  -2  
10  49  36  509  354  318  1  -2  
10  49  36  517  354  318  1  -2  
10  49  36  526  354  318  1  -2  
10  49  36  535  354  318  1  -2  
10  49  36  543  354  318  1  -2  
10  49  36  551  355  319  1  -2  
10  49  36  560  361  320  1  -2  
10  49  36  568  368  321  1  -2  
10  49  36  576  378  323  1  -2  
10  49  36  584  391  325  1  -2  
10  49  36  593  403  326  1  -2  
10  49  36  601  418  327  1  -2  
10  49  36  610  433  330  1  -2  
10  49  36  618  447  331  1  -2  
10  49  36  626  459  333  1  -2  
10  49  36  634  469  335  1  -2  
10  49  36  642  478  337  1  -2  
10  49  36  650  483  337  1  -2  
10  49  36  658  488  337  1  -2  
10  49  36  666  492  337  1  -2  
10  49  36  675  494  337  1  -2  
10  49  36  684  504  337  2  -2  
10  49  36  692  510  337  2  -2  
10  49  36  700  515  337  2  -2  
10  49  36  710  520  337  2  -2  
10  49  36  717  524  337  2  -2  
10  49  36  726  527  337  2  -2  
10  49  36  734  531  337  2  -2  
10  49  36  743  535  337  2  -2  
10  49  36  750  539  337  2  -2  
10  49  36  759  541  337  2  -2  
10  49  36  768  543  337  2  -2  
10  49  36  775  545  337  2  -2  
10  49  36  785  546  337  2  -2  
10  49  36  792  547  337  2  -2  
10  49  36  800  548  337  2  -2  
10  49  36  809  548  337  2  -2  
10  49  36  817  548  337  2  -2  
10  49  36  825  548  337  2  -2  
10  49  36  834  548  337  2  -2  
10  49  36  844  548  337  2  -2  
10  49  36  852  548  337  2  -2  
10  49  36  859  548  337  2  -2  
10  49  36  867  548  337  2  -2  
10  49  36  875  548  337  2  -2  
10  49  36  885  548  337  2  -2  
10  49  36  893  548  337  2  -2  
10  49  36  901  546  337  2  -2  
10  49  36  909  542  337  2  -2  
10  49  36  917  537  337  2  -2  
10  49  36  926  530  337  2  -2  
10  49  36  935  523  335  2  -2  
10  49  36  942  509  331  2  -2  
10  49  36  950  496  331  2  -2  
10  49  36  959  482  329  2  -2  
10  49  36  969  469  327  2  -2  
10  49  36  976  454  324  2  -2  
10  49  36  985  437  323  2  -2  
10  49  36  993  427  322  2  -2  
10  49  36  1001  417  320  2  -2  
10  49  36  1009  412  320  2  -2  
10  49  36  1017  405  320  2  -2  
10  49  36  1025  401  320  2  -2  
10  49  36  1035  397  320  3  -2  
10  49  36  1042  396  320  3  -2  
10  49  36  1052  392  320  3  -2  
10  49  36  1059  386  320  3  -2  
10  49  36  1067  383  320  3  -2  
10  49  36  1075  379  320  3  -2  
10  49  36  1085  378  320  3  -2  
10  49  37  1092  375  320  3  -2  
10  49  37  1102  373  320  3  -2  
10  49  37  1110  371  320  3  -2  
10  49  37  1118  369  320  3  -2  
10  49  37  1126  366  320  3  -2  
10  49  37  1135  364  320  3  -2  
10  49  37  1145  361  320  3  -2  
10  49  37  1151  359  320  3  -2  
10  49  37  1159  358  320  3  -2  
10  49  37  1167  357  320  3  -2  
10  49  37  1175  357  320  3  -2  
10  49  37  1185  357  320  3  -2  
10  49  37  1195  357  320  3  -2  
10  49  37  1203  357  320  3  -2  
10  49  37  1209  357  320  3  -2  
10  49  37  1218  357  320  3  -2  
10  49  37  1226  357  320  3  -2  
10  49  37  1235  357  320  3  -2  
10  49  37  1243  357  320  3  -2  
10  49  37  1251  357  320  3  -2  
10  49  37  1261  357  320  3  -2  
10  49  37  1268  357  320  3  -2  
10  49  37  1276  357  320  3  -2  
10  49  37  1285  357  320  3  -2  
10  49  37  1294  357  320  3  -2  
10  49  37  1301  357  320  3  -2  
10  49  37  1309  357  320  3  -2  
10  49  37  1317  357  320  3  -2  
10  49  37  1327  357  320  3  -2  
10  49  37  1335  357  320  3  -2  
10  49  37  1343  357  320  3  -2  
10  49  37  1351  357  320  3  -2  
10  49  37  1362  357  320  3  -2  
10  49  37  1368  357  320  3  -2  
10  49  37  1377  357  320  3  -2  
10  49  37  1385  357  320  3  -2  
10  49  37  1394  357  320  3  -2  
10  49  37  1401  357  320  3  -2  
10  49  37  1409  357  320  3  -2  
10  49  37  1417  357  320  3  -2  
10  49  37  1427  357  320  3  -2  
10  49  37  1435  357  320  3  -2  
10  49  37  1443  357  320  3  -2  
10  49  37  1451  357  320  3  -2  
10  49  37  1461  357  320  3  -2  
10  49  37  1470  357  320  3  -2  
10  49  37  1479  357  320  3  -2  
10  49  37  1485  357  320  3  -2  
10  49  37  1495  357  320  3  -2  
10  49  37  1503  357  320  3  -2  
10  49  37  1512  360  320  3  -2  
10  49  37  1518  364  320  3  -2  
10  49  37  1529  369  320  3  -2  
10  49  37  1537  376  320  3  -2  
10  49  37  1545  384  320  3  -2  
10  49  37  1552  396  320  3  -2  
10  49  37  1563  407  320  3  -2  
10  49  37  1569  419  321  3  -2  
10  49  37  1580  429  321  3  -2  
10  49  37  1586  448  325  3  -2  
10  49  37  1596  448  325  3  -2  
10  49  37  1604  464  326  3  -2  
10  49  37  1613  471  327  3  -2  
10  49  37  1620  481  327  3  -2  
10  49  37  1629  489  327  3  -2  
10  49  37  1636  496  327  3  -2  
10  49  37  1646  506  327  4  -2  
10  49  37  1654  513  327  4  -2  
10  49  37  1663  519  327  4  -2  
10  49  37  1670  525  327  4  -2  
10  49  37  1680  527  327  4  -2  
10  49  37  1687  531  327  4  -2  
10  49  37  1697  534  327  4  -2  
10  49  37  1703  535  327  4  -2  
10  49  37  1713  537  327  4  -2  
10  49  37  1721  540  327  4  -2  
10  49  37  1729  541  327  4  -2  
10  49  37  1737  544  327  4  -2  
10  49  37  1748  544  327  4  -2  
10  49  37  1755  548  327  4  -2  
10  49  37  1765  548  327  4  -2  
10  49  37  1770  548  327  4  -2  
10  49  37  1780  548  327  4  -2  
10  49  37  1786  548  327  4  -2  
10  49  37  1797  548  327  4  -2  
10  49  37  1805  548  327  4  -2  
10  49  37  1814  548  327  4  -2  
10  49  37  1822  548  327  4  -2  
10  49  37  1830  548  327  4  -2  
10  49  37  1837  548  327  4  -2  
10  49  37  1848  548  327  4  -2  
10  49  37  1855  548  327  4  -2  
10  49  37  1864  548  327  4  -2  
10  49  37  1871  548  327  4  -2  
10  49  37  1881  548  327  4  -2  
10  49  37  1887  548  327  4  -2  
10  49  37  1897  548  327  4  -2  
10  49  37  1905  548  327  4  -2  
10  49  37  1914  548  327  4  -2  
10  49  37  1921  548  327  4  -2  
10  49  37  1931  548  327  4  -2  
10  49  37  1938  548  327  4  -2  
10  49  37  1948  548  327  4  -2  
10  49  37  1955  548  327  4  -2  
10  49  37  1964  548  327  4  -2  
10  49  37  1972  548  327  4  -2  
10  49  37  1981  548  327  4  -2  
10  49  37  1987  548  327  4  -2  
10  49  37  1998  548  327  4  -2  
10  49  37  2005  546  327  4  -2  
10  49  37  2014  545  327  4  -2  
10  49  37  2022  543  327  4  -2  
10  49  37  2031  542  327  4  -2  
10  49  37  2039  540  327  4  -2  
10  49  37  2048  537  327  4  -2  
10  49  37  2055  531  327  4  -2  
10  49  37  2064  526  327  4  -2  
10  49  37  2071  519  325  4  -2  
10  49  37  2080  509  323  4  -2  
10  49  38  2088  499  322  4  -2  
10  49  38  2098  488  321  4  -2  
10  49  38  2105  477  321  4  -2  
10  49  38  2114  465  321  4  -2  
10  49  38  2121  455  317  4  -2  
10  49  38  2130  443  317  4  -2  
10  49  38  2138  433  317  4  -2  
10  49  38  2148  426  317  4  -2  
10  49  38  2155  419  317  4  -2  
10  49  38  2165  413  317  4  -2  
10  49  38  2172  402  317  4  -2  
10  49  38  2182  402  317  4  -2  
