12  26  51  0  372  325  1  -2  
12  26  51  9  372  325  1  -2  
12  26  51  16  372  325  1  -2  
12  26  51  23  372  325  1  -2  
12  26  51  33  373  324  1  -2  
12  26  51  42  375  322  1  -2  
12  26  51  49  377  322  1  -2  
12  26  51  59  381  318  1  -2  
12  26  51  66  386  318  1  -2  
12  26  51  75  388  317  1  -2  
12  26  51  83  392  316  1  -2  
12  26  51  91  399  313  1  -2  
12  26  51  99  404  313  1  -2  
12  26  51  108  409  313  1  -2  
12  26  51  117  419  313  1  -2  
12  26  51  126  424  313  1  -2  
12  26  51  133  433  313  1  -2  
12  26  51  142  438  313  1  -2  
12  26  51  149  446  313  1  -2  
12  26  51  158  451  313  1  -2  
12  26  51  167  457  313  1  -2  
12  26  51  177  462  313  1  -2  
12  26  51  182  467  313  1  -2  
12  26  51  194  472  313  1  -2  
12  26  51  200  480  313  1  -2  
12  26  51  208  480  313  1  -2  
12  26  51  215  484  313  1  -2  
12  26  51  226  486  313  1  -2  
12  26  51  233  487  313  1  -2  
12  26  51  243  488  313  1  -2  
12  26  51  249  488  313  1  -2  
12  26  51  259  488  313  1  -2  
12  26  51  266  490  313  1  -2  
12  26  51  277  491  313  1  -2  
12  26  51  282  494  313  1  -2  
12  26  51  294  496  313  2  -2  
12  26  51  299  499  313  2  -2  
12  26  51  311  501  313  2  -2  
12  26  51  317  506  313  2  -2  
12  26  51  327  510  313  2  -2  
12  26  51  333  512  313  2  -2  
12  26  51  343  514  313  2  -2  
12  26  51  349  515  313  2  -2  
12  26  51  359  516  313  2  -2  
12  26  51  366  517  313  2  -2  
12  26  51  377  518  313  2  -2  
12  26  51  383  518  313  2  -2  
12  26  51  391  518  313  2  -2  
12  26  51  399  520  313  2  -2  
12  26  51  410  521  313  2  -2  
12  26  51  416  521  313  2  -2  
12  26  51  425  521  313  2  -2  
12  26  51  433  521  313  2  -2  
12  26  51  443  521  313  2  -2  
12  26  51  450  521  313  2  -2  
12  26  51  458  521  313  2  -2  
12  26  51  466  521  313  2  -2  
12  26  51  477  521  313  2  -2  
12  26  51  483  521  313  2  -2  
12  26  51  493  521  313  2  -2  
12  26  51  499  521  313  2  -2  
12  26  51  510  521  313  2  -2  
12  26  51  516  521  313  2  -2  
12  26  51  526  521  313  2  -2  
12  26  51  533  521  313  2  -2  
12  26  51  543  521  313  2  -2  
12  26  51  549  521  313  2  -2  
12  26  51  560  521  313  2  -2  
12  26  51  566  521  313  2  -2  
12  26  51  577  521  313  2  -2  
12  26  51  583  521  313  2  -2  
12  26  51  593  521  313  2  -2  
12  26  52  600  521  313  2  -2  
12  26  52  609  521  313  2  -2  
12  26  52  616  521  313  2  -2  
12  26  52  627  521  313  2  -2  
12  26  52  633  521  313  2  -2  
12  26  52  644  521  313  2  -2  
12  26  52  650  521  313  2  -2  
12  26  52  660  521  313  2  -2  
12  26  52  667  521  313  2  -2  
12  26  52  676  521  313  2  -2  
12  26  52  685  521  313  2  -2  
12  26  52  694  521  314  2  -2  
12  26  52  701  520  314  2  -2  
12  26  52  711  519  315  2  -2  
12  26  52  717  518  315  2  -2  
12  26  52  727  517  315  2  -2  
12  26  52  733  515  315  2  -2  
12  26  52  744  514  315  2  -2  
12  26  52  750  513  315  2  -2  
12  26  52  760  510  316  2  -2  
12  26  52  766  506  316  2  -2  
12  26  52  777  504  316  2  -2  
12  26  52  783  501  316  2  -2  
12  26  52  793  496  316  2  -2  
12  26  52  799  492  316  2  -2  
12  26  52  810  489  316  2  -2  
12  26  52  816  487  316  2  -2  
12  26  52  826  483  316  2  -2  
12  26  52  834  481  316  2  -2  
12  26  52  844  474  316  2  -2  
12  26  52  851  471  316  2  -2  
12  26  52  860  466  316  2  -2  
12  26  52  866  463  316  2  -2  
12  26  52  876  458  316  2  -2  
12  26  52  886  457  316  2  -2  
12  26  52  895  452  316  2  -2  
12  26  52  901  448  316  2  -2  
12  26  52  910  446  316  2  -2  
12  26  52  916  443  316  2  -2  
12  26  52  927  439  316  2  -2  
12  26  52  934  436  316  2  -2  
12  26  52  944  434  316  2  -2  
12  26  52  952  431  316  2  -2  
12  26  52  961  429  316  2  -2  
12  26  52  966  427  316  2  -2  
12  26  52  977  424  316  2  -2  
12  26  52  984  421  316  2  -2  
12  26  52  993  419  316  2  -2  
12  26  52  1001  417  316  2  -2  
12  26  52  1011  414  316  2  -2  
12  26  52  1016  410  316  2  -2  
12  26  52  1026  410  316  2  -2  
12  26  52  1035  409  316  2  -2  
12  26  52  1045  404  316  2  -2  
12  26  52  1050  403  316  2  -2  
12  26  52  1061  400  316  2  -2  
12  26  52  1066  398  316  3  -2  
12  26  52  1077  397  316  3  -2  
12  26  52  1085  396  316  3  -2  
12  26  52  1094  394  315  3  -2  
12  26  52  1101  393  315  3  -2  
12  26  52  1110  392  315  3  -2  
12  26  52  1117  390  315  3  -2  
12  26  52  1127  389  315  3  -2  
12  26  52  1133  388  315  3  -2  
12  26  52  1144  386  315  3  -2  
12  26  52  1150  385  315  3  -2  
12  26  52  1160  384  315  3  -2  
12  26  52  1167  382  315  3  -2  
12  26  52  1177  381  315  3  -2  
12  26  52  1184  380  315  3  -2  
12  26  52  1193  378  315  3  -2  
12  26  52  1202  378  315  3  -2  
12  26  52  1210  376  315  3  -2  
12  26  52  1217  376  315  3  -2  
12  26  52  1227  376  315  3  -2  
12  26  52  1234  375  315  3  -2  
12  26  52  1243  375  315  3  -2  
12  26  52  1250  375  315  3  -2  
12  26  52  1261  375  315  3  -2  
12  26  52  1268  375  315  3  -2  
12  26  52  1277  375  315  3  -2  
12  26  52  1284  375  315  3  -2  
12  26  52  1294  375  315  3  -2  
12  26  52  1300  375  315  3  -2  
12  26  52  1311  375  315  3  -2  
12  26  52  1318  375  315  3  -2  
12  26  52  1327  375  315  3  -2  
12  26  52  1335  375  315  3  -2  
12  26  52  1344  375  315  3  -2  
12  26  52  1351  375  315  3  -2  
12  26  52  1361  375  315  3  -2  
12  26  52  1366  375  315  3  -2  
12  26  52  1377  375  315  3  -2  
12  26  52  1384  375  315  3  -2  
12  26  52  1394  375  315  3  -2  
12  26  52  1401  374  314  3  -2  
12  26  52  1411  374  313  3  -2  
12  26  52  1417  376  312  3  -2  
12  26  52  1427  376  312  3  -2  
12  26  52  1435  378  311  3  -2  
12  26  52  1445  381  310  3  -2  
12  26  52  1451  382  309  3  -2  
12  26  52  1460  382  309  3  -2  
12  26  52  1467  385  309  3  -2  
12  26  52  1477  386  309  3  -2  
12  26  52  1485  389  308  3  -2  
12  26  52  1495  391  308  3  -2  
12  26  52  1501  394  308  3  -2  
12  26  52  1511  398  308  3  -2  
12  26  52  1518  402  308  3  -2  
12  26  52  1527  405  308  3  -2  
12  26  52  1534  408  308  3  -2  
12  26  52  1544  413  308  3  -2  
12  26  52  1552  418  308  3  -2  
12  26  52  1560  424  308  3  -2  
12  26  52  1567  429  308  3  -2  
12  26  52  1577  434  308  3  -2  
12  26  52  1585  441  308  3  -2  
12  26  52  1594  449  308  3  -2  
12  26  53  1602  454  308  3  -2  
12  26  53  1610  461  308  3  -2  
12  26  53  1617  468  308  3  -2  
12  26  53  1627  473  308  3  -2  
12  26  53  1635  480  308  3  -2  
12  26  53  1644  483  308  3  -2  
12  26  53  1652  487  308  3  -2  
12  26  53  1660  491  308  3  -2  
12  26  53  1668  494  308  3  -2  
12  26  53  1677  496  308  4  -2  
12  26  53  1685  500  308  4  -2  
12  26  53  1696  501  308  4  -2  
12  26  53  1702  504  308  4  -2  
12  26  53  1713  505  308  4  -2  
12  26  53  1718  508  308  4  -2  
12  26  53  1728  509  308  4  -2  
12  26  53  1735  509  308  4  -2  
12  26  53  1744  511  308  4  -2  
12  26  53  1752  511  308  4  -2  
12  26  53  1760  512  308  4  -2  
12  26  53  1767  512  308  4  -2  
12  26  53  1776  512  308  4  -2  
12  26  53  1783  513  308  4  -2  
12  26  53  1793  515  308  4  -2  
12  26  53  1801  515  308  4  -2  
12  26  53  1810  516  308  4  -2  
12  26  53  1817  517  308  4  -2  
12  26  53  1826  517  308  4  -2  
12  26  53  1834  518  308  4  -2  
12  26  53  1843  518  308  4  -2  
12  26  53  1851  518  308  4  -2  
12  26  53  1859  518  308  4  -2  
12  26  53  1867  518  308  4  -2  
12  26  53  1876  518  308  4  -2  
12  26  53  1885  518  308  4  -2  
12  26  53  1893  518  308  4  -2  
12  26  53  1901  518  308  4  -2  
12  26  53  1910  518  308  4  -2  
12  26  53  1918  518  308  4  -2  
12  26  53  1926  518  308  4  -2  
12  26  53  1935  518  308  4  -2  
12  26  53  1943  518  308  4  -2  
12  26  53  1952  518  308  4  -2  
12  26  53  1959  518  308  4  -2  
12  26  53  1967  519  308  4  -2  
12  26  53  1976  519  308  4  -2  
12  26  53  1983  519  308  4  -2  
12  26  53  1993  519  308  4  -2  
12  26  53  2001  519  308  4  -2  
12  26  53  2011  519  308  4  -2  
12  26  53  2017  519  308  4  -2  
12  26  53  2026  519  308  4  -2  
12  26  53  2034  519  308  4  -2  
12  26  53  2043  519  308  4  -2  
12  26  53  2052  518  309  4  -2  
12  26  53  2060  518  310  4  -2  
12  26  53  2067  517  310  4  -2  
12  26  53  2076  516  310  4  -2  
12  26  53  2085  514  310  4  -2  
12  26  53  2093  511  310  4  -2  
12  26  53  2102  508  310  4  -2  
12  26  53  2109  505  310  4  -2  
12  26  53  2117  501  310  4  -2  
12  26  53  2126  496  310  4  -2  
12  26  53  2134  488  310  4  -2  
12  26  53  2143  481  310  4  -2  
12  26  53  2151  472  308  4  -2  
12  26  53  2161  467  308  4  -2  
12  26  53  2167  457  308  4  -2  
12  26  53  2176  452  308  4  -2  
12  26  53  2185  445  308  4  -2  
12  26  53  2194  440  308  4  -2  
12  26  53  2201  428  308  4  -2  
12  26  53  2211  428  308  4  -2  
12  26  53  2217  419  308  4  -2  
12  26  53  2227  419  308  4  -2  
12  26  53  2235  410  307  4  -2  
12  26  53  2244  408  307  4  -2  
12  26  53  2251  406  307  4  -2  
12  26  53  2260  404  307  4  -2  
12  26  53  2267  402  307  4  -2  
12  26  53  2277  402  307  4  -2  
12  26  53  2286  400  307  4  -2  
