12  26  6  0  343  309  1  -2  
12  26  6  6  344  309  1  -2  
12  26  6  16  345  309  1  -2  
12  26  6  23  348  308  1  -2  
12  26  6  33  349  308  1  -2  
12  26  6  43  351  307  1  -2  
12  26  6  52  361  304  1  -2  
12  26  6  61  367  304  1  -2  
12  26  6  67  373  303  1  -2  
12  26  6  77  380  303  1  -2  
12  26  6  84  386  303  1  -2  
12  26  6  95  395  303  1  -2  
12  26  6  101  403  303  1  -2  
12  26  6  109  413  303  1  -2  
12  26  6  118  422  303  1  -2  
12  26  6  128  430  303  1  -2  
12  26  6  134  437  303  1  -2  
12  26  6  144  444  303  1  -2  
12  26  6  150  450  303  1  -2  
12  26  6  159  454  303  1  -2  
12  26  6  167  459  303  1  -2  
12  26  6  178  463  303  1  -2  
12  26  6  184  464  303  1  -2  
12  26  6  195  465  303  1  -2  
12  26  6  201  467  303  1  -2  
12  26  6  212  467  303  1  -2  
12  26  6  217  467  303  1  -2  
12  26  6  227  467  303  1  -2  
12  26  6  234  467  303  1  -2  
12  26  6  243  467  303  1  -2  
12  26  6  250  468  303  1  -2  
12  26  6  261  469  303  1  -2  
12  26  6  268  472  303  1  -2  
12  26  6  277  473  303  1  -2  
12  26  6  286  474  304  1  -2  
12  26  6  295  475  304  1  -2  
12  26  6  301  476  304  1  -2  
12  26  6  311  478  304  1  -2  
12  26  6  318  479  304  1  -2  
12  26  6  328  479  305  1  -2  
12  26  6  336  480  305  1  -2  
12  26  6  344  482  305  1  -2  
12  26  6  350  482  305  1  -2  
12  26  6  362  482  305  1  -2  
12  26  6  367  486  305  1  -2  
12  26  6  377  488  305  1  -2  
12  26  6  384  490  306  1  -2  
12  26  6  394  492  306  1  -2  
12  26  6  401  492  306  1  -2  
12  26  6  411  494  306  1  -2  
12  26  6  418  495  307  2  -2  
12  26  6  428  495  307  2  -2  
12  26  6  434  498  307  2  -2  
12  26  6  444  498  307  2  -2  
12  26  6  450  502  308  2  -2  
12  26  6  461  502  308  2  -2  
12  26  6  467  506  309  2  -2  
12  26  6  477  507  309  2  -2  
12  26  6  484  509  310  2  -2  
12  26  6  494  510  310  2  -2  
12  26  6  500  511  310  2  -2  
12  26  6  511  512  310  2  -2  
12  26  6  517  512  310  2  -2  
12  26  6  528  512  310  2  -2  
12  26  6  536  512  310  2  -2  
12  26  6  545  514  310  2  -2  
12  26  6  550  514  310  2  -2  
12  26  6  560  514  310  2  -2  
12  26  6  567  514  310  2  -2  
12  26  6  578  514  310  2  -2  
12  26  6  584  514  310  2  -2  
12  26  6  594  514  310  2  -2  
12  26  6  601  514  310  2  -2  
12  26  6  609  514  310  2  -2  
12  26  6  616  514  310  2  -2  
12  26  6  627  514  310  2  -2  
12  26  6  634  514  311  2  -2  
12  26  6  643  514  311  2  -2  
12  26  6  649  514  311  2  -2  
12  26  6  660  514  311  2  -2  
12  26  6  666  514  312  2  -2  
12  26  6  677  513  312  2  -2  
12  26  6  683  512  312  2  -2  
12  26  6  695  512  312  2  -2  
12  26  6  702  511  312  2  -2  
12  26  6  710  511  312  2  -2  
12  26  6  717  509  312  2  -2  
12  26  6  727  508  312  2  -2  
12  26  6  733  505  312  2  -2  
12  26  6  743  503  312  2  -2  
12  26  6  749  501  312  2  -2  
12  26  6  759  498  312  2  -2  
12  26  6  766  493  312  2  -2  
12  26  6  777  488  313  2  -2  
12  26  6  785  482  315  2  -2  
12  26  6  794  475  315  2  -2  
12  26  6  800  457  315  2  -2  
12  26  6  810  457  315  2  -2  
12  26  6  816  443  316  2  -2  
12  26  6  826  443  316  2  -2  
12  26  6  834  431  316  2  -2  
12  26  6  843  426  316  2  -2  
12  26  6  851  421  316  2  -2  
12  26  6  860  417  316  2  -2  
12  26  6  866  413  316  2  -2  
12  26  6  877  412  316  2  -2  
12  26  6  883  409  316  2  -2  
12  26  6  894  407  316  2  -2  
12  26  6  901  405  316  2  -2  
12  26  6  911  400  316  2  -2  
12  26  7  918  398  317  3  -2  
12  26  7  927  394  317  3  -2  
12  26  7  935  390  317  3  -2  
12  26  7  944  389  317  3  -2  
12  26  7  951  386  317  3  -2  
12  26  7  960  385  317  3  -2  
12  26  7  966  385  317  3  -2  
12  26  7  977  385  317  3  -2  
12  26  7  984  385  317  3  -2  
12  26  7  993  385  317  3  -2  
12  26  7  999  384  317  3  -2  
12  26  7  1011  384  317  3  -2  
12  26  7  1016  383  317  3  -2  
12  26  7  1026  383  317  3  -2  
12  26  7  1034  383  317  3  -2  
12  26  7  1044  383  317  3  -2  
12  26  7  1050  383  317  3  -2  
12  26  7  1060  383  317  3  -2  
12  26  7  1067  383  317  3  -2  
12  26  7  1078  383  317  3  -2  
12  26  7  1084  382  318  3  -2  
12  26  7  1094  382  318  3  -2  
12  26  7  1099  382  318  3  -2  
12  26  7  1110  382  318  3  -2  
12  26  7  1117  382  318  3  -2  
12  26  7  1127  382  318  3  -2  
12  26  7  1134  382  318  3  -2  
12  26  7  1144  382  318  3  -2  
12  26  7  1151  382  318  3  -2  
12  26  7  1160  382  318  3  -2  
12  26  7  1167  382  318  3  -2  
12  26  7  1177  382  318  3  -2  
12  26  7  1184  382  318  3  -2  
12  26  7  1194  382  318  3  -2  
12  26  7  1215  382  318  3  -2  
12  26  7  1226  382  318  3  -2  
12  26  7  1231  382  318  3  -2  
12  26  7  1243  382  318  3  -2  
12  26  7  1248  382  318  3  -2  
12  26  7  1258  382  318  3  -2  
12  26  7  1264  382  318  3  -2  
12  26  7  1275  382  318  3  -2  
12  26  7  1282  382  318  3  -2  
12  26  7  1293  382  318  3  -2  
12  26  7  1299  382  318  3  -2  
12  26  7  1309  382  318  3  -2  
12  26  7  1316  382  318  3  -2  
12  26  7  1326  382  318  3  -2  
12  26  7  1333  382  318  3  -2  
12  26  7  1342  382  318  3  -2  
12  26  7  1349  382  318  3  -2  
12  26  7  1359  382  318  3  -2  
12  26  7  1365  382  318  3  -2  
12  26  7  1376  382  318  3  -2  
12  26  7  1383  385  318  3  -2  
12  26  7  1392  386  318  3  -2  
12  26  7  1398  390  318  3  -2  
12  26  7  1409  394  316  3  -2  
12  26  7  1416  399  316  3  -2  
12  26  7  1426  404  316  3  -2  
12  26  7  1433  418  316  3  -2  
12  26  7  1442  418  316  3  -2  
12  26  7  1448  435  316  3  -2  
12  26  7  1457  435  316  3  -2  
12  26  7  1464  441  316  3  -2  
12  26  7  1475  450  316  3  -2  
12  26  7  1481  460  316  3  -2  
12  26  7  1492  460  316  3  -2  
12  26  7  1498  467  316  3  -2  
12  26  7  1508  471  316  3  -2  
12  26  7  1516  474  316  3  -2  
12  26  7  1526  476  316  3  -2  
12  26  7  1533  480  316  3  -2  
12  26  7  1544  480  316  3  -2  
12  26  7  1552  483  316  3  -2  
12  26  7  1560  484  316  3  -2  
12  26  7  1568  487  316  3  -2  
12  26  7  1577  490  316  3  -2  
12  26  7  1584  492  316  3  -2  
12  26  7  1595  496  316  4  -2  
12  26  7  1601  503  316  4  -2  
12  26  7  1610  503  316  4  -2  
12  26  7  1617  506  316  4  -2  
12  26  7  1627  508  316  4  -2  
12  26  7  1634  512  316  4  -2  
12  26  7  1644  515  316  4  -2  
12  26  7  1651  516  316  4  -2  
12  26  7  1661  519  316  4  -2  
12  26  7  1668  520  316  4  -2  
12  26  7  1677  522  316  4  -2  
12  26  7  1684  523  316  4  -2  
12  26  7  1694  524  316  4  -2  
12  26  7  1701  526  316  4  -2  
12  26  7  1710  527  316  4  -2  
12  26  7  1716  527  316  4  -2  
12  26  7  1727  527  316  4  -2  
12  26  7  1735  527  316  4  -2  
12  26  7  1750  527  316  4  -2  
12  26  7  1758  527  316  4  -2  
12  26  7  1764  527  316  4  -2  
12  26  7  1774  527  316  4  -2  
12  26  7  1780  527  316  4  -2  
12  26  7  1788  527  316  4  -2  
12  26  7  1798  527  316  4  -2  
12  26  7  1806  527  316  4  -2  
12  26  7  1813  527  316  4  -2  
12  26  7  1824  527  316  4  -2  
12  26  7  1831  527  316  4  -2  
12  26  7  1841  527  316  4  -2  
12  26  7  1848  527  316  4  -2  
12  26  7  1855  527  316  4  -2  
12  26  7  1865  527  316  4  -2  
12  26  7  1874  527  316  4  -2  
12  26  7  1882  527  316  4  -2  
12  26  7  1891  527  316  4  -2  
12  26  7  1896  527  316  4  -2  
12  26  7  1907  527  316  4  -2  
12  26  7  1914  527  316  4  -2  
12  26  8  1924  527  316  4  -2  
12  26  8  1931  527  316  4  -2  
12  26  8  1941  527  316  4  -2  
12  26  8  1947  527  316  4  -2  
12  26  8  1958  527  316  4  -2  
12  26  8  1964  527  316  4  -2  
12  26  8  1973  527  316  4  -2  
12  26  8  1981  527  316  4  -2  
12  26  8  1991  527  316  4  -2  
12  26  8  1997  527  316  4  -2  
12  26  8  2005  527  316  4  -2  
12  26  8  2015  527  316  4  -2  
12  26  8  2024  527  316  4  -2  
12  26  8  2031  527  316  4  -2  
12  26  8  2039  527  316  4  -2  
12  26  8  2049  527  316  4  -2  
12  26  8  2058  526  316  4  -2  
12  26  8  2065  521  316  4  -2  
12  26  8  2073  516  316  4  -2  
12  26  8  2081  507  316  4  -2  
12  26  8  2092  501  316  4  -2  
12  26  8  2098  487  316  4  -2  
12  26  8  2105  478  316  4  -2  
12  26  8  2115  478  316  4  -2  
12  26  8  2124  457  318  4  -2  
12  26  8  2131  445  318  4  -2  
12  26  8  2140  437  318  4  -2  
12  26  8  2147  427  318  4  -2  
12  26  8  2156  421  318  4  -2  
12  26  8  2165  415  318  4  -2  
12  26  8  2175  411  318  4  -2  
12  26  8  2182  407  318  4  -2  
12  26  8  2192  406  318  4  -2  
12  26  8  2199  402  318  4  -2  
12  26  8  2208  400  318  4  -2  
