10  49  14  0  346  316  1  -2  
10  49  14  8  346  316  1  -2  
10  49  14  17  346  316  1  -2  
10  49  14  25  346  316  1  -2  
10  49  14  34  346  316  1  -2  
10  49  14  42  346  316  1  -2  
10  49  14  50  346  316  1  -2  
10  49  14  60  346  316  1  -2  
10  49  14  67  346  316  1  -2  
10  49  14  76  346  316  1  -2  
10  49  14  84  346  316  1  -2  
10  49  14  92  346  316  1  -2  
10  49  14  102  346  316  1  -2  
10  49  14  109  346  316  1  -2  
10  49  14  118  346  316  1  -2  
10  49  14  126  346  316  1  -2  
10  49  14  134  346  316  1  -2  
10  49  14  142  346  316  1  -2  
10  49  14  151  346  316  1  -2  
10  49  14  160  346  316  1  -2  
10  49  14  168  346  316  1  -2  
10  49  14  176  346  316  1  -2  
10  49  14  185  346  316  1  -2  
10  49  14  193  346  316  1  -2  
10  49  14  200  346  316  1  -2  
10  49  14  209  346  316  1  -2  
10  49  14  219  346  316  1  -2  
10  49  14  227  350  316  1  -2  
10  49  14  235  351  316  1  -2  
10  49  14  245  354  316  1  -2  
10  49  14  253  355  316  1  -2  
10  49  14  262  357  316  1  -2  
10  49  14  270  359  316  1  -2  
10  49  14  280  363  316  1  -2  
10  49  14  287  364  316  1  -2  
10  49  14  294  369  315  1  -2  
10  49  14  304  373  315  1  -2  
10  49  14  313  380  314  1  -2  
10  49  14  320  383  313  1  -2  
10  49  14  328  387  313  1  -2  
10  49  14  336  392  313  1  -2  
10  49  14  344  396  313  1  -2  
10  49  14  354  401  313  1  -2  
10  49  14  363  406  313  1  -2  
10  49  14  370  420  313  1  -2  
10  49  14  380  420  313  1  -2  
10  49  14  387  436  313  1  -2  
10  49  14  395  443  313  1  -2  
10  49  14  404  453  313  1  -2  
10  49  14  411  458  313  1  -2  
10  49  14  420  461  313  1  -2  
10  49  14  428  465  313  1  -2  
10  49  14  437  465  313  1  -2  
10  49  14  445  467  313  1  -2  
10  49  14  454  468  313  1  -2  
10  49  14  463  468  313  1  -2  
10  49  14  470  468  313  1  -2  
10  49  14  478  471  313  1  -2  
10  49  14  486  473  313  1  -2  
10  49  14  495  477  313  1  -2  
10  49  14  504  482  313  1  -2  
10  49  14  514  492  313  1  -2  
10  49  14  522  504  313  2  -2  
10  49  14  530  504  313  2  -2  
10  49  14  537  508  313  2  -2  
10  49  14  546  510  313  2  -2  
10  49  14  554  510  313  2  -2  
10  49  14  563  512  313  2  -2  
10  49  14  570  513  313  2  -2  
10  49  14  581  513  313  2  -2  
10  49  14  587  514  313  2  -2  
10  49  14  595  515  313  2  -2  
10  49  14  604  515  313  2  -2  
10  49  14  614  517  313  2  -2  
10  49  14  621  519  313  2  -2  
10  49  14  630  520  313  2  -2  
10  49  14  637  522  313  2  -2  
10  49  14  645  523  313  2  -2  
10  49  14  654  523  313  2  -2  
10  49  14  664  523  313  2  -2  
10  49  14  670  523  313  2  -2  
10  49  14  680  523  313  2  -2  
10  49  14  687  523  313  2  -2  
10  49  14  695  523  313  2  -2  
10  49  14  705  523  313  2  -2  
10  49  14  713  523  313  2  -2  
10  49  14  720  523  313  2  -2  
10  49  14  728  523  313  2  -2  
10  49  14  737  523  313  2  -2  
10  49  14  745  523  313  2  -2  
10  49  14  754  523  313  2  -2  
10  49  14  763  523  313  2  -2  
10  49  14  770  523  313  2  -2  
10  49  14  781  523  313  2  -2  
10  49  14  787  523  313  2  -2  
10  49  14  795  523  313  2  -2  
10  49  14  804  523  313  2  -2  
10  49  14  813  523  313  2  -2  
10  49  14  820  523  313  2  -2  
10  49  14  830  523  313  2  -2  
10  49  14  837  523  313  2  -2  
10  49  14  845  523  313  2  -2  
10  49  14  854  523  313  2  -2  
10  49  14  862  523  313  2  -2  
10  49  14  870  523  313  2  -2  
10  49  14  880  523  313  2  -2  
10  49  14  888  523  313  2  -2  
10  49  14  894  523  313  2  -2  
10  49  14  904  523  313  2  -2  
10  49  14  911  523  313  2  -2  
10  49  14  920  523  313  2  -2  
10  49  14  930  523  313  2  -2  
10  49  14  937  523  313  2  -2  
10  49  14  946  523  313  2  -2  
10  49  14  953  522  313  2  -2  
10  49  14  964  522  313  2  -2  
10  49  15  970  521  313  2  -2  
10  49  15  978  521  313  2  -2  
10  49  15  987  521  313  2  -2  
10  49  15  996  520  313  2  -2  
10  49  15  1004  519  313  2  -2  
10  49  15  1013  519  313  2  -2  
10  49  15  1020  519  313  2  -2  
10  49  15  1030  519  313  2  -2  
10  49  15  1037  519  313  2  -2  
10  49  15  1046  519  313  2  -2  
10  49  15  1055  519  313  2  -2  
10  49  15  1064  519  313  2  -2  
10  49  15  1071  519  313  2  -2  
10  49  15  1081  519  313  2  -2  
10  49  15  1087  519  313  2  -2  
10  49  15  1096  519  313  2  -2  
10  49  15  1105  519  313  2  -2  
10  49  15  1114  519  313  2  -2  
10  49  15  1120  519  313  2  -2  
10  49  15  1130  519  313  2  -2  
10  49  15  1137  519  313  2  -2  
10  49  15  1146  519  313  2  -2  
10  49  15  1155  519  313  2  -2  
10  49  15  1163  519  313  2  -2  
10  49  15  1170  519  313  2  -2  
10  49  15  1180  519  313  2  -2  
10  49  15  1187  517  313  2  -2  
10  49  15  1196  516  313  2  -2  
10  49  15  1205  516  313  2  -2  
10  49  15  1214  513  313  2  -2  
10  49  15  1220  512  313  2  -2  
10  49  15  1231  511  313  2  -2  
10  49  15  1237  508  313  2  -2  
10  49  15  1248  505  314  2  -2  
10  49  15  1255  500  314  2  -2  
10  49  15  1263  492  314  2  -2  
10  49  15  1270  480  314  2  -2  
10  49  15  1282  467  314  2  -2  
10  49  15  1287  454  314  2  -2  
10  49  15  1297  440  314  2  -2  
10  49  15  1305  429  314  2  -2  
10  49  15  1314  417  314  2  -2  
10  49  15  1320  409  314  2  -2  
10  49  15  1331  399  314  3  -2  
10  49  15  1338  383  314  3  -2  
10  49  15  1346  383  314  3  -2  
10  49  15  1355  373  314  3  -2  
10  49  15  1364  368  314  3  -2  
10  49  15  1371  363  314  3  -2  
10  49  15  1381  362  314  3  -2  
10  49  15  1388  360  315  3  -2  
10  49  15  1397  360  315  3  -2  
10  49  15  1404  360  315  3  -2  
10  49  15  1416  360  315  3  -2  
10  49  15  1421  359  316  3  -2  
10  49  15  1430  359  316  3  -2  
10  49  15  1437  359  316  3  -2  
10  49  15  1447  359  316  3  -2  
10  49  15  1455  359  316  3  -2  
10  49  15  1464  358  316  3  -2  
10  49  15  1471  358  316  3  -2  
10  49  15  1481  357  316  3  -2  
10  49  15  1489  357  316  3  -2  
10  49  15  1499  357  316  3  -2  
10  49  15  1506  357  316  3  -2  
10  49  15  1515  357  316  3  -2  
10  49  15  1522  357  316  3  -2  
10  49  15  1532  357  316  3  -2  
10  49  15  1539  357  316  3  -2  
10  49  15  1549  357  316  3  -2  
10  49  15  1555  357  316  3  -2  
10  49  15  1567  357  316  3  -2  
10  49  15  1572  357  316  3  -2  
10  49  15  1582  357  316  3  -2  
10  49  15  1588  357  316  3  -2  
10  49  15  1599  359  316  3  -2  
10  49  15  1605  360  316  3  -2  
10  49  15  1616  363  316  3  -2  
10  49  15  1622  364  316  3  -2  
10  49  15  1632  371  316  3  -2  
10  49  15  1638  381  316  3  -2  
10  49  15  1649  388  317  3  -2  
10  49  15  1654  400  318  3  -2  
10  49  15  1665  415  320  3  -2  
10  49  15  1673  434  324  3  -2  
10  49  15  1682  459  326  3  -2  
10  49  15  1688  479  330  3  -2  
10  49  15  1699  504  332  4  -2  
10  49  15  1705  535  338  4  -2  
10  49  15  1716  535  338  4  -2  
10  49  15  1724  552  339  4  -2  
10  49  15  1734  555  339  4  -2  
10  49  15  1743  558  339  4  -2  
10  49  15  1751  558  339  4  -2  
10  49  15  1759  558  339  4  -2  
10  49  15  1769  558  339  4  -2  
10  49  15  1779  558  339  4  -2  
10  49  15  1787  558  339  4  -2  
10  49  15  1797  558  339  4  -2  
10  49  15  1805  558  339  4  -2  
10  49  15  1815  558  339  4  -2  
10  49  15  1822  558  339  4  -2  
10  49  15  1833  558  339  4  -2  
10  49  15  1840  558  339  4  -2  
10  49  15  1850  558  339  4  -2  
10  49  15  1858  554  339  4  -2  
10  49  15  1866  551  339  4  -2  
10  49  15  1875  551  339  4  -2  
10  49  15  1884  549  339  4  -2  
10  49  15  1892  546  339  4  -2  
10  49  15  1901  544  339  4  -2  
10  49  15  1909  543  339  4  -2  
10  49  15  1917  541  339  4  -2  
10  49  15  1925  538  339  4  -2  
10  49  15  1934  538  339  4  -2  
10  49  15  1942  535  339  4  -2  
10  49  15  1950  534  339  4  -2  
10  49  15  1958  534  339  4  -2  
10  49  16  1968  531  339  4  -2  
10  49  16  1975  530  339  4  -2  
10  49  16  1985  527  339  4  -2  
10  49  16  1993  523  339  4  -2  
10  49  16  2002  520  339  4  -2  
10  49  16  2010  516  339  4  -2  
10  49  16  2019  512  339  4  -2  
10  49  16  2027  506  339  4  -2  
10  49  16  2035  501  339  4  -2  
10  49  16  2043  496  339  4  -2  
10  49  16  2052  487  339  4  -2  
10  49  16  2063  479  339  4  -2  
10  49  16  2069  469  339  4  -2  
10  49  16  2079  455  339  4  -2  
10  49  16  2085  441  339  4  -2  
10  49  16  2095  426  339  4  -2  
10  49  16  2103  411  339  4  -2  
10  49  16  2111  394  337  4  -2  
