15  56  10  0  359  322  1  -2  
15  56  10  10  359  322  1  -2  
15  56  10  19  359  322  1  -2  
15  56  10  27  359  322  1  -2  
15  56  10  37  359  322  1  -2  
15  56  10  46  359  322  1  -2  
15  56  10  55  359  322  1  -2  
15  56  10  62  359  322  1  -2  
15  56  10  70  359  322  1  -2  
15  56  10  78  359  322  1  -2  
15  56  10  86  359  322  1  -2  
15  56  10  96  359  322  1  -2  
15  56  10  103  362  322  1  -2  
15  56  10  112  371  322  1  -2  
15  56  10  120  378  322  1  -2  
15  56  10  128  390  322  1  -2  
15  56  10  136  403  325  1  -2  
15  56  10  145  418  325  1  -2  
15  56  10  154  433  325  1  -2  
15  56  10  161  468  326  1  -2  
15  56  10  169  483  326  1  -2  
15  56  10  178  494  328  1  -2  
15  56  10  190  500  328  2  -2  
15  56  10  197  502  328  2  -2  
15  56  10  204  503  328  2  -2  
15  56  10  213  503  328  2  -2  
15  56  11  221  503  328  2  -2  
15  56  11  230  503  328  2  -2  
15  56  11  238  503  328  2  -2  
15  56  11  247  503  328  2  -2  
15  56  11  255  503  328  2  -2  
15  56  11  266  503  328  2  -2  
15  56  11  272  503  328  2  -2  
15  56  11  282  503  328  2  -2  
15  56  11  287  504  328  2  -2  
15  56  11  298  504  328  2  -2  
15  56  11  304  504  328  2  -2  
15  56  11  315  504  328  2  -2  
15  56  11  322  506  328  2  -2  
15  56  11  332  506  328  2  -2  
15  56  11  338  507  328  2  -2  
15  56  11  347  507  328  2  -2  
15  56  11  356  507  328  2  -2  
15  56  11  365  507  328  2  -2  
15  56  11  370  507  328  2  -2  
15  56  11  382  507  328  2  -2  
15  56  11  389  507  328  2  -2  
15  56  11  398  507  328  2  -2  
15  56  11  404  503  328  2  -2  
15  56  11  415  496  328  2  -2  
15  56  11  423  482  328  2  -2  
15  56  11  432  469  329  2  -2  
15  56  11  440  453  329  2  -2  
15  56  11  451  436  329  2  -2  
15  56  11  459  408  329  2  -2  
15  56  11  469  399  329  2  -2  
15  56  11  479  394  329  3  -2  
15  56  11  488  394  329  3  -2  
15  56  11  498  394  329  3  -2  
15  56  11  506  394  329  3  -2  
15  56  11  518  394  329  3  -2  
15  56  11  528  394  329  3  -2  
15  56  11  538  394  329  3  -2  
15  56  11  547  394  329  3  -2  
15  56  11  555  394  329  3  -2  
15  56  11  563  394  329  3  -2  
15  56  11  571  394  329  3  -2  
15  56  11  581  394  329  3  -2  
15  56  11  587  394  329  3  -2  
15  56  11  595  394  329  3  -2  
15  56  11  603  394  329  3  -2  
15  56  11  613  394  329  3  -2  
15  56  11  620  394  329  3  -2  
15  56  11  629  394  329  3  -2  
15  56  11  637  394  329  3  -2  
15  56  11  647  394  329  3  -2  
15  56  11  653  394  329  3  -2  
15  56  11  663  394  329  3  -2  
15  56  11  670  394  329  3  -2  
15  56  11  678  394  329  3  -2  
15  56  11  686  394  329  3  -2  
15  56  11  697  394  329  3  -2  
15  56  11  705  394  329  3  -2  
15  56  11  714  394  329  3  -2  
15  56  11  720  394  329  3  -2  
15  56  11  731  394  329  3  -2  
15  56  11  737  394  329  3  -2  
15  56  11  747  394  329  3  -2  
15  56  11  755  394  329  3  -2  
15  56  11  765  394  329  3  -2  
15  56  11  771  394  329  3  -2  
15  56  11  781  394  329  3  -2  
15  56  11  787  394  329  3  -2  
15  56  11  798  394  329  3  -2  
15  56  11  806  394  329  3  -2  
15  56  11  815  394  329  3  -2  
15  56  11  820  394  329  3  -2  
15  56  11  831  394  329  3  -2  
15  56  11  837  394  329  3  -2  
15  56  11  849  394  329  3  -2  
15  56  11  854  394  329  3  -2  
15  56  11  865  394  329  3  -2  
15  56  11  871  394  329  3  -2  
15  56  11  881  394  329  3  -2  
15  56  11  888  394  329  3  -2  
15  56  11  897  394  329  3  -2  
15  56  11  905  394  329  3  -2  
15  56  11  915  394  329  3  -2  
15  56  11  922  394  329  3  -2  
15  56  11  931  394  329  3  -2  
15  56  11  937  394  329  3  -2  
15  56  11  948  394  329  3  -2  
15  56  11  956  394  329  3  -2  
15  56  11  965  394  329  3  -2  
15  56  11  971  394  329  3  -2  
15  56  11  981  394  329  3  -2  
15  56  11  988  394  329  3  -2  
15  56  11  998  394  329  3  -2  
15  56  11  1006  394  329  3  -2  
15  56  11  1015  394  329  3  -2  
15  56  11  1024  394  329  3  -2  
15  56  11  1033  394  329  3  -2  
15  56  11  1042  394  329  3  -2  
15  56  11  1052  394  329  3  -2  
15  56  11  1062  394  329  3  -2  
15  56  11  1070  394  329  3  -2  
15  56  11  1081  394  329  3  -2  
15  56  11  1089  394  329  3  -2  
15  56  11  1100  394  329  3  -2  
15  56  11  1108  394  329  3  -2  
15  56  11  1117  394  329  3  -2  
15  56  11  1126  394  329  3  -2  
15  56  11  1133  394  329  3  -2  
15  56  11  1141  394  329  3  -2  
15  56  11  1150  394  329  3  -2  
15  56  11  1158  394  329  3  -2  
15  56  11  1167  394  329  3  -2  
15  56  11  1176  394  329  3  -2  
15  56  11  1184  394  329  3  -2  
15  56  11  1191  394  329  3  -2  
15  56  11  1200  394  329  3  -2  
15  56  11  1208  394  329  3  -2  
15  56  12  1217  394  329  3  -2  
15  56  12  1226  394  329  3  -2  
15  56  12  1233  394  329  3  -2  
15  56  12  1241  394  329  3  -2  
15  56  12  1250  394  329  3  -2  
15  56  12  1258  394  329  3  -2  
15  56  12  1268  394  329  3  -2  
15  56  12  1276  394  329  3  -2  
15  56  12  1283  394  329  3  -2  
15  56  12  1292  394  329  3  -2  
15  56  12  1300  394  329  3  -2  
15  56  12  1308  394  329  3  -2  
15  56  12  1317  394  329  3  -2  
15  56  12  1325  394  329  3  -2  
15  56  12  1332  396  329  3  -2  
15  56  12  1341  401  329  3  -2  
15  56  12  1349  406  329  3  -2  
15  56  12  1358  414  329  3  -2  
15  56  12  1366  426  329  3  -2  
15  56  12  1375  437  329  3  -2  
15  56  12  1382  451  329  3  -2  
15  56  12  1391  466  329  3  -2  
15  56  12  1399  479  329  3  -2  
15  56  12  1408  492  329  3  -2  
15  56  12  1417  504  329  4  -2  
15  56  12  1425  516  329  4  -2  
15  56  12  1432  517  329  4  -2  
15  56  12  1441  517  329  4  -2  
15  56  12  1450  519  329  4  -2  
15  56  12  1458  519  329  4  -2  
15  56  12  1467  519  329  4  -2  
15  56  12  1475  520  329  4  -2  
15  56  12  1482  520  329  4  -2  
15  56  12  1491  520  329  4  -2  
15  56  12  1500  520  329  4  -2  
15  56  12  1507  520  329  4  -2  
15  56  12  1516  520  329  4  -2  
15  56  12  1525  520  329  4  -2  
15  56  12  1534  520  329  4  -2  
15  56  12  1541  520  329  4  -2  
15  56  12  1549  520  329  4  -2  
15  56  12  1558  520  329  4  -2  
15  56  12  1567  520  329  4  -2  
15  56  12  1576  520  329  4  -2  
15  56  12  1582  520  329  4  -2  
15  56  12  1591  520  329  4  -2  
15  56  12  1600  520  329  4  -2  
15  56  12  1608  520  329  4  -2  
15  56  12  1616  520  329  4  -2  
15  56  12  1625  520  329  4  -2  
15  56  12  1634  520  329  4  -2  
15  56  12  1641  520  329  4  -2  
15  56  12  1649  520  329  4  -2  
15  56  12  1659  520  329  4  -2  
15  56  12  1668  520  329  4  -2  
15  56  12  1676  520  329  4  -2  
15  56  12  1685  520  329  4  -2  
15  56  12  1692  520  329  4  -2  
15  56  12  1700  520  329  4  -2  
15  56  12  1708  520  329  4  -2  
15  56  12  1719  520  329  4  -2  
15  56  12  1726  520  329  4  -2  
15  56  12  1734  520  329  4  -2  
15  56  12  1742  520  329  4  -2  
15  56  12  1751  520  329  4  -2  
15  56  12  1759  520  329  4  -2  
15  56  12  1770  520  329  4  -2  
15  56  12  1777  520  329  4  -2  
15  56  12  1785  518  329  4  -2  
15  56  12  1795  516  329  4  -2  
15  56  12  1803  511  329  4  -2  
15  56  12  1811  503  329  4  -2  
15  56  12  1819  493  329  4  -2  
15  56  12  1828  481  329  4  -2  
15  56  12  1835  468  329  4  -2  
15  56  12  1845  453  329  4  -2  
15  56  12  1853  438  329  4  -2  
15  56  12  1863  425  329  4  -2  
15  56  12  1871  413  329  4  -2  
15  56  12  1881  403  329  4  -2  
15  56  12  1889  391  329  5  -2  
15  56  12  1899  387  329  5  -2  
15  56  12  1907  385  329  5  -2  
15  56  12  1918  382  329  5  -2  
15  56  12  1929  378  329  5  -2  
15  56  12  1949  373  329  5  -2  
15  56  12  1958  369  329  5  -2  
15  56  12  1969  368  329  5  -2  
15  56  12  1977  367  329  5  -2  
15  56  12  1986  366  329  5  -2  
15  56  12  1997  366  329  5  -2  
15  56  12  2005  366  329  5  -2  
15  56  12  2016  366  329  5  -2  
15  56  12  2024  366  329  5  -2  
15  56  12  2035  366  329  5  -2  
15  56  12  2046  365  329  5  -2  
15  56  12  2054  365  329  5  -2  
15  56  12  2062  365  329  5  -2  
15  56  12  2072  365  329  5  -2  
15  56  12  2081  365  329  5  -2  
15  56  12  2088  365  329  5  -2  
15  56  12  2099  365  329  5  -2  
15  56  12  2106  365  329  5  -2  
15  56  12  2115  365  329  5  -2  
15  56  12  2122  365  329  5  -2  
15  56  12  2131  365  329  5  -2  
15  56  12  2139  365  329  5  -2  
15  56  12  2148  365  329  5  -2  
15  56  12  2156  365  329  5  -2  
15  56  12  2165  365  329  5  -2  
15  56  12  2172  365  329  5  -2  
15  56  12  2181  365  329  5  -2  
15  56  12  2189  365  329  5  -2  
15  56  12  2199  365  329  5  -2  
15  56  12  2206  365  329  5  -2  
15  56  13  2215  365  329  5  -2  
15  56  13  2221  365  329  5  -2  
15  56  13  2232  365  329  5  -2  
