15  55  48  0  377  310  1  -2  
15  55  48  7  377  310  1  -2  
15  55  48  17  377  310  1  -2  
15  55  48  24  377  310  1  -2  
15  55  48  34  377  310  1  -2  
15  55  48  41  377  310  1  -2  
15  55  48  50  377  310  1  -2  
15  55  48  58  377  310  1  -2  
15  55  48  67  377  310  1  -2  
15  55  48  74  377  310  1  -2  
15  55  48  84  377  310  1  -2  
15  55  48  91  377  310  1  -2  
15  55  48  101  377  310  1  -2  
15  55  48  107  377  310  1  -2  
15  55  48  118  377  310  1  -2  
15  55  48  124  377  310  1  -2  
15  55  48  134  377  310  1  -2  
15  55  48  141  377  310  1  -2  
15  55  48  151  377  310  1  -2  
15  55  48  158  377  310  1  -2  
15  55  48  167  377  310  1  -2  
15  55  48  174  377  310  1  -2  
15  55  48  184  377  310  1  -2  
15  55  48  191  377  310  1  -2  
15  55  48  201  377  310  1  -2  
15  55  48  208  377  310  1  -2  
15  55  48  218  377  310  1  -2  
15  55  48  225  377  310  1  -2  
15  55  48  234  377  310  1  -2  
15  55  48  242  377  310  1  -2  
15  55  48  251  377  310  1  -2  
15  55  48  257  377  310  1  -2  
15  55  48  268  377  310  1  -2  
15  55  48  275  377  310  1  -2  
15  55  48  285  377  310  1  -2  
15  55  48  293  377  310  1  -2  
15  55  48  303  377  310  1  -2  
15  55  48  310  377  310  1  -2  
15  55  48  320  377  310  1  -2  
15  55  48  329  377  310  1  -2  
15  55  48  339  377  310  1  -2  
15  55  48  350  377  310  1  -2  
15  55  48  358  377  310  1  -2  
15  55  48  369  377  310  1  -2  
15  55  48  383  377  310  1  -2  
15  55  48  392  377  310  1  -2  
15  55  48  402  377  310  1  -2  
15  55  48  412  381  310  1  -2  
15  55  48  421  385  310  1  -2  
15  55  48  431  388  310  1  -2  
15  55  48  440  392  310  1  -2  
15  55  48  452  399  310  1  -2  
15  55  48  461  407  310  1  -2  
15  55  48  472  412  310  1  -2  
15  55  48  492  418  310  1  -2  
15  55  48  502  436  310  1  -2  
15  55  48  510  441  310  1  -2  
15  55  48  520  448  310  1  -2  
15  55  48  529  455  310  1  -2  
15  55  48  538  467  310  1  -2  
15  55  48  548  475  310  1  -2  
15  55  48  556  482  310  1  -2  
15  55  48  566  487  310  1  -2  
15  55  48  574  494  310  1  -2  
15  55  48  584  499  310  2  -2  
15  55  48  592  511  310  2  -2  
15  55  48  602  515  310  2  -2  
15  55  48  611  518  310  2  -2  
15  55  48  620  520  310  2  -2  
15  55  48  631  522  310  2  -2  
15  55  48  641  523  310  2  -2  
15  55  48  653  527  310  2  -2  
15  55  48  662  527  310  2  -2  
15  55  48  671  528  310  2  -2  
15  55  48  681  530  310  2  -2  
15  55  48  690  531  310  2  -2  
15  55  48  700  532  310  2  -2  
15  55  48  708  532  310  2  -2  
15  55  48  717  532  310  2  -2  
15  55  48  724  532  310  2  -2  
15  55  49  733  532  310  2  -2  
15  55  49  740  532  310  2  -2  
15  55  49  749  532  310  2  -2  
15  55  49  757  531  310  2  -2  
15  55  49  767  529  310  2  -2  
15  55  49  774  525  310  2  -2  
15  55  49  783  520  310  2  -2  
15  55  49  790  515  310  2  -2  
15  55  49  800  510  310  2  -2  
15  55  49  809  504  310  2  -2  
15  55  49  817  488  310  2  -2  
15  55  49  825  478  310  2  -2  
15  55  49  833  468  310  2  -2  
15  55  49  842  453  310  2  -2  
15  55  49  850  436  310  2  -2  
15  55  49  859  421  310  2  -2  
15  55  49  867  408  310  2  -2  
15  55  49  875  393  310  3  -2  
15  55  49  883  380  310  3  -2  
15  55  49  891  366  310  3  -2  
15  55  49  901  356  310  3  -2  
15  55  49  908  348  310  3  -2  
15  55  49  917  338  310  3  -2  
15  55  49  924  331  310  3  -2  
15  55  49  933  327  310  3  -2  
15  55  49  942  326  310  3  -2  
15  55  49  950  326  310  3  -2  
15  55  49  958  326  310  3  -2  
15  55  49  967  326  310  3  -2  
15  55  49  975  325  310  3  -2  
15  55  49  983  325  310  3  -2  
15  55  49  991  325  310  3  -2  
15  55  49  999  325  310  3  -2  
15  55  49  1009  325  310  3  -2  
15  55  49  1016  325  310  3  -2  
15  55  49  1025  325  310  3  -2  
15  55  49  1033  325  310  3  -2  
15  55  49  1041  325  310  3  -2  
15  55  49  1050  325  310  3  -2  
15  55  49  1058  325  310  3  -2  
15  55  49  1067  326  310  3  -2  
15  55  49  1076  327  311  3  -2  
15  55  49  1083  331  311  3  -2  
15  55  49  1091  333  311  3  -2  
15  55  49  1100  336  311  3  -2  
15  55  49  1108  341  311  3  -2  
15  55  49  1116  347  311  3  -2  
15  55  49  1125  352  311  3  -2  
15  55  49  1134  362  312  3  -2  
15  55  49  1142  372  312  3  -2  
15  55  49  1150  384  312  3  -2  
15  55  49  1158  397  312  3  -2  
15  55  49  1168  412  312  3  -2  
15  55  49  1176  425  312  3  -2  
15  55  49  1183  452  312  3  -2  
15  55  49  1191  452  312  3  -2  
15  55  49  1201  465  312  3  -2  
15  55  49  1209  490  312  3  -2  
15  55  49  1216  502  312  4  -2  
15  55  49  1227  508  312  4  -2  
15  55  49  1235  513  312  4  -2  
15  55  49  1243  517  312  4  -2  
15  55  49  1252  517  312  4  -2  
15  55  49  1260  518  312  4  -2  
15  55  49  1268  518  312  4  -2  
15  55  49  1277  518  312  4  -2  
15  55  49  1286  518  312  4  -2  
15  55  49  1293  518  312  4  -2  
15  55  49  1302  519  312  4  -2  
15  55  49  1314  520  312  4  -2  
15  55  49  1322  527  312  4  -2  
15  55  49  1331  530  312  4  -2  
15  55  49  1338  532  312  4  -2  
15  55  49  1349  533  312  4  -2  
15  55  49  1354  533  312  4  -2  
15  55  49  1364  533  312  4  -2  
15  55  49  1372  533  312  4  -2  
15  55  49  1381  533  312  4  -2  
15  55  49  1388  533  312  4  -2  
15  55  49  1399  533  312  4  -2  
15  55  49  1405  533  312  4  -2  
15  55  49  1413  533  312  4  -2  
15  55  49  1421  533  312  4  -2  
15  55  49  1432  533  312  4  -2  
15  55  49  1438  533  312  4  -2  
15  55  49  1449  533  312  4  -2  
15  55  49  1457  533  312  4  -2  
15  55  49  1465  533  312  4  -2  
15  55  49  1475  533  312  4  -2  
15  55  49  1484  533  312  4  -2  
15  55  49  1494  533  312  4  -2  
15  55  49  1502  533  312  4  -2  
15  55  49  1512  533  312  4  -2  
15  55  49  1521  533  312  4  -2  
15  55  49  1532  533  312  4  -2  
15  55  49  1540  533  312  4  -2  
15  55  49  1551  533  312  4  -2  
15  55  49  1558  533  312  4  -2  
15  55  49  1566  533  312  4  -2  
15  55  49  1575  533  312  4  -2  
15  55  49  1582  533  312  4  -2  
15  55  49  1590  534  313  4  -2  
15  55  49  1600  534  313  4  -2  
15  55  49  1607  534  314  4  -2  
15  55  49  1617  534  314  4  -2  
15  55  49  1623  531  314  4  -2  
15  55  49  1633  531  314  4  -2  
15  55  49  1641  526  314  4  -2  
15  55  49  1650  522  314  4  -2  
15  55  49  1659  517  314  4  -2  
15  55  49  1667  510  315  4  -2  
15  55  49  1676  501  316  4  -2  
15  55  49  1683  495  316  4  -2  
15  55  49  1691  483  316  4  -2  
15  55  49  1700  473  316  4  -2  
15  55  49  1708  461  316  4  -2  
15  55  49  1716  448  316  4  -2  
15  55  50  1725  435  316  4  -2  
15  55  50  1732  421  316  4  -2  
15  55  50  1740  410  316  4  -2  
15  55  50  1750  398  316  5  -2  
15  55  50  1758  391  316  5  -2  
15  55  50  1766  385  316  5  -2  
15  55  50  1775  381  316  5  -2  
15  55  50  1782  377  316  5  -2  
15  55  50  1792  376  316  5  -2  
15  55  50  1799  374  317  5  -2  
15  55  50  1808  371  317  5  -2  
15  55  50  1816  370  317  5  -2  
15  55  50  1824  367  319  5  -2  
15  55  50  1833  367  319  5  -2  
15  55  50  1842  367  319  5  -2  
15  55  50  1850  367  319  5  -2  
15  55  50  1859  367  319  5  -2  
15  55  50  1868  367  319  5  -2  
15  55  50  1876  367  319  5  -2  
15  55  50  1884  367  319  5  -2  
15  55  50  1892  367  319  5  -2  
15  55  50  1902  367  319  5  -2  
15  55  50  1909  367  319  5  -2  
15  55  50  1918  367  319  5  -2  
15  55  50  1926  367  319  5  -2  
15  55  50  1934  367  319  5  -2  
15  55  50  1943  367  319  5  -2  
15  55  50  1952  367  319  5  -2  
15  55  50  1960  367  319  5  -2  
15  55  50  1968  367  319  5  -2  
15  55  50  1976  367  319  5  -2  
15  55  50  1985  367  319  5  -2  
15  55  50  1993  367  319  5  -2  
15  55  50  2000  367  319  5  -2  
15  55  50  2011  367  319  5  -2  
15  55  50  2020  367  319  5  -2  
15  55  50  2031  367  319  5  -2  
15  55  50  2039  367  319  5  -2  
15  55  50  2048  367  319  5  -2  
15  55  50  2055  367  319  5  -2  
15  55  50  2064  367  319  5  -2  
15  55  50  2072  367  319  5  -2  
15  55  50  2082  367  319  5  -2  
15  55  50  2088  367  319  5  -2  
15  55  50  2099  367  319  5  -2  
15  55  50  2106  367  319  5  -2  
15  55  50  2116  367  319  5  -2  
