10  49  21  0  360  317  1  -2  
10  49  21  9  360  317  1  -2  
10  49  21  16  360  317  1  -2  
10  49  21  24  360  317  1  -2  
10  49  21  33  360  317  1  -2  
10  49  21  41  360  317  1  -2  
10  49  21  51  360  317  1  -2  
10  49  21  58  360  317  1  -2  
10  49  21  66  360  317  1  -2  
10  49  21  74  360  317  1  -2  
10  49  21  83  360  317  1  -2  
10  49  21  91  360  317  1  -2  
10  49  21  99  360  317  1  -2  
10  49  21  108  360  317  1  -2  
10  49  21  119  360  317  1  -2  
10  49  21  125  360  317  1  -2  
10  49  21  133  360  317  1  -2  
10  49  21  141  360  317  1  -2  
10  49  21  149  360  317  1  -2  
10  49  21  159  360  317  1  -2  
10  49  21  166  360  317  1  -2  
10  49  21  174  360  317  1  -2  
10  49  21  183  361  317  1  -2  
10  49  21  191  364  317  1  -2  
10  49  21  199  368  317  1  -2  
10  49  21  208  373  317  1  -2  
10  49  21  220  379  317  1  -2  
10  49  21  227  386  317  1  -2  
10  49  21  237  396  317  1  -2  
10  49  21  245  403  317  1  -2  
10  49  21  255  408  317  1  -2  
10  49  21  261  418  317  1  -2  
10  49  21  271  418  317  1  -2  
10  49  21  276  423  317  1  -2  
10  49  21  288  423  317  1  -2  
10  49  21  295  424  317  1  -2  
10  49  21  304  426  317  1  -2  
10  49  21  311  429  317  1  -2  
10  49  21  321  432  317  1  -2  
10  49  21  328  439  317  1  -2  
10  49  21  338  444  317  1  -2  
10  49  21  344  454  317  1  -2  
10  49  21  354  462  317  1  -2  
10  49  21  361  474  317  1  -2  
10  49  21  371  484  317  1  -2  
10  49  21  378  489  317  1  -2  
10  49  21  388  494  317  1  -2  
10  49  21  394  497  317  2  -2  
10  49  21  404  501  317  2  -2  
10  49  21  412  504  317  2  -2  
10  49  21  421  506  317  2  -2  
10  49  21  430  510  317  2  -2  
10  49  21  441  515  317  2  -2  
10  49  21  452  518  317  2  -2  
10  49  21  459  519  317  2  -2  
10  49  21  470  522  317  2  -2  
10  49  21  475  525  317  2  -2  
10  49  21  485  525  317  2  -2  
10  49  21  492  527  317  2  -2  
10  49  21  503  527  317  2  -2  
10  49  21  510  530  317  2  -2  
10  49  21  519  531  317  2  -2  
10  49  21  525  531  317  2  -2  
10  49  21  535  531  317  2  -2  
10  49  21  542  531  317  2  -2  
10  49  21  551  531  317  2  -2  
10  49  21  559  531  317  2  -2  
10  49  21  569  531  317  2  -2  
10  49  21  576  531  317  2  -2  
10  49  21  587  531  317  2  -2  
10  49  21  592  531  317  2  -2  
10  49  21  602  531  317  2  -2  
10  49  21  610  531  317  2  -2  
10  49  21  620  531  317  2  -2  
10  49  21  626  531  317  2  -2  
10  49  21  638  531  317  2  -2  
10  49  21  643  531  317  2  -2  
10  49  21  653  531  317  2  -2  
10  49  21  662  531  317  2  -2  
10  49  21  672  531  317  2  -2  
10  49  21  681  531  317  2  -2  
10  49  21  689  530  317  2  -2  
10  49  21  697  528  317  2  -2  
10  49  21  704  526  317  2  -2  
10  49  21  712  526  317  2  -2  
10  49  21  721  523  317  2  -2  
10  49  21  730  521  317  2  -2  
10  49  21  738  517  317  2  -2  
10  49  21  746  509  317  2  -2  
10  49  21  754  502  317  2  -2  
10  49  22  763  494  317  2  -2  
10  49  22  771  484  317  2  -2  
10  49  22  780  476  317  2  -2  
10  49  22  788  466  317  2  -2  
10  49  22  796  456  317  2  -2  
10  49  22  805  447  317  2  -2  
10  49  22  812  440  317  2  -2  
10  49  22  821  434  317  2  -2  
10  49  22  830  430  317  2  -2  
10  49  22  839  418  317  2  -2  
10  49  22  846  415  317  2  -2  
10  49  22  855  410  317  2  -2  
10  49  22  863  404  317  2  -2  
10  49  22  871  401  317  2  -2  
10  49  22  880  397  317  3  -2  
10  49  22  889  395  317  3  -2  
10  49  22  896  392  317  3  -2  
10  49  22  904  390  317  3  -2  
10  49  22  912  386  317  3  -2  
10  49  22  921  383  317  3  -2  
10  49  22  930  379  317  3  -2  
10  49  22  938  372  317  3  -2  
10  49  22  946  370  317  3  -2  
10  49  22  955  366  317  3  -2  
10  49  22  963  362  317  3  -2  
10  49  22  971  360  317  3  -2  
10  49  22  980  359  317  3  -2  
10  49  22  988  358  317  3  -2  
10  49  22  996  358  317  3  -2  
10  49  22  1005  358  317  3  -2  
10  49  22  1013  358  317  3  -2  
10  49  22  1021  358  317  3  -2  
10  49  22  1029  358  317  3  -2  
10  49  22  1038  358  317  3  -2  
10  49  22  1046  358  317  3  -2  
10  49  22  1055  358  317  3  -2  
10  49  22  1063  358  317  3  -2  
10  49  22  1072  358  317  3  -2  
10  49  22  1080  358  317  3  -2  
10  49  22  1089  358  317  3  -2  
10  49  22  1096  358  317  3  -2  
10  49  22  1105  358  317  3  -2  
10  49  22  1113  358  317  3  -2  
10  49  22  1122  358  317  3  -2  
10  49  22  1130  358  317  3  -2  
10  49  22  1138  358  317  3  -2  
10  49  22  1147  358  317  3  -2  
10  49  22  1154  358  317  3  -2  
10  49  22  1163  358  317  3  -2  
10  49  22  1171  358  317  3  -2  
10  49  22  1180  358  317  3  -2  
10  49  22  1189  358  317  3  -2  
10  49  22  1196  358  317  3  -2  
10  49  22  1206  358  317  3  -2  
10  49  22  1213  358  317  3  -2  
10  49  22  1221  358  317  3  -2  
10  49  22  1230  358  317  3  -2  
10  49  22  1238  358  317  3  -2  
10  49  22  1246  358  317  3  -2  
10  49  22  1255  358  317  3  -2  
10  49  22  1262  358  317  3  -2  
10  49  22  1272  358  317  3  -2  
10  49  22  1280  358  317  3  -2  
10  49  22  1288  358  317  3  -2  
10  49  22  1298  358  317  3  -2  
10  49  22  1305  358  317  3  -2  
10  49  22  1315  358  317  3  -2  
10  49  22  1322  358  317  3  -2  
10  49  22  1330  358  317  3  -2  
10  49  22  1340  358  317  3  -2  
10  49  22  1348  358  317  3  -2  
10  49  22  1356  358  317  3  -2  
10  49  22  1364  358  317  3  -2  
10  49  22  1372  358  317  3  -2  
10  49  22  1380  358  317  3  -2  
10  49  22  1389  358  317  3  -2  
10  49  22  1397  358  317  3  -2  
10  49  22  1405  358  317  3  -2  
10  49  22  1413  358  317  3  -2  
10  49  22  1421  358  317  3  -2  
10  49  22  1429  358  317  3  -2  
10  49  22  1440  358  317  3  -2  
10  49  22  1446  358  317  3  -2  
10  49  22  1456  358  317  3  -2  
10  49  22  1463  358  317  3  -2  
10  49  22  1472  358  317  3  -2  
10  49  22  1480  358  317  3  -2  
10  49  22  1489  358  317  3  -2  
10  49  22  1497  358  317  3  -2  
10  49  22  1505  358  317  3  -2  
10  49  22  1513  358  317  3  -2  
10  49  22  1521  358  317  3  -2  
10  49  22  1529  358  317  3  -2  
10  49  22  1539  358  317  3  -2  
10  49  22  1547  358  317  3  -2  
10  49  22  1556  358  317  3  -2  
10  49  22  1563  358  317  3  -2  
10  49  22  1571  358  317  3  -2  
10  49  22  1579  358  317  3  -2  
10  49  22  1589  358  317  3  -2  
10  49  22  1597  358  317  3  -2  
10  49  22  1605  358  317  3  -2  
10  49  22  1614  358  317  3  -2  
10  49  22  1622  358  317  3  -2  
10  49  22  1630  358  317  3  -2  
10  49  22  1639  358  317  3  -2  
10  49  22  1648  358  317  3  -2  
10  49  22  1655  358  317  3  -2  
10  49  22  1663  358  317  3  -2  
10  49  22  1672  358  317  3  -2  
10  49  22  1680  358  317  3  -2  
10  49  22  1689  358  317  3  -2  
10  49  22  1697  358  317  3  -2  
10  49  22  1705  359  317  3  -2  
10  49  22  1713  361  317  3  -2  
10  49  22  1721  364  317  3  -2  
10  49  22  1731  366  317  3  -2  
10  49  22  1739  370  317  3  -2  
10  49  22  1748  372  317  3  -2  
10  49  22  1757  375  317  3  -2  
10  49  23  1763  382  317  3  -2  
10  49  23  1772  382  317  3  -2  
10  49  23  1780  386  317  3  -2  
10  49  23  1789  389  317  3  -2  
10  49  23  1798  394  317  3  -2  
10  49  23  1805  403  317  3  -2  
10  49  23  1814  407  317  3  -2  
10  49  23  1822  413  317  3  -2  
10  49  23  1832  418  317  3  -2  
10  49  23  1840  425  317  3  -2  
10  49  23  1848  432  317  3  -2  
10  49  23  1858  438  318  3  -2  
10  49  23  1864  444  318  3  -2  
10  49  23  1873  450  320  3  -2  
10  49  23  1881  455  322  3  -2  
10  49  23  1890  459  322  3  -2  
10  49  23  1900  462  322  3  -2  
10  49  23  1907  464  323  3  -2  
10  49  23  1914  466  323  3  -2  
10  49  23  1923  468  323  3  -2  
10  49  23  1931  468  323  3  -2  
10  49  23  1939  471  323  3  -2  
10  49  23  1950  475  323  3  -2  
10  49  23  1955  486  324  3  -2  
10  49  23  1965  486  324  3  -2  
10  49  23  1972  495  325  3  -2  
10  49  23  1983  504  327  4  -2  
10  49  23  1991  519  330  4  -2  
10  49  23  2000  524  330  4  -2  
10  49  23  2006  530  331  4  -2  
10  49  23  2015  532  331  4  -2  
10  49  23  2022  534  331  4  -2  
10  49  23  2031  534  331  4  -2  
10  49  23  2039  536  331  4  -2  
10  49  23  2050  536  331  4  -2  
10  49  23  2058  536  331  4  -2  
10  49  23  2064  536  331  4  -2  
10  49  23  2073  536  331  4  -2  
10  49  23  2081  536  331  4  -2  
10  49  23  2090  536  331  4  -2  
10  49  23  2100  536  331  4  -2  
10  49  23  2108  536  331  4  -2  
10  49  23  2117  536  331  4  -2  
10  49  23  2123  536  331  4  -2  
10  49  23  2132  536  331  4  -2  
10  49  23  2140  536  331  4  -2  
10  49  23  2150  536  331  4  -2  
10  49  23  2157  534  331  4  -2  
10  49  23  2164  534  331  4  -2  
10  49  23  2173  533  331  4  -2  
10  49  23  2182  532  331  4  -2  
10  49  23  2190  532  331  4  -2  
10  49  23  2200  531  331  4  -2  
10  49  23  2207  530  331  4  -2  
10  49  23  2214  529  331  4  -2  
10  49  23  2222  529  331  4  -2  
10  49  23  2234  529  331  4  -2  
10  49  23  2240  527  331  4  -2  
10  49  23  2251  526  331  4  -2  
10  49  23  2258  526  331  4  -2  
10  49  23  2267  523  331  4  -2  
10  49  23  2274  522  331  4  -2  
10  49  23  2284  519  331  4  -2  
10  49  23  2291  516  331  4  -2  
10  49  23  2300  509  331  4  -2  
10  49  23  2307  504  331  4  -2  
10  49  23  2316  497  331  4  -2  
10  49  23  2324  490  331  4  -2  
10  49  23  2332  480  331  4  -2  
10  49  23  2341  470  331  4  -2  
10  49  23  2350  460  331  4  -2  
10  49  23  2358  435  331  4  -2  
10  49  23  2367  427  331  4  -2  
10  49  23  2375  417  331  4  -2  
10  49  23  2384  408  331  4  -2  
10  49  23  2391  401  331  4  -2  
