12  26  13  0  371  315  1  -2  
12  26  13  8  371  315  1  -2  
12  26  13  18  371  315  1  -2  
12  26  13  25  371  315  1  -2  
12  26  13  33  371  315  1  -2  
12  26  13  41  371  315  1  -2  
12  26  13  50  371  315  1  -2  
12  26  13  59  371  315  1  -2  
12  26  13  66  371  315  1  -2  
12  26  13  75  371  315  1  -2  
12  26  13  83  371  315  1  -2  
12  26  13  91  372  315  1  -2  
12  26  13  100  373  314  1  -2  
12  26  13  108  376  313  1  -2  
12  26  13  116  378  312  1  -2  
12  26  13  125  383  311  1  -2  
12  26  13  133  393  310  1  -2  
12  26  13  141  402  310  1  -2  
12  26  13  149  409  310  1  -2  
12  26  14  159  417  310  1  -2  
12  26  14  168  425  310  1  -2  
12  26  14  176  435  310  1  -2  
12  26  14  185  445  310  1  -2  
12  26  14  192  457  310  1  -2  
12  26  14  200  465  310  1  -2  
12  26  14  209  476  310  1  -2  
12  26  14  218  484  310  1  -2  
12  26  14  225  491  310  1  -2  
12  26  14  237  499  310  2  -2  
12  26  14  242  504  310  2  -2  
12  26  14  252  507  310  2  -2  
12  26  14  258  512  310  2  -2  
12  26  14  268  513  311  2  -2  
12  26  14  275  514  311  2  -2  
12  26  14  283  515  311  2  -2  
12  26  14  291  516  311  2  -2  
12  26  14  299  516  311  2  -2  
12  26  14  311  517  311  2  -2  
12  26  14  321  519  312  2  -2  
12  26  14  328  521  312  2  -2  
12  26  14  337  523  312  2  -2  
12  26  14  345  525  312  2  -2  
12  26  14  354  526  312  2  -2  
12  26  14  359  527  312  2  -2  
12  26  14  369  527  312  2  -2  
12  26  14  376  527  312  2  -2  
12  26  14  386  527  312  2  -2  
12  26  14  392  527  312  2  -2  
12  26  14  402  527  312  2  -2  
12  26  14  409  527  312  2  -2  
12  26  14  420  527  313  2  -2  
12  26  14  426  527  313  2  -2  
12  26  14  436  527  313  2  -2  
12  26  14  442  527  313  2  -2  
12  26  14  453  527  313  2  -2  
12  26  14  459  527  313  2  -2  
12  26  14  469  527  313  2  -2  
12  26  14  476  527  313  2  -2  
12  26  14  487  527  313  2  -2  
12  26  14  494  527  315  2  -2  
12  26  14  504  527  315  2  -2  
12  26  14  510  526  315  2  -2  
12  26  14  520  524  316  2  -2  
12  26  14  527  522  317  2  -2  
12  26  14  537  519  317  2  -2  
12  26  14  544  517  318  2  -2  
12  26  14  554  513  320  2  -2  
12  26  14  562  506  320  2  -2  
12  26  14  571  498  320  2  -2  
12  26  14  578  488  320  2  -2  
12  26  14  590  474  320  2  -2  
12  26  14  596  456  320  2  -2  
12  26  14  605  456  320  2  -2  
12  26  14  613  449  320  2  -2  
12  26  14  623  440  319  2  -2  
12  26  14  631  436  319  2  -2  
12  26  14  638  433  318  2  -2  
12  26  14  647  431  318  2  -2  
12  26  14  655  428  318  2  -2  
12  26  14  662  425  317  2  -2  
12  26  14  671  423  317  2  -2  
12  26  14  680  420  315  2  -2  
12  26  14  689  418  315  2  -2  
12  26  14  696  415  315  2  -2  
12  26  14  705  413  314  2  -2  
12  26  14  711  410  314  2  -2  
12  26  14  721  406  314  2  -2  
12  26  14  729  404  314  2  -2  
12  26  14  738  400  314  2  -2  
12  26  14  746  397  314  3  -2  
12  26  14  754  396  314  3  -2  
12  26  14  762  394  314  3  -2  
12  26  14  771  392  314  3  -2  
12  26  14  779  392  314  3  -2  
12  26  14  788  391  314  3  -2  
12  26  14  795  389  314  3  -2  
12  26  14  804  388  314  3  -2  
12  26  14  814  385  314  3  -2  
12  26  14  821  383  314  3  -2  
12  26  14  829  380  314  3  -2  
12  26  14  838  380  314  3  -2  
12  26  14  846  377  314  3  -2  
12  26  14  854  376  314  3  -2  
12  26  14  862  376  314  3  -2  
12  26  14  871  373  314  3  -2  
12  26  14  880  373  314  3  -2  
12  26  14  888  372  314  3  -2  
12  26  14  896  372  314  3  -2  
12  26  14  904  372  314  3  -2  
12  26  14  912  372  314  3  -2  
12  26  14  921  372  314  3  -2  
12  26  14  932  372  314  3  -2  
12  26  14  941  372  314  3  -2  
12  26  14  948  372  314  3  -2  
12  26  14  957  372  314  3  -2  
12  26  14  964  371  314  3  -2  
12  26  14  972  371  314  3  -2  
12  26  14  981  371  314  3  -2  
12  26  14  990  371  314  3  -2  
12  26  14  1000  371  314  3  -2  
12  26  14  1008  371  314  3  -2  
12  26  14  1014  371  314  3  -2  
12  26  14  1022  371  314  3  -2  
12  26  14  1031  371  314  3  -2  
12  26  14  1040  371  314  3  -2  
12  26  14  1050  371  314  3  -2  
12  26  14  1057  371  314  3  -2  
12  26  14  1066  371  314  3  -2  
12  26  14  1074  371  314  3  -2  
12  26  14  1082  371  314  3  -2  
12  26  14  1090  371  314  3  -2  
12  26  14  1099  371  314  3  -2  
12  26  14  1107  371  314  3  -2  
12  26  14  1114  371  314  3  -2  
12  26  14  1123  371  314  3  -2  
12  26  14  1131  371  314  3  -2  
12  26  14  1139  371  314  3  -2  
12  26  14  1149  371  314  3  -2  
12  26  15  1158  371  314  3  -2  
12  26  15  1164  371  314  3  -2  
12  26  15  1173  371  314  3  -2  
12  26  15  1182  371  314  3  -2  
12  26  15  1191  371  314  3  -2  
12  26  15  1198  371  314  3  -2  
12  26  15  1207  371  314  3  -2  
12  26  15  1214  371  314  3  -2  
12  26  15  1223  371  314  3  -2  
12  26  15  1232  371  314  3  -2  
12  26  15  1239  371  314  3  -2  
12  26  15  1248  371  314  3  -2  
12  26  15  1256  371  314  3  -2  
12  26  15  1265  371  314  3  -2  
12  26  15  1273  371  314  3  -2  
12  26  15  1282  371  314  3  -2  
12  26  15  1289  371  314  3  -2  
12  26  15  1299  371  314  3  -2  
12  26  15  1306  371  314  3  -2  
12  26  15  1316  371  314  3  -2  
12  26  15  1323  371  314  3  -2  
12  26  15  1332  371  314  3  -2  
12  26  15  1341  371  314  3  -2  
12  26  15  1349  371  314  3  -2  
12  26  15  1356  371  314  3  -2  
12  26  15  1364  371  314  3  -2  
12  26  15  1374  371  314  3  -2  
12  26  15  1381  371  314  3  -2  
12  26  15  1390  371  314  3  -2  
12  26  15  1399  371  314  3  -2  
12  26  15  1409  371  314  3  -2  
12  26  15  1415  371  314  3  -2  
12  26  15  1423  371  314  3  -2  
12  26  15  1431  371  314  3  -2  
12  26  15  1440  371  314  3  -2  
12  26  15  1449  371  314  3  -2  
12  26  15  1457  371  314  3  -2  
12  26  15  1465  371  314  3  -2  
12  26  15  1473  371  314  3  -2  
12  26  15  1481  371  314  3  -2  
12  26  15  1492  371  314  3  -2  
12  26  15  1500  371  314  3  -2  
12  26  15  1508  371  314  3  -2  
12  26  15  1518  371  314  3  -2  
12  26  15  1526  373  314  3  -2  
12  26  15  1534  391  314  3  -2  
12  26  15  1544  401  314  3  -2  
12  26  15  1552  411  314  3  -2  
12  26  15  1559  421  314  3  -2  
12  26  15  1570  429  314  3  -2  
12  26  15  1576  438  314  3  -2  
12  26  15  1587  446  314  3  -2  
12  26  15  1594  454  314  3  -2  
12  26  15  1601  463  314  3  -2  
12  26  15  1608  472  315  3  -2  
12  26  15  1620  478  315  3  -2  
12  26  15  1627  486  318  3  -2  
12  26  15  1634  491  318  3  -2  
12  26  15  1643  496  318  4  -2  
12  26  15  1652  498  318  4  -2  
12  26  15  1659  503  318  4  -2  
12  26  15  1668  508  321  4  -2  
12  26  15  1676  511  321  4  -2  
12  26  15  1687  514  321  4  -2  
12  26  15  1692  521  323  4  -2  
12  26  15  1702  521  323  4  -2  
12  26  15  1709  528  323  4  -2  
12  26  15  1720  528  323  4  -2  
12  26  15  1727  532  324  4  -2  
12  26  15  1737  535  324  4  -2  
12  26  15  1742  536  324  4  -2  
12  26  15  1752  536  324  4  -2  
12  26  15  1759  539  324  4  -2  
12  26  15  1770  539  324  4  -2  
12  26  15  1776  540  324  4  -2  
12  26  15  1786  542  324  4  -2  
12  26  15  1793  542  324  4  -2  
12  26  15  1802  542  324  4  -2  
12  26  15  1809  542  324  4  -2  
12  26  15  1820  542  324  4  -2  
12  26  15  1825  542  324  4  -2  
12  26  15  1836  542  324  4  -2  
12  26  15  1842  542  324  4  -2  
12  26  15  1852  542  324  4  -2  
12  26  15  1859  542  324  4  -2  
12  26  15  1870  542  324  4  -2  
12  26  15  1877  542  324  4  -2  
12  26  15  1886  542  324  4  -2  
12  26  15  1893  542  324  4  -2  
12  26  15  1904  542  324  4  -2  
12  26  15  1909  542  324  4  -2  
12  26  15  1920  542  324  4  -2  
12  26  15  1928  542  324  4  -2  
12  26  15  1937  542  324  4  -2  
12  26  15  1942  542  324  4  -2  
12  26  15  1952  542  324  4  -2  
12  26  15  1958  542  324  4  -2  
12  26  15  1970  542  324  4  -2  
12  26  15  1976  542  324  4  -2  
12  26  15  1987  542  324  4  -2  
12  26  15  1992  542  324  4  -2  
12  26  15  2002  542  324  4  -2  
12  26  15  2010  542  324  4  -2  
12  26  15  2020  542  324  4  -2  
12  26  15  2026  540  324  4  -2  
12  26  15  2036  536  324  4  -2  
12  26  15  2042  532  324  4  -2  
12  26  15  2052  524  324  4  -2  
12  26  15  2059  518  324  4  -2  
12  26  15  2070  506  324  4  -2  
12  26  15  2077  488  324  4  -2  
12  26  15  2086  488  324  4  -2  
12  26  15  2093  469  324  4  -2  
12  26  15  2103  469  324  4  -2  
12  26  15  2110  452  324  4  -2  
12  26  15  2120  444  324  4  -2  
12  26  15  2127  437  323  4  -2  
12  26  15  2137  428  321  4  -2  
12  26  15  2143  421  321  4  -2  
12  26  16  2153  416  320  4  -2  
12  26  16  2161  410  318  4  -2  
12  26  16  2170  406  318  4  -2  
12  26  16  2177  402  318  4  -2  
