11  52  0  0  361  321  1  -2  
11  52  0  11  361  321  1  -2  
11  52  0  16  361  321  1  -2  
11  52  0  27  361  321  1  -2  
11  52  0  34  361  321  1  -2  
11  52  0  44  361  321  1  -2  
11  52  0  51  361  321  1  -2  
11  52  0  61  361  321  1  -2  
11  52  0  66  361  321  1  -2  
11  52  0  77  361  321  1  -2  
11  52  0  84  361  321  1  -2  
11  52  0  94  361  321  1  -2  
11  52  0  101  361  321  1  -2  
11  52  0  110  361  321  1  -2  
11  52  0  118  361  321  1  -2  
11  52  0  127  361  321  1  -2  
11  52  0  135  361  320  1  -2  
11  52  0  144  361  320  1  -2  
11  52  0  151  361  320  1  -2  
11  52  0  161  361  320  1  -2  
11  52  0  168  361  320  1  -2  
11  52  0  178  361  320  1  -2  
11  52  1  184  361  320  1  -2  
11  52  1  194  362  320  1  -2  
11  52  1  200  363  320  1  -2  
11  52  1  210  365  320  1  -2  
11  52  1  218  368  320  1  -2  
11  52  1  227  372  320  1  -2  
11  52  1  234  377  320  1  -2  
11  52  1  245  380  320  1  -2  
11  52  1  250  385  320  1  -2  
11  52  1  261  391  320  1  -2  
11  52  1  267  396  320  1  -2  
11  52  1  279  402  320  1  -2  
11  52  1  285  421  320  1  -2  
11  52  1  294  421  320  1  -2  
11  52  1  301  440  319  1  -2  
11  52  1  311  440  319  1  -2  
11  52  1  318  460  318  1  -2  
11  52  1  328  470  314  1  -2  
11  52  1  333  479  314  1  -2  
11  52  1  344  479  314  1  -2  
11  52  1  351  490  312  1  -2  
11  52  1  361  491  312  1  -2  
11  52  1  367  493  312  1  -2  
11  52  1  378  493  312  1  -2  
11  52  1  385  493  312  1  -2  
11  52  1  394  495  312  2  -2  
11  52  1  401  496  312  2  -2  
11  52  1  410  497  312  2  -2  
11  52  1  418  500  312  2  -2  
11  52  1  427  501  312  2  -2  
11  52  1  435  503  312  2  -2  
11  52  1  444  504  312  2  -2  
11  52  1  451  504  312  2  -2  
11  52  1  460  504  312  2  -2  
11  52  1  468  505  312  2  -2  
11  52  1  477  507  312  2  -2  
11  52  1  486  507  312  2  -2  
11  52  1  494  513  312  2  -2  
11  52  1  501  513  312  2  -2  
11  52  1  511  516  312  2  -2  
11  52  1  519  523  312  2  -2  
11  52  1  528  524  312  2  -2  
11  52  1  535  525  312  2  -2  
11  52  1  544  525  312  2  -2  
11  52  1  551  525  312  2  -2  
11  52  1  561  525  312  2  -2  
11  52  1  568  525  312  2  -2  
11  52  1  577  525  312  2  -2  
11  52  1  586  525  312  2  -2  
11  52  1  594  525  312  2  -2  
11  52  1  601  525  312  2  -2  
11  52  1  611  525  312  2  -2  
11  52  1  616  525  312  2  -2  
11  52  1  626  525  312  2  -2  
11  52  1  635  525  312  2  -2  
11  52  1  643  525  312  2  -2  
11  52  1  651  525  312  2  -2  
11  52  1  660  525  312  2  -2  
11  52  1  667  525  312  2  -2  
11  52  1  677  525  312  2  -2  
11  52  1  685  525  312  2  -2  
11  52  1  693  525  312  2  -2  
11  52  1  702  525  312  2  -2  
11  52  1  709  525  312  2  -2  
11  52  1  717  525  312  2  -2  
11  52  1  726  525  312  2  -2  
11  52  1  736  525  312  2  -2  
11  52  1  744  524  312  2  -2  
11  52  1  751  520  312  2  -2  
11  52  1  760  516  314  2  -2  
11  52  1  769  511  314  2  -2  
11  52  1  777  504  314  2  -2  
11  52  1  785  494  315  2  -2  
11  52  1  793  482  316  2  -2  
11  52  1  800  470  318  2  -2  
11  52  1  809  458  320  2  -2  
11  52  1  818  445  322  2  -2  
11  52  1  826  430  323  2  -2  
11  52  1  834  415  324  2  -2  
11  52  1  843  400  324  2  -2  
11  52  1  851  386  329  3  -2  
11  52  1  859  371  329  3  -2  
11  52  1  867  359  330  3  -2  
11  52  1  877  351  331  3  -2  
11  52  1  886  342  334  3  -2  
11  52  1  892  338  334  3  -2  
11  52  1  901  338  334  3  -2  
11  52  1  909  337  334  3  -2  
11  52  1  918  336  334  3  -2  
11  52  1  926  336  334  3  -2  
11  52  1  935  336  334  3  -2  
11  52  1  943  336  334  3  -2  
11  52  1  950  336  334  3  -2  
11  52  1  959  336  334  3  -2  
11  52  1  968  336  334  3  -2  
11  52  1  976  336  334  3  -2  
11  52  1  985  336  334  3  -2  
11  52  1  993  336  334  3  -2  
11  52  1  1000  336  334  3  -2  
11  52  1  1010  336  334  3  -2  
11  52  1  1019  336  334  3  -2  
11  52  1  1028  336  334  3  -2  
11  52  1  1036  336  334  3  -2  
11  52  1  1043  336  334  3  -2  
11  52  1  1052  336  334  3  -2  
11  52  1  1061  336  334  3  -2  
11  52  1  1069  336  334  3  -2  
11  52  1  1078  336  334  3  -2  
11  52  1  1086  336  334  3  -2  
11  52  1  1095  336  334  3  -2  
11  52  1  1102  336  334  3  -2  
11  52  1  1110  336  334  3  -2  
11  52  1  1119  336  334  3  -2  
11  52  1  1127  336  334  3  -2  
11  52  1  1136  336  334  3  -2  
11  52  1  1145  336  334  3  -2  
11  52  1  1152  336  334  3  -2  
11  52  1  1160  336  334  3  -2  
11  52  1  1170  336  334  3  -2  
11  52  1  1178  336  334  3  -2  
11  52  2  1185  336  334  3  -2  
11  52  2  1195  336  334  3  -2  
11  52  2  1202  336  334  3  -2  
11  52  2  1211  336  334  3  -2  
11  52  2  1219  336  334  3  -2  
11  52  2  1228  336  334  3  -2  
11  52  2  1236  336  334  3  -2  
11  52  2  1245  336  334  3  -2  
11  52  2  1252  336  334  3  -2  
11  52  2  1262  337  334  3  -2  
11  52  2  1270  346  334  3  -2  
11  52  2  1278  349  334  3  -2  
11  52  2  1287  352  334  3  -2  
11  52  2  1295  357  333  3  -2  
11  52  2  1303  362  333  3  -2  
11  52  2  1311  368  333  3  -2  
11  52  2  1319  376  332  3  -2  
11  52  2  1329  381  332  3  -2  
11  52  2  1336  387  331  3  -2  
11  52  2  1345  392  329  3  -2  
11  52  2  1352  398  328  3  -2  
11  52  2  1362  400  328  3  -2  
11  52  2  1369  407  326  3  -2  
11  52  2  1377  417  323  3  -2  
11  52  2  1386  423  321  3  -2  
11  52  2  1395  431  320  3  -2  
11  52  2  1403  440  319  3  -2  
11  52  2  1410  447  319  3  -2  
11  52  2  1419  456  316  3  -2  
11  52  2  1429  461  315  3  -2  
11  52  2  1436  465  315  3  -2  
11  52  2  1445  469  314  3  -2  
11  52  2  1453  471  314  3  -2  
11  52  2  1462  472  314  3  -2  
11  52  2  1470  477  313  3  -2  
11  52  2  1479  480  313  3  -2  
11  52  2  1487  482  313  3  -2  
11  52  2  1495  486  311  3  -2  
11  52  2  1503  489  311  3  -2  
11  52  2  1512  492  311  3  -2  
11  52  2  1520  495  311  4  -2  
11  52  2  1527  500  311  4  -2  
11  52  2  1536  504  310  4  -2  
11  52  2  1546  506  310  4  -2  
11  52  2  1554  509  309  4  -2  
11  52  2  1561  513  309  4  -2  
11  52  2  1569  514  309  4  -2  
11  52  2  1579  517  307  4  -2  
11  52  2  1586  518  307  4  -2  
11  52  2  1595  519  307  4  -2  
11  52  2  1602  519  307  4  -2  
11  52  2  1611  519  307  4  -2  
11  52  2  1620  521  307  4  -2  
11  52  2  1628  522  306  4  -2  
11  52  2  1636  522  306  4  -2  
11  52  2  1646  522  306  4  -2  
11  52  2  1654  522  306  4  -2  
11  52  2  1662  522  306  4  -2  
11  52  2  1669  523  306  4  -2  
11  52  2  1679  523  306  4  -2  
11  52  2  1687  524  306  4  -2  
11  52  2  1695  524  306  4  -2  
11  52  2  1703  525  306  4  -2  
11  52  2  1711  526  306  4  -2  
11  52  2  1719  527  306  4  -2  
11  52  2  1729  528  306  4  -2  
11  52  2  1737  530  305  4  -2  
11  52  2  1745  532  305  4  -2  
11  52  2  1754  534  305  4  -2  
11  52  2  1762  537  305  4  -2  
11  52  2  1770  538  304  4  -2  
11  52  2  1778  539  304  4  -2  
11  52  2  1786  539  304  4  -2  
11  52  2  1796  539  304  4  -2  
11  52  2  1804  539  304  4  -2  
11  52  2  1811  539  304  4  -2  
11  52  2  1819  539  304  4  -2  
11  52  2  1829  539  304  4  -2  
11  52  2  1837  539  304  4  -2  
11  52  2  1845  539  304  4  -2  
11  52  2  1854  539  304  4  -2  
11  52  2  1862  539  304  4  -2  
11  52  2  1871  539  304  4  -2  
11  52  2  1877  539  304  4  -2  
11  52  2  1887  539  304  4  -2  
11  52  2  1895  527  304  4  -2  
11  52  2  1903  515  304  4  -2  
11  52  2  1912  504  304  4  -2  
11  52  2  1921  488  306  4  -2  
11  52  2  1929  475  310  4  -2  
11  52  2  1937  460  312  4  -2  
11  52  2  1945  446  314  4  -2  
11  52  2  1954  434  316  4  -2  
11  52  2  1962  426  316  4  -2  
11  52  2  1971  417  317  4  -2  
11  52  2  1978  410  318  4  -2  
11  52  2  1987  404  318  4  -2  
