15  42  12  0  369  323  1  -2  
15  42  12  8  369  323  1  -2  
15  42  12  17  369  323  1  -2  
15  42  12  26  369  322  1  -2  
15  42  12  34  373  322  1  -2  
15  42  12  41  378  322  1  -2  
15  42  12  50  385  321  1  -2  
15  42  12  58  395  321  1  -2  
15  42  12  67  406  321  1  -2  
15  42  12  74  416  321  1  -2  
15  42  12  83  428  321  1  -2  
15  42  12  92  441  321  1  -2  
15  42  12  100  453  321  1  -2  
15  42  12  108  465  321  1  -2  
15  42  12  117  475  323  1  -2  
15  42  12  127  485  324  1  -2  
15  42  12  134  494  325  1  -2  
15  42  12  143  506  328  2  -2  
15  42  12  150  511  328  2  -2  
15  42  12  159  516  329  2  -2  
15  42  12  167  523  329  2  -2  
15  42  12  176  526  330  2  -2  
15  42  12  183  530  330  2  -2  
15  42  12  192  531  330  2  -2  
15  42  12  201  534  331  2  -2  
15  42  12  210  536  331  2  -2  
15  42  12  217  539  331  2  -2  
15  42  12  224  539  331  2  -2  
15  42  12  234  539  331  2  -2  
15  42  12  241  543  331  2  -2  
15  42  12  250  543  331  2  -2  
15  42  12  259  543  331  2  -2  
15  42  12  267  543  331  2  -2  
15  42  12  276  543  331  2  -2  
15  42  12  283  543  331  2  -2  
15  42  12  291  543  331  2  -2  
15  42  12  300  543  331  2  -2  
15  42  12  309  543  331  2  -2  
15  42  12  317  543  331  2  -2  
15  42  12  326  543  331  2  -2  
15  42  12  333  543  331  2  -2  
15  42  12  342  543  331  2  -2  
15  42  12  350  543  331  2  -2  
15  42  12  359  543  331  2  -2  
15  42  12  367  543  331  2  -2  
15  42  12  376  540  332  2  -2  
15  42  12  385  536  333  2  -2  
15  42  12  392  523  335  2  -2  
15  42  12  402  523  335  2  -2  
15  42  12  410  508  336  2  -2  
15  42  12  418  497  338  2  -2  
15  42  12  427  484  340  2  -2  
15  42  12  434  472  340  2  -2  
15  42  12  443  460  341  2  -2  
15  42  12  452  449  341  2  -2  
15  42  12  459  437  342  2  -2  
15  42  12  467  425  345  2  -2  
15  42  12  477  413  346  2  -2  
15  42  12  485  401  348  2  -2  
15  42  12  493  393  349  2  -2  
15  42  12  500  383  349  2  -2  
15  42  12  509  376  349  2  -2  
15  42  12  517  369  349  3  -2  
15  42  12  526  365  349  3  -2  
15  42  12  535  364  349  3  -2  
15  42  12  542  361  349  3  -2  
15  42  12  550  361  349  3  -2  
15  42  12  560  359  351  3  -2  
15  42  12  567  359  351  3  -2  
15  42  12  577  359  351  3  -2  
15  42  12  585  358  351  3  -2  
15  42  12  592  358  351  3  -2  
15  42  12  602  357  351  3  -2  
15  42  12  609  356  351  3  -2  
15  42  12  617  356  351  3  -2  
15  42  12  627  356  351  3  -2  
15  42  12  633  356  351  3  -2  
15  42  13  642  356  351  3  -2  
15  42  13  650  356  351  3  -2  
15  42  13  659  356  351  3  -2  
15  42  13  667  356  351  3  -2  
15  42  13  676  356  351  3  -2  
15  42  13  684  355  351  3  -2  
15  42  13  693  355  351  3  -2  
15  42  13  701  355  351  3  -2  
15  42  13  709  355  351  3  -2  
15  42  13  719  355  351  3  -2  
15  42  13  727  356  350  3  -2  
15  42  13  734  361  349  3  -2  
15  42  13  742  368  349  3  -2  
15  42  13  752  380  345  3  -2  
15  42  13  760  392  345  3  -2  
15  42  13  767  405  345  3  -2  
15  42  13  777  422  345  3  -2  
15  42  13  785  453  345  3  -2  
15  42  13  793  453  345  3  -2  
15  42  13  802  468  345  3  -2  
15  42  13  810  488  345  3  -2  
15  42  13  818  495  345  3  -2  
15  42  13  828  498  345  3  -2  
15  42  13  837  501  345  3  -2  
15  42  13  843  503  344  3  -2  
15  42  13  851  506  344  3  -2  
15  42  13  859  507  344  3  -2  
15  42  13  869  510  344  4  -2  
15  42  13  877  511  344  4  -2  
15  42  13  886  512  344  4  -2  
15  42  13  891  514  344  4  -2  
15  42  13  901  515  344  4  -2  
15  42  13  908  516  344  4  -2  
15  42  13  918  518  344  4  -2  
15  42  13  926  519  344  4  -2  
15  42  13  933  521  344  4  -2  
15  42  13  942  523  344  4  -2  
15  42  13  950  524  344  4  -2  
15  42  13  960  524  344  4  -2  
15  42  13  967  524  344  4  -2  
15  42  13  976  524  344  4  -2  
15  42  13  984  524  344  4  -2  
15  42  13  991  524  344  4  -2  
15  42  13  1001  524  344  4  -2  
15  42  13  1009  524  344  4  -2  
15  42  13  1017  524  344  4  -2  
15  42  13  1026  524  344  4  -2  
15  42  13  1033  524  344  4  -2  
15  42  13  1041  524  344  4  -2  
15  42  13  1051  524  344  4  -2  
15  42  13  1059  524  344  4  -2  
15  42  13  1067  524  344  4  -2  
15  42  13  1076  524  344  4  -2  
15  42  13  1084  524  344  4  -2  
15  42  13  1093  524  344  4  -2  
15  42  13  1100  524  344  4  -2  
15  42  13  1109  524  344  4  -2  
15  42  13  1118  524  344  4  -2  
15  42  13  1126  524  344  4  -2  
15  42  13  1134  524  344  4  -2  
15  42  13  1144  524  344  4  -2  
15  42  13  1151  524  344  4  -2  
15  42  13  1161  523  344  4  -2  
15  42  13  1169  517  345  4  -2  
15  42  13  1178  496  353  4  -2  
15  42  13  1186  481  356  4  -2  
15  42  13  1194  465  360  4  -2  
15  42  13  1204  465  360  4  -2  
15  42  13  1211  427  366  4  -2  
15  42  13  1220  412  369  4  -2  
15  42  13  1228  399  370  4  -2  
15  42  13  1236  387  373  4  -2  
15  42  13  1244  380  373  4  -2  
15  42  13  1253  375  373  4  -2  
15  42  13  1261  374  373  4  -2  
15  42  13  1270  374  373  4  -2  
15  42  13  1278  374  373  4  -2  
15  42  13  1287  374  373  4  -2  
15  42  13  1296  374  373  4  -2  
15  42  13  1303  374  373  4  -2  
15  42  13  1311  374  373  4  -2  
15  42  13  1319  374  373  4  -2  
15  42  13  1328  374  373  4  -2  
15  42  13  1336  374  373  4  -2  
15  42  13  1344  374  373  4  -2  
15  42  13  1353  374  373  4  -2  
15  42  13  1361  374  373  4  -2  
