11  52  7  0  364  324  1  -2  
11  52  7  9  364  324  1  -2  
11  52  7  17  364  324  1  -2  
11  52  7  26  364  324  1  -2  
11  52  7  34  364  324  1  -2  
11  52  7  42  364  324  1  -2  
11  52  7  50  364  324  1  -2  
11  52  7  59  364  324  1  -2  
11  52  7  69  364  324  1  -2  
11  52  7  76  364  324  1  -2  
11  52  7  84  364  324  1  -2  
11  52  7  93  364  324  1  -2  
11  52  7  103  364  324  1  -2  
11  52  7  109  364  324  1  -2  
11  52  7  117  364  324  1  -2  
11  52  7  126  364  324  1  -2  
11  52  7  134  364  324  1  -2  
11  52  7  143  364  324  1  -2  
11  52  7  150  364  324  1  -2  
11  52  7  159  364  324  1  -2  
11  52  7  170  364  324  1  -2  
11  52  7  175  364  324  1  -2  
11  52  7  185  364  324  1  -2  
11  52  7  192  364  324  1  -2  
11  52  7  200  364  324  1  -2  
11  52  7  210  366  324  1  -2  
11  52  7  220  370  324  1  -2  
11  52  7  226  375  324  1  -2  
11  52  7  235  384  326  1  -2  
11  52  7  243  396  327  1  -2  
11  52  7  250  408  328  1  -2  
11  52  7  259  421  330  1  -2  
11  52  7  270  436  332  1  -2  
11  52  7  276  451  334  1  -2  
11  52  7  285  468  334  1  -2  
11  52  7  293  483  334  1  -2  
11  52  7  300  496  334  1  -2  
11  52  7  309  503  334  2  -2  
11  52  7  317  508  334  2  -2  
11  52  7  327  511  334  2  -2  
11  52  7  335  511  334  2  -2  
11  52  7  342  512  334  2  -2  
11  52  7  353  512  334  2  -2  
11  52  7  359  512  334  2  -2  
11  52  7  370  512  334  2  -2  
11  52  7  376  513  334  2  -2  
11  52  7  385  513  334  2  -2  
11  52  7  394  514  334  2  -2  
11  52  7  403  515  334  2  -2  
11  52  7  409  516  334  2  -2  
11  52  7  420  516  334  2  -2  
11  52  7  424  520  334  2  -2  
11  52  7  435  520  334  2  -2  
11  52  7  443  523  334  2  -2  
11  52  7  453  523  334  2  -2  
11  52  7  459  524  334  2  -2  
11  52  7  471  524  334  2  -2  
11  52  7  476  524  334  2  -2  
11  52  7  485  524  334  2  -2  
11  52  7  493  524  334  2  -2  
11  52  7  503  524  334  2  -2  
11  52  7  509  524  334  2  -2  
11  52  7  520  524  334  2  -2  
11  52  7  526  524  334  2  -2  
11  52  7  536  524  334  2  -2  
11  52  7  542  524  334  2  -2  
11  52  7  553  524  334  2  -2  
11  52  7  560  524  334  2  -2  
11  52  7  570  524  334  2  -2  
11  52  7  576  524  334  2  -2  
11  52  7  585  524  334  2  -2  
11  52  7  594  524  334  2  -2  
11  52  7  603  524  334  2  -2  
11  52  7  609  524  334  2  -2  
11  52  7  620  524  334  2  -2  
11  52  7  626  524  334  2  -2  
11  52  7  635  524  334  2  -2  
11  52  7  643  524  334  2  -2  
11  52  7  653  524  334  2  -2  
11  52  7  660  524  334  2  -2  
11  52  7  667  524  334  2  -2  
11  52  7  676  524  334  2  -2  
11  52  7  685  524  334  2  -2  
11  52  7  693  524  334  2  -2  
11  52  7  703  523  334  2  -2  
11  52  7  710  519  334  2  -2  
11  52  7  718  515  334  2  -2  
11  52  7  726  509  334  2  -2  
11  52  7  737  504  334  2  -2  
11  52  7  742  487  334  2  -2  
11  52  7  752  487  334  2  -2  
11  52  7  759  479  334  2  -2  
11  52  7  770  467  335  2  -2  
11  52  7  775  448  339  2  -2  
11  52  7  788  448  339  2  -2  
11  52  7  793  427  341  2  -2  
11  52  7  804  421  341  2  -2  
11  52  7  810  410  343  2  -2  
11  52  7  820  402  345  2  -2  
11  52  7  826  393  345  2  -2  
11  52  7  837  386  345  2  -2  
11  52  7  842  379  346  3  -2  
11  52  8  853  374  346  3  -2  
11  52  8  859  369  346  3  -2  
11  52  8  870  364  348  3  -2  
11  52  8  876  358  349  3  -2  
11  52  8  885  354  349  3  -2  
11  52  8  893  351  351  3  -2  
11  52  8  903  350  351  3  -2  
11  52  8  910  350  351  3  -2  
11  52  8  920  350  351  3  -2  
11  52  8  926  350  351  3  -2  
11  52  8  937  350  351  3  -2  
11  52  8  944  350  351  3  -2  
11  52  8  953  349  351  3  -2  
11  52  8  959  349  351  3  -2  
11  52  8  971  349  351  3  -2  
11  52  8  977  349  351  3  -2  
11  52  8  985  349  351  3  -2  
11  52  8  993  349  351  3  -2  
11  52  8  1003  349  351  3  -2  
11  52  8  1010  349  351  3  -2  
11  52  8  1020  349  351  3  -2  
11  52  8  1027  349  351  3  -2  
11  52  8  1035  349  351  3  -2  
11  52  8  1043  349  351  3  -2  
11  52  8  1054  349  351  3  -2  
11  52  8  1061  349  351  3  -2  
11  52  8  1070  349  351  3  -2  
11  52  8  1076  352  351  3  -2  
11  52  8  1086  358  351  3  -2  
11  52  8  1093  365  351  3  -2  
11  52  8  1105  377  351  3  -2  
11  52  8  1110  389  351  3  -2  
11  52  8  1120  400  350  3  -2  
11  52  8  1127  412  350  3  -2  
11  52  8  1138  424  350  3  -2  
11  52  8  1144  444  349  3  -2  
11  52  8  1154  444  349  3  -2  
11  52  8  1161  457  349  3  -2  
11  52  8  1171  457  349  3  -2  
11  52  8  1176  463  348  3  -2  
11  52  8  1187  463  348  3  -2  
11  52  8  1195  465  346  3  -2  
11  52  8  1203  466  346  3  -2  
11  52  8  1211  467  346  3  -2  
11  52  8  1221  470  346  3  -2  
11  52  8  1227  472  346  3  -2  
11  52  8  1237  475  346  3  -2  
11  52  8  1243  477  346  3  -2  
11  52  8  1253  480  346  3  -2  
11  52  8  1259  481  346  3  -2  
11  52  8  1269  483  346  3  -2  
11  52  8  1276  485  346  3  -2  
11  52  8  1286  487  346  3  -2  
11  52  8  1292  489  346  3  -2  
11  52  8  1303  493  346  3  -2  
11  52  8  1309  494  346  3  -2  
11  52  8  1319  497  346  3  -2  
11  52  8  1326  500  346  3  -2  
11  52  8  1336  500  346  3  -2  
11  52  8  1344  501  346  3  -2  
11  52  8  1353  501  346  3  -2  
11  52  8  1359  501  346  3  -2  
11  52  8  1369  501  346  3  -2  
11  52  8  1375  501  346  3  -2  
11  52  8  1386  501  346  3  -2  
11  52  8  1393  501  346  3  -2  
11  52  8  1403  501  346  3  -2  
11  52  8  1409  501  346  3  -2  
11  52  8  1419  501  346  3  -2  
11  52  8  1426  501  346  3  -2  
11  52  8  1436  501  346  3  -2  
11  52  8  1444  501  346  3  -2  
11  52  8  1453  501  346  3  -2  
11  52  8  1459  501  346  3  -2  
11  52  8  1470  501  346  3  -2  
11  52  8  1476  501  346  3  -2  
11  52  8  1486  501  346  3  -2  
11  52  8  1493  501  346  3  -2  
11  52  8  1503  501  346  3  -2  
11  52  8  1509  501  346  3  -2  
11  52  8  1519  501  346  3  -2  
11  52  8  1526  501  346  3  -2  
11  52  8  1536  501  346  3  -2  
11  52  8  1543  501  346  3  -2  
11  52  8  1553  501  346  3  -2  
11  52  8  1559  501  346  3  -2  
11  52  8  1569  501  346  3  -2  
11  52  8  1577  500  346  3  -2  
11  52  8  1586  495  346  3  -2  
11  52  8  1594  490  346  3  -2  
11  52  8  1604  482  345  3  -2  
11  52  8  1610  473  345  3  -2  
11  52  8  1619  462  345  3  -2  
11  52  8  1626  452  345  3  -2  
11  52  8  1636  440  345  3  -2  
11  52  8  1643  428  345  3  -2  
11  52  8  1653  415  345  3  -2  
11  52  8  1660  402  345  3  -2  
11  52  8  1669  388  345  3  -2  
11  52  8  1677  378  347  3  -2  
11  52  8  1686  373  347  3  -2  
11  52  8  1693  371  348  3  -2  
11  52  8  1703  371  348  3  -2  
11  52  8  1710  371  348  3  -2  
11  52  8  1720  371  348  3  -2  
11  52  8  1727  371  348  3  -2  
11  52  8  1736  371  348  3  -2  
11  52  8  1743  371  348  3  -2  
11  52  8  1753  371  348  3  -2  
11  52  8  1760  368  348  3  -2  
11  52  8  1769  368  348  3  -2  
11  52  8  1777  366  349  3  -2  
11  52  8  1786  365  350  3  -2  
11  52  8  1794  364  350  3  -2  
11  52  8  1803  363  350  3  -2  
11  52  8  1810  361  351  3  -2  
11  52  8  1820  359  351  3  -2  
11  52  8  1825  359  351  3  -2  
11  52  8  1836  359  351  3  -2  
11  52  8  1843  357  351  3  -2  
11  52  9  1853  357  351  3  -2  
11  52  9  1859  357  351  3  -2  
11  52  9  1869  357  351  3  -2  
11  52  9  1877  357  351  3  -2  
11  52  9  1886  357  351  3  -2  
11  52  9  1894  357  351  3  -2  
11  52  9  1903  357  351  3  -2  
11  52  9  1909  357  351  3  -2  
11  52  9  1919  357  351  3  -2  
11  52  9  1926  357  351  3  -2  
11  52  9  1936  357  351  3  -2  
11  52  9  1943  357  351  3  -2  
11  52  9  1953  357  351  3  -2  
11  52  9  1959  357  351  3  -2  
11  52  9  1969  357  351  3  -2  
11  52  9  1977  357  351  3  -2  
11  52  9  1986  357  351  3  -2  
11  52  9  1993  357  351  3  -2  
11  52  9  2003  357  351  3  -2  
11  52  9  2009  357  351  3  -2  
11  52  9  2020  357  351  3  -2  
