11  51  33  0  371  317  1  -2  
11  51  33  9  371  317  1  -2  
11  51  33  17  371  317  1  -2  
11  51  33  27  371  317  1  -2  
11  51  33  34  371  317  1  -2  
11  51  33  42  371  317  1  -2  
11  51  33  51  371  317  1  -2  
11  51  33  59  371  317  1  -2  
11  51  33  67  371  317  1  -2  
11  51  33  76  371  317  1  -2  
11  51  33  84  371  317  1  -2  
11  51  33  92  371  317  1  -2  
11  51  33  100  371  317  1  -2  
11  51  33  109  371  317  1  -2  
11  51  33  117  371  317  1  -2  
11  51  33  127  371  317  1  -2  
11  51  33  135  371  317  1  -2  
11  51  33  142  371  317  1  -2  
11  51  33  151  371  317  1  -2  
11  51  33  159  371  317  1  -2  
11  51  33  168  371  317  1  -2  
11  51  33  177  371  317  1  -2  
11  51  33  183  372  317  1  -2  
11  51  33  193  372  317  1  -2  
11  51  33  200  372  317  1  -2  
11  51  33  209  372  317  1  -2  
11  51  33  218  374  317  1  -2  
11  51  33  227  377  317  1  -2  
11  51  33  234  380  317  1  -2  
11  51  33  242  387  317  1  -2  
11  51  33  250  397  317  1  -2  
11  51  33  260  410  317  1  -2  
11  51  33  268  423  317  1  -2  
11  51  33  276  440  317  1  -2  
11  51  33  284  453  317  1  -2  
11  51  33  292  466  317  1  -2  
11  51  33  301  478  317  1  -2  
11  51  33  310  490  317  1  -2  
11  51  33  318  506  317  2  -2  
11  51  33  327  506  317  2  -2  
11  51  33  334  520  316  2  -2  
11  51  33  342  520  316  2  -2  
11  51  33  351  529  316  2  -2  
11  51  33  360  534  316  2  -2  
11  51  33  368  536  316  2  -2  
11  51  33  377  537  316  2  -2  
11  51  33  385  538  316  2  -2  
11  51  33  393  539  316  2  -2  
11  51  33  402  539  316  2  -2  
11  51  33  411  541  316  2  -2  
11  51  33  418  542  316  2  -2  
11  51  33  427  542  316  2  -2  
11  51  33  435  543  316  2  -2  
11  51  33  444  545  316  2  -2  
11  51  33  452  545  316  2  -2  
11  51  33  460  545  316  2  -2  
11  51  33  468  545  316  2  -2  
11  51  33  477  545  316  2  -2  
11  51  33  484  545  316  2  -2  
11  51  33  492  545  316  2  -2  
11  51  33  501  545  316  2  -2  
11  51  33  509  545  316  2  -2  
11  51  33  517  545  316  2  -2  
11  51  33  526  545  316  2  -2  
11  51  33  535  545  316  2  -2  
11  51  33  542  545  316  2  -2  
11  51  33  550  545  316  2  -2  
11  51  33  559  545  316  2  -2  
11  51  33  568  545  316  2  -2  
11  51  33  576  545  316  2  -2  
11  51  33  585  545  316  2  -2  
11  51  33  592  545  316  2  -2  
11  51  33  601  545  316  2  -2  
11  51  33  609  545  316  2  -2  
11  51  33  617  545  316  2  -2  
11  51  33  626  545  316  2  -2  
11  51  33  634  545  316  2  -2  
11  51  33  642  545  316  2  -2  
11  51  33  651  545  316  2  -2  
11  51  33  659  543  316  2  -2  
11  51  33  668  541  316  2  -2  
11  51  33  676  537  316  2  -2  
11  51  33  685  533  317  2  -2  
11  51  33  694  529  318  2  -2  
11  51  33  700  517  320  2  -2  
11  51  33  709  517  320  2  -2  
11  51  33  718  498  324  2  -2  
11  51  33  726  489  325  2  -2  
11  51  33  735  476  326  2  -2  
11  51  33  744  464  329  2  -2  
11  51  33  752  449  332  2  -2  
11  51  33  760  435  333  2  -2  
11  51  33  768  422  336  2  -2  
11  51  33  776  410  337  2  -2  
11  51  33  784  403  338  2  -2  
11  51  33  794  398  338  2  -2  
11  51  33  801  394  339  2  -2  
11  51  33  809  393  339  2  -2  
11  51  33  818  392  339  2  -2  
11  51  33  827  390  339  3  -2  
11  51  33  835  390  339  3  -2  
11  51  33  842  390  339  3  -2  
11  51  33  851  390  339  3  -2  
11  51  33  860  388  340  3  -2  
11  51  33  868  388  340  3  -2  
11  51  33  876  388  341  3  -2  
11  51  33  885  388  341  3  -2  
11  51  33  893  387  341  3  -2  
11  51  33  903  384  342  3  -2  
11  51  33  910  383  342  3  -2  
11  51  33  917  382  343  3  -2  
11  51  33  926  382  343  3  -2  
11  51  33  935  382  343  3  -2  
11  51  34  944  382  343  3  -2  
11  51  34  951  382  343  3  -2  
11  51  34  959  382  343  3  -2  
11  51  34  968  382  343  3  -2  
11  51  34  977  382  343  3  -2  
11  51  34  985  382  343  3  -2  
11  51  34  993  382  343  3  -2  
11  51  34  1001  382  343  3  -2  
11  51  34  1010  382  343  3  -2  
11  51  34  1018  382  343  3  -2  
11  51  34  1027  382  343  3  -2  
11  51  34  1035  382  343  3  -2  
11  51  34  1044  382  343  3  -2  
11  51  34  1051  382  343  3  -2  
11  51  34  1060  382  343  3  -2  
11  51  34  1069  382  343  3  -2  
11  51  34  1078  382  343  3  -2  
11  51  34  1085  382  343  3  -2  
11  51  34  1092  382  343  3  -2  
11  51  34  1102  382  343  3  -2  
11  51  34  1110  382  343  3  -2  
11  51  34  1118  382  343  3  -2  
11  51  34  1126  382  343  3  -2  
11  51  34  1135  382  343  3  -2  
11  51  34  1144  382  343  3  -2  
11  51  34  1152  382  343  3  -2  
11  51  34  1160  382  343  3  -2  
11  51  34  1168  382  343  3  -2  
11  51  34  1177  382  343  3  -2  
11  51  34  1185  382  343  3  -2  
11  51  34  1195  382  343  3  -2  
11  51  34  1202  382  343  3  -2  
11  51  34  1210  382  343  3  -2  
11  51  34  1217  382  343  3  -2  
11  51  34  1227  382  343  3  -2  
11  51  34  1235  382  343  3  -2  
11  51  34  1243  382  343  3  -2  
11  51  34  1252  382  343  3  -2  
11  51  34  1260  382  343  3  -2  
11  51  34  1268  382  343  3  -2  
11  51  34  1277  382  343  3  -2  
11  51  34  1285  382  343  3  -2  
11  51  34  1294  382  343  3  -2  
11  51  34  1301  382  343  3  -2  
11  51  34  1312  382  343  3  -2  
11  51  34  1320  382  343  3  -2  
11  51  34  1330  386  343  3  -2  
11  51  34  1338  391  343  3  -2  
11  51  34  1348  398  343  3  -2  
11  51  34  1355  406  341  3  -2  
11  51  34  1366  417  340  3  -2  
11  51  34  1371  435  337  3  -2  
11  51  34  1381  435  337  3  -2  
11  51  34  1388  450  337  3  -2  
11  51  34  1400  464  335  3  -2  
11  51  34  1406  489  332  3  -2  
11  51  34  1416  501  331  4  -2  
11  51  34  1422  511  331  4  -2  
11  51  34  1432  519  331  4  -2  
11  51  34  1440  522  331  4  -2  
11  51  34  1449  526  329  4  -2  
11  51  34  1456  529  329  4  -2  
11  51  34  1466  529  329  4  -2  
11  51  34  1473  530  329  4  -2  
11  51  34  1482  531  329  4  -2  
11  51  34  1489  532  329  4  -2  
11  51  34  1499  534  329  4  -2  
11  51  34  1506  535  329  4  -2  
11  51  34  1516  536  329  4  -2  
11  51  34  1523  536  329  4  -2  
11  51  34  1532  537  329  4  -2  
11  51  34  1539  537  329  4  -2  
11  51  34  1549  537  329  4  -2  
11  51  34  1557  537  329  4  -2  
11  51  34  1566  537  329  4  -2  
11  51  34  1572  537  329  4  -2  
11  51  34  1582  537  329  4  -2  
11  51  34  1589  537  329  4  -2  
11  51  34  1599  537  329  4  -2  
11  51  34  1607  537  329  4  -2  
11  51  34  1616  537  329  4  -2  
11  51  34  1622  537  329  4  -2  
11  51  34  1632  537  329  4  -2  
11  51  34  1640  537  329  4  -2  
11  51  34  1649  537  329  4  -2  
11  51  34  1657  537  329  4  -2  
11  51  34  1666  537  329  4  -2  
11  51  34  1672  537  329  4  -2  
11  51  34  1682  537  329  4  -2  
11  51  34  1689  537  329  4  -2  
11  51  34  1699  537  329  4  -2  
11  51  34  1707  537  329  4  -2  
11  51  34  1716  537  329  4  -2  
11  51  34  1721  537  329  4  -2  
11  51  34  1732  537  329  4  -2  
11  51  34  1739  537  329  4  -2  
11  51  34  1749  537  329  4  -2  
11  51  34  1757  537  329  4  -2  
11  51  34  1766  536  329  4  -2  
11  51  34  1772  528  329  4  -2  
11  51  34  1782  528  329  4  -2  
11  51  34  1790  508  329  4  -2  
11  51  34  1799  498  329  4  -2  
11  51  34  1807  489  329  4  -2  
11  51  34  1816  481  329  4  -2  
11  51  34  1823  472  329  4  -2  
11  51  34  1832  462  329  4  -2  
11  51  34  1840  455  329  4  -2  
11  51  34  1849  449  329  4  -2  
11  51  34  1857  442  329  4  -2  
11  51  34  1866  434  329  4  -2  
11  51  34  1873  425  329  4  -2  
11  51  34  1882  418  329  4  -2  
11  51  34  1890  410  329  4  -2  
11  51  34  1901  405  329  4  -2  
11  51  34  1908  398  329  4  -2  
