10  40  3  0  354  309  1  -2  
10  40  3  9  354  309  1  -2  
10  40  3  18  354  309  1  -2  
10  40  3  25  354  309  1  -2  
10  40  3  34  354  309  1  -2  
10  40  3  42  354  309  1  -2  
10  40  3  51  354  309  1  -2  
10  40  3  59  354  309  1  -2  
10  40  3  67  354  309  1  -2  
10  40  3  75  354  309  1  -2  
10  40  3  83  354  309  1  -2  
10  40  3  92  354  309  1  -2  
10  40  3  101  354  309  1  -2  
10  40  3  109  354  309  1  -2  
10  40  3  117  354  309  1  -2  
10  40  3  126  354  309  1  -2  
10  40  3  134  354  309  1  -2  
10  40  3  143  354  309  1  -2  
10  40  3  150  359  310  1  -2  
10  40  3  159  369  310  1  -2  
10  40  3  167  381  314  1  -2  
10  40  3  175  391  314  1  -2  
10  40  3  184  406  317  1  -2  
10  40  3  193  436  317  1  -2  
10  40  3  202  451  318  1  -2  
10  40  3  209  466  321  1  -2  
10  40  3  221  478  322  1  -2  
10  40  3  226  491  323  1  -2  
10  40  3  236  502  325  2  -2  
10  40  3  243  513  326  2  -2  
10  40  3  251  524  329  2  -2  
10  40  3  259  532  329  2  -2  
10  40  3  268  542  330  2  -2  
10  40  3  276  551  334  2  -2  
10  40  3  284  555  334  2  -2  
10  40  3  293  560  334  2  -2  
10  40  3  301  564  334  2  -2  
10  40  3  310  566  335  2  -2  
10  40  3  319  568  335  2  -2  
10  40  3  325  568  335  2  -2  
10  40  3  334  569  335  2  -2  
10  40  3  342  569  335  2  -2  
10  40  3  351  569  335  2  -2  
10  40  3  360  569  335  2  -2  
10  40  3  367  570  335  2  -2  
10  40  3  376  570  335  2  -2  
10  40  3  384  570  335  2  -2  
10  40  3  392  570  335  2  -2  
10  40  3  400  570  335  2  -2  
10  40  3  409  570  335  2  -2  
10  40  3  419  570  335  2  -2  
10  40  3  426  570  335  2  -2  
10  40  3  434  570  335  2  -2  
10  40  3  445  570  335  2  -2  
10  40  3  451  570  335  2  -2  
10  40  3  460  570  335  2  -2  
10  40  3  469  570  335  2  -2  
10  40  3  478  570  335  2  -2  
10  40  3  484  570  335  2  -2  
10  40  3  492  570  335  2  -2  
10  40  3  502  570  335  2  -2  
10  40  3  511  570  335  2  -2  
10  40  3  520  570  335  2  -2  
10  40  3  526  570  335  2  -2  
10  40  3  537  569  335  2  -2  
10  40  3  543  557  335  2  -2  
10  40  3  552  557  335  2  -2  
10  40  3  559  549  335  2  -2  
10  40  3  570  539  335  2  -2  
10  40  3  578  512  335  2  -2  
10  40  3  584  499  335  2  -2  
10  40  3  594  486  335  2  -2  
10  40  3  603  473  335  2  -2  
10  40  3  610  459  335  2  -2  
10  40  3  620  448  335  2  -2  
10  40  3  627  436  335  2  -2  
10  40  3  636  429  335  2  -2  
10  40  3  645  422  335  2  -2  
10  40  3  652  414  335  2  -2  
10  40  3  660  409  335  2  -2  
10  40  3  669  404  335  2  -2  
10  40  3  676  398  335  2  -2  
10  40  3  686  393  335  3  -2  
10  40  3  694  388  335  3  -2  
10  40  3  702  383  335  3  -2  
10  40  3  710  376  334  3  -2  
10  40  3  719  371  334  3  -2  
10  40  3  726  365  333  3  -2  
10  40  3  737  360  332  3  -2  
10  40  3  744  354  332  3  -2  
10  40  3  753  352  332  3  -2  
10  40  3  760  351  332  3  -2  
10  40  3  769  351  332  3  -2  
10  40  3  776  350  332  3  -2  
10  40  3  787  350  332  3  -2  
10  40  3  794  350  332  3  -2  
10  40  3  803  350  332  3  -2  
10  40  3  809  347  331  3  -2  
10  40  3  820  347  331  3  -2  
10  40  3  827  347  331  3  -2  
10  40  3  837  347  331  3  -2  
10  40  3  845  347  331  3  -2  
10  40  3  852  347  331  3  -2  
10  40  3  859  347  331  3  -2  
10  40  3  869  347  331  3  -2  
10  40  3  876  347  331  3  -2  
10  40  3  888  347  331  3  -2  
10  40  3  895  347  331  3  -2  
10  40  3  903  347  331  3  -2  
10  40  3  910  347  331  3  -2  
10  40  3  920  347  331  3  -2  
10  40  4  927  347  331  3  -2  
10  40  4  937  347  331  3  -2  
10  40  4  944  347  331  3  -2  
10  40  4  953  347  331  3  -2  
10  40  4  960  347  331  3  -2  
10  40  4  969  347  331  3  -2  
10  40  4  977  347  331  3  -2  
10  40  4  988  347  331  3  -2  
10  40  4  994  347  331  3  -2  
10  40  4  1002  347  331  3  -2  
10  40  4  1010  347  331  3  -2  
10  40  4  1020  347  331  3  -2  
10  40  4  1028  347  331  3  -2  
10  40  4  1038  347  331  3  -2  
10  40  4  1044  347  331  3  -2  
10  40  4  1052  347  331  3  -2  
10  40  4  1061  347  331  3  -2  
10  40  4  1070  347  331  3  -2  
10  40  4  1076  347  331  3  -2  
10  40  4  1087  347  331  3  -2  
10  40  4  1094  347  331  3  -2  
10  40  4  1104  347  331  3  -2  
10  40  4  1111  347  331  3  -2  
10  40  4  1119  347  331  3  -2  
10  40  4  1127  347  331  3  -2  
10  40  4  1138  347  331  3  -2  
10  40  4  1145  347  331  3  -2  
10  40  4  1153  347  331  3  -2  
10  40  4  1160  347  331  3  -2  
10  40  4  1172  347  331  3  -2  
10  40  4  1180  347  331  3  -2  
10  40  4  1188  347  331  3  -2  
10  40  4  1196  347  331  3  -2  
10  40  4  1205  347  331  3  -2  
10  40  4  1212  347  331  3  -2  
10  40  4  1221  347  331  3  -2  
10  40  4  1228  347  331  3  -2  
10  40  4  1238  347  331  3  -2  
10  40  4  1244  347  331  3  -2  
10  40  4  1256  347  331  3  -2  
10  40  4  1261  347  331  3  -2  
10  40  4  1271  347  331  3  -2  
10  40  4  1278  347  331  3  -2  
10  40  4  1288  347  331  3  -2  
10  40  4  1294  347  331  3  -2  
10  40  4  1303  347  331  3  -2  
10  40  4  1311  347  331  3  -2  
10  40  4  1320  347  331  3  -2  
10  40  4  1327  347  331  3  -2  
10  40  4  1337  347  331  3  -2  
10  40  4  1345  347  331  3  -2  
10  40  4  1354  347  331  3  -2  
10  40  4  1361  347  331  3  -2  
10  40  4  1369  347  331  3  -2  
10  40  4  1377  347  331  3  -2  
10  40  4  1387  347  331  3  -2  
10  40  4  1394  347  331  3  -2  
10  40  4  1405  347  331  3  -2  
10  40  4  1410  347  331  3  -2  
10  40  4  1421  347  331  3  -2  
10  40  4  1428  347  331  3  -2  
10  40  4  1437  347  331  3  -2  
10  40  4  1444  347  331  3  -2  
10  40  4  1455  347  331  3  -2  
10  40  4  1461  347  331  3  -2  
10  40  4  1471  347  331  3  -2  
10  40  4  1477  347  331  3  -2  
10  40  4  1487  347  331  3  -2  
10  40  4  1494  347  331  3  -2  
10  40  4  1505  348  331  3  -2  
10  40  4  1511  369  331  3  -2  
10  40  4  1521  369  331  3  -2  
10  40  4  1528  397  331  3  -2  
10  40  4  1538  412  331  3  -2  
10  40  4  1545  425  331  3  -2  
10  40  4  1555  440  329  3  -2  
10  40  4  1561  450  329  3  -2  
10  40  4  1570  457  328  3  -2  
10  40  4  1578  464  326  3  -2  
10  40  4  1587  468  326  3  -2  
10  40  4  1594  472  325  3  -2  
10  40  4  1604  476  325  3  -2  
10  40  4  1611  481  325  3  -2  
10  40  4  1620  486  325  3  -2  
10  40  4  1628  491  325  3  -2  
10  40  4  1637  498  323  4  -2  
10  40  4  1645  505  323  4  -2  
10  40  4  1655  510  323  4  -2  
10  40  4  1660  518  323  4  -2  
10  40  4  1671  527  323  4  -2  
10  40  4  1676  531  323  4  -2  
10  40  4  1688  536  323  4  -2  
10  40  4  1693  542  323  4  -2  
10  40  4  1705  542  323  4  -2  
10  40  4  1711  544  323  4  -2  
10  40  4  1721  544  323  4  -2  
10  40  4  1727  544  323  4  -2  
10  40  4  1737  544  323  4  -2  
10  40  4  1745  544  323  4  -2  
10  40  4  1754  544  323  4  -2  
10  40  4  1761  544  323  4  -2  
10  40  4  1771  544  323  4  -2  
10  40  4  1778  544  323  4  -2  
10  40  4  1787  544  323  4  -2  
10  40  4  1793  544  323  4  -2  
10  40  4  1804  544  323  4  -2  
10  40  4  1812  544  323  4  -2  
10  40  4  1821  545  322  4  -2  
10  40  4  1828  545  322  4  -2  
10  40  4  1837  545  322  4  -2  
10  40  4  1844  545  322  4  -2  
10  40  4  1855  544  322  4  -2  
10  40  4  1861  537  321  4  -2  
10  40  4  1870  528  320  4  -2  
10  40  4  1877  514  317  4  -2  
10  40  4  1887  501  317  4  -2  
10  40  4  1895  488  316  4  -2  
10  40  4  1905  474  316  4  -2  
10  40  4  1911  450  316  4  -2  
10  40  5  1921  450  316  4  -2  
10  40  5  1928  428  316  4  -2  
10  40  5  1938  416  316  4  -2  
10  40  5  1945  406  316  4  -2  
