15  41  36  0  349  299  1  -2  
15  41  36  8  351  298  1  -2  
15  41  36  16  352  298  1  -2  
15  41  36  24  355  298  1  -2  
15  41  36  33  358  297  1  -2  
15  41  36  40  361  297  1  -2  
15  41  36  49  364  297  1  -2  
15  41  36  57  368  297  1  -2  
15  41  36  66  372  297  1  -2  
15  41  36  75  376  297  1  -2  
15  41  36  84  381  297  1  -2  
15  41  36  91  386  297  1  -2  
15  41  36  100  394  297  1  -2  
15  41  36  109  402  297  1  -2  
15  41  36  116  414  297  1  -2  
15  41  36  125  427  297  1  -2  
15  41  36  133  442  297  1  -2  
15  41  36  141  458  300  1  -2  
15  41  36  150  473  304  1  -2  
15  41  36  159  485  307  1  -2  
15  41  36  167  504  311  2  -2  
15  41  36  176  508  311  2  -2  
15  41  36  184  510  311  2  -2  
15  41  36  192  512  311  2  -2  
15  41  36  201  514  313  2  -2  
15  41  36  209  514  313  2  -2  
15  41  36  217  515  313  2  -2  
15  41  36  224  516  313  2  -2  
15  41  36  233  518  313  2  -2  
15  41  36  242  518  313  2  -2  
15  41  36  250  519  313  2  -2  
15  41  36  260  520  313  2  -2  
15  41  36  268  520  313  2  -2  
15  41  36  276  520  313  2  -2  
15  41  36  287  520  313  2  -2  
15  41  36  295  520  313  2  -2  
15  41  37  303  520  313  2  -2  
15  41  37  313  520  313  2  -2  
15  41  37  320  520  313  2  -2  
15  41  37  328  520  313  2  -2  
15  41  37  338  520  313  2  -2  
15  41  37  347  520  313  2  -2  
15  41  37  353  520  313  2  -2  
15  41  37  362  520  313  2  -2  
15  41  37  370  520  313  2  -2  
15  41  37  378  518  313  2  -2  
15  41  37  386  515  313  2  -2  
15  41  37  396  510  313  2  -2  
15  41  37  403  502  315  2  -2  
15  41  37  412  492  315  2  -2  
15  41  37  419  479  316  2  -2  
15  41  37  430  465  320  2  -2  
15  41  37  438  434  323  2  -2  
15  41  37  447  434  323  2  -2  
15  41  37  455  402  326  2  -2  
15  41  37  462  390  326  3  -2  
15  41  37  470  390  326  3  -2  
15  41  37  480  370  326  3  -2  
15  41  37  486  363  326  3  -2  
15  41  37  497  360  327  3  -2  
15  41  37  503  356  327  3  -2  
15  41  37  514  352  327  3  -2  
15  41  37  521  351  327  3  -2  
15  41  37  530  350  327  3  -2  
15  41  37  537  347  328  3  -2  
15  41  37  547  346  328  3  -2  
15  41  37  554  344  329  3  -2  
15  41  37  564  343  329  3  -2  
15  41  37  570  343  329  3  -2  
15  41  37  579  342  329  3  -2  
15  41  37  588  342  329  3  -2  
15  41  37  597  342  329  3  -2  
15  41  37  603  342  329  3  -2  
15  41  37  614  342  329  3  -2  
15  41  37  620  342  329  3  -2  
15  41  37  631  342  329  3  -2  
15  41  37  636  340  329  3  -2  
15  41  37  645  340  329  3  -2  
15  41  37  653  340  329  3  -2  
15  41  37  662  340  329  3  -2  
15  41  37  670  340  329  3  -2  
15  41  37  681  340  329  3  -2  
15  41  37  688  340  329  3  -2  
15  41  37  697  340  329  3  -2  
15  41  37  704  340  329  3  -2  
15  41  37  713  340  329  3  -2  
15  41  37  721  340  329  3  -2  
15  41  37  731  343  329  3  -2  
15  41  37  738  352  329  3  -2  
15  41  37  747  365  329  3  -2  
15  41  37  755  382  329  3  -2  
15  41  37  763  398  329  3  -2  
15  41  37  770  419  329  3  -2  
15  41  37  782  437  329  3  -2  
15  41  37  787  456  332  3  -2  
15  41  37  799  467  333  3  -2  
15  41  37  808  489  336  3  -2  
15  41  37  816  496  336  3  -2  
15  41  37  824  503  338  4  -2  
15  41  37  833  510  339  4  -2  
15  41  37  840  516  340  4  -2  
15  41  37  849  521  340  4  -2  
15  41  37  857  524  340  4  -2  
15  41  37  866  525  341  4  -2  
15  41  37  873  526  341  4  -2  
15  41  37  882  530  343  4  -2  
15  41  37  890  530  343  4  -2  
15  41  37  899  532  343  4  -2  
15  41  37  908  534  343  4  -2  
15  41  37  915  535  343  4  -2  
15  41  37  923  535  343  4  -2  
15  41  37  932  536  343  4  -2  
15  41  37  940  537  343  4  -2  
15  41  37  949  537  343  4  -2  
15  41  37  958  538  343  4  -2  
15  41  37  965  538  343  4  -2  
15  41  37  973  538  343  4  -2  
15  41  37  982  538  343  4  -2  
15  41  37  990  538  343  4  -2  
15  41  37  1000  538  343  4  -2  
15  41  37  1006  538  343  4  -2  
15  41  37  1015  538  343  4  -2  
15  41  37  1023  538  343  4  -2  
15  41  37  1032  538  343  4  -2  
15  41  37  1040  538  343  4  -2  
15  41  37  1050  538  343  4  -2  
15  41  37  1057  538  343  4  -2  
15  41  37  1065  538  343  4  -2  
15  41  37  1074  538  343  4  -2  
15  41  37  1083  538  343  4  -2  
15  41  37  1091  537  343  4  -2  
15  41  37  1098  533  344  4  -2  
15  41  37  1106  528  346  4  -2  
15  41  37  1116  521  346  4  -2  
15  41  37  1125  509  346  4  -2  
15  41  37  1132  497  348  4  -2  
15  41  37  1141  484  348  4  -2  
15  41  37  1149  467  348  4  -2  
15  41  37  1157  449  348  4  -2  
15  41  37  1166  431  348  4  -2  
15  41  37  1174  413  348  4  -2  
15  41  37  1182  398  348  4  -2  
15  41  37  1191  383  348  4  -2  
15  41  37  1198  366  348  5  -2  
15  41  37  1207  366  348  5  -2  
15  41  37  1215  359  349  5  -2  
15  41  37  1225  356  349  5  -2  
15  41  37  1233  353  349  5  -2  
15  41  37  1242  353  349  5  -2  
15  41  37  1249  353  349  5  -2  
15  41  37  1258  353  349  5  -2  
15  41  37  1265  353  349  5  -2  
15  41  37  1275  353  349  5  -2  
15  41  37  1282  353  349  5  -2  
15  41  37  1291  353  349  5  -2  
15  41  38  1300  353  349  5  -2  
15  41  38  1308  353  349  5  -2  
15  41  38  1315  353  349  5  -2  
15  41  38  1323  353  349  5  -2  
15  41  38  1332  352  349  5  -2  
15  41  38  1341  352  349  5  -2  
15  41  38  1350  352  349  5  -2  
15  41  38  1358  352  349  5  -2  
15  41  38  1365  352  349  5  -2  
15  41  38  1375  352  349  5  -2  
