10  40  11  0  358  312  1  -2  
10  40  11  10  358  312  1  -2  
10  40  11  17  358  312  1  -2  
10  40  11  26  358  312  1  -2  
10  40  11  34  358  312  1  -2  
10  40  11  44  358  312  1  -2  
10  40  11  52  358  312  1  -2  
10  40  11  60  360  312  1  -2  
10  40  11  67  365  312  1  -2  
10  40  11  76  374  312  1  -2  
10  40  11  84  387  316  1  -2  
10  40  11  93  399  316  1  -2  
10  40  11  102  414  319  1  -2  
10  40  11  110  432  319  1  -2  
10  40  11  117  444  319  1  -2  
10  40  11  126  454  319  1  -2  
10  40  11  134  464  319  1  -2  
10  40  11  142  469  319  1  -2  
10  40  11  151  473  319  1  -2  
10  40  11  159  474  319  1  -2  
10  40  11  166  474  319  1  -2  
10  40  11  176  474  319  1  -2  
10  40  11  183  474  319  1  -2  
10  40  11  192  474  319  1  -2  
10  40  11  200  474  319  1  -2  
10  40  11  209  474  319  1  -2  
10  40  11  216  477  319  1  -2  
10  40  11  226  477  319  1  -2  
10  40  11  234  479  319  1  -2  
10  40  11  243  480  319  1  -2  
10  40  11  250  482  319  1  -2  
10  40  11  258  486  319  1  -2  
10  40  11  267  488  319  1  -2  
10  40  11  277  491  319  1  -2  
10  40  11  282  495  319  2  -2  
10  40  11  292  496  319  2  -2  
10  40  11  299  500  319  2  -2  
10  40  11  308  504  320  2  -2  
10  40  11  316  510  322  2  -2  
10  40  11  325  513  322  2  -2  
10  40  11  333  516  323  2  -2  
10  40  11  342  521  323  2  -2  
10  40  11  349  525  324  2  -2  
10  40  11  359  526  324  2  -2  
10  40  11  367  528  324  2  -2  
10  40  11  375  529  324  2  -2  
10  40  11  383  530  324  2  -2  
10  40  11  392  531  324  2  -2  
10  40  11  399  533  325  2  -2  
10  40  11  409  533  325  2  -2  
10  40  11  416  540  327  2  -2  
10  40  11  426  543  327  2  -2  
10  40  11  433  546  328  2  -2  
10  40  11  443  547  328  2  -2  
10  40  11  451  550  328  2  -2  
10  40  11  459  551  328  2  -2  
10  40  11  466  551  328  2  -2  
10  40  11  475  551  328  2  -2  
10  40  11  484  551  328  2  -2  
10  40  11  492  551  328  2  -2  
10  40  11  501  551  328  2  -2  
10  40  11  509  551  328  2  -2  
10  40  11  517  551  328  2  -2  
10  40  11  527  551  328  2  -2  
10  40  11  533  551  328  2  -2  
10  40  11  543  551  328  2  -2  
10  40  11  551  551  328  2  -2  
10  40  11  560  551  328  2  -2  
10  40  11  567  549  328  2  -2  
10  40  11  575  540  326  2  -2  
10  40  11  584  527  324  2  -2  
10  40  11  592  513  322  2  -2  
10  40  11  601  482  320  2  -2  
10  40  11  610  472  320  2  -2  
10  40  11  617  457  319  2  -2  
10  40  11  627  443  319  2  -2  
10  40  11  634  430  319  2  -2  
10  40  11  643  418  318  2  -2  
10  40  12  651  407  318  2  -2  
10  40  12  660  398  315  3  -2  
10  40  12  667  388  314  3  -2  
10  40  12  675  379  313  3  -2  
10  40  12  683  367  311  3  -2  
10  40  12  693  360  309  3  -2  
10  40  12  701  352  309  3  -2  
10  40  12  710  345  308  3  -2  
10  40  12  717  339  307  3  -2  
10  40  12  725  334  307  3  -2  
10  40  12  733  330  307  3  -2  
10  40  12  743  329  306  3  -2  
10  40  12  751  328  306  3  -2  
10  40  12  759  328  306  3  -2  
10  40  12  767  328  306  3  -2  
10  40  12  776  326  306  3  -2  
10  40  12  784  326  306  3  -2  
10  40  12  792  326  306  3  -2  
10  40  12  801  326  306  3  -2  
10  40  12  810  326  306  3  -2  
10  40  12  817  326  306  3  -2  
10  40  12  826  326  306  3  -2  
10  40  12  834  326  306  3  -2  
10  40  12  842  326  306  3  -2  
10  40  12  851  326  306  3  -2  
10  40  12  859  326  306  3  -2  
10  40  12  867  326  306  3  -2  
10  40  12  877  326  306  3  -2  
10  40  12  884  326  306  3  -2  
10  40  12  894  326  306  3  -2  
10  40  12  902  326  306  3  -2  
10  40  12  910  326  306  3  -2  
10  40  12  917  326  306  3  -2  
10  40  12  926  326  306  3  -2  
10  40  12  934  326  306  3  -2  
10  40  12  943  326  306  3  -2  
10  40  12  951  326  306  3  -2  
10  40  12  960  326  306  3  -2  
10  40  12  967  326  306  3  -2  
10  40  12  977  326  306  3  -2  
10  40  12  984  326  306  3  -2  
10  40  12  994  326  306  3  -2  
10  40  12  1001  326  306  3  -2  
10  40  12  1010  326  306  3  -2  
10  40  12  1017  326  306  3  -2  
10  40  12  1027  326  306  3  -2  
10  40  12  1034  326  306  3  -2  
10  40  12  1043  326  306  3  -2  
10  40  12  1052  326  306  3  -2  
10  40  12  1059  326  306  3  -2  
10  40  12  1068  326  306  3  -2  
10  40  12  1076  326  306  3  -2  
10  40  12  1085  326  306  3  -2  
10  40  12  1094  326  306  3  -2  
10  40  12  1101  326  306  3  -2  
10  40  12  1110  326  306  3  -2  
10  40  12  1117  326  306  3  -2  
10  40  12  1126  326  306  3  -2  
10  40  12  1134  326  306  3  -2  
10  40  12  1144  326  306  3  -2  
10  40  12  1151  326  306  3  -2  
10  40  12  1159  326  306  3  -2  
10  40  12  1167  326  306  3  -2  
10  40  12  1177  326  306  3  -2  
10  40  12  1184  326  306  3  -2  
10  40  12  1193  326  306  3  -2  
10  40  12  1201  326  306  3  -2  
10  40  12  1209  326  306  3  -2  
10  40  12  1217  326  306  3  -2  
10  40  12  1226  326  306  3  -2  
10  40  12  1234  326  306  3  -2  
10  40  12  1243  326  306  3  -2  
10  40  12  1251  326  306  3  -2  
10  40  12  1259  326  306  3  -2  
10  40  12  1268  326  306  3  -2  
10  40  12  1276  326  306  3  -2  
10  40  12  1286  326  306  3  -2  
10  40  12  1292  326  306  3  -2  
10  40  12  1302  326  306  3  -2  
10  40  12  1310  326  306  3  -2  
10  40  12  1318  326  306  3  -2  
10  40  12  1326  326  306  3  -2  
10  40  12  1334  326  306  3  -2  
10  40  12  1343  326  306  3  -2  
10  40  12  1351  326  306  3  -2  
10  40  12  1359  326  306  3  -2  
10  40  12  1367  326  306  3  -2  
10  40  12  1376  326  306  3  -2  
10  40  12  1384  326  306  3  -2  
10  40  12  1394  326  306  3  -2  
10  40  12  1401  326  306  3  -2  
10  40  12  1409  326  306  3  -2  
10  40  12  1419  326  306  3  -2  
10  40  12  1426  326  306  3  -2  
10  40  12  1435  326  306  3  -2  
10  40  12  1443  326  306  3  -2  
10  40  12  1451  326  306  3  -2  
10  40  12  1460  326  306  3  -2  
10  40  12  1467  326  306  3  -2  
10  40  12  1476  326  306  3  -2  
10  40  12  1484  326  306  3  -2  
10  40  12  1494  326  306  3  -2  
10  40  12  1501  326  306  3  -2  
10  40  12  1511  326  306  3  -2  
10  40  12  1518  326  306  3  -2  
10  40  12  1526  326  306  3  -2  
10  40  12  1535  326  306  3  -2  
10  40  12  1543  326  306  3  -2  
10  40  12  1552  326  306  3  -2  
10  40  12  1560  326  306  3  -2  
10  40  12  1568  326  306  3  -2  
10  40  12  1576  326  306  3  -2  
10  40  12  1586  326  306  3  -2  
10  40  12  1594  326  306  3  -2  
10  40  12  1601  326  306  3  -2  
10  40  12  1610  326  306  3  -2  
10  40  12  1618  326  306  3  -2  
10  40  12  1626  328  306  3  -2  
10  40  12  1636  334  306  3  -2  
10  40  12  1644  344  306  3  -2  
10  40  13  1652  356  306  3  -2  
10  40  13  1660  368  306  3  -2  
10  40  13  1668  379  306  3  -2  
10  40  13  1676  393  306  3  -2  
10  40  13  1685  406  306  3  -2  
10  40  13  1693  419  306  3  -2  
10  40  13  1703  434  306  3  -2  
10  40  13  1710  446  306  3  -2  
10  40  13  1718  457  306  3  -2  
10  40  13  1726  466  306  3  -2  
10  40  13  1736  471  306  3  -2  
10  40  13  1743  478  306  3  -2  
10  40  13  1751  483  306  3  -2  
10  40  13  1759  488  306  3  -2  
10  40  13  1768  493  306  3  -2  
10  40  13  1776  502  306  4  -2  
10  40  13  1786  510  306  4  -2  
10  40  13  1793  528  306  4  -2  
10  40  13  1801  528  306  4  -2  
10  40  13  1810  540  306  4  -2  
10  40  13  1819  546  306  4  -2  
10  40  13  1826  549  306  4  -2  
10  40  13  1836  552  306  4  -2  
10  40  13  1843  554  306  4  -2  
10  40  13  1852  554  306  4  -2  
10  40  13  1860  556  306  4  -2  
10  40  13  1868  556  306  4  -2  
10  40  13  1876  556  306  4  -2  
10  40  13  1886  556  306  4  -2  
10  40  13  1894  556  306  4  -2  
10  40  13  1902  556  306  4  -2  
10  40  13  1909  556  306  4  -2  
10  40  13  1919  556  306  4  -2  
10  40  13  1926  556  306  4  -2  
10  40  13  1935  556  306  4  -2  
10  40  13  1943  556  306  4  -2  
10  40  13  1953  556  306  4  -2  
10  40  13  1959  556  306  4  -2  
10  40  13  1967  556  305  4  -2  
10  40  13  1975  554  303  4  -2  
10  40  13  1984  548  303  4  -2  
10  40  13  1993  529  301  4  -2  
10  40  13  2000  516  298  4  -2  
10  40  13  2008  504  298  4  -2  
10  40  13  2018  492  298  4  -2  
10  40  13  2026  481  298  4  -2  
10  40  13  2034  468  298  4  -2  
10  40  13  2044  456  298  4  -2  
10  40  13  2050  444  298  4  -2  
10  40  13  2059  433  298  4  -2  
10  40  13  2067  424  298  4  -2  
10  40  13  2075  414  298  4  -2  
10  40  13  2084  407  298  4  -2  
10  40  13  2093  399  298  4  -2  
