15  41  24  0  372  307  1  -2  
15  41  24  9  372  307  1  -2  
15  41  24  17  373  307  1  -2  
15  41  24  25  375  306  1  -2  
15  41  24  33  377  306  1  -2  
15  41  24  42  381  306  1  -2  
15  41  24  50  394  304  1  -2  
15  41  24  59  406  304  1  -2  
15  41  24  67  419  304  1  -2  
15  41  24  75  432  304  1  -2  
15  41  24  85  446  304  1  -2  
15  41  24  92  459  304  1  -2  
15  41  24  99  472  304  1  -2  
15  41  24  108  487  304  1  -2  
15  41  24  119  504  307  2  -2  
15  41  24  126  514  307  2  -2  
15  41  24  135  526  311  2  -2  
15  41  24  143  536  311  2  -2  
15  41  24  151  545  312  2  -2  
15  41  24  159  552  313  2  -2  
15  41  24  167  555  313  2  -2  
15  41  24  176  558  315  2  -2  
15  41  24  185  559  315  2  -2  
15  41  24  192  559  315  2  -2  
15  41  24  200  559  315  2  -2  
15  41  24  209  559  315  2  -2  
15  41  24  217  559  315  2  -2  
15  41  24  225  559  315  2  -2  
15  41  24  235  559  315  2  -2  
15  41  24  242  559  315  2  -2  
15  41  24  250  559  315  2  -2  
15  41  24  260  559  315  2  -2  
15  41  24  268  559  315  2  -2  
15  41  24  275  559  315  2  -2  
15  41  24  285  559  315  2  -2  
15  41  24  292  559  315  2  -2  
15  41  24  300  559  315  2  -2  
15  41  24  309  559  315  2  -2  
15  41  24  318  559  315  2  -2  
15  41  24  325  559  315  2  -2  
15  41  24  335  559  315  2  -2  
15  41  24  342  559  315  2  -2  
15  41  24  350  559  315  2  -2  
15  41  24  359  558  316  2  -2  
15  41  24  367  553  316  2  -2  
15  41  24  376  543  317  2  -2  
15  41  24  385  535  318  2  -2  
15  41  24  392  523  321  2  -2  
15  41  24  401  509  322  2  -2  
15  41  24  408  494  322  2  -2  
15  41  24  416  481  324  2  -2  
15  41  24  424  466  327  2  -2  
15  41  24  435  451  328  2  -2  
15  41  24  444  421  329  2  -2  
15  41  24  449  409  329  2  -2  
15  41  24  461  401  329  2  -2  
15  41  24  468  394  330  3  -2  
15  41  24  476  390  330  3  -2  
15  41  24  484  386  330  3  -2  
15  41  24  495  383  330  3  -2  
15  41  24  503  383  330  3  -2  
15  41  24  512  383  330  3  -2  
15  41  24  518  383  330  3  -2  
15  41  24  526  383  330  3  -2  
15  41  24  534  383  330  3  -2  
15  41  24  545  383  330  3  -2  
15  41  24  553  383  330  3  -2  
15  41  24  562  383  330  3  -2  
15  41  24  568  382  330  3  -2  
15  41  24  576  382  330  3  -2  
15  41  24  584  382  330  3  -2  
15  41  24  596  381  330  3  -2  
15  41  24  601  380  330  3  -2  
15  41  24  611  380  330  3  -2  
15  41  24  617  379  330  3  -2  
15  41  24  628  379  330  3  -2  
15  41  24  634  379  330  3  -2  
15  41  24  645  379  330  3  -2  
15  41  24  653  379  330  3  -2  
15  41  24  662  379  330  3  -2  
15  41  24  669  379  330  3  -2  
15  41  24  679  379  330  3  -2  
15  41  24  686  379  330  3  -2  
15  41  24  695  379  330  3  -2  
15  41  24  703  379  330  3  -2  
15  41  24  712  379  330  3  -2  
15  41  24  719  379  330  3  -2  
15  41  24  730  379  330  3  -2  
15  41  24  735  389  330  3  -2  
15  41  24  746  389  330  3  -2  
15  41  24  754  413  330  3  -2  
15  41  24  763  427  330  3  -2  
15  41  24  769  442  330  3  -2  
15  41  24  779  442  330  3  -2  
15  41  24  787  476  335  3  -2  
15  41  24  797  491  336  3  -2  
15  41  24  804  504  337  4  -2  
15  41  24  813  516  339  4  -2  
15  41  24  820  523  341  4  -2  
15  41  24  829  530  341  4  -2  
15  41  24  836  532  342  4  -2  
15  41  24  847  533  342  4  -2  
15  41  24  854  533  342  4  -2  
15  41  24  863  534  342  4  -2  
15  41  24  869  534  342  4  -2  
15  41  24  879  534  342  4  -2  
15  41  24  886  534  342  4  -2  
15  41  24  896  536  342  4  -2  
15  41  24  905  536  343  4  -2  
15  41  24  913  536  343  4  -2  
15  41  24  919  536  343  4  -2  
15  41  24  929  536  343  4  -2  
15  41  25  935  536  343  4  -2  
15  41  25  946  536  343  4  -2  
15  41  25  954  536  343  4  -2  
15  41  25  963  536  343  4  -2  
15  41  25  970  536  343  4  -2  
15  41  25  979  536  343  4  -2  
15  41  25  987  536  343  4  -2  
15  41  25  996  536  343  4  -2  
15  41  25  1004  536  343  4  -2  
15  41  25  1013  536  343  4  -2  
15  41  25  1020  536  343  4  -2  
15  41  25  1030  536  343  4  -2  
15  41  25  1037  536  343  4  -2  
15  41  25  1047  536  343  4  -2  
15  41  25  1054  536  343  4  -2  
15  41  25  1063  536  343  4  -2  
15  41  25  1070  536  343  4  -2  
15  41  25  1080  536  343  4  -2  
15  41  25  1087  536  343  4  -2  
15  41  25  1096  536  343  4  -2  
15  41  25  1104  531  343  4  -2  
15  41  25  1113  519  343  4  -2  
15  41  25  1121  506  343  4  -2  
15  41  25  1130  487  343  4  -2  
15  41  25  1137  449  343  4  -2  
15  41  25  1147  449  343  4  -2  
15  41  25  1155  412  343  4  -2  
15  41  25  1163  394  344  4  -2  
15  41  25  1170  382  344  5  -2  
15  41  25  1179  372  344  5  -2  
15  41  25  1187  364  344  5  -2  
15  41  25  1197  357  344  5  -2  
15  41  25  1205  353  344  5  -2  
15  41  25  1213  350  344  5  -2  
15  41  25  1220  349  344  5  -2  
15  41  25  1230  349  344  5  -2  
15  41  25  1237  349  344  5  -2  
15  41  25  1247  349  344  5  -2  
15  41  25  1254  349  344  5  -2  
15  41  25  1264  349  344  5  -2  
15  41  25  1272  349  344  5  -2  
15  41  25  1279  349  344  5  -2  
15  41  25  1286  349  344  5  -2  
15  41  25  1296  349  344  5  -2  
15  41  25  1304  349  344  5  -2  
15  41  25  1313  349  344  5  -2  
15  41  25  1320  349  344  5  -2  
15  41  25  1330  349  344  5  -2  
15  41  25  1336  349  344  5  -2  
15  41  25  1347  349  344  5  -2  
