11  51  0  0  356  320  1  -2  
11  51  0  9  356  320  1  -2  
11  51  0  17  356  320  1  -2  
11  51  0  26  356  320  1  -2  
11  51  0  44  356  320  1  -2  
11  51  0  51  356  319  1  -2  
11  51  0  59  356  319  1  -2  
11  51  0  70  356  319  1  -2  
11  51  0  78  358  319  1  -2  
11  51  0  87  358  319  1  -2  
11  51  0  95  359  319  1  -2  
11  51  0  105  359  319  1  -2  
11  51  0  112  360  319  1  -2  
11  51  0  123  361  319  1  -2  
11  51  0  130  362  319  1  -2  
11  51  0  141  363  319  1  -2  
11  51  0  147  366  319  1  -2  
11  51  0  157  366  319  1  -2  
11  51  0  165  370  319  1  -2  
11  51  0  175  374  319  1  -2  
11  51  0  184  379  319  1  -2  
11  51  0  193  386  319  1  -2  
11  51  0  201  393  319  1  -2  
11  51  0  210  399  319  1  -2  
11  51  0  219  409  319  1  -2  
11  51  0  228  418  319  1  -2  
11  51  0  238  428  319  1  -2  
11  51  0  248  445  319  1  -2  
11  51  0  258  453  319  1  -2  
11  51  0  266  463  319  1  -2  
11  51  0  276  472  319  1  -2  
11  51  0  285  482  319  1  -2  
11  51  0  293  502  319  2  -2  
11  51  0  303  510  319  2  -2  
11  51  0  311  520  319  2  -2  
11  51  0  320  529  319  2  -2  
11  51  0  329  537  319  2  -2  
11  51  0  338  544  319  2  -2  
11  51  0  346  548  319  2  -2  
11  51  0  355  549  319  2  -2  
11  51  0  363  549  319  2  -2  
11  51  0  373  549  319  2  -2  
11  51  0  381  549  319  2  -2  
11  51  0  391  549  319  2  -2  
11  51  0  399  549  319  2  -2  
11  51  0  408  549  319  2  -2  
11  51  0  417  549  319  2  -2  
11  51  0  426  549  319  2  -2  
11  51  0  434  549  319  2  -2  
11  51  0  444  550  319  2  -2  
11  51  0  456  550  319  2  -2  
11  51  0  464  551  319  2  -2  
11  51  0  473  551  319  2  -2  
11  51  0  482  551  319  2  -2  
11  51  0  490  551  319  2  -2  
11  51  0  498  551  319  2  -2  
11  51  0  506  551  319  2  -2  
11  51  0  514  551  319  2  -2  
11  51  0  523  551  319  2  -2  
11  51  0  530  551  319  2  -2  
11  51  0  539  551  319  2  -2  
11  51  0  549  551  319  2  -2  
11  51  0  556  551  319  2  -2  
11  51  0  564  551  319  2  -2  
11  51  0  573  551  319  2  -2  
11  51  0  582  551  319  2  -2  
11  51  0  589  551  319  2  -2  
11  51  0  597  551  319  2  -2  
11  51  0  606  551  319  2  -2  
11  51  0  614  551  319  2  -2  
11  51  0  623  551  319  2  -2  
11  51  0  630  551  319  2  -2  
11  51  0  639  551  319  2  -2  
11  51  0  648  551  319  2  -2  
11  51  0  655  551  319  2  -2  
11  51  0  665  551  319  2  -2  
11  51  0  673  551  319  2  -2  
11  51  0  682  551  319  2  -2  
11  51  0  688  551  319  2  -2  
11  51  0  698  551  319  2  -2  
11  51  0  705  551  319  2  -2  
11  51  0  714  551  319  2  -2  
11  51  0  724  551  319  2  -2  
11  51  0  733  551  319  2  -2  
11  51  0  742  551  319  2  -2  
11  51  0  750  551  319  2  -2  
11  51  0  758  549  319  2  -2  
11  51  0  766  542  322  2  -2  
11  51  0  774  537  322  2  -2  
11  51  0  782  531  323  2  -2  
11  51  0  792  524  324  2  -2  
11  51  0  799  519  324  2  -2  
11  51  0  808  515  325  2  -2  
11  51  0  816  508  327  2  -2  
11  51  0  826  504  327  2  -2  
11  51  0  834  498  328  2  -2  
11  51  0  843  493  329  2  -2  
11  51  0  849  483  329  2  -2  
11  51  0  858  477  330  2  -2  
11  51  0  867  467  333  2  -2  
11  51  0  876  451  334  2  -2  
11  51  0  885  443  335  2  -2  
11  51  0  893  434  337  2  -2  
11  51  0  901  422  339  2  -2  
11  51  0  909  415  339  2  -2  
11  51  0  918  408  341  2  -2  
11  51  0  926  403  342  2  -2  
11  51  0  934  398  342  2  -2  
11  51  0  942  394  343  2  -2  
11  51  1  951  390  343  2  -2  
11  51  1  959  387  343  2  -2  
11  51  1  967  386  344  2  -2  
11  51  1  978  384  344  3  -2  
11  51  1  986  380  345  3  -2  
11  51  1  994  380  345  3  -2  
11  51  1  1004  377  345  3  -2  
11  51  1  1013  374  346  3  -2  
11  51  1  1023  372  346  3  -2  
11  51  1  1028  372  346  3  -2  
11  51  1  1038  371  346  3  -2  
11  51  1  1046  369  346  3  -2  
11  51  1  1055  369  346  3  -2  
11  51  1  1062  369  346  3  -2  
11  51  1  1073  369  346  3  -2  
11  51  1  1079  369  346  3  -2  
11  51  1  1089  369  346  3  -2  
11  51  1  1096  369  346  3  -2  
11  51  1  1105  369  346  3  -2  
11  51  1  1112  369  346  3  -2  
11  51  1  1123  369  346  3  -2  
11  51  1  1130  369  346  3  -2  
11  51  1  1139  369  346  3  -2  
11  51  1  1146  369  346  3  -2  
11  51  1  1155  369  346  3  -2  
11  51  1  1162  369  346  3  -2  
11  51  1  1171  369  346  3  -2  
11  51  1  1178  369  346  3  -2  
11  51  1  1189  369  346  3  -2  
11  51  1  1196  369  346  3  -2  
11  51  1  1205  369  346  3  -2  
11  51  1  1212  369  346  3  -2  
11  51  1  1223  369  346  3  -2  
11  51  1  1229  369  346  3  -2  
11  51  1  1239  369  346  3  -2  
11  51  1  1245  369  346  3  -2  
11  51  1  1255  369  346  3  -2  
11  51  1  1262  369  346  3  -2  
11  51  1  1273  369  346  3  -2  
11  51  1  1280  369  346  3  -2  
11  51  1  1289  369  346  3  -2  
11  51  1  1296  369  346  3  -2  
11  51  1  1305  369  346  3  -2  
11  51  1  1313  369  346  3  -2  
11  51  1  1323  369  346  3  -2  
11  51  1  1328  369  346  3  -2  
11  51  1  1339  369  346  3  -2  
11  51  1  1344  369  346  3  -2  
11  51  1  1355  369  346  3  -2  
11  51  1  1363  369  346  3  -2  
11  51  1  1374  369  346  3  -2  
11  51  1  1380  369  346  3  -2  
11  51  1  1389  369  346  3  -2  
11  51  1  1395  369  346  3  -2  
11  51  1  1405  369  346  3  -2  
11  51  1  1413  369  346  3  -2  
11  51  1  1423  369  346  3  -2  
11  51  1  1430  374  346  3  -2  
11  51  1  1439  382  346  3  -2  
11  51  1  1446  393  345  3  -2  
11  51  1  1456  405  343  3  -2  
11  51  1  1463  418  342  3  -2  
11  51  1  1473  433  341  3  -2  
11  51  1  1481  452  338  3  -2  
11  51  1  1489  468  336  3  -2  
11  51  1  1499  487  336  3  -2  
11  51  1  1507  501  336  3  -2  
11  51  1  1516  515  336  4  -2  
11  51  1  1525  541  335  4  -2  
11  51  1  1534  555  334  4  -2  
11  51  1  1542  570  331  4  -2  
11  51  1  1550  582  330  4  -2  
11  51  1  1559  589  328  4  -2  
11  51  1  1566  597  327  4  -2  
11  51  1  1575  603  327  4  -2  
11  51  1  1583  605  325  4  -2  
11  51  1  1592  605  325  4  -2  
11  51  1  1599  605  325  4  -2  
11  51  1  1607  605  325  4  -2  
11  51  1  1615  605  325  4  -2  
11  51  1  1625  605  325  4  -2  
11  51  1  1633  605  325  4  -2  
11  51  1  1642  605  325  4  -2  
11  51  1  1652  605  325  4  -2  
11  51  1  1658  605  325  4  -2  
11  51  1  1666  605  325  4  -2  
11  51  1  1674  605  325  4  -2  
11  51  1  1683  605  325  4  -2  
11  51  1  1692  605  325  4  -2  
11  51  1  1699  605  325  4  -2  
11  51  1  1708  605  325  4  -2  
11  51  1  1716  605  325  4  -2  
11  51  1  1725  605  325  4  -2  
11  51  1  1734  605  325  4  -2  
11  51  1  1742  605  325  4  -2  
11  51  1  1751  605  325  4  -2  
11  51  1  1758  605  325  4  -2  
11  51  1  1766  605  325  4  -2  
11  51  1  1774  605  325  4  -2  
11  51  1  1783  605  325  4  -2  
11  51  1  1792  604  325  4  -2  
11  51  1  1801  604  325  4  -2  
11  51  1  1809  602  325  4  -2  
11  51  1  1818  601  325  4  -2  
11  51  1  1824  601  325  4  -2  
11  51  1  1834  601  325  4  -2  
11  51  1  1843  600  325  4  -2  
11  51  1  1851  597  325  4  -2  
11  51  1  1859  596  325  4  -2  
11  51  1  1868  593  326  4  -2  
11  51  1  1874  589  326  4  -2  
11  51  1  1883  587  326  4  -2  
11  51  1  1891  582  326  4  -2  
11  51  1  1902  577  326  4  -2  
11  51  1  1908  566  326  4  -2  
11  51  1  1917  566  326  4  -2  
11  51  1  1926  549  326  4  -2  
11  51  1  1934  543  326  4  -2  
11  51  1  1942  531  326  4  -2  
11  51  2  1952  519  326  4  -2  
11  51  2  1960  509  326  4  -2  
11  51  2  1968  499  326  4  -2  
11  51  2  1975  489  326  4  -2  
11  51  2  1986  479  326  4  -2  
11  51  2  1992  469  326  4  -2  
11  51  2  2002  461  326  4  -2  
11  51  2  2010  449  326  4  -2  
11  51  2  2018  442  326  4  -2  
11  51  2  2027  437  326  4  -2  
11  51  2  2034  432  326  4  -2  
11  51  2  2044  428  326  4  -2  
11  51  2  2053  423  326  4  -2  
11  51  2  2060  419  326  4  -2  
11  51  2  2068  419  326  4  -2  
11  51  2  2077  417  326  4  -2  
11  51  2  2086  411  326  4  -2  
11  51  2  2093  407  326  4  -2  
11  51  2  2103  405  326  4  -2  
11  51  2  2111  401  326  4  -2  
