15  41  16  0  361  303  1  -2  
15  41  16  7  362  303  1  -2  
15  41  16  16  362  303  1  -2  
15  41  16  25  362  303  1  -2  
15  41  16  40  364  303  1  -2  
15  41  16  54  367  303  1  -2  
15  41  16  66  377  303  1  -2  
15  41  16  74  385  303  1  -2  
15  41  16  85  417  303  1  -2  
15  41  16  94  435  305  1  -2  
15  41  16  103  459  305  1  -2  
15  41  16  113  482  309  1  -2  
15  41  16  125  503  310  2  -2  
15  41  16  135  538  312  2  -2  
15  41  16  145  552  313  2  -2  
15  41  16  154  557  315  2  -2  
15  41  16  164  561  316  2  -2  
15  41  16  171  565  317  2  -2  
15  41  16  180  566  317  2  -2  
15  41  16  186  567  317  2  -2  
15  41  16  197  567  317  2  -2  
15  41  16  204  570  317  2  -2  
15  41  16  214  572  317  2  -2  
15  41  16  221  573  317  2  -2  
15  41  16  230  574  317  2  -2  
15  41  16  236  575  317  2  -2  
15  41  16  246  575  317  2  -2  
15  41  16  253  575  317  2  -2  
15  41  16  262  575  318  2  -2  
15  41  16  271  575  318  2  -2  
15  41  16  280  575  318  2  -2  
15  41  16  287  575  318  2  -2  
15  41  16  296  575  318  2  -2  
15  41  16  304  575  318  2  -2  
15  41  16  313  575  318  2  -2  
15  41  16  321  575  318  2  -2  
15  41  16  330  575  318  2  -2  
15  41  16  337  575  318  2  -2  
15  41  16  346  575  318  2  -2  
15  41  16  354  575  318  2  -2  
15  41  16  362  575  318  2  -2  
15  41  16  371  574  318  2  -2  
15  41  16  382  559  321  2  -2  
15  41  16  388  550  321  2  -2  
15  41  16  399  537  324  2  -2  
15  41  16  407  525  324  2  -2  
15  41  16  416  513  327  2  -2  
15  41  16  426  500  328  2  -2  
15  41  16  435  488  329  2  -2  
15  41  16  444  466  329  2  -2  
15  41  16  452  458  329  2  -2  
15  41  16  461  450  329  2  -2  
15  41  16  469  441  329  2  -2  
15  41  16  477  434  329  2  -2  
15  41  16  485  429  329  2  -2  
15  41  16  493  424  329  2  -2  
15  41  16  502  419  329  2  -2  
15  41  16  510  415  329  2  -2  
15  41  16  518  411  329  2  -2  
15  41  16  527  408  329  2  -2  
15  41  16  535  406  329  2  -2  
15  41  16  543  403  329  2  -2  
15  41  16  551  402  329  2  -2  
15  41  16  560  399  329  2  -2  
15  41  16  569  397  329  3  -2  
15  41  16  576  395  329  3  -2  
15  41  16  585  393  329  3  -2  
15  41  16  593  393  329  3  -2  
15  41  16  601  390  329  3  -2  
15  41  16  611  389  329  3  -2  
15  41  16  618  386  329  3  -2  
15  41  16  627  386  329  3  -2  
15  41  16  636  385  329  3  -2  
15  41  16  643  381  329  3  -2  
15  41  16  652  381  329  3  -2  
15  41  16  661  381  329  3  -2  
15  41  16  668  381  329  3  -2  
15  41  16  677  381  329  3  -2  
15  41  16  686  381  329  3  -2  
15  41  16  693  379  329  3  -2  
15  41  16  702  377  329  3  -2  
15  41  17  712  374  329  3  -2  
15  41  17  720  372  329  3  -2  
15  41  17  727  368  330  3  -2  
15  41  17  736  365  330  3  -2  
15  41  17  743  363  332  3  -2  
15  41  17  752  360  332  3  -2  
15  41  17  761  360  332  3  -2  
15  41  17  768  360  332  3  -2  
15  41  17  775  358  333  3  -2  
15  41  17  785  357  333  3  -2  
15  41  17  793  357  333  3  -2  
15  41  17  802  355  333  3  -2  
15  41  17  810  351  333  3  -2  
15  41  17  820  349  333  3  -2  
15  41  17  829  344  335  3  -2  
15  41  17  837  343  335  3  -2  
15  41  17  847  343  335  3  -2  
15  41  17  855  343  335  3  -2  
15  41  17  866  343  335  3  -2  
15  41  17  875  343  335  3  -2  
15  41  17  883  343  335  3  -2  
15  41  17  894  343  335  3  -2  
15  41  17  903  343  335  3  -2  
15  41  17  912  343  335  3  -2  
15  41  17  920  343  335  3  -2  
15  41  17  930  343  335  3  -2  
15  41  17  937  343  335  3  -2  
15  41  17  950  342  335  3  -2  
15  41  17  957  350  336  3  -2  
15  41  17  968  358  336  3  -2  
15  41  17  977  368  336  3  -2  
15  41  17  987  378  336  3  -2  
15  41  17  997  390  336  3  -2  
15  41  17  1004  413  336  3  -2  
15  41  17  1016  425  336  3  -2  
15  41  17  1024  437  336  3  -2  
15  41  17  1034  445  336  3  -2  
15  41  17  1044  457  336  3  -2  
15  41  17  1053  473  336  3  -2  
15  41  17  1062  480  336  3  -2  
15  41  17  1070  487  337  3  -2  
15  41  17  1080  496  337  3  -2  
15  41  17  1088  503  338  4  -2  
15  41  17  1097  510  340  4  -2  
15  41  17  1104  517  342  4  -2  
15  41  17  1115  519  342  4  -2  
15  41  17  1123  524  343  4  -2  
15  41  17  1134  524  343  4  -2  
15  41  17  1140  524  343  4  -2  
15  41  17  1150  524  343  4  -2  
15  41  17  1157  524  343  4  -2  
15  41  17  1167  524  343  4  -2  
15  41  17  1175  524  343  4  -2  
15  41  17  1185  524  343  4  -2  
15  41  17  1195  524  343  4  -2  
15  41  17  1203  524  343  4  -2  
15  41  17  1216  524  343  4  -2  
15  41  17  1224  524  343  4  -2  
15  41  17  1233  524  343  4  -2  
15  41  17  1242  524  343  4  -2  
15  41  17  1250  524  343  4  -2  
15  41  17  1260  524  343  4  -2  
15  41  17  1269  524  343  4  -2  
15  41  17  1282  524  343  4  -2  
15  41  17  1290  524  343  4  -2  
15  41  17  1299  524  343  4  -2  
15  41  17  1307  524  343  4  -2  
15  41  17  1316  524  343  4  -2  
15  41  17  1326  524  343  4  -2  
15  41  17  1336  524  343  4  -2  
15  41  17  1347  524  343  4  -2  
15  41  17  1356  524  343  4  -2  
15  41  17  1366  524  343  4  -2  
15  41  17  1376  524  343  4  -2  
15  41  17  1385  524  343  4  -2  
15  41  17  1396  524  343  4  -2  
15  41  17  1405  511  343  4  -2  
15  41  17  1416  498  343  4  -2  
15  41  17  1424  485  343  4  -2  
15  41  17  1434  465  343  4  -2  
15  41  17  1445  427  343  4  -2  
15  41  17  1453  411  343  4  -2  
15  41  17  1462  394  343  4  -2  
15  41  17  1472  382  343  5  -2  
15  41  17  1482  371  343  5  -2  
15  41  17  1491  360  343  5  -2  
15  41  17  1500  358  343  5  -2  
15  41  17  1509  356  343  5  -2  
15  41  17  1519  354  343  5  -2  
15  41  17  1528  354  343  5  -2  
15  41  17  1537  354  343  5  -2  
15  41  17  1548  354  343  5  -2  
15  41  17  1556  351  343  5  -2  
15  41  17  1566  348  343  5  -2  
15  41  17  1576  346  343  5  -2  
15  41  17  1585  343  344  5  -2  
15  41  17  1596  341  344  5  -2  
15  41  17  1604  338  345  5  -2  
15  41  17  1616  338  345  5  -2  
15  41  17  1624  338  345  5  -2  
15  41  17  1631  338  345  5  -2  
15  41  17  1640  338  345  5  -2  
15  41  17  1648  338  345  5  -2  
15  41  17  1656  338  345  5  -2  
15  41  17  1664  338  345  5  -2  
15  41  17  1673  338  345  5  -2  
15  41  17  1682  338  345  5  -2  
15  41  17  1690  338  345  5  -2  
15  41  17  1698  338  345  5  -2  
15  41  17  1705  338  345  5  -2  
15  41  18  1714  338  345  5  -2  
15  41  18  1723  338  345  5  -2  
15  41  18  1731  338  345  5  -2  
15  41  18  1739  338  345  5  -2  
