10  39  38  0  356  318  1  -2  
10  39  38  6  356  318  1  -2  
10  39  38  17  356  318  1  -2  
10  39  38  22  356  318  1  -2  
10  39  38  33  356  318  1  -2  
10  39  38  39  356  318  1  -2  
10  39  38  49  356  318  1  -2  
10  39  38  56  356  318  1  -2  
10  39  38  67  356  318  1  -2  
10  39  38  72  356  318  1  -2  
10  39  38  81  356  318  1  -2  
10  39  38  89  356  318  1  -2  
10  39  38  99  356  318  1  -2  
10  39  38  106  356  318  1  -2  
10  39  38  116  356  318  1  -2  
10  39  38  122  356  318  1  -2  
10  39  38  133  356  318  1  -2  
10  39  38  139  356  318  1  -2  
10  39  38  148  356  318  1  -2  
10  39  38  156  356  318  1  -2  
10  39  38  167  356  318  1  -2  
10  39  38  173  356  318  1  -2  
10  39  38  183  356  318  1  -2  
10  39  38  190  356  318  1  -2  
10  39  38  199  356  318  1  -2  
10  39  38  206  356  318  1  -2  
10  39  38  216  356  318  1  -2  
10  39  38  223  356  318  1  -2  
10  39  38  233  356  318  1  -2  
10  39  38  239  356  318  1  -2  
10  39  38  249  356  318  1  -2  
10  39  38  256  356  318  1  -2  
10  39  38  266  356  318  1  -2  
10  39  38  272  356  318  1  -2  
10  39  38  283  356  318  1  -2  
10  39  38  289  356  318  1  -2  
10  39  38  300  356  318  1  -2  
10  39  38  306  356  318  1  -2  
10  39  38  317  356  318  1  -2  
10  39  38  323  356  318  1  -2  
10  39  38  333  356  318  1  -2  
10  39  38  339  356  318  1  -2  
10  39  38  350  356  318  1  -2  
10  39  38  356  356  318  1  -2  
10  39  38  367  356  318  1  -2  
10  39  38  374  361  318  1  -2  
10  39  38  383  368  318  1  -2  
10  39  38  391  375  318  1  -2  
10  39  38  400  385  318  1  -2  
10  39  38  406  392  318  1  -2  
10  39  38  417  403  318  1  -2  
10  39  38  423  415  318  1  -2  
10  39  38  433  425  318  1  -2  
10  39  38  439  437  318  1  -2  
10  39  38  450  447  318  1  -2  
10  39  38  456  454  321  1  -2  
10  39  38  466  458  321  1  -2  
10  39  38  473  460  321  1  -2  
10  39  38  483  460  321  1  -2  
10  39  38  489  463  321  1  -2  
10  39  38  498  463  321  1  -2  
10  39  38  506  463  321  1  -2  
10  39  38  516  463  321  1  -2  
10  39  38  524  463  321  1  -2  
10  39  38  533  464  321  1  -2  
10  39  38  539  466  321  1  -2  
10  39  38  549  466  321  1  -2  
10  39  38  556  474  322  1  -2  
10  39  38  567  478  322  1  -2  
10  39  39  574  483  323  1  -2  
10  39  39  583  488  323  1  -2  
10  39  39  591  492  324  1  -2  
10  39  39  600  496  324  2  -2  
10  39  39  607  499  324  2  -2  
10  39  39  617  503  324  2  -2  
10  39  39  623  507  324  2  -2  
10  39  39  633  511  324  2  -2  
10  39  39  639  513  326  2  -2  
10  39  39  649  515  326  2  -2  
10  39  39  657  517  327  2  -2  
10  39  39  667  517  327  2  -2  
10  39  39  673  518  327  2  -2  
10  39  39  683  519  327  2  -2  
10  39  39  691  519  327  2  -2  
10  39  39  699  519  327  2  -2  
10  39  39  706  519  327  2  -2  
10  39  39  716  519  327  2  -2  
10  39  39  724  519  327  2  -2  
10  39  39  733  519  327  2  -2  
10  39  39  740  519  327  2  -2  
10  39  39  751  519  327  2  -2  
10  39  39  756  519  327  2  -2  
10  39  39  767  519  327  2  -2  
10  39  39  773  519  327  2  -2  
10  39  39  783  519  327  2  -2  
10  39  39  790  519  327  2  -2  
10  39  39  799  519  327  2  -2  
10  39  39  807  519  327  2  -2  
10  39  39  817  519  327  2  -2  
10  39  39  825  519  327  2  -2  
10  39  39  833  519  327  2  -2  
10  39  39  840  519  327  2  -2  
10  39  39  849  519  327  2  -2  
10  39  39  858  519  327  2  -2  
10  39  39  866  519  327  2  -2  
10  39  39  874  519  327  2  -2  
10  39  39  883  519  327  2  -2  
10  39  39  889  519  327  2  -2  
10  39  39  899  519  327  2  -2  
10  39  39  908  519  327  2  -2  
10  39  39  917  519  327  2  -2  
10  39  39  923  519  327  2  -2  
10  39  39  933  519  327  2  -2  
10  39  39  941  519  327  2  -2  
10  39  39  950  519  327  2  -2  
10  39  39  957  519  327  2  -2  
10  39  39  967  519  327  2  -2  
10  39  39  974  519  327  2  -2  
10  39  39  983  519  327  2  -2  
10  39  39  990  519  327  2  -2  
10  39  39  1000  519  327  2  -2  
10  39  39  1007  519  327  2  -2  
10  39  39  1016  519  327  2  -2  
10  39  39  1024  519  327  2  -2  
10  39  39  1033  519  327  2  -2  
10  39  39  1040  519  327  2  -2  
10  39  39  1049  519  327  2  -2  
10  39  39  1058  519  327  2  -2  
10  39  39  1067  519  327  2  -2  
10  39  39  1075  519  327  2  -2  
10  39  39  1084  519  327  2  -2  
10  39  39  1090  519  327  2  -2  
10  39  39  1099  519  327  2  -2  
10  39  39  1108  519  327  2  -2  
10  39  39  1116  519  327  2  -2  
10  39  39  1124  519  327  2  -2  
10  39  39  1133  519  327  2  -2  
10  39  39  1141  519  327  2  -2  
10  39  39  1149  519  327  2  -2  
10  39  39  1157  519  327  2  -2  
10  39  39  1167  519  327  2  -2  
10  39  39  1175  519  327  2  -2  
10  39  39  1183  519  327  2  -2  
10  39  39  1190  519  327  2  -2  
10  39  39  1200  519  327  2  -2  
10  39  39  1207  519  327  2  -2  
10  39  39  1216  519  327  2  -2  
10  39  39  1223  519  327  2  -2  
10  39  39  1232  519  327  2  -2  
10  39  39  1239  519  327  2  -2  
10  39  39  1248  519  327  2  -2  
10  39  39  1256  519  327  2  -2  
10  39  39  1266  519  327  2  -2  
10  39  39  1274  519  327  2  -2  
10  39  39  1282  519  327  2  -2  
10  39  39  1290  519  327  2  -2  
10  39  39  1298  519  327  2  -2  
10  39  39  1306  519  327  2  -2  
10  39  39  1316  519  327  2  -2  
10  39  39  1324  519  327  2  -2  
10  39  39  1332  519  327  2  -2  
10  39  39  1339  519  327  2  -2  
10  39  39  1348  519  327  2  -2  
10  39  39  1356  519  327  2  -2  
10  39  39  1366  519  327  2  -2  
10  39  39  1373  519  327  2  -2  
10  39  39  1382  519  327  2  -2  
10  39  39  1389  519  327  2  -2  
10  39  39  1398  519  327  2  -2  
10  39  39  1407  519  327  2  -2  
10  39  39  1416  519  327  2  -2  
10  39  39  1423  519  327  2  -2  
10  39  39  1432  519  327  2  -2  
10  39  39  1439  519  327  2  -2  
10  39  39  1448  519  327  2  -2  
10  39  39  1456  519  327  2  -2  
10  39  39  1465  519  327  2  -2  
10  39  39  1474  519  327  2  -2  
10  39  39  1482  519  327  2  -2  
10  39  39  1489  519  327  2  -2  
10  39  39  1498  519  327  2  -2  
10  39  39  1506  519  327  2  -2  
10  39  39  1515  519  327  2  -2  
10  39  39  1524  519  327  2  -2  
10  39  39  1533  519  327  2  -2  
10  39  39  1539  519  327  2  -2  
10  39  39  1548  519  327  2  -2  
10  39  39  1556  519  327  2  -2  
10  39  39  1567  519  327  2  -2  
10  39  39  1572  519  327  2  -2  
10  39  40  1581  519  327  2  -2  
10  39  40  1590  519  327  2  -2  
10  39  40  1599  519  327  2  -2  
10  39  40  1607  519  327  2  -2  
10  39  40  1616  519  327  2  -2  
10  39  40  1624  519  327  2  -2  
10  39  40  1631  519  327  2  -2  
10  39  40  1639  519  327  2  -2  
10  39  40  1648  519  327  2  -2  
10  39  40  1657  519  327  2  -2  
10  39  40  1666  519  327  2  -2  
10  39  40  1673  519  327  2  -2  
10  39  40  1681  519  327  2  -2  
10  39  40  1689  519  327  2  -2  
10  39  40  1700  519  327  2  -2  
10  39  40  1706  519  327  2  -2  
10  39  40  1715  519  327  2  -2  
10  39  40  1723  519  327  2  -2  
10  39  40  1731  519  327  2  -2  
10  39  40  1739  519  327  2  -2  
10  39  40  1748  519  327  2  -2  
10  39  40  1756  519  327  2  -2  
10  39  40  1765  519  327  2  -2  
10  39  40  1773  519  327  2  -2  
10  39  40  1783  519  327  2  -2  
10  39  40  1789  519  327  2  -2  
10  39  40  1799  519  327  2  -2  
10  39  40  1806  519  327  2  -2  
10  39  40  1815  519  327  2  -2  
10  39  40  1823  519  327  2  -2  
10  39  40  1831  519  327  2  -2  
10  39  40  1840  519  327  2  -2  
10  39  40  1849  519  327  2  -2  
10  39  40  1856  519  327  2  -2  
10  39  40  1866  519  327  2  -2  
10  39  40  1874  519  327  2  -2  
10  39  40  1881  519  327  2  -2  
10  39  40  1889  519  327  2  -2  
10  39  40  1898  519  327  2  -2  
10  39  40  1906  519  327  2  -2  
10  39  40  1917  519  327  2  -2  
10  39  40  1924  515  327  2  -2  
10  39  40  1933  511  327  2  -2  
10  39  40  1940  507  327  2  -2  
10  39  40  1949  502  327  2  -2  
10  39  40  1956  495  327  2  -2  
10  39  40  1965  490  327  2  -2  
10  39  40  1974  485  327  2  -2  
10  39  40  1983  475  327  2  -2  
10  39  40  1991  468  326  2  -2  
10  39  40  1999  461  326  2  -2  
10  39  40  2007  451  324  2  -2  
10  39  40  2016  442  323  2  -2  
10  39  40  2024  436  323  2  -2  
10  39  40  2033  427  323  2  -2  
10  39  40  2040  422  321  2  -2  
10  39  40  2049  415  320  2  -2  
10  39  40  2056  411  320  2  -2  
10  39  40  2066  408  320  2  -2  
10  39  40  2075  403  320  2  -2  
10  39  40  2082  400  320  2  -2  
10  39  40  2090  400  320  2  -2  
10  39  40  2098  397  320  3  -2  
10  39  40  2106  397  320  3  -2  
10  39  40  2116  397  320  3  -2  
10  39  40  2124  397  320  3  -2  
10  39  40  2133  397  320  3  -2  
10  39  40  2140  396  320  3  -2  
10  39  40  2149  395  320  3  -2  
10  39  40  2157  394  320  3  -2  
10  39  40  2166  393  320  3  -2  
10  39  40  2175  392  320  3  -2  
10  39  40  2183  389  319  3  -2  
10  39  40  2191  385  319  3  -2  
10  39  40  2199  383  319  3  -2  
10  39  40  2207  381  319  3  -2  
10  39  40  2215  380  319  3  -2  
10  39  40  2223  379  319  3  -2  
10  39  40  2233  379  319  3  -2  
10  39  40  2240  377  319  3  -2  
10  39  40  2248  377  319  3  -2  
10  39  40  2257  377  319  3  -2  
10  39  40  2265  377  319  3  -2  
10  39  40  2274  377  319  3  -2  
10  39  40  2281  377  319  3  -2  
10  39  40  2290  377  319  3  -2  
10  39  40  2298  377  319  3  -2  
10  39  40  2307  377  319  3  -2  
10  39  40  2317  377  319  3  -2  
10  39  40  2326  377  319  3  -2  
10  39  40  2333  377  319  3  -2  
10  39  40  2340  377  319  3  -2  
10  39  40  2349  377  319  3  -2  
10  39  40  2358  377  319  3  -2  
10  39  40  2367  377  319  3  -2  
10  39  40  2375  377  319  3  -2  
10  39  40  2382  377  319  3  -2  
10  39  40  2391  377  319  3  -2  
10  39  40  2399  377  319  3  -2  
10  39  40  2408  377  319  3  -2  
10  39  40  2417  377  319  3  -2  
10  39  40  2425  376  319  3  -2  
10  39  40  2434  376  319  3  -2  
10  39  40  2440  380  321  3  -2  
10  39  40  2449  387  321  3  -2  
10  39  40  2458  397  322  3  -2  
10  39  40  2467  410  322  3  -2  
10  39  40  2475  420  322  3  -2  
10  39  40  2483  432  322  3  -2  
10  39  40  2490  442  322  3  -2  
10  39  40  2500  450  322  3  -2  
10  39  40  2508  461  322  3  -2  
10  39  40  2517  461  322  3  -2  
10  39  40  2525  467  322  3  -2  
10  39  40  2534  470  322  3  -2  
10  39  40  2540  472  322  3  -2  
10  39  40  2549  475  322  3  -2  
10  39  40  2558  478  322  3  -2  
10  39  40  2568  483  322  3  -2  
10  39  41  2576  488  322  3  -2  
10  39  41  2584  493  322  3  -2  
10  39  41  2591  498  322  4  -2  
10  39  41  2599  503  322  4  -2  
10  39  41  2607  507  322  4  -2  
10  39  41  2616  512  322  4  -2  
10  39  41  2625  515  322  4  -2  
10  39  41  2633  519  322  4  -2  
10  39  41  2641  521  322  4  -2  
10  39  41  2649  523  322  4  -2  
10  39  41  2657  527  322  4  -2  
10  39  41  2667  527  322  4  -2  
10  39  41  2675  527  322  4  -2  
10  39  41  2683  528  322  4  -2  
10  39  41  2692  529  323  4  -2  
10  39  41  2700  529  323  4  -2  
10  39  41  2707  529  323  4  -2  
10  39  41  2716  529  323  4  -2  
10  39  41  2725  529  323  4  -2  
10  39  41  2733  529  323  4  -2  
10  39  41  2743  529  323  4  -2  
10  39  41  2749  529  323  4  -2  
10  39  41  2758  529  323  4  -2  
10  39  41  2766  529  323  4  -2  
10  39  41  2774  529  323  4  -2  
10  39  41  2784  529  323  4  -2  
10  39  41  2792  529  323  4  -2  
10  39  41  2800  529  323  4  -2  
10  39  41  2807  529  323  4  -2  
10  39  41  2817  529  323  4  -2  
10  39  41  2827  529  323  4  -2  
10  39  41  2834  529  323  4  -2  
10  39  41  2842  529  323  4  -2  
10  39  41  2850  529  323  4  -2  
10  39  41  2858  529  323  4  -2  
10  39  41  2868  529  323  4  -2  
10  39  41  2875  529  323  4  -2  
10  39  41  2883  529  323  4  -2  
10  39  41  2892  529  323  4  -2  
10  39  41  2899  529  323  4  -2  
10  39  41  2909  529  323  4  -2  
10  39  41  2917  529  323  4  -2  
10  39  41  2925  529  323  4  -2  
10  39  41  2934  529  323  4  -2  
10  39  41  2941  529  323  4  -2  
10  39  41  2951  529  323  4  -2  
10  39  41  2958  529  323  4  -2  
10  39  41  2967  529  323  4  -2  
10  39  41  2974  529  323  4  -2  
10  39  41  2983  529  323  4  -2  
10  39  41  2990  529  323  4  -2  
10  39  41  2998  529  323  4  -2  
10  39  41  3008  529  323  4  -2  
10  39  41  3017  529  323  4  -2  
10  39  41  3025  529  323  4  -2  
10  39  41  3032  529  323  4  -2  
10  39  41  3042  529  323  4  -2  
10  39  41  3049  529  323  4  -2  
10  39  41  3058  529  323  4  -2  
10  39  41  3066  529  323  4  -2  
10  39  41  3076  529  323  4  -2  
10  39  41  3083  529  323  4  -2  
10  39  41  3092  529  323  4  -2  
10  39  41  3098  529  323  4  -2  
10  39  41  3108  529  323  4  -2  
10  39  41  3116  529  323  4  -2  
10  39  41  3125  529  323  4  -2  
10  39  41  3133  529  323  4  -2  
10  39  41  3140  529  323  4  -2  
10  39  41  3149  529  323  4  -2  
10  39  41  3158  529  323  4  -2  
10  39  41  3166  529  323  4  -2  
10  39  41  3176  529  323  4  -2  
10  39  41  3183  529  323  4  -2  
10  39  41  3192  529  323  4  -2  
10  39  41  3198  529  323  4  -2  
10  39  41  3207  529  323  4  -2  
10  39  41  3217  529  323  4  -2  
10  39  41  3225  529  323  4  -2  
10  39  41  3233  529  323  4  -2  
10  39  41  3241  529  323  4  -2  
10  39  41  3249  529  323  4  -2  
10  39  41  3257  529  323  4  -2  
10  39  41  3267  529  323  4  -2  
10  39  41  3276  529  323  4  -2  
10  39  41  3283  529  323  4  -2  
10  39  41  3292  529  323  4  -2  
10  39  41  3299  529  323  4  -2  
10  39  41  3308  529  323  4  -2  
10  39  41  3317  529  323  4  -2  
10  39  41  3328  529  323  4  -2  
10  39  41  3333  529  323  4  -2  
10  39  41  3341  529  323  4  -2  
10  39  41  3350  529  323  4  -2  
10  39  41  3358  529  323  4  -2  
10  39  41  3367  529  323  4  -2  
10  39  41  3375  529  323  4  -2  
10  39  41  3384  529  323  4  -2  
10  39  41  3392  529  323  4  -2  
10  39  41  3400  529  323  4  -2  
10  39  41  3409  529  323  4  -2  
10  39  41  3416  529  323  4  -2  
10  39  41  3425  529  323  4  -2  
10  39  41  3433  529  323  4  -2  
10  39  41  3442  529  323  4  -2  
10  39  41  3450  529  323  4  -2  
10  39  41  3459  529  323  4  -2  
10  39  41  3466  529  323  4  -2  
10  39  41  3478  529  323  4  -2  
10  39  41  3484  529  323  4  -2  
10  39  41  3492  529  323  4  -2  
10  39  41  3500  529  323  4  -2  
10  39  41  3508  529  323  4  -2  
10  39  41  3517  529  323  4  -2  
10  39  41  3526  529  323  4  -2  
10  39  41  3533  529  323  4  -2  
10  39  41  3541  529  323  4  -2  
10  39  41  3550  529  323  4  -2  
10  39  41  3560  529  323  4  -2  
10  39  41  3566  529  323  4  -2  
10  39  42  3575  529  323  4  -2  
10  39  42  3583  529  323  4  -2  
10  39  42  3592  529  323  4  -2  
10  39  42  3601  529  323  4  -2  
10  39  42  3607  529  323  4  -2  
10  39  42  3617  529  323  4  -2  
10  39  42  3627  529  323  4  -2  
10  39  42  3634  529  323  4  -2  
10  39  42  3641  529  323  4  -2  
10  39  42  3650  529  323  4  -2  
10  39  42  3659  529  323  4  -2  
10  39  42  3667  529  323  4  -2  
10  39  42  3676  529  323  4  -2  
10  39  42  3684  529  323  4  -2  
10  39  42  3692  529  323  4  -2  
10  39  42  3700  529  323  4  -2  
10  39  42  3709  529  323  4  -2  
10  39  42  3717  529  323  4  -2  
10  39  42  3727  529  323  4  -2  
10  39  42  3734  529  323  4  -2  
10  39  42  3744  529  323  4  -2  
10  39  42  3750  529  323  4  -2  
10  39  42  3759  529  323  4  -2  
10  39  42  3767  529  323  4  -2  
10  39  42  3777  529  323  4  -2  
10  39  42  3784  529  323  4  -2  
10  39  42  3794  529  323  4  -2  
10  39  42  3800  529  323  4  -2  
10  39  42  3809  529  323  4  -2  
10  39  42  3817  529  323  4  -2  
10  39  42  3828  529  323  4  -2  
10  39  42  3834  529  323  4  -2  
10  39  42  3841  529  323  4  -2  
10  39  42  3851  529  323  4  -2  
10  39  42  3859  529  323  4  -2  
10  39  42  3867  529  323  4  -2  
10  39  42  3878  529  323  4  -2  
10  39  42  3884  529  323  4  -2  
10  39  42  3891  529  323  4  -2  
10  39  42  3899  529  323  4  -2  
10  39  42  3909  529  323  4  -2  
10  39  42  3917  529  323  4  -2  
10  39  42  3928  529  323  4  -2  
10  39  42  3934  529  323  4  -2  
10  39  42  3944  529  323  4  -2  
10  39  42  3950  529  323  4  -2  
10  39  42  3959  529  323  4  -2  
10  39  42  3967  529  323  4  -2  
10  39  42  3978  529  323  4  -2  
10  39  42  3984  529  323  4  -2  
10  39  42  3995  529  323  4  -2  
10  39  42  4000  526  324  4  -2  
10  39  42  4009  518  324  4  -2  
10  39  42  4017  508  324  4  -2  
10  39  42  4028  496  324  4  -2  
10  39  42  4035  471  324  4  -2  
10  39  42  4041  471  324  4  -2  
10  39  42  4050  460  324  4  -2  
10  39  42  4059  448  324  4  -2  
10  39  42  4067  436  324  4  -2  
10  39  42  4078  425  324  4  -2  
10  39  42  4085  408  324  4  -2  
10  39  42  4094  405  324  4  -2  
10  39  42  4101  400  324  4  -2  
