15  40  42  0  354  311  1  -2  
15  40  42  9  354  311  1  -2  
15  40  42  17  354  311  1  -2  
15  40  42  23  354  311  1  -2  
15  40  42  33  354  311  1  -2  
15  40  42  40  356  311  1  -2  
15  40  42  50  357  311  1  -2  
15  40  42  58  363  311  1  -2  
15  40  42  67  369  309  1  -2  
15  40  42  73  376  308  1  -2  
15  40  43  83  376  308  1  -2  
15  40  43  90  390  308  1  -2  
15  40  43  100  400  308  1  -2  
15  40  43  107  412  308  1  -2  
15  40  43  117  423  308  1  -2  
15  40  43  123  435  309  1  -2  
15  40  43  133  449  311  1  -2  
15  40  43  140  459  311  1  -2  
15  40  43  150  471  315  1  -2  
15  40  43  156  479  316  1  -2  
15  40  43  166  485  317  1  -2  
15  40  43  174  490  318  1  -2  
15  40  43  183  494  318  1  -2  
15  40  43  189  498  318  2  -2  
15  40  43  200  498  318  2  -2  
15  40  43  208  498  318  2  -2  
15  40  43  216  500  320  2  -2  
15  40  43  224  500  320  2  -2  
15  40  43  233  500  320  2  -2  
15  40  43  240  502  320  2  -2  
15  40  43  250  502  320  2  -2  
15  40  43  258  502  320  2  -2  
15  40  43  268  503  320  2  -2  
15  40  43  274  503  320  2  -2  
15  40  43  283  503  320  2  -2  
15  40  43  291  503  320  2  -2  
15  40  43  301  503  320  2  -2  
15  40  43  308  504  320  2  -2  
15  40  43  318  504  320  2  -2  
15  40  43  324  505  320  2  -2  
15  40  43  333  505  320  2  -2  
15  40  43  341  506  320  2  -2  
15  40  43  350  506  320  2  -2  
15  40  43  359  506  320  2  -2  
15  40  43  366  506  320  2  -2  
15  40  43  374  506  320  2  -2  
15  40  43  383  506  320  2  -2  
15  40  43  390  506  320  2  -2  
15  40  43  400  506  320  2  -2  
15  40  43  408  507  320  2  -2  
15  40  43  417  507  320  2  -2  
15  40  43  425  507  320  2  -2  
15  40  43  433  507  320  2  -2  
15  40  43  441  507  320  2  -2  
15  40  43  450  507  320  2  -2  
15  40  43  459  507  320  2  -2  
15  40  43  466  507  320  2  -2  
15  40  43  474  507  320  2  -2  
15  40  43  483  507  320  2  -2  
15  40  43  492  507  320  2  -2  
15  40  43  500  505  320  2  -2  
15  40  43  508  500  320  2  -2  
15  40  43  517  493  320  2  -2  
15  40  43  524  482  320  2  -2  
15  40  43  533  469  320  2  -2  
15  40  43  541  452  320  2  -2  
15  40  43  550  435  320  2  -2  
15  40  43  559  419  320  2  -2  
15  40  43  567  402  320  2  -2  
15  40  43  574  388  320  3  -2  
15  40  43  584  374  320  3  -2  
15  40  43  591  364  320  3  -2  
15  40  43  600  356  320  3  -2  
15  40  43  608  351  320  3  -2  
15  40  43  616  347  320  3  -2  
15  40  43  624  345  320  3  -2  
15  40  43  633  341  319  3  -2  
15  40  43  641  339  318  3  -2  
15  40  43  650  337  318  3  -2  
15  40  43  658  335  318  3  -2  
15  40  43  666  334  318  3  -2  
15  40  43  675  334  318  3  -2  
15  40  43  682  333  318  3  -2  
15  40  43  691  333  318  3  -2  
15  40  43  700  333  318  3  -2  
15  40  43  707  333  318  3  -2  
15  40  43  716  333  318  3  -2  
15  40  43  725  333  318  3  -2  
15  40  43  733  333  318  3  -2  
15  40  43  741  333  318  3  -2  
15  40  43  750  333  318  3  -2  
15  40  43  759  333  318  3  -2  
15  40  43  767  333  318  3  -2  
15  40  43  775  333  318  3  -2  
15  40  43  783  333  318  3  -2  
15  40  43  791  333  318  3  -2  
15  40  43  800  333  318  3  -2  
15  40  43  810  333  318  3  -2  
15  40  43  819  333  318  3  -2  
15  40  43  828  333  318  3  -2  
15  40  43  837  333  318  3  -2  
15  40  43  846  333  318  3  -2  
15  40  43  853  333  318  3  -2  
15  40  43  864  333  318  3  -2  
15  40  43  871  333  318  3  -2  
15  40  43  881  333  318  3  -2  
15  40  43  888  333  318  3  -2  
15  40  43  898  333  318  3  -2  
15  40  43  905  334  318  3  -2  
15  40  43  914  334  318  3  -2  
15  40  43  920  342  318  3  -2  
15  40  43  931  342  318  3  -2  
15  40  43  939  361  318  3  -2  
15  40  43  948  374  318  3  -2  
15  40  43  956  389  318  3  -2  
15  40  43  965  409  318  3  -2  
15  40  43  972  433  318  3  -2  
15  40  43  982  460  318  3  -2  
15  40  43  989  488  318  3  -2  
15  40  43  998  508  318  4  -2  
15  40  43  1005  525  318  4  -2  
15  40  43  1015  535  318  4  -2  
15  40  43  1021  545  318  4  -2  
15  40  43  1031  550  318  4  -2  
15  40  43  1040  557  318  4  -2  
15  40  43  1050  561  318  4  -2  
15  40  43  1055  563  318  4  -2  
15  40  43  1066  568  318  4  -2  
15  40  43  1072  572  318  4  -2  
15  40  44  1082  572  318  4  -2  
15  40  44  1089  578  320  4  -2  
15  40  44  1100  578  320  4  -2  
15  40  44  1106  580  321  4  -2  
15  40  44  1116  580  321  4  -2  
15  40  44  1123  580  321  4  -2  
15  40  44  1132  580  321  4  -2  
15  40  44  1139  580  321  4  -2  
15  40  44  1149  580  321  4  -2  
15  40  44  1157  580  321  4  -2  
15  40  44  1166  580  321  4  -2  
15  40  44  1173  580  321  4  -2  
15  40  44  1183  580  321  4  -2  
15  40  44  1190  580  321  4  -2  
15  40  44  1200  580  321  4  -2  
15  40  44  1207  580  320  4  -2  
15  40  44  1216  580  320  4  -2  
15  40  44  1224  580  320  4  -2  
15  40  44  1232  578  320  4  -2  
15  40  44  1239  577  320  4  -2  
15  40  44  1250  576  320  4  -2  
15  40  44  1257  574  320  4  -2  
15  40  44  1266  574  320  4  -2  
15  40  44  1273  571  320  4  -2  
15  40  44  1283  571  320  4  -2  
15  40  44  1293  568  319  4  -2  
15  40  44  1302  567  319  4  -2  
15  40  44  1310  565  319  4  -2  
15  40  44  1319  563  317  4  -2  
15  40  44  1328  561  317  4  -2  
15  40  44  1335  557  317  4  -2  
15  40  44  1346  555  316  4  -2  
15  40  44  1355  549  316  4  -2  
15  40  44  1365  538  314  4  -2  
15  40  44  1373  530  314  4  -2  
15  40  44  1384  523  314  4  -2  
15  40  44  1392  516  314  4  -2  
15  40  44  1415  508  314  4  -2  
15  40  44  1424  481  314  4  -2  
15  40  44  1435  472  314  4  -2  
15  40  44  1444  454  314  4  -2  
15  40  44  1454  444  314  4  -2  
15  40  44  1465  436  314  4  -2  
15  40  44  1474  425  314  4  -2  
15  40  44  1485  409  314  4  -2  
15  40  44  1495  400  314  4  -2  
15  40  44  1503  393  314  5  -2  
15  40  44  1514  385  312  5  -2  
15  40  44  1523  377  310  5  -2  
15  40  44  1534  373  310  5  -2  
15  40  44  1543  369  310  5  -2  
15  40  44  1553  365  310  5  -2  
15  40  44  1564  360  310  5  -2  
15  40  44  1572  358  310  5  -2  
15  40  44  1583  358  310  5  -2  
15  40  44  1590  358  310  5  -2  
15  40  44  1599  357  310  5  -2  
15  40  44  1608  357  310  5  -2  
15  40  44  1617  357  310  5  -2  
15  40  44  1625  357  310  5  -2  
15  40  44  1632  357  310  5  -2  
15  40  44  1640  357  310  5  -2  
15  40  44  1649  357  310  5  -2  
15  40  44  1657  357  310  5  -2  
15  40  44  1666  357  310  5  -2  
15  40  44  1674  357  310  5  -2  
15  40  44  1682  357  310  5  -2  
15  40  44  1690  357  310  5  -2  
15  40  44  1698  357  310  5  -2  
15  40  44  1708  357  310  5  -2  
15  40  44  1716  357  310  5  -2  
15  40  44  1724  357  310  5  -2  
15  40  44  1732  357  310  5  -2  
15  40  44  1740  357  310  5  -2  
15  40  44  1749  357  310  5  -2  
15  40  44  1757  357  310  5  -2  
15  40  44  1766  357  310  5  -2  
15  40  44  1774  357  310  5  -2  
15  40  44  1782  357  310  5  -2  
15  40  44  1792  357  310  5  -2  
15  40  44  1800  357  310  5  -2  
15  40  44  1808  357  310  5  -2  
15  40  44  1817  357  310  5  -2  
15  40  44  1823  357  310  5  -2  
15  40  44  1832  357  310  5  -2  
