10  38  52  0  363  310  1  -2  
10  38  52  8  363  310  1  -2  
10  38  52  18  363  310  1  -2  
10  38  52  24  363  310  1  -2  
10  38  52  35  363  310  1  -2  
10  38  52  41  363  310  1  -2  
10  38  53  50  363  310  1  -2  
10  38  53  59  363  310  1  -2  
10  38  53  68  363  310  1  -2  
10  38  53  74  363  310  1  -2  
10  38  53  83  363  310  1  -2  
10  38  53  91  363  310  1  -2  
10  38  53  100  363  310  1  -2  
10  38  53  108  363  310  1  -2  
10  38  53  118  363  310  1  -2  
10  38  53  124  363  310  1  -2  
10  38  53  134  363  310  1  -2  
10  38  53  143  363  310  1  -2  
10  38  53  150  363  310  1  -2  
10  38  53  158  363  310  1  -2  
10  38  53  168  363  310  1  -2  
10  38  53  174  363  310  1  -2  
10  38  53  184  363  310  1  -2  
10  38  53  191  363  310  1  -2  
10  38  53  200  364  311  1  -2  
10  38  53  209  366  311  1  -2  
10  38  53  218  371  311  1  -2  
10  38  53  224  374  311  1  -2  
10  38  53  235  378  311  1  -2  
10  38  53  241  380  311  1  -2  
10  38  53  252  383  311  1  -2  
10  38  53  258  389  311  1  -2  
10  38  53  269  389  311  1  -2  
10  38  53  275  392  311  1  -2  
10  38  53  285  392  311  1  -2  
10  38  53  291  394  311  1  -2  
10  38  53  302  394  311  1  -2  
10  38  53  309  395  311  1  -2  
10  38  53  319  396  311  1  -2  
10  38  53  326  400  311  1  -2  
10  38  53  335  404  311  1  -2  
10  38  53  343  410  312  1  -2  
10  38  53  352  421  316  1  -2  
10  38  53  359  429  316  1  -2  
10  38  53  369  438  316  1  -2  
10  38  53  375  446  317  1  -2  
10  38  53  385  453  318  1  -2  
10  38  53  391  459  319  1  -2  
10  38  53  402  464  320  1  -2  
10  38  53  408  468  321  1  -2  
10  38  53  419  471  321  1  -2  
10  38  53  426  473  321  1  -2  
10  38  53  435  477  322  1  -2  
10  38  53  441  478  322  1  -2  
10  38  53  452  480  322  1  -2  
10  38  53  458  492  323  1  -2  
10  38  53  468  492  323  1  -2  
10  38  53  475  520  327  2  -2  
10  38  53  485  520  327  2  -2  
10  38  53  491  554  332  2  -2  
10  38  53  500  554  332  2  -2  
10  38  53  508  584  334  2  -2  
10  38  53  519  596  334  2  -2  
10  38  53  526  603  336  2  -2  
10  38  53  535  607  337  2  -2  
10  38  53  541  607  337  2  -2  
10  38  53  550  607  337  2  -2  
10  38  53  558  607  337  2  -2  
10  38  53  569  607  337  2  -2  
10  38  53  576  607  337  2  -2  
10  38  53  585  607  337  2  -2  
10  38  53  592  607  337  2  -2  
10  38  53  602  607  337  2  -2  
10  38  53  608  607  337  2  -2  
10  38  53  619  607  337  2  -2  
10  38  53  625  607  336  2  -2  
10  38  53  635  605  336  2  -2  
10  38  53  641  600  335  2  -2  
10  38  53  652  596  335  2  -2  
10  38  53  659  591  334  2  -2  
10  38  53  669  586  333  2  -2  
10  38  53  676  573  330  2  -2  
10  38  53  686  573  330  2  -2  
10  38  53  693  558  328  2  -2  
10  38  53  702  549  324  2  -2  
10  38  53  709  538  323  2  -2  
10  38  53  719  530  320  2  -2  
10  38  53  726  521  320  2  -2  
10  38  53  736  512  317  2  -2  
10  38  53  743  505  315  2  -2  
10  38  53  752  500  315  2  -2  
10  38  53  759  495  314  2  -2  
10  38  53  769  491  312  2  -2  
10  38  53  776  487  311  2  -2  
10  38  53  785  482  311  2  -2  
10  38  53  792  478  310  2  -2  
10  38  53  802  473  310  2  -2  
10  38  53  808  467  309  2  -2  
10  38  53  819  461  307  2  -2  
10  38  53  827  456  307  2  -2  
10  38  53  836  448  307  2  -2  
10  38  53  843  441  307  2  -2  
10  38  53  852  433  307  2  -2  
10  38  53  859  424  306  2  -2  
10  38  53  869  419  306  2  -2  
10  38  53  876  402  306  2  -2  
10  38  53  886  402  306  2  -2  
10  38  53  892  385  306  3  -2  
10  38  53  901  378  305  3  -2  
10  38  53  909  371  303  3  -2  
10  38  53  918  366  303  3  -2  
10  38  53  926  361  303  3  -2  
10  38  53  935  358  303  3  -2  
10  38  53  942  356  303  3  -2  
10  38  53  951  354  303  3  -2  
10  38  53  959  353  303  3  -2  
10  38  53  968  353  303  3  -2  
10  38  53  975  353  303  3  -2  
10  38  53  985  353  303  3  -2  
10  38  53  992  353  303  3  -2  
10  38  53  1002  353  303  3  -2  
10  38  53  1007  353  303  3  -2  
10  38  53  1018  353  303  3  -2  
10  38  53  1025  353  303  3  -2  
10  38  53  1035  353  303  3  -2  
10  38  53  1042  353  303  3  -2  
10  38  54  1051  353  303  3  -2  
10  38  54  1059  353  303  3  -2  
10  38  54  1068  353  303  3  -2  
10  38  54  1074  353  303  3  -2  
10  38  54  1084  353  303  3  -2  
10  38  54  1092  353  303  3  -2  
10  38  54  1101  353  303  3  -2  
10  38  54  1109  353  303  3  -2  
10  38  54  1118  353  303  3  -2  
10  38  54  1125  353  303  3  -2  
10  38  54  1135  353  303  3  -2  
10  38  54  1142  353  303  3  -2  
10  38  54  1152  353  303  3  -2  
10  38  54  1160  353  303  3  -2  
10  38  54  1168  353  303  3  -2  
10  38  54  1175  353  303  3  -2  
10  38  54  1185  353  303  3  -2  
10  38  54  1192  353  303  3  -2  
10  38  54  1201  353  303  3  -2  
10  38  54  1209  353  303  3  -2  
10  38  54  1219  353  303  3  -2  
10  38  54  1227  353  303  3  -2  
10  38  54  1235  353  303  3  -2  
10  38  54  1244  353  303  3  -2  
10  38  54  1251  353  303  3  -2  
10  38  54  1260  353  303  3  -2  
10  38  54  1269  353  303  3  -2  
10  38  54  1276  353  303  3  -2  
10  38  54  1285  353  303  3  -2  
10  38  54  1293  353  303  3  -2  
10  38  54  1301  353  303  3  -2  
10  38  54  1309  353  303  3  -2  
10  38  54  1318  353  303  3  -2  
10  38  54  1326  353  303  3  -2  
10  38  54  1335  353  303  3  -2  
10  38  54  1342  353  303  3  -2  
10  38  54  1352  353  303  3  -2  
10  38  54  1359  353  303  3  -2  
10  38  54  1369  353  303  3  -2  
10  38  54  1376  353  303  3  -2  
10  38  54  1385  353  303  3  -2  
10  38  54  1392  353  303  3  -2  
10  38  54  1401  353  303  3  -2  
10  38  54  1410  353  303  3  -2  
10  38  54  1418  353  303  3  -2  
10  38  54  1426  353  303  3  -2  
10  38  54  1435  353  303  3  -2  
10  38  54  1442  353  303  3  -2  
10  38  54  1452  353  303  3  -2  
10  38  54  1459  353  303  3  -2  
10  38  54  1469  353  303  3  -2  
10  38  54  1476  353  303  3  -2  
10  38  54  1485  353  303  3  -2  
10  38  54  1493  353  303  3  -2  
10  38  54  1501  353  303  3  -2  
10  38  54  1509  353  303  3  -2  
10  38  54  1519  353  303  3  -2  
10  38  54  1526  353  303  3  -2  
10  38  54  1535  353  303  3  -2  
10  38  54  1542  353  303  3  -2  
10  38  54  1551  353  303  3  -2  
10  38  54  1559  353  303  3  -2  
10  38  54  1569  353  303  3  -2  
10  38  54  1576  353  303  3  -2  
10  38  54  1584  353  303  3  -2  
10  38  54  1592  353  303  3  -2  
10  38  54  1602  353  303  3  -2  
10  38  54  1609  353  303  3  -2  
10  38  54  1619  353  303  3  -2  
10  38  54  1626  353  303  3  -2  
10  38  54  1635  353  303  3  -2  
10  38  54  1643  353  303  3  -2  
10  38  54  1651  353  303  3  -2  
10  38  54  1660  353  303  3  -2  
10  38  54  1669  353  303  3  -2  
10  38  54  1676  353  303  3  -2  
10  38  54  1685  353  303  3  -2  
10  38  54  1693  353  303  3  -2  
10  38  54  1702  353  303  3  -2  
10  38  54  1710  353  303  3  -2  
10  38  54  1719  353  303  3  -2  
10  38  54  1726  353  303  3  -2  
10  38  54  1735  353  303  3  -2  
10  38  54  1742  353  303  3  -2  
10  38  54  1751  353  303  3  -2  
10  38  54  1759  353  303  3  -2  
10  38  54  1769  353  303  3  -2  
10  38  54  1776  353  303  3  -2  
10  38  54  1785  353  303  3  -2  
10  38  54  1793  353  303  3  -2  
10  38  54  1802  353  303  3  -2  
10  38  54  1810  353  303  3  -2  
10  38  54  1819  353  303  3  -2  
10  38  54  1827  353  303  3  -2  
10  38  54  1834  353  303  3  -2  
10  38  54  1843  353  303  3  -2  
10  38  54  1852  353  303  3  -2  
10  38  54  1860  353  303  3  -2  
10  38  54  1869  353  303  3  -2  
10  38  54  1877  353  303  3  -2  
10  38  54  1886  354  303  3  -2  
10  38  54  1894  355  303  3  -2  
10  38  54  1902  357  303  3  -2  
10  38  54  1910  360  303  3  -2  
10  38  54  1919  361  303  3  -2  
10  38  54  1926  364  303  3  -2  
10  38  54  1936  369  303  3  -2  
10  38  54  1944  374  303  3  -2  
10  38  54  1951  381  303  3  -2  
10  38  54  1960  386  303  3  -2  
10  38  54  1969  394  303  3  -2  
10  38  54  1976  403  303  3  -2  
10  38  54  1986  409  303  3  -2  
10  38  54  1993  416  303  3  -2  
10  38  54  2002  421  303  3  -2  
10  38  54  2008  427  303  3  -2  
10  38  54  2018  432  303  3  -2  
10  38  54  2026  434  303  3  -2  
10  38  54  2035  437  303  3  -2  
10  38  54  2043  440  303  3  -2  
10  38  55  2052  443  303  3  -2  
10  38  55  2060  446  303  3  -2  
10  38  55  2069  454  303  3  -2  
10  38  55  2077  457  303  3  -2  
10  38  55  2085  462  303  3  -2  
10  38  55  2093  465  303  3  -2  
10  38  55  2102  470  303  3  -2  
10  38  55  2110  474  303  3  -2  
10  38  55  2119  477  303  3  -2  
10  38  55  2126  481  303  3  -2  
10  38  55  2136  483  303  3  -2  
10  38  55  2144  486  303  3  -2  
10  38  55  2151  487  303  3  -2  
10  38  55  2160  490  303  3  -2  
10  38  55  2169  491  303  3  -2  
10  38  55  2177  494  303  3  -2  
10  38  55  2185  497  303  4  -2  
10  38  55  2193  501  303  4  -2  
10  38  55  2201  502  305  4  -2  
10  38  55  2210  504  305  4  -2  
10  38  55  2218  504  305  4  -2  
10  38  55  2227  505  305  4  -2  
10  38  55  2235  505  305  4  -2  
10  38  55  2243  505  305  4  -2  
10  38  55  2251  505  305  4  -2  
10  38  55  2260  505  305  4  -2  
10  38  55  2268  505  305  4  -2  
10  38  55  2276  505  305  4  -2  
10  38  55  2285  505  305  4  -2  
10  38  55  2293  505  305  4  -2  
10  38  55  2302  505  305  4  -2  
10  38  55  2310  505  305  4  -2  
10  38  55  2319  505  305  4  -2  
10  38  55  2327  505  305  4  -2  
10  38  55  2336  505  305  4  -2  
10  38  55  2343  505  305  4  -2  
10  38  55  2352  505  305  4  -2  
10  38  55  2360  505  305  4  -2  
10  38  55  2368  505  305  4  -2  
10  38  55  2377  505  305  4  -2  
10  38  55  2385  505  305  4  -2  
10  38  55  2393  505  305  4  -2  
10  38  55  2402  505  305  4  -2  
10  38  55  2410  505  305  4  -2  
10  38  55  2419  505  305  4  -2  
10  38  55  2427  505  305  4  -2  
10  38  55  2435  505  305  4  -2  
10  38  55  2443  505  305  4  -2  
10  38  55  2452  505  305  4  -2  
10  38  55  2460  503  305  4  -2  
10  38  55  2469  503  305  4  -2  
10  38  55  2477  493  305  4  -2  
10  38  55  2485  485  305  4  -2  
10  38  55  2493  477  305  4  -2  
10  38  55  2501  466  305  4  -2  
10  38  55  2510  458  305  4  -2  
10  38  55  2519  446  305  4  -2  
10  38  55  2526  438  305  4  -2  
10  38  55  2536  428  305  4  -2  
10  38  55  2543  420  305  4  -2  
10  38  55  2552  413  305  4  -2  
10  38  55  2560  406  305  4  -2  
10  38  55  2570  401  305  4  -2  
