15  40  55  0  355  297  1  -2  
15  40  55  8  355  297  1  -2  
15  40  55  16  355  297  1  -2  
15  40  55  25  355  297  1  -2  
15  40  55  33  355  297  1  -2  
15  40  55  41  355  297  1  -2  
15  40  55  49  355  297  1  -2  
15  40  55  58  355  297  1  -2  
15  40  55  66  356  297  1  -2  
15  40  55  76  363  297  1  -2  
15  40  55  83  369  297  1  -2  
15  40  55  91  379  297  1  -2  
15  40  55  101  393  298  1  -2  
15  40  55  110  411  298  1  -2  
15  40  55  117  429  299  1  -2  
15  40  55  126  450  302  1  -2  
15  40  55  133  464  302  1  -2  
15  40  55  142  475  304  1  -2  
15  40  55  150  486  305  1  -2  
15  40  55  157  495  309  2  -2  
15  40  55  167  498  309  2  -2  
15  40  55  175  502  309  2  -2  
15  40  55  185  504  310  2  -2  
15  40  55  192  504  310  2  -2  
15  40  55  200  507  310  2  -2  
15  40  55  208  508  310  2  -2  
15  40  55  217  510  310  2  -2  
15  40  55  226  511  310  2  -2  
15  40  55  234  512  310  2  -2  
15  40  55  242  515  310  2  -2  
15  40  55  250  516  310  2  -2  
15  40  55  258  519  310  2  -2  
15  40  55  267  521  310  2  -2  
15  40  55  276  523  310  2  -2  
15  40  55  283  524  310  2  -2  
15  40  55  291  526  310  2  -2  
15  40  55  300  526  310  2  -2  
15  40  55  309  526  310  2  -2  
15  40  55  317  526  310  2  -2  
15  40  55  326  526  310  2  -2  
15  40  55  333  526  310  2  -2  
15  40  55  341  526  310  2  -2  
15  40  55  350  526  310  2  -2  
15  40  55  357  526  310  2  -2  
15  40  55  368  526  310  2  -2  
15  40  55  376  527  310  2  -2  
15  40  55  383  527  310  2  -2  
15  40  55  391  527  310  2  -2  
15  40  55  401  527  310  2  -2  
15  40  55  407  527  310  2  -2  
15  40  55  418  527  310  2  -2  
15  40  55  426  525  310  2  -2  
15  40  55  434  524  310  2  -2  
15  40  55  442  523  310  2  -2  
15  40  55  450  520  310  2  -2  
15  40  55  459  519  310  2  -2  
15  40  55  467  514  310  2  -2  
15  40  55  475  508  310  2  -2  
15  40  55  483  498  310  2  -2  
15  40  55  492  490  310  2  -2  
15  40  55  500  477  310  2  -2  
15  40  55  508  463  310  2  -2  
15  40  55  517  445  310  2  -2  
15  40  55  526  432  310  2  -2  
15  40  55  535  417  310  2  -2  
15  40  55  542  404  310  2  -2  
15  40  55  550  392  310  3  -2  
15  40  55  559  385  310  3  -2  
15  40  55  567  379  310  3  -2  
15  40  55  577  375  310  3  -2  
15  40  55  586  371  310  3  -2  
15  40  55  593  369  310  3  -2  
15  40  56  601  366  310  3  -2  
15  40  56  610  365  310  3  -2  
15  40  56  619  363  310  3  -2  
15  40  56  626  359  310  3  -2  
15  40  56  636  357  310  3  -2  
15  40  56  642  353  311  3  -2  
15  40  56  650  349  311  3  -2  
15  40  56  659  347  311  3  -2  
15  40  56  667  345  311  3  -2  
15  40  56  676  344  311  3  -2  
15  40  56  686  344  311  3  -2  
15  40  56  692  344  311  3  -2  
15  40  56  700  344  311  3  -2  
15  40  56  708  344  311  3  -2  
15  40  56  718  344  311  3  -2  
15  40  56  726  343  311  3  -2  
15  40  56  736  343  311  3  -2  
15  40  56  742  343  311  3  -2  
15  40  56  753  343  311  3  -2  
15  40  56  759  343  312  3  -2  
15  40  56  768  343  312  3  -2  
15  40  56  776  343  312  3  -2  
15  40  56  786  343  312  3  -2  
15  40  56  793  343  312  3  -2  
15  40  56  802  343  312  3  -2  
15  40  56  809  343  312  3  -2  
15  40  56  819  343  312  3  -2  
15  40  56  826  343  313  3  -2  
15  40  56  833  343  313  3  -2  
15  40  56  842  343  313  3  -2  
15  40  56  850  343  313  3  -2  
15  40  56  859  343  313  3  -2  
15  40  56  869  343  313  3  -2  
15  40  56  875  344  313  3  -2  
15  40  56  886  345  313  3  -2  
15  40  56  893  346  313  3  -2  
15  40  56  902  350  313  3  -2  
15  40  56  909  356  313  3  -2  
15  40  56  918  365  312  3  -2  
15  40  56  926  377  312  3  -2  
15  40  56  936  390  312  3  -2  
15  40  56  942  405  312  3  -2  
15  40  56  950  420  312  3  -2  
15  40  56  958  435  312  3  -2  
15  40  56  969  448  312  3  -2  
15  40  56  976  474  312  3  -2  
15  40  56  986  484  312  3  -2  
15  40  56  994  494  312  3  -2  
15  40  56  1002  503  312  4  -2  
15  40  56  1010  508  312  4  -2  
15  40  56  1020  512  312  4  -2  
15  40  56  1027  517  312  4  -2  
15  40  56  1037  520  313  4  -2  
15  40  56  1043  525  314  4  -2  
15  40  56  1053  529  314  4  -2  
15  40  56  1060  535  315  4  -2  
15  40  56  1069  539  315  4  -2  
15  40  56  1077  542  317  4  -2  
15  40  56  1086  542  317  4  -2  
15  40  56  1093  543  317  4  -2  
15  40  56  1104  543  317  4  -2  
15  40  56  1111  543  317  4  -2  
15  40  56  1121  543  317  4  -2  
15  40  56  1128  543  317  4  -2  
15  40  56  1138  543  317  4  -2  
15  40  56  1144  543  317  4  -2  
15  40  56  1154  543  317  4  -2  
15  40  56  1160  543  317  4  -2  
15  40  56  1170  543  317  4  -2  
15  40  56  1177  544  318  4  -2  
15  40  56  1186  544  318  4  -2  
15  40  56  1194  544  318  4  -2  
15  40  56  1203  544  318  4  -2  
15  40  56  1209  544  318  4  -2  
15  40  56  1220  544  318  4  -2  
15  40  56  1227  544  318  4  -2  
15  40  56  1237  544  318  4  -2  
15  40  56  1245  544  318  4  -2  
15  40  56  1254  544  318  4  -2  
15  40  56  1260  544  318  4  -2  
15  40  56  1270  543  318  4  -2  
15  40  56  1277  543  318  4  -2  
15  40  56  1288  543  318  4  -2  
15  40  56  1296  540  318  4  -2  
15  40  56  1306  540  318  4  -2  
15  40  56  1314  539  318  4  -2  
15  40  56  1323  538  317  4  -2  
15  40  56  1332  536  317  4  -2  
15  40  56  1339  534  317  4  -2  
15  40  56  1348  532  317  4  -2  
15  40  56  1357  527  317  4  -2  
15  40  56  1365  520  317  4  -2  
15  40  56  1373  510  317  4  -2  
15  40  56  1381  497  317  4  -2  
15  40  56  1391  482  317  4  -2  
15  40  56  1400  465  317  4  -2  
15  40  56  1407  427  317  4  -2  
15  40  56  1415  427  317  4  -2  
15  40  56  1422  409  317  4  -2  
15  40  56  1432  392  317  5  -2  
15  40  56  1441  366  317  5  -2  
15  40  56  1448  357  317  5  -2  
15  40  56  1458  349  317  5  -2  
15  40  56  1467  345  317  5  -2  
15  40  56  1475  342  316  5  -2  
15  40  56  1482  341  316  5  -2  
15  40  56  1491  339  316  5  -2  
15  40  56  1498  338  316  5  -2  
15  40  56  1509  338  316  5  -2  
15  40  56  1519  338  316  5  -2  
15  40  56  1528  338  316  5  -2  
15  40  56  1539  338  316  5  -2  
15  40  56  1544  337  316  5  -2  
15  40  56  1554  337  316  5  -2  
15  40  56  1561  337  316  5  -2  
15  40  56  1570  337  316  5  -2  
15  40  56  1579  337  316  5  -2  
15  40  56  1588  337  316  5  -2  
15  40  57  1595  337  316  5  -2  
15  40  57  1604  337  316  5  -2  
15  40  57  1610  337  316  5  -2  
15  40  57  1621  337  316  5  -2  
15  40  57  1628  337  316  5  -2  
15  40  57  1638  337  316  5  -2  
15  40  57  1645  337  316  5  -2  
