11  50  47  0  394  307  1  -2  
11  50  47  8  394  307  1  -2  
11  50  47  15  394  307  1  -2  
11  50  47  25  394  307  1  -2  
11  50  47  33  394  307  1  -2  
11  50  47  41  394  307  1  -2  
11  50  47  50  394  307  1  -2  
11  50  47  57  394  307  1  -2  
11  50  47  68  394  307  1  -2  
11  50  47  74  394  307  1  -2  
11  50  47  82  394  307  1  -2  
11  50  47  91  394  307  1  -2  
11  50  47  100  394  307  1  -2  
11  50  47  108  394  307  1  -2  
11  50  47  117  394  307  1  -2  
11  50  47  125  394  307  1  -2  
11  50  47  135  394  307  1  -2  
11  50  47  141  394  307  1  -2  
11  50  47  150  394  307  1  -2  
11  50  47  158  394  307  1  -2  
11  50  47  168  395  307  1  -2  
11  50  47  175  399  307  1  -2  
11  50  47  185  407  307  1  -2  
11  50  47  191  416  307  1  -2  
11  50  47  200  426  307  1  -2  
11  50  47  207  433  307  1  -2  
11  50  47  216  439  307  1  -2  
11  50  47  224  446  307  1  -2  
11  50  47  234  451  307  1  -2  
11  50  47  241  456  307  1  -2  
11  50  47  250  460  307  1  -2  
11  50  47  257  465  306  1  -2  
11  50  47  267  466  306  1  -2  
11  50  47  275  469  306  1  -2  
11  50  47  284  470  306  1  -2  
11  50  47  291  472  305  1  -2  
11  50  47  301  472  305  1  -2  
11  50  47  306  475  305  1  -2  
11  50  47  318  475  305  1  -2  
11  50  47  325  482  304  1  -2  
11  50  47  335  486  304  1  -2  
11  50  47  341  487  304  1  -2  
11  50  47  351  491  304  1  -2  
11  50  47  357  494  304  1  -2  
11  50  47  366  496  304  2  -2  
11  50  47  375  500  304  2  -2  
11  50  47  384  504  304  2  -2  
11  50  47  391  509  302  2  -2  
11  50  47  402  516  302  2  -2  
11  50  47  408  520  302  2  -2  
11  50  47  417  525  302  2  -2  
11  50  47  425  526  302  2  -2  
11  50  47  433  529  302  2  -2  
11  50  47  441  529  302  2  -2  
11  50  47  452  529  302  2  -2  
11  50  47  457  529  302  2  -2  
11  50  47  467  530  302  2  -2  
11  50  47  475  530  302  2  -2  
11  50  47  484  530  302  2  -2  
11  50  47  491  530  302  2  -2  
11  50  47  502  530  302  2  -2  
11  50  47  508  530  302  2  -2  
11  50  47  517  530  302  2  -2  
11  50  47  526  530  302  2  -2  
11  50  47  535  530  302  2  -2  
11  50  47  541  530  302  2  -2  
11  50  47  550  530  302  2  -2  
11  50  47  558  530  302  2  -2  
11  50  47  567  530  302  2  -2  
11  50  47  577  530  302  2  -2  
11  50  47  584  530  302  2  -2  
11  50  47  592  530  302  2  -2  
11  50  47  602  530  302  2  -2  
11  50  47  608  530  302  2  -2  
11  50  47  618  530  302  2  -2  
11  50  47  626  530  302  2  -2  
11  50  47  635  530  302  2  -2  
11  50  47  641  530  302  2  -2  
11  50  47  652  530  302  2  -2  
11  50  47  659  530  302  2  -2  
11  50  47  669  530  302  2  -2  
11  50  47  675  529  302  2  -2  
11  50  47  685  529  302  2  -2  
11  50  47  691  524  302  2  -2  
11  50  47  702  524  302  2  -2  
11  50  47  709  517  302  2  -2  
11  50  47  719  514  302  2  -2  
11  50  47  726  507  302  2  -2  
11  50  47  735  502  302  2  -2  
11  50  47  741  495  302  2  -2  
11  50  47  752  488  302  2  -2  
11  50  47  759  484  303  2  -2  
11  50  47  768  479  303  2  -2  
11  50  47  776  475  304  2  -2  
11  50  48  786  470  304  2  -2  
11  50  48  792  467  306  2  -2  
11  50  48  802  464  306  2  -2  
11  50  48  809  460  307  2  -2  
11  50  48  818  456  307  2  -2  
11  50  48  826  453  307  2  -2  
11  50  48  835  448  308  2  -2  
11  50  48  842  443  309  2  -2  
11  50  48  852  439  309  2  -2  
11  50  48  859  433  310  2  -2  
11  50  48  869  427  312  2  -2  
11  50  48  877  417  313  2  -2  
11  50  48  887  413  314  2  -2  
11  50  48  892  409  315  2  -2  
11  50  48  902  409  315  2  -2  
11  50  48  909  404  317  2  -2  
11  50  48  919  401  317  2  -2  
11  50  48  927  399  318  3  -2  
11  50  48  936  396  318  3  -2  
11  50  48  943  395  319  3  -2  
11  50  48  952  392  319  3  -2  
11  50  48  960  389  321  3  -2  
11  50  48  969  384  322  3  -2  
11  50  48  976  380  322  3  -2  
11  50  48  986  377  322  3  -2  
11  50  48  992  373  323  3  -2  
11  50  48  1002  370  324  3  -2  
11  50  48  1009  365  326  3  -2  
11  50  48  1019  365  326  3  -2  
11  50  48  1026  362  326  3  -2  
11  50  48  1036  361  327  3  -2  
11  50  48  1044  361  327  3  -2  
11  50  48  1052  361  327  3  -2  
11  50  48  1060  361  327  3  -2  
11  50  48  1069  361  327  3  -2  
11  50  48  1076  361  327  3  -2  
11  50  48  1086  361  327  3  -2  
11  50  48  1095  361  327  3  -2  
11  50  48  1104  361  327  3  -2  
11  50  48  1114  361  327  3  -2  
11  50  48  1122  361  327  3  -2  
11  50  48  1129  361  327  3  -2  
11  50  48  1137  361  327  3  -2  
11  50  48  1146  361  327  3  -2  
11  50  48  1154  361  327  3  -2  
11  50  48  1164  361  327  3  -2  
11  50  48  1171  361  327  3  -2  
11  50  48  1179  361  327  3  -2  
11  50  48  1187  361  327  3  -2  
11  50  48  1196  361  327  3  -2  
11  50  48  1205  361  327  3  -2  
11  50  48  1214  361  327  3  -2  
11  50  48  1222  363  327  3  -2  
11  50  48  1230  365  327  3  -2  
11  50  48  1238  368  327  3  -2  
11  50  48  1248  372  326  3  -2  
11  50  48  1255  380  325  3  -2  
11  50  48  1264  390  325  3  -2  
11  50  48  1271  404  325  3  -2  
11  50  48  1280  417  323  3  -2  
11  50  48  1288  432  323  3  -2  
11  50  48  1296  446  321  3  -2  
11  50  48  1306  457  321  3  -2  
11  50  48  1314  467  321  3  -2  
11  50  48  1322  474  321  3  -2  
11  50  48  1330  479  321  3  -2  
11  50  48  1339  484  321  3  -2  
11  50  48  1348  490  320  3  -2  
11  50  48  1356  494  320  3  -2  
11  50  48  1366  495  320  4  -2  
11  50  48  1372  500  319  4  -2  
11  50  48  1380  500  319  4  -2  
11  50  48  1389  502  319  4  -2  
11  50  48  1396  509  319  4  -2  
11  50  48  1406  509  319  4  -2  
11  50  48  1414  516  319  4  -2  
11  50  48  1421  518  319  4  -2  
11  50  48  1430  518  319  4  -2  
11  50  48  1438  521  319  4  -2  
11  50  48  1448  522  319  4  -2  
11  50  48  1456  524  319  4  -2  
11  50  48  1464  525  319  4  -2  
11  50  48  1471  525  319  4  -2  
11  50  48  1480  525  319  4  -2  
11  50  48  1488  525  319  4  -2  
11  50  48  1496  525  319  4  -2  
11  50  48  1506  525  319  4  -2  
11  50  48  1516  525  319  4  -2  
11  50  48  1523  525  319  4  -2  
11  50  48  1531  525  319  4  -2  
11  50  48  1538  525  319  4  -2  
11  50  48  1546  525  319  4  -2  
11  50  48  1556  525  319  4  -2  
11  50  48  1564  525  319  4  -2  
11  50  48  1571  525  319  4  -2  
11  50  48  1580  525  319  4  -2  
11  50  48  1588  525  319  4  -2  
11  50  48  1597  525  319  4  -2  
11  50  48  1606  525  319  4  -2  
11  50  48  1614  525  319  4  -2  
11  50  48  1623  525  319  4  -2  
11  50  48  1631  525  319  4  -2  
11  50  48  1638  525  319  4  -2  
11  50  48  1647  525  319  4  -2  
11  50  48  1657  524  319  4  -2  
11  50  48  1667  523  319  4  -2  
11  50  48  1675  519  319  4  -2  
11  50  48  1684  516  319  4  -2  
11  50  48  1692  511  319  4  -2  
11  50  48  1702  506  319  4  -2  
11  50  48  1709  488  319  4  -2  
11  50  48  1718  479  319  4  -2  
11  50  48  1726  469  319  4  -2  
11  50  48  1736  461  319  4  -2  
11  50  48  1743  456  319  4  -2  
11  50  48  1752  447  319  4  -2  
11  50  48  1760  441  319  4  -2  
11  50  48  1769  434  319  4  -2  
11  50  48  1776  427  319  4  -2  
11  50  49  1786  420  319  4  -2  
11  50  49  1792  412  319  4  -2  
11  50  49  1802  403  320  4  -2  
