11  50  34  0  374  309  1  -2  
11  50  34  7  374  309  1  -2  
11  50  34  17  374  309  1  -2  
11  50  34  23  374  309  1  -2  
11  50  34  33  374  309  1  -2  
11  50  34  41  374  309  1  -2  
11  50  34  51  374  309  1  -2  
11  50  34  57  374  309  1  -2  
11  50  34  67  374  309  1  -2  
11  50  34  73  374  309  1  -2  
11  50  34  83  374  309  1  -2  
11  50  34  90  374  309  1  -2  
11  50  34  100  374  309  1  -2  
11  50  34  106  374  309  1  -2  
11  50  34  115  374  309  1  -2  
11  50  34  123  374  309  1  -2  
11  50  34  133  374  309  1  -2  
11  50  34  139  374  309  1  -2  
11  50  34  150  374  309  1  -2  
11  50  34  156  374  309  1  -2  
11  50  34  166  374  309  1  -2  
11  50  34  172  374  309  1  -2  
11  50  34  182  374  309  1  -2  
11  50  34  189  376  310  1  -2  
11  50  34  199  376  311  1  -2  
11  50  34  206  379  312  1  -2  
11  50  34  217  380  313  1  -2  
11  50  34  224  383  313  1  -2  
11  50  34  232  387  313  1  -2  
11  50  34  240  391  313  1  -2  
11  50  34  249  394  313  1  -2  
11  50  34  256  402  316  1  -2  
11  50  34  265  408  317  1  -2  
11  50  34  273  414  317  1  -2  
11  50  34  282  420  317  1  -2  
11  50  34  290  433  318  1  -2  
11  50  34  300  433  318  1  -2  
11  50  34  306  452  318  1  -2  
11  50  35  316  462  318  1  -2  
11  50  35  323  469  318  1  -2  
11  50  35  333  475  318  1  -2  
11  50  35  339  481  318  1  -2  
11  50  35  350  486  318  1  -2  
11  50  35  357  490  318  1  -2  
11  50  35  366  496  318  2  -2  
11  50  35  373  500  318  2  -2  
11  50  35  383  505  318  2  -2  
11  50  35  390  510  318  2  -2  
11  50  35  399  517  318  2  -2  
11  50  35  407  527  318  2  -2  
11  50  35  416  535  318  2  -2  
11  50  35  423  545  318  2  -2  
11  50  35  432  553  318  2  -2  
11  50  35  440  562  318  2  -2  
11  50  35  449  567  318  2  -2  
11  50  35  457  570  318  2  -2  
11  50  35  466  572  318  2  -2  
11  50  35  473  574  318  2  -2  
11  50  35  482  574  318  2  -2  
11  50  35  489  574  318  2  -2  
11  50  35  499  574  318  2  -2  
11  50  35  507  574  318  2  -2  
11  50  35  515  574  318  2  -2  
11  50  35  523  574  318  2  -2  
11  50  35  532  574  318  2  -2  
11  50  35  540  574  318  2  -2  
11  50  35  550  574  318  2  -2  
11  50  35  556  574  318  2  -2  
11  50  35  566  574  318  2  -2  
11  50  35  573  574  318  2  -2  
11  50  35  582  574  318  2  -2  
11  50  35  590  574  318  2  -2  
11  50  35  600  574  318  2  -2  
11  50  35  607  574  318  2  -2  
11  50  35  617  574  318  2  -2  
11  50  35  623  574  318  2  -2  
11  50  35  632  574  318  2  -2  
11  50  35  641  574  318  2  -2  
11  50  35  649  573  318  2  -2  
11  50  35  658  572  318  2  -2  
11  50  35  666  568  318  2  -2  
11  50  35  674  563  318  2  -2  
11  50  35  682  558  318  2  -2  
11  50  35  691  551  318  2  -2  
11  50  35  700  533  318  2  -2  
11  50  35  708  521  318  2  -2  
11  50  35  716  509  318  2  -2  
11  50  35  723  496  318  2  -2  
11  50  35  733  481  318  2  -2  
11  50  35  741  468  318  2  -2  
11  50  35  751  453  318  2  -2  
11  50  35  758  440  318  2  -2  
11  50  35  766  426  318  2  -2  
11  50  35  774  413  318  2  -2  
11  50  35  783  403  318  2  -2  
11  50  35  790  395  318  3  -2  
11  50  35  799  384  319  3  -2  
11  50  35  808  379  319  3  -2  
11  50  35  816  372  322  3  -2  
11  50  35  823  368  323  3  -2  
11  50  35  832  367  323  3  -2  
11  50  35  840  363  323  3  -2  
11  50  35  849  360  323  3  -2  
11  50  35  858  358  323  3  -2  
11  50  35  866  355  324  3  -2  
11  50  35  873  352  326  3  -2  
11  50  35  883  351  326  3  -2  
11  50  35  891  351  326  3  -2  
11  50  35  900  351  326  3  -2  
11  50  35  908  351  326  3  -2  
11  50  35  915  351  326  3  -2  
11  50  35  923  351  326  3  -2  
11  50  35  932  351  326  3  -2  
11  50  35  941  351  326  3  -2  
11  50  35  949  351  326  3  -2  
11  50  35  958  351  326  3  -2  
11  50  35  965  351  326  3  -2  
11  50  35  973  351  326  3  -2  
11  50  35  982  351  326  3  -2  
11  50  35  991  351  326  3  -2  
11  50  35  1000  352  326  3  -2  
11  50  35  1008  355  326  3  -2  
11  50  35  1015  360  326  3  -2  
11  50  35  1023  369  326  3  -2  
11  50  35  1032  379  326  3  -2  
11  50  35  1040  390  326  3  -2  
11  50  35  1049  404  326  3  -2  
11  50  35  1058  417  326  3  -2  
11  50  35  1065  432  326  3  -2  
11  50  35  1073  447  326  3  -2  
11  50  35  1083  458  326  3  -2  
11  50  35  1091  467  326  3  -2  
11  50  35  1100  480  326  3  -2  
11  50  35  1108  484  326  3  -2  
11  50  35  1116  489  326  3  -2  
11  50  35  1124  493  326  3  -2  
11  50  35  1133  494  326  3  -2  
11  50  35  1141  495  326  3  -2  
11  50  35  1149  497  326  4  -2  
11  50  35  1158  498  326  4  -2  
11  50  35  1166  501  326  4  -2  
11  50  35  1174  503  326  4  -2  
11  50  35  1183  505  326  4  -2  
11  50  35  1190  507  326  4  -2  
11  50  35  1199  512  326  4  -2  
11  50  35  1208  517  326  4  -2  
11  50  35  1216  521  326  4  -2  
11  50  35  1225  526  326  4  -2  
11  50  35  1232  529  326  4  -2  
11  50  35  1241  531  326  4  -2  
11  50  35  1249  531  326  4  -2  
11  50  35  1258  532  326  4  -2  
11  50  35  1265  532  326  4  -2  
11  50  35  1274  532  326  4  -2  
11  50  35  1282  532  326  4  -2  
11  50  35  1291  532  326  4  -2  
11  50  35  1299  532  326  4  -2  
11  50  35  1308  532  326  4  -2  
11  50  36  1316  532  326  4  -2  
11  50  36  1323  532  326  4  -2  
11  50  36  1332  532  326  4  -2  
11  50  36  1341  532  326  4  -2  
11  50  36  1349  532  326  4  -2  
11  50  36  1358  532  326  4  -2  
11  50  36  1365  532  326  4  -2  
11  50  36  1374  532  326  4  -2  
11  50  36  1382  532  326  4  -2  
11  50  36  1393  532  326  4  -2  
11  50  36  1401  532  326  4  -2  
11  50  36  1412  531  327  4  -2  
11  50  36  1419  525  327  4  -2  
11  50  36  1429  525  327  4  -2  
11  50  36  1435  515  328  4  -2  
11  50  36  1444  505  328  4  -2  
11  50  36  1453  493  328  4  -2  
11  50  36  1461  480  329  4  -2  
11  50  36  1469  465  329  4  -2  
11  50  36  1477  450  329  4  -2  
11  50  36  1486  431  332  4  -2  
11  50  36  1494  410  334  4  -2  
