10  38  18  0  372  308  1  -2  
10  38  18  10  372  308  1  -2  
10  38  18  16  372  308  1  -2  
10  38  18  26  372  308  1  -2  
10  38  18  32  372  308  1  -2  
10  38  18  41  372  308  1  -2  
10  38  18  50  372  308  1  -2  
10  38  18  58  372  308  1  -2  
10  38  18  65  372  308  1  -2  
10  38  18  73  372  308  1  -2  
10  38  18  81  372  308  1  -2  
10  38  18  90  372  308  1  -2  
10  38  18  99  372  308  1  -2  
10  38  18  107  372  308  1  -2  
10  38  18  115  372  308  1  -2  
10  38  18  124  372  308  1  -2  
10  38  18  132  372  308  1  -2  
10  38  18  140  372  308  1  -2  
10  38  18  149  372  308  1  -2  
10  38  18  157  372  308  1  -2  
10  38  18  165  372  308  1  -2  
10  38  18  174  372  308  1  -2  
10  38  18  183  372  308  1  -2  
10  38  18  192  372  308  1  -2  
10  38  18  199  372  308  1  -2  
10  38  18  207  372  308  1  -2  
10  38  18  215  372  308  1  -2  
10  38  18  225  372  308  1  -2  
10  38  18  233  372  308  1  -2  
10  38  18  241  372  308  1  -2  
10  38  18  249  372  308  1  -2  
10  38  18  257  372  308  1  -2  
10  38  18  266  372  308  1  -2  
10  38  18  275  372  308  1  -2  
10  38  18  283  372  308  1  -2  
10  38  18  290  372  308  1  -2  
10  38  18  298  372  308  1  -2  
10  38  18  307  372  308  1  -2  
10  38  18  315  372  308  1  -2  
10  38  18  324  372  308  1  -2  
10  38  18  332  372  308  1  -2  
10  38  18  341  372  308  1  -2  
10  38  18  349  372  308  1  -2  
10  38  18  357  378  308  1  -2  
10  38  18  366  385  309  1  -2  
10  38  18  374  392  310  1  -2  
10  38  18  383  402  313  1  -2  
10  38  18  390  409  314  1  -2  
10  38  18  399  416  314  1  -2  
10  38  18  407  424  315  1  -2  
10  38  18  416  431  316  1  -2  
10  38  18  424  438  316  1  -2  
10  38  19  433  444  319  1  -2  
10  38  19  441  449  320  1  -2  
10  38  19  449  454  320  1  -2  
10  38  19  457  457  320  1  -2  
10  38  19  466  460  320  1  -2  
10  38  19  474  464  320  1  -2  
10  38  19  482  467  320  1  -2  
10  38  19  490  472  320  1  -2  
10  38  19  501  479  321  1  -2  
10  38  19  507  486  321  1  -2  
10  38  19  516  498  325  2  -2  
10  38  19  525  507  326  2  -2  
10  38  19  534  517  326  2  -2  
10  38  19  543  540  329  2  -2  
10  38  19  551  549  331  2  -2  
10  38  19  559  555  332  2  -2  
10  38  19  567  557  332  2  -2  
10  38  19  576  558  332  2  -2  
10  38  19  584  558  332  2  -2  
10  38  19  593  558  332  2  -2  
10  38  19  600  558  332  2  -2  
10  38  19  607  558  332  2  -2  
10  38  19  615  558  332  2  -2  
10  38  19  624  558  332  2  -2  
10  38  19  633  558  332  2  -2  
10  38  19  642  558  332  2  -2  
10  38  19  649  558  332  2  -2  
10  38  19  657  558  332  2  -2  
10  38  19  666  558  332  2  -2  
10  38  19  674  558  332  2  -2  
10  38  19  682  558  332  2  -2  
10  38  19  691  558  332  2  -2  
10  38  19  698  559  332  2  -2  
10  38  19  708  559  332  2  -2  
10  38  19  715  559  332  2  -2  
10  38  19  724  559  332  2  -2  
10  38  19  733  559  332  2  -2  
10  38  19  742  559  332  2  -2  
10  38  19  751  559  332  2  -2  
10  38  19  759  557  332  2  -2  
10  38  19  767  555  332  2  -2  
10  38  19  777  553  332  2  -2  
10  38  19  787  550  332  2  -2  
10  38  19  794  549  331  2  -2  
10  38  19  804  545  331  2  -2  
10  38  19  809  542  331  2  -2  
10  38  19  819  540  330  2  -2  
10  38  19  826  534  328  2  -2  
10  38  19  836  532  328  2  -2  
10  38  19  844  528  328  2  -2  
10  38  19  852  525  327  2  -2  
10  38  19  859  520  327  2  -2  
10  38  19  869  516  327  2  -2  
10  38  19  876  513  326  2  -2  
10  38  19  886  506  326  2  -2  
10  38  19  895  500  325  2  -2  
10  38  19  904  488  323  2  -2  
10  38  19  911  478  322  2  -2  
10  38  19  919  469  320  2  -2  
10  38  19  926  461  319  2  -2  
10  38  19  936  454  319  2  -2  
10  38  19  944  445  319  2  -2  
10  38  19  952  435  316  2  -2  
10  38  19  960  426  315  2  -2  
10  38  19  971  416  314  2  -2  
10  38  19  977  409  313  2  -2  
10  38  19  988  399  310  3  -2  
10  38  19  993  392  310  3  -2  
10  38  19  1004  387  309  3  -2  
10  38  19  1010  382  309  3  -2  
10  38  19  1020  376  308  3  -2  
10  38  19  1027  374  307  3  -2  
10  38  19  1037  371  307  3  -2  
10  38  19  1044  370  307  3  -2  
10  38  19  1054  370  307  3  -2  
10  38  19  1061  370  307  3  -2  
10  38  19  1069  368  307  3  -2  
10  38  19  1077  368  307  3  -2  
10  38  19  1086  368  307  3  -2  
10  38  19  1094  368  307  3  -2  
10  38  19  1104  368  307  3  -2  
10  38  19  1110  368  307  3  -2  
10  38  19  1119  368  307  3  -2  
10  38  19  1126  368  307  3  -2  
10  38  19  1136  368  307  3  -2  
10  38  19  1144  368  307  3  -2  
10  38  19  1154  368  307  3  -2  
10  38  19  1161  368  307  3  -2  
10  38  19  1171  368  307  3  -2  
10  38  19  1177  368  307  3  -2  
10  38  19  1187  368  307  3  -2  
10  38  19  1194  368  307  3  -2  
10  38  19  1202  368  307  3  -2  
10  38  19  1211  368  307  3  -2  
10  38  19  1219  368  307  3  -2  
10  38  19  1228  368  307  3  -2  
10  38  19  1236  368  307  3  -2  
10  38  19  1245  368  307  3  -2  
10  38  19  1254  368  307  3  -2  
10  38  19  1261  368  307  3  -2  
10  38  19  1271  368  307  3  -2  
10  38  19  1278  368  307  3  -2  
10  38  19  1288  368  307  3  -2  
10  38  19  1294  368  307  3  -2  
10  38  19  1304  368  307  3  -2  
10  38  19  1311  368  307  3  -2  
10  38  19  1321  368  307  3  -2  
10  38  19  1328  368  307  3  -2  
10  38  19  1337  368  307  3  -2  
10  38  19  1344  368  307  3  -2  
10  38  19  1352  368  307  3  -2  
10  38  19  1361  368  307  3  -2  
10  38  19  1370  368  307  3  -2  
10  38  19  1377  368  307  3  -2  
10  38  19  1387  368  307  3  -2  
10  38  19  1394  368  307  3  -2  
10  38  19  1404  368  307  3  -2  
10  38  19  1410  368  307  3  -2  
10  38  19  1421  368  307  3  -2  
10  38  19  1428  368  307  3  -2  
10  38  20  1436  368  307  3  -2  
10  38  20  1444  368  307  3  -2  
10  38  20  1454  368  307  3  -2  
10  38  20  1460  368  307  3  -2  
10  38  20  1470  368  307  3  -2  
10  38  20  1477  368  307  3  -2  
10  38  20  1487  368  307  3  -2  
10  38  20  1496  368  307  3  -2  
10  38  20  1506  368  307  3  -2  
10  38  20  1511  368  307  3  -2  
10  38  20  1520  368  307  3  -2  
10  38  20  1529  368  307  3  -2  
10  38  20  1539  368  307  3  -2  
10  38  20  1545  368  307  3  -2  
10  38  20  1554  368  307  3  -2  
10  38  20  1562  368  307  3  -2  
10  38  20  1571  368  307  3  -2  
10  38  20  1577  368  307  3  -2  
10  38  20  1588  368  307  3  -2  
10  38  20  1596  368  307  3  -2  
10  38  20  1606  368  307  3  -2  
10  38  20  1612  368  307  3  -2  
10  38  20  1621  368  307  3  -2  
10  38  20  1627  368  307  3  -2  
10  38  20  1638  368  307  3  -2  
10  38  20  1646  368  307  3  -2  
10  38  20  1655  368  307  3  -2  
10  38  20  1662  368  307  3  -2  
10  38  20  1672  368  307  3  -2  
10  38  20  1678  368  307  3  -2  
10  38  20  1688  368  307  3  -2  
10  38  20  1695  368  307  3  -2  
10  38  20  1706  368  307  3  -2  
10  38  20  1712  368  307  3  -2  
10  38  20  1720  368  307  3  -2  
10  38  20  1728  368  307  3  -2  
10  38  20  1738  368  307  3  -2  
10  38  20  1746  368  307  3  -2  
10  38  20  1755  368  307  3  -2  
10  38  20  1762  368  307  3  -2  
10  38  20  1772  368  307  3  -2  
10  38  20  1779  368  307  3  -2  
10  38  20  1789  368  307  3  -2  
10  38  20  1795  368  307  3  -2  
10  38  20  1805  368  307  3  -2  
10  38  20  1812  368  307  3  -2  
10  38  20  1821  368  307  3  -2  
10  38  20  1829  368  307  3  -2  
10  38  20  1838  368  307  3  -2  
10  38  20  1845  368  307  3  -2  
10  38  20  1855  368  307  3  -2  
10  38  20  1862  368  307  3  -2  
10  38  20  1871  368  307  3  -2  
10  38  20  1878  368  307  3  -2  
10  38  20  1888  368  307  3  -2  
10  38  20  1896  368  307  3  -2  
10  38  20  1905  368  307  3  -2  
10  38  20  1912  368  307  3  -2  
10  38  20  1922  368  307  3  -2  
10  38  20  1928  368  307  3  -2  
10  38  20  1938  368  307  3  -2  
10  38  20  1945  368  307  3  -2  
10  38  20  1955  368  307  3  -2  
10  38  20  1962  368  307  3  -2  
10  38  20  1971  368  307  3  -2  
10  38  20  1978  371  307  3  -2  
10  38  20  1988  375  307  3  -2  
10  38  20  1994  379  307  3  -2  
10  38  20  2005  384  307  3  -2  
10  38  20  2012  389  307  3  -2  
10  38  20  2022  394  307  3  -2  
10  38  20  2029  403  307  3  -2  
10  38  20  2038  403  307  3  -2  
10  38  20  2044  412  307  3  -2  
10  38  20  2055  412  307  3  -2  
10  38  20  2062  422  307  3  -2  
10  38  20  2072  426  307  3  -2  
10  38  20  2077  431  309  3  -2  
10  38  20  2088  437  310  3  -2  
10  38  20  2096  447  312  3  -2  
10  38  20  2105  455  312  3  -2  
10  38  20  2114  466  313  3  -2  
10  38  20  2122  474  315  3  -2  
10  38  20  2130  481  317  3  -2  
10  38  20  2138  490  317  3  -2  
10  38  20  2146  496  317  4  -2  
10  38  20  2155  500  317  4  -2  
10  38  20  2162  502  317  4  -2  
10  38  20  2172  503  317  4  -2  
10  38  20  2178  504  317  4  -2  
10  38  20  2188  505  317  4  -2  
10  38  20  2194  505  317  4  -2  
10  38  20  2205  505  317  4  -2  
10  38  20  2212  506  317  4  -2  
10  38  20  2222  506  317  4  -2  
10  38  20  2228  509  317  4  -2  
10  38  20  2238  509  317  4  -2  
10  38  20  2246  514  317  4  -2  
10  38  20  2255  517  317  4  -2  
10  38  20  2262  517  317  4  -2  
10  38  20  2272  517  317  4  -2  
10  38  20  2278  517  317  4  -2  
10  38  20  2289  517  317  4  -2  
10  38  20  2295  517  317  4  -2  
10  38  20  2305  517  317  4  -2  
10  38  20  2312  517  317  4  -2  
10  38  20  2321  517  317  4  -2  
10  38  20  2329  517  317  4  -2  
10  38  20  2338  517  317  4  -2  
10  38  20  2346  517  317  4  -2  
10  38  20  2355  517  317  4  -2  
10  38  20  2363  517  317  4  -2  
10  38  20  2372  517  317  4  -2  
10  38  20  2379  517  317  4  -2  
10  38  20  2388  517  317  4  -2  
10  38  20  2396  518  316  4  -2  
10  38  20  2405  518  316  4  -2  
10  38  20  2413  518  316  4  -2  
10  38  20  2421  518  316  4  -2  
10  38  20  2428  518  316  4  -2  
10  38  21  2438  518  316  4  -2  
10  38  21  2446  518  316  4  -2  
10  38  21  2455  518  316  4  -2  
10  38  21  2462  518  316  4  -2  
10  38  21  2472  518  316  4  -2  
10  38  21  2479  518  316  4  -2  
10  38  21  2488  518  316  4  -2  
10  38  21  2496  518  316  4  -2  
10  38  21  2505  517  316  4  -2  
10  38  21  2514  515  316  4  -2  
10  38  21  2522  513  316  4  -2  
10  38  21  2531  511  316  4  -2  
10  38  21  2538  509  316  4  -2  
10  38  21  2546  505  316  4  -2  
10  38  21  2555  501  316  4  -2  
10  38  21  2562  496  316  4  -2  
10  38  21  2572  490  316  4  -2  
10  38  21  2579  483  316  4  -2  
10  38  21  2588  473  316  4  -2  
10  38  21  2594  464  316  4  -2  
10  38  21  2606  456  316  4  -2  
10  38  21  2613  444  316  4  -2  
10  38  21  2622  444  316  4  -2  
10  38  21  2629  435  316  4  -2  
10  38  21  2638  435  316  4  -2  
10  38  21  2646  429  316  4  -2  
10  38  21  2655  425  316  4  -2  
10  38  21  2662  421  316  4  -2  
10  38  21  2672  416  316  4  -2  
10  38  21  2679  411  316  4  -2  
10  38  21  2688  404  316  4  -2  
