10  38  10  0  381  295  1  -2  
10  38  10  9  381  295  1  -2  
10  38  10  16  381  295  1  -2  
10  38  10  28  381  295  1  -2  
10  38  10  35  381  295  1  -2  
10  38  10  45  381  295  1  -2  
10  38  10  52  381  295  1  -2  
10  38  10  61  381  295  1  -2  
10  38  10  68  381  295  1  -2  
10  38  10  77  381  295  1  -2  
10  38  10  86  381  295  1  -2  
10  38  10  97  381  295  1  -2  
10  38  10  104  381  295  1  -2  
10  38  10  114  381  295  1  -2  
10  38  10  122  381  295  1  -2  
10  38  10  131  381  295  1  -2  
10  38  10  141  381  295  1  -2  
10  38  10  149  381  295  1  -2  
10  38  10  159  381  295  1  -2  
10  38  10  167  381  295  1  -2  
10  38  10  175  381  295  1  -2  
10  38  10  186  381  295  1  -2  
10  38  10  196  381  295  1  -2  
10  38  10  201  381  295  1  -2  
10  38  10  211  381  295  1  -2  
10  38  10  218  383  295  1  -2  
10  38  10  227  386  295  1  -2  
10  38  10  235  387  295  1  -2  
10  38  10  245  390  295  1  -2  
10  38  10  251  392  295  1  -2  
10  38  10  262  395  295  1  -2  
10  38  10  267  401  296  1  -2  
10  38  10  278  407  299  1  -2  
10  38  10  286  410  299  1  -2  
10  38  10  294  416  301  1  -2  
10  38  10  301  421  302  1  -2  
10  38  10  310  425  303  1  -2  
10  38  10  317  432  303  1  -2  
10  38  10  327  439  307  1  -2  
10  38  10  334  442  307  1  -2  
10  38  10  345  448  307  1  -2  
10  38  10  351  452  308  1  -2  
10  38  10  360  459  310  1  -2  
10  38  11  367  464  310  1  -2  
10  38  11  377  473  311  1  -2  
10  38  11  384  483  313  1  -2  
10  38  11  392  491  313  1  -2  
10  38  11  401  503  316  2  -2  
10  38  11  410  513  316  2  -2  
10  38  11  417  521  318  2  -2  
10  38  11  427  524  318  2  -2  
10  38  11  434  529  318  2  -2  
10  38  11  446  529  318  2  -2  
10  38  11  451  530  318  2  -2  
10  38  11  462  533  318  2  -2  
10  38  11  468  533  318  2  -2  
10  38  11  477  535  318  2  -2  
10  38  11  485  538  318  2  -2  
10  38  11  496  542  318  2  -2  
10  38  11  501  547  321  2  -2  
10  38  11  511  551  321  2  -2  
10  38  11  517  553  321  2  -2  
10  38  11  528  554  321  2  -2  
10  38  11  534  554  321  2  -2  
10  38  11  542  554  321  2  -2  
10  38  11  551  554  321  2  -2  
10  38  11  561  554  321  2  -2  
10  38  11  568  554  321  2  -2  
10  38  11  577  554  321  2  -2  
10  38  11  584  554  321  2  -2  
10  38  11  592  555  321  2  -2  
10  38  11  602  555  321  2  -2  
10  38  11  611  556  321  2  -2  
10  38  11  617  556  321  2  -2  
10  38  11  628  556  321  2  -2  
10  38  11  636  556  321  2  -2  
10  38  11  645  556  321  2  -2  
10  38  11  652  556  321  2  -2  
10  38  11  660  556  321  2  -2  
10  38  11  669  557  321  2  -2  
10  38  11  678  557  321  2  -2  
10  38  11  685  555  320  2  -2  
10  38  11  695  553  320  2  -2  
10  38  11  703  549  319  2  -2  
10  38  11  710  547  319  2  -2  
10  38  11  718  543  319  2  -2  
10  38  11  727  540  319  2  -2  
10  38  11  735  536  318  2  -2  
10  38  11  745  533  318  2  -2  
10  38  11  751  529  318  2  -2  
10  38  11  760  524  318  2  -2  
10  38  11  769  521  318  2  -2  
10  38  11  777  516  318  2  -2  
10  38  11  785  511  318  2  -2  
10  38  11  795  505  317  2  -2  
10  38  11  801  491  314  2  -2  
10  38  11  814  491  314  2  -2  
10  38  11  821  479  312  2  -2  
10  38  11  829  474  312  2  -2  
10  38  11  836  468  312  2  -2  
10  38  11  845  463  312  2  -2  
10  38  11  854  458  311  2  -2  
10  38  11  862  454  309  2  -2  
10  38  11  868  451  309  2  -2  
10  38  11  877  449  309  2  -2  
10  38  11  885  449  309  2  -2  
10  38  11  895  447  308  2  -2  
10  38  11  903  447  308  2  -2  
10  38  11  912  447  308  2  -2  
10  38  11  920  445  308  2  -2  
10  38  11  929  445  308  2  -2  
10  38  11  935  442  308  2  -2  
10  38  11  946  442  308  2  -2  
10  38  11  953  438  308  2  -2  
10  38  11  962  438  308  2  -2  
10  38  11  969  433  307  2  -2  
10  38  11  979  431  307  2  -2  
10  38  11  986  429  307  2  -2  
10  38  11  996  429  307  2  -2  
10  38  11  1003  428  307  2  -2  
10  38  11  1013  427  307  2  -2  
10  38  11  1018  427  307  2  -2  
10  38  11  1029  427  307  2  -2  
10  38  11  1037  426  306  2  -2  
10  38  11  1046  425  305  2  -2  
10  38  11  1053  425  305  2  -2  
10  38  11  1062  425  305  2  -2  
10  38  11  1069  425  305  2  -2  
10  38  11  1079  422  305  2  -2  
10  38  11  1086  421  304  2  -2  
10  38  11  1096  418  304  2  -2  
10  38  11  1103  414  304  2  -2  
10  38  11  1112  413  304  2  -2  
10  38  11  1119  408  304  2  -2  
10  38  11  1129  404  303  2  -2  
10  38  11  1136  402  303  2  -2  
10  38  11  1146  399  303  2  -2  
10  38  11  1153  393  301  3  -2  
10  38  11  1162  393  301  3  -2  
10  38  11  1170  388  300  3  -2  
10  38  11  1179  387  300  3  -2  
10  38  11  1186  385  300  3  -2  
10  38  11  1195  385  300  3  -2  
10  38  11  1203  382  300  3  -2  
10  38  11  1212  381  299  3  -2  
10  38  11  1219  381  299  3  -2  
10  38  11  1229  378  299  3  -2  
10  38  11  1237  377  298  3  -2  
10  38  11  1246  375  298  3  -2  
10  38  11  1253  374  298  3  -2  
10  38  11  1262  374  298  3  -2  
10  38  11  1268  374  298  3  -2  
10  38  11  1279  374  298  3  -2  
10  38  11  1287  374  298  3  -2  
10  38  11  1296  374  298  3  -2  
10  38  11  1303  374  298  3  -2  
10  38  11  1312  374  298  3  -2  
10  38  11  1318  374  298  3  -2  
10  38  11  1329  374  298  3  -2  
10  38  11  1336  374  298  3  -2  
10  38  11  1346  374  298  3  -2  
10  38  11  1352  374  298  3  -2  
10  38  11  1362  374  298  3  -2  
10  38  12  1370  374  298  3  -2  
10  38  12  1379  374  298  3  -2  
10  38  12  1386  374  298  3  -2  
10  38  12  1396  374  298  3  -2  
10  38  12  1401  377  298  3  -2  
10  38  12  1412  377  298  3  -2  
10  38  12  1420  385  298  3  -2  
10  38  12  1429  390  300  3  -2  
10  38  12  1437  393  300  3  -2  
10  38  12  1446  398  301  3  -2  
10  38  12  1454  402  301  3  -2  
10  38  12  1462  405  302  3  -2  
10  38  12  1470  412  303  3  -2  
10  38  12  1479  420  306  3  -2  
10  38  12  1486  427  308  3  -2  
10  38  12  1496  434  309  3  -2  
10  38  12  1503  444  313  3  -2  
10  38  12  1512  451  315  3  -2  
10  38  12  1520  458  316  3  -2  
10  38  12  1529  467  320  3  -2  
10  38  12  1536  477  321  3  -2  
10  38  12  1546  483  322  3  -2  
10  38  12  1553  490  324  3  -2  
10  38  12  1562  490  324  3  -2  
10  38  12  1570  492  325  3  -2  
10  38  12  1579  494  325  3  -2  
10  38  12  1587  494  325  3  -2  
10  38  12  1596  494  325  3  -2  
10  38  12  1603  495  325  3  -2  
10  38  12  1613  495  325  3  -2  
10  38  12  1620  495  325  3  -2  
10  38  12  1629  499  325  4  -2  
10  38  12  1637  501  325  4  -2  
10  38  12  1646  505  325  4  -2  
10  38  12  1654  510  325  4  -2  
10  38  12  1662  515  325  4  -2  
10  38  12  1671  520  325  4  -2  
10  38  12  1679  524  325  4  -2  
10  38  12  1686  528  325  4  -2  
10  38  12  1696  529  325  4  -2  
10  38  12  1702  531  325  4  -2  
10  38  12  1712  531  325  4  -2  
10  38  12  1719  531  325  4  -2  
10  38  12  1729  531  325  4  -2  
10  38  12  1736  531  325  4  -2  
10  38  12  1746  531  325  4  -2  
10  38  12  1753  531  325  4  -2  
10  38  12  1762  531  325  4  -2  
10  38  12  1769  531  325  4  -2  
10  38  12  1779  531  325  4  -2  
10  38  12  1786  531  325  4  -2  
10  38  12  1796  531  325  4  -2  
10  38  12  1803  531  325  4  -2  
10  38  12  1812  531  325  4  -2  
10  38  12  1820  531  325  4  -2  
10  38  12  1829  531  325  4  -2  
10  38  12  1837  531  325  4  -2  
10  38  12  1846  527  325  4  -2  
10  38  12  1854  515  325  4  -2  
10  38  12  1863  502  325  4  -2  
10  38  12  1870  485  323  4  -2  
10  38  12  1879  467  320  4  -2  
10  38  12  1887  451  317  4  -2  
10  38  12  1896  436  316  4  -2  
10  38  12  1904  425  316  4  -2  
10  38  12  1913  413  316  4  -2  
10  38  12  1920  406  316  4  -2  
10  38  12  1929  401  316  4  -2  
