15  40  17  0  349  328  1  -2  
15  40  17  7  349  328  1  -2  
15  40  17  15  349  328  1  -2  
15  40  17  24  349  328  1  -2  
15  40  17  31  349  328  1  -2  
15  40  17  40  350  327  1  -2  
15  40  17  49  350  327  1  -2  
15  40  17  57  350  327  1  -2  
15  40  17  67  350  327  1  -2  
15  40  17  73  353  326  1  -2  
15  40  17  83  356  326  1  -2  
15  40  17  91  371  326  1  -2  
15  40  17  100  383  326  1  -2  
15  40  17  110  394  326  1  -2  
15  40  17  122  409  326  1  -2  
15  40  17  130  426  326  1  -2  
15  40  17  140  439  326  1  -2  
15  40  17  158  464  326  1  -2  
15  40  17  163  476  326  1  -2  
15  40  17  172  481  326  1  -2  
15  40  17  181  485  326  1  -2  
15  40  17  189  488  326  1  -2  
15  40  17  198  491  326  1  -2  
15  40  18  206  495  328  1  -2  
15  40  18  216  499  328  2  -2  
15  40  18  223  504  329  2  -2  
15  40  18  231  509  330  2  -2  
15  40  18  240  515  330  2  -2  
15  40  18  248  519  331  2  -2  
15  40  18  258  520  331  2  -2  
15  40  18  265  523  333  2  -2  
15  40  18  272  523  333  2  -2  
15  40  18  281  523  333  2  -2  
15  40  18  289  523  333  2  -2  
15  40  18  298  523  333  2  -2  
15  40  18  308  523  333  2  -2  
15  40  18  315  523  333  2  -2  
15  40  18  323  523  333  2  -2  
15  40  18  332  523  333  2  -2  
15  40  18  340  523  333  2  -2  
15  40  18  348  523  333  2  -2  
15  40  18  357  523  333  2  -2  
15  40  18  367  523  333  2  -2  
15  40  18  374  523  333  2  -2  
15  40  18  383  523  333  2  -2  
15  40  18  391  523  333  2  -2  
15  40  18  399  523  333  2  -2  
15  40  18  408  524  333  2  -2  
15  40  18  419  524  333  2  -2  
15  40  18  424  524  333  2  -2  
15  40  18  432  523  333  2  -2  
15  40  18  440  522  333  2  -2  
15  40  18  449  519  333  2  -2  
15  40  18  458  515  333  2  -2  
15  40  18  468  512  333  2  -2  
15  40  18  475  498  333  2  -2  
15  40  18  482  486  333  2  -2  
15  40  18  491  474  336  2  -2  
15  40  18  499  463  336  2  -2  
15  40  18  507  452  338  2  -2  
15  40  18  518  440  341  2  -2  
15  40  18  524  434  341  2  -2  
15  40  18  533  429  341  2  -2  
15  40  18  541  423  342  2  -2  
15  40  18  549  419  342  2  -2  
15  40  18  558  414  342  2  -2  
15  40  18  567  411  342  2  -2  
15  40  18  574  409  342  2  -2  
15  40  18  582  405  342  2  -2  
15  40  18  590  403  342  2  -2  
15  40  18  598  402  342  2  -2  
15  40  18  607  402  342  2  -2  
15  40  18  619  402  342  2  -2  
15  40  18  628  402  342  2  -2  
15  40  18  639  402  342  2  -2  
15  40  18  651  402  342  2  -2  
15  40  18  660  400  342  2  -2  
15  40  18  672  399  342  2  -2  
15  40  18  681  399  342  2  -2  
15  40  18  691  398  342  2  -2  
15  40  18  700  395  342  2  -2  
15  40  18  710  394  342  2  -2  
15  40  18  720  393  342  2  -2  
15  40  18  729  391  342  2  -2  
15  40  18  739  391  342  2  -2  
15  40  18  748  386  342  3  -2  
15  40  18  758  385  342  3  -2  
15  40  18  766  382  342  3  -2  
15  40  18  775  378  342  3  -2  
15  40  18  783  377  342  3  -2  
15  40  18  791  372  343  3  -2  
15  40  18  800  369  343  3  -2  
15  40  18  810  366  343  3  -2  
15  40  18  820  363  343  3  -2  
15  40  18  830  358  344  3  -2  
15  40  18  859  358  344  3  -2  
15  40  18  869  358  344  3  -2  
15  40  18  877  358  344  3  -2  
15  40  18  888  358  344  3  -2  
15  40  18  898  358  344  3  -2  
15  40  18  911  358  344  3  -2  
15  40  18  925  358  344  3  -2  
15  40  18  936  358  344  3  -2  
15  40  18  945  358  344  3  -2  
15  40  18  956  358  344  3  -2  
15  40  18  965  358  344  3  -2  
15  40  18  977  358  344  3  -2  
15  40  18  987  358  344  3  -2  
15  40  18  995  358  344  3  -2  
15  40  18  1006  358  344  3  -2  
15  40  18  1014  358  344  3  -2  
15  40  18  1023  358  344  3  -2  
15  40  18  1032  358  344  3  -2  
15  40  18  1041  358  344  3  -2  
15  40  18  1049  358  344  3  -2  
15  40  18  1058  358  344  3  -2  
15  40  18  1066  358  344  3  -2  
15  40  18  1075  360  344  3  -2  
15  40  18  1083  376  345  3  -2  
15  40  18  1090  386  346  3  -2  
15  40  18  1098  397  349  3  -2  
15  40  18  1108  410  350  3  -2  
15  40  18  1116  422  353  3  -2  
15  40  18  1125  434  353  3  -2  
15  40  18  1132  447  354  3  -2  
15  40  18  1141  461  356  3  -2  
15  40  18  1151  469  357  3  -2  
15  40  18  1161  481  359  3  -2  
15  40  18  1172  486  359  3  -2  
15  40  18  1181  502  361  3  -2  
15  40  18  1189  509  362  3  -2  
15  40  18  1198  514  362  3  -2  
15  40  19  1207  519  362  3  -2  
15  40  19  1215  524  363  3  -2  
15  40  19  1223  528  363  3  -2  
15  40  19  1231  533  363  3  -2  
15  40  19  1239  536  363  3  -2  
15  40  19  1248  538  365  3  -2  
15  40  19  1257  538  365  3  -2  
15  40  19  1265  539  365  3  -2  
15  40  19  1273  539  365  3  -2  
15  40  19  1281  539  365  3  -2  
15  40  19  1289  539  365  3  -2  
15  40  19  1299  539  365  3  -2  
15  40  19  1307  539  365  3  -2  
15  40  19  1315  539  365  3  -2  
15  40  19  1324  539  365  3  -2  
15  40  19  1332  540  365  3  -2  
15  40  19  1341  540  365  3  -2  
15  40  19  1350  540  365  3  -2  
15  40  19  1357  540  365  3  -2  
15  40  19  1366  540  365  3  -2  
15  40  19  1375  540  365  3  -2  
15  40  19  1383  540  365  3  -2  
15  40  19  1391  540  365  3  -2  
15  40  19  1402  540  365  3  -2  
15  40  19  1412  540  365  3  -2  
15  40  19  1431  540  365  3  -2  
15  40  19  1441  539  365  3  -2  
15  40  19  1451  539  365  3  -2  
15  40  19  1461  536  365  3  -2  
15  40  19  1472  534  365  3  -2  
15  40  19  1481  530  365  3  -2  
15  40  19  1491  526  365  3  -2  
15  40  19  1499  515  365  3  -2  
15  40  19  1507  515  365  3  -2  
15  40  19  1515  498  365  3  -2  
15  40  19  1524  490  365  3  -2  
15  40  19  1532  478  365  3  -2  
15  40  19  1541  465  365  3  -2  
15  40  19  1549  455  365  3  -2  
15  40  19  1557  445  365  3  -2  
15  40  19  1567  433  365  3  -2  
15  40  19  1576  423  365  3  -2  
15  40  19  1587  415  365  3  -2  
15  40  19  1594  409  365  3  -2  
15  40  19  1604  404  365  3  -2  
15  40  19  1612  397  365  3  -2  
15  40  19  1621  395  365  3  -2  
15  40  19  1628  394  365  3  -2  
15  40  19  1638  393  365  3  -2  
15  40  19  1645  392  365  3  -2  
15  40  19  1655  392  365  3  -2  
15  40  19  1661  391  365  3  -2  
15  40  19  1671  391  365  3  -2  
15  40  19  1678  389  365  3  -2  
15  40  19  1688  388  365  3  -2  
15  40  19  1694  387  365  3  -2  
15  40  19  1704  385  365  3  -2  
15  40  19  1712  384  365  3  -2  
15  40  19  1722  384  365  3  -2  
15  40  19  1731  383  365  3  -2  
15  40  19  1739  383  365  3  -2  
15  40  19  1747  383  365  3  -2  
15  40  19  1755  383  365  3  -2  
15  40  19  1763  383  365  3  -2  
15  40  19  1771  383  365  3  -2  
15  40  19  1780  383  365  3  -2  
15  40  19  1789  383  365  3  -2  
15  40  19  1797  383  365  3  -2  
15  40  19  1805  383  365  3  -2  
15  40  19  1812  383  365  3  -2  
15  40  19  1822  383  365  3  -2  
15  40  19  1830  383  365  3  -2  
15  40  19  1839  383  365  3  -2  
15  40  19  1849  383  365  3  -2  
15  40  19  1857  382  364  3  -2  
15  40  19  1867  381  364  3  -2  
15  40  19  1874  381  364  3  -2  
15  40  19  1883  381  364  3  -2  
15  40  19  1890  381  364  3  -2  
15  40  19  1901  379  364  3  -2  
15  40  19  1909  375  363  3  -2  
15  40  19  1918  372  361  3  -2  
15  40  19  1926  370  361  3  -2  
15  40  19  1935  365  361  3  -2  
15  40  19  1942  363  361  3  -2  
15  40  19  1952  359  360  3  -2  
15  40  19  1959  356  359  3  -2  
15  40  19  1968  354  359  3  -2  
15  40  19  1976  349  359  3  -2  
15  40  19  1985  345  358  3  -2  
15  40  19  1993  342  358  3  -2  
15  40  19  2004  337  358  3  -2  
15  40  19  2009  330  358  3  -2  
15  40  19  2021  330  358  3  -2  
15  40  19  2028  325  358  3  -2  
15  40  19  2037  325  358  3  -2  
15  40  19  2043  325  358  3  -2  
15  40  19  2053  325  358  3  -2  
15  40  19  2061  325  358  3  -2  
15  40  19  2071  325  358  3  -2  
15  40  19  2078  325  358  3  -2  
15  40  19  2088  325  358  3  -2  
15  40  19  2095  325  358  3  -2  
15  40  19  2103  325  358  3  -2  
15  40  19  2111  325  358  3  -2  
15  40  19  2120  325  358  3  -2  
15  40  19  2128  325  358  3  -2  
15  40  19  2137  325  358  3  -2  
15  40  19  2145  325  358  3  -2  
15  40  19  2154  325  358  3  -2  
15  40  19  2161  325  358  3  -2  
15  40  19  2170  325  358  3  -2  
15  40  19  2177  325  358  3  -2  
15  40  19  2186  325  358  3  -2  
15  40  19  2194  325  358  3  -2  
15  40  19  2202  325  358  3  -2  
15  40  20  2210  325  358  3  -2  
15  40  20  2219  325  358  3  -2  
15  40  20  2228  325  358  3  -2  
15  40  20  2236  325  358  3  -2  
