10  38  2  0  378  316  1  -2  
10  38  2  7  378  316  1  -2  
10  38  2  16  378  316  1  -2  
10  38  2  24  378  316  1  -2  
10  38  2  32  378  316  1  -2  
10  38  2  41  378  316  1  -2  
10  38  2  50  378  316  1  -2  
10  38  2  58  378  316  1  -2  
10  38  2  66  378  316  1  -2  
10  38  2  74  378  316  1  -2  
10  38  2  82  378  316  1  -2  
10  38  2  92  378  316  1  -2  
10  38  2  101  378  316  1  -2  
10  38  2  108  378  316  1  -2  
10  38  2  117  378  316  1  -2  
10  38  2  125  378  316  1  -2  
10  38  2  135  378  316  1  -2  
10  38  2  143  378  316  1  -2  
10  38  2  152  378  316  1  -2  
10  38  2  161  378  316  1  -2  
10  38  2  169  378  316  1  -2  
10  38  2  182  378  316  1  -2  
10  38  2  191  378  316  1  -2  
10  38  2  205  378  316  1  -2  
10  38  2  215  378  316  1  -2  
10  38  2  222  378  316  1  -2  
10  38  2  231  378  316  1  -2  
10  38  2  237  378  316  1  -2  
10  38  2  248  378  316  1  -2  
10  38  2  257  378  316  1  -2  
10  38  2  265  378  316  1  -2  
10  38  2  272  378  316  1  -2  
10  38  2  281  378  316  1  -2  
10  38  2  287  378  316  1  -2  
10  38  2  298  378  316  1  -2  
10  38  2  305  378  316  1  -2  
10  38  2  314  378  315  1  -2  
10  38  2  321  378  315  1  -2  
10  38  2  331  378  315  1  -2  
10  38  2  338  378  315  1  -2  
10  38  2  348  378  315  1  -2  
10  38  2  354  378  315  1  -2  
10  38  2  364  378  315  1  -2  
10  38  2  372  378  314  1  -2  
10  38  2  382  380  314  1  -2  
10  38  2  389  387  314  1  -2  
10  38  2  399  396  314  1  -2  
10  38  2  405  406  315  1  -2  
10  38  2  414  421  318  1  -2  
10  38  2  421  435  320  1  -2  
10  38  2  431  451  322  1  -2  
10  38  2  437  472  323  1  -2  
10  38  2  448  497  325  2  -2  
10  38  2  454  520  330  2  -2  
10  38  2  464  546  333  2  -2  
10  38  2  471  568  336  2  -2  
10  38  2  481  587  339  2  -2  
10  38  2  488  602  341  2  -2  
10  38  2  498  614  343  2  -2  
10  38  2  504  631  345  2  -2  
10  38  2  515  631  345  2  -2  
10  38  2  522  635  345  2  -2  
10  38  2  531  635  345  2  -2  
10  38  2  537  635  345  2  -2  
10  38  2  548  635  345  2  -2  
10  38  2  554  635  345  2  -2  
10  38  2  565  635  345  2  -2  
10  38  2  570  635  345  2  -2  
10  38  2  580  635  345  2  -2  
10  38  2  588  635  345  2  -2  
10  38  2  598  635  345  2  -2  
10  38  2  604  635  345  2  -2  
10  38  2  615  635  345  2  -2  
10  38  2  621  636  345  2  -2  
10  38  2  632  636  345  2  -2  
10  38  2  636  636  345  2  -2  
10  38  2  648  636  345  2  -2  
10  38  2  654  636  345  2  -2  
10  38  2  665  636  345  2  -2  
10  38  2  672  636  344  2  -2  
10  38  2  683  636  343  2  -2  
10  38  2  691  632  340  2  -2  
10  38  2  700  629  338  2  -2  
10  38  2  708  624  335  2  -2  
10  38  2  716  620  335  2  -2  
10  38  2  724  616  333  2  -2  
10  38  2  733  615  333  2  -2  
10  38  2  740  611  331  2  -2  
10  38  2  750  611  331  2  -2  
10  38  2  758  608  330  2  -2  
10  38  2  767  607  330  2  -2  
10  38  2  775  605  329  2  -2  
10  38  2  782  603  329  2  -2  
10  38  2  790  601  327  2  -2  
10  38  2  800  600  326  2  -2  
10  38  2  809  598  325  2  -2  
10  38  2  817  596  324  2  -2  
10  38  2  825  593  322  2  -2  
10  38  2  833  593  322  2  -2  
10  38  2  843  590  321  2  -2  
10  38  2  850  589  320  2  -2  
10  38  2  858  589  320  2  -2  
10  38  2  867  589  320  2  -2  
10  38  2  875  589  320  2  -2  
10  38  2  883  589  320  2  -2  
10  38  2  891  588  319  2  -2  
10  38  2  899  587  319  2  -2  
10  38  2  908  587  319  2  -2  
10  38  2  916  587  319  2  -2  
10  38  2  925  587  319  2  -2  
10  38  2  934  587  319  2  -2  
10  38  3  942  587  319  2  -2  
10  38  3  950  587  319  2  -2  
10  38  3  958  587  319  2  -2  
10  38  3  975  587  319  2  -2  
10  38  3  982  587  319  2  -2  
10  38  3  990  587  319  2  -2  
10  38  3  999  587  319  2  -2  
10  38  3  1007  587  319  2  -2  
10  38  3  1015  587  319  2  -2  
10  38  3  1024  587  319  2  -2  
10  38  3  1032  587  319  2  -2  
10  38  3  1042  587  319  2  -2  
10  38  3  1049  587  319  2  -2  
10  38  3  1057  587  319  2  -2  
10  38  3  1065  587  319  2  -2  
10  38  3  1074  587  319  2  -2  
10  38  3  1083  587  319  2  -2  
10  38  3  1090  587  319  2  -2  
10  38  3  1099  587  319  2  -2  
10  38  3  1106  587  319  2  -2  
10  38  3  1115  587  319  2  -2  
10  38  3  1124  587  319  2  -2  
10  38  3  1133  587  319  2  -2  
10  38  3  1141  587  319  2  -2  
10  38  3  1149  587  319  2  -2  
10  38  3  1157  587  319  2  -2  
10  38  3  1164  587  319  2  -2  
10  38  3  1174  587  319  2  -2  
10  38  3  1182  587  319  2  -2  
10  38  3  1190  587  319  2  -2  
10  38  3  1199  587  319  2  -2  
10  38  3  1207  587  319  2  -2  
10  38  3  1215  587  319  2  -2  
10  38  3  1224  587  319  2  -2  
10  38  3  1233  587  319  2  -2  
10  38  3  1241  587  319  2  -2  
10  38  3  1249  587  319  2  -2  
10  38  3  1257  587  319  2  -2  
10  38  3  1266  587  319  2  -2  
10  38  3  1274  587  319  2  -2  
10  38  3  1283  587  319  2  -2  
10  38  3  1291  587  319  2  -2  
10  38  3  1299  587  319  2  -2  
10  38  3  1307  587  319  2  -2  
10  38  3  1315  587  319  2  -2  
10  38  3  1323  587  319  2  -2  
10  38  3  1332  587  319  2  -2  
10  38  3  1340  587  319  2  -2  
10  38  3  1350  587  319  2  -2  
10  38  3  1358  587  319  2  -2  
10  38  3  1366  587  319  2  -2  
10  38  3  1373  587  319  2  -2  
10  38  3  1383  586  319  2  -2  
10  38  3  1391  584  319  2  -2  
10  38  3  1399  581  319  2  -2  
10  38  3  1407  577  319  2  -2  
10  38  3  1417  571  319  2  -2  
10  38  3  1425  561  319  2  -2  
10  38  3  1433  552  319  2  -2  
10  38  3  1440  541  319  2  -2  
10  38  3  1449  529  319  2  -2  
10  38  3  1457  516  319  2  -2  
10  38  3  1466  504  319  2  -2  
10  38  3  1474  481  319  2  -2  
10  38  3  1483  469  319  2  -2  
10  38  3  1490  457  319  2  -2  
10  38  3  1499  446  319  2  -2  
10  38  3  1508  436  317  2  -2  
10  38  3  1516  424  316  2  -2  
10  38  3  1524  414  315  2  -2  
10  38  3  1533  404  315  2  -2  
10  38  3  1542  392  315  3  -2  
10  38  3  1549  383  312  3  -2  
10  38  3  1558  373  310  3  -2  
10  38  3  1567  363  310  3  -2  
10  38  3  1575  354  309  3  -2  
10  38  3  1583  347  306  3  -2  
10  38  3  1591  338  305  3  -2  
10  38  3  1599  333  305  3  -2  
10  38  3  1608  328  304  3  -2  
10  38  3  1617  325  304  3  -2  
10  38  3  1624  322  303  3  -2  
10  38  3  1632  322  303  3  -2  
10  38  3  1641  322  303  3  -2  
10  38  3  1650  322  303  3  -2  
10  38  3  1657  322  303  3  -2  
10  38  3  1666  322  303  3  -2  
10  38  3  1674  322  303  3  -2  
10  38  3  1684  321  303  3  -2  
10  38  3  1691  320  303  3  -2  
10  38  3  1700  320  303  3  -2  
10  38  3  1708  320  303  3  -2  
10  38  3  1715  319  304  3  -2  
10  38  3  1726  319  304  3  -2  
10  38  3  1734  319  305  3  -2  
10  38  3  1741  319  305  3  -2  
10  38  3  1750  319  305  3  -2  
10  38  3  1758  319  306  3  -2  
10  38  3  1766  321  306  3  -2  
10  38  3  1775  322  306  3  -2  
10  38  3  1783  325  306  3  -2  
10  38  3  1791  326  306  3  -2  
10  38  3  1800  327  306  3  -2  
10  38  3  1808  329  306  3  -2  
10  38  3  1817  329  306  3  -2  
10  38  3  1825  329  306  3  -2  
10  38  3  1832  330  306  3  -2  
10  38  3  1841  331  306  3  -2  
10  38  3  1851  332  306  3  -2  
10  38  3  1859  336  306  3  -2  
10  38  3  1867  341  307  3  -2  
10  38  3  1875  349  310  3  -2  
10  38  3  1883  356  311  3  -2  
10  38  3  1891  368  312  3  -2  
10  38  3  1900  382  315  3  -2  
10  38  3  1908  394  316  3  -2  
10  38  3  1917  404  318  3  -2  
10  38  3  1927  416  318  3  -2  
10  38  3  1935  429  320  3  -2  
10  38  4  1945  441  322  3  -2  
10  38  4  1951  453  323  3  -2  
10  38  4  1960  461  324  3  -2  
10  38  4  1968  466  324  3  -2  
10  38  4  1976  473  324  3  -2  
10  38  4  1984  482  325  3  -2  
10  38  4  1992  489  325  3  -2  
10  38  4  2001  494  328  3  -2  
10  38  4  2010  501  329  4  -2  
10  38  4  2017  512  329  4  -2  
10  38  4  2027  512  329  4  -2  
10  38  4  2033  517  329  4  -2  
10  38  4  2043  521  330  4  -2  
10  38  4  2051  525  331  4  -2  
10  38  4  2061  527  331  4  -2  
10  38  4  2068  529  331  4  -2  
10  38  4  2076  530  331  4  -2  
10  38  4  2085  531  331  4  -2  
10  38  4  2093  531  331  4  -2  
10  38  4  2100  532  331  4  -2  
10  38  4  2111  532  331  4  -2  
10  38  4  2117  532  331  4  -2  
10  38  4  2125  533  331  4  -2  
10  38  4  2134  533  331  4  -2  
10  38  4  2143  533  331  4  -2  
10  38  4  2151  533  331  4  -2  
10  38  4  2159  533  331  4  -2  
10  38  4  2168  533  331  4  -2  
10  38  4  2178  533  331  4  -2  
10  38  4  2187  534  329  4  -2  
10  38  4  2197  532  327  4  -2  
10  38  4  2205  528  325  4  -2  
10  38  4  2214  524  325  4  -2  
10  38  4  2222  518  324  4  -2  
10  38  4  2231  511  323  4  -2  
10  38  4  2238  501  323  4  -2  
10  38  4  2247  492  323  4  -2  
10  38  4  2255  481  323  4  -2  
10  38  4  2265  470  319  4  -2  
10  38  4  2271  465  319  4  -2  
10  38  4  2280  460  319  4  -2  
10  38  4  2287  457  319  4  -2  
10  38  4  2297  456  319  4  -2  
10  38  4  2305  454  319  4  -2  
10  38  4  2314  454  319  4  -2  
10  38  4  2321  454  319  4  -2  
10  38  4  2330  453  319  4  -2  
10  38  4  2339  451  318  4  -2  
10  38  4  2347  449  317  4  -2  
10  38  4  2355  446  317  4  -2  
10  38  4  2364  442  316  4  -2  
10  38  4  2370  438  314  4  -2  
10  38  4  2381  433  313  4  -2  
10  38  4  2386  426  313  4  -2  
10  38  4  2397  419  312  4  -2  
10  38  4  2403  412  311  4  -2  
10  38  4  2413  403  311  4  -2  
