11  50  6  0  367  312  1  -2  
11  50  6  8  367  312  1  -2  
11  50  6  15  367  312  1  -2  
11  50  6  24  367  312  1  -2  
11  50  6  32  367  312  1  -2  
11  50  6  41  367  312  1  -2  
11  50  6  47  367  312  1  -2  
11  50  6  57  367  312  1  -2  
11  50  6  64  367  312  1  -2  
11  50  6  75  367  312  1  -2  
11  50  6  82  367  312  1  -2  
11  50  6  91  367  312  1  -2  
11  50  6  99  367  312  1  -2  
11  50  6  107  367  312  1  -2  
11  50  6  115  367  312  1  -2  
11  50  6  124  367  312  1  -2  
11  50  6  132  367  312  1  -2  
11  50  6  141  367  312  1  -2  
11  50  6  148  367  312  1  -2  
11  50  6  157  367  312  1  -2  
11  50  6  165  367  312  1  -2  
11  50  6  174  369  312  1  -2  
11  50  6  180  369  312  1  -2  
11  50  6  191  369  312  1  -2  
11  50  6  198  370  312  1  -2  
11  50  6  208  370  312  1  -2  
11  50  6  214  370  312  1  -2  
11  50  6  224  370  312  1  -2  
11  50  6  233  370  312  1  -2  
11  50  6  240  370  312  1  -2  
11  50  6  248  370  312  1  -2  
11  50  6  258  370  312  1  -2  
11  50  6  264  370  312  1  -2  
11  50  6  274  371  312  1  -2  
11  50  7  282  371  312  1  -2  
11  50  7  291  373  312  1  -2  
11  50  7  301  375  312  1  -2  
11  50  7  309  380  314  1  -2  
11  50  7  320  388  315  1  -2  
11  50  7  328  393  316  1  -2  
11  50  7  336  397  317  1  -2  
11  50  7  344  402  317  1  -2  
11  50  7  354  409  317  1  -2  
11  50  7  361  417  317  1  -2  
11  50  7  370  429  317  1  -2  
11  50  7  378  439  317  1  -2  
11  50  7  386  447  317  1  -2  
11  50  7  395  457  317  1  -2  
11  50  7  403  466  320  1  -2  
11  50  7  411  478  322  1  -2  
11  50  7  420  487  322  1  -2  
11  50  7  428  497  324  2  -2  
11  50  7  437  504  326  2  -2  
11  50  7  444  508  326  2  -2  
11  50  7  454  517  327  2  -2  
11  50  7  461  519  327  2  -2  
11  50  7  471  523  328  2  -2  
11  50  7  476  527  328  2  -2  
11  50  7  486  531  328  2  -2  
11  50  7  494  536  328  2  -2  
11  50  7  505  538  328  2  -2  
11  50  7  512  543  329  2  -2  
11  50  7  521  547  329  2  -2  
11  50  7  528  550  329  2  -2  
11  50  7  539  550  329  2  -2  
11  50  7  544  550  329  2  -2  
11  50  7  553  550  329  2  -2  
11  50  7  561  550  329  2  -2  
11  50  7  571  550  329  2  -2  
11  50  7  578  550  329  2  -2  
11  50  7  587  550  329  2  -2  
11  50  7  594  550  329  2  -2  
11  50  7  603  550  329  2  -2  
11  50  7  611  550  329  2  -2  
11  50  7  621  550  329  2  -2  
11  50  7  627  550  329  2  -2  
11  50  7  638  550  329  2  -2  
11  50  7  644  550  329  2  -2  
11  50  7  653  550  329  2  -2  
11  50  7  661  550  329  2  -2  
11  50  7  672  550  329  2  -2  
11  50  7  678  550  329  2  -2  
11  50  7  687  550  329  2  -2  
11  50  7  694  550  329  2  -2  
11  50  7  705  550  329  2  -2  
11  50  7  713  550  329  2  -2  
11  50  7  724  550  329  2  -2  
11  50  7  732  550  329  2  -2  
11  50  7  741  550  329  2  -2  
11  50  7  749  550  329  2  -2  
11  50  7  756  550  329  2  -2  
11  50  7  764  550  329  2  -2  
11  50  7  773  550  329  2  -2  
11  50  7  781  550  329  2  -2  
11  50  7  790  550  329  2  -2  
11  50  7  797  550  329  2  -2  
11  50  7  807  550  329  2  -2  
11  50  7  814  550  329  2  -2  
11  50  7  823  550  329  2  -2  
11  50  7  832  550  329  2  -2  
11  50  7  842  547  329  2  -2  
11  50  7  848  542  329  2  -2  
11  50  7  857  536  329  2  -2  
11  50  7  865  527  329  2  -2  
11  50  7  873  515  329  2  -2  
11  50  7  882  502  329  2  -2  
11  50  7  890  486  329  2  -2  
11  50  7  899  471  329  2  -2  
11  50  7  906  456  329  2  -2  
11  50  7  915  443  329  2  -2  
11  50  7  923  428  329  2  -2  
11  50  7  932  414  329  2  -2  
11  50  7  941  401  329  2  -2  
11  50  7  949  378  329  3  -2  
11  50  7  958  368  329  3  -2  
11  50  7  966  358  329  3  -2  
11  50  7  975  351  329  3  -2  
11  50  7  983  341  329  3  -2  
11  50  7  992  334  329  3  -2  
11  50  7  1000  327  329  3  -2  
11  50  7  1008  319  329  3  -2  
11  50  7  1016  314  329  3  -2  
11  50  7  1024  311  329  3  -2  
11  50  7  1032  308  329  3  -2  
11  50  7  1042  307  329  3  -2  
11  50  7  1050  305  329  3  -2  
11  50  7  1059  305  329  3  -2  
11  50  7  1066  304  329  3  -2  
11  50  7  1074  303  330  3  -2  
11  50  7  1083  303  330  3  -2  
11  50  7  1091  303  330  3  -2  
11  50  7  1101  303  330  3  -2  
11  50  7  1108  303  330  3  -2  
11  50  7  1116  303  330  3  -2  
11  50  7  1125  303  330  3  -2  
11  50  7  1133  303  330  3  -2  
11  50  7  1142  303  330  3  -2  
11  50  7  1150  303  330  3  -2  
11  50  7  1159  303  330  3  -2  
11  50  7  1167  303  330  3  -2  
11  50  7  1176  304  330  3  -2  
11  50  7  1183  307  330  3  -2  
11  50  7  1192  310  330  3  -2  
11  50  7  1200  317  330  3  -2  
11  50  7  1209  326  330  3  -2  
11  50  7  1216  339  330  3  -2  
11  50  7  1224  354  330  3  -2  
11  50  7  1232  370  330  3  -2  
11  50  7  1242  387  330  3  -2  
11  50  7  1250  402  330  3  -2  
11  50  7  1258  412  330  3  -2  
11  50  7  1266  421  330  3  -2  
11  50  7  1276  434  330  3  -2  
11  50  8  1283  444  330  3  -2  
11  50  8  1292  456  330  3  -2  
11  50  8  1300  463  329  3  -2  
11  50  8  1309  470  328  3  -2  
11  50  8  1317  480  328  3  -2  
11  50  8  1326  480  328  3  -2  
11  50  8  1335  488  325  3  -2  
11  50  8  1342  491  324  3  -2  
11  50  8  1350  496  323  4  -2  
11  50  8  1359  500  321  4  -2  
11  50  8  1367  504  321  4  -2  
11  50  8  1376  511  320  4  -2  
11  50  8  1384  526  320  4  -2  
11  50  8  1393  546  320  4  -2  
11  50  8  1401  570  320  4  -2  
11  50  8  1408  599  318  4  -2  
11  50  8  1417  619  313  4  -2  
11  50  8  1427  630  312  4  -2  
11  50  8  1434  636  311  4  -2  
11  50  8  1443  637  310  4  -2  
11  50  8  1451  637  310  4  -2  
11  50  8  1461  637  310  4  -2  
11  50  8  1467  637  310  4  -2  
11  50  8  1477  637  310  4  -2  
11  50  8  1485  631  310  4  -2  
11  50  8  1493  626  310  4  -2  
11  50  8  1503  623  310  4  -2  
11  50  8  1513  620  313  4  -2  
11  50  8  1526  614  315  4  -2  
11  50  8  1534  604  320  4  -2  
11  50  8  1543  597  322  4  -2  
11  50  8  1552  593  324  4  -2  
11  50  8  1559  589  326  4  -2  
11  50  8  1568  583  327  4  -2  
11  50  8  1577  583  328  4  -2  
11  50  8  1587  582  329  4  -2  
11  50  8  1596  581  329  4  -2  
11  50  8  1606  581  329  4  -2  
11  50  8  1613  581  329  4  -2  
11  50  8  1623  581  329  4  -2  
11  50  8  1629  581  329  4  -2  
11  50  8  1640  580  329  4  -2  
11  50  8  1646  577  329  4  -2  
11  50  8  1657  576  329  4  -2  
11  50  8  1663  572  329  4  -2  
11  50  8  1673  567  329  4  -2  
11  50  8  1681  562  329  4  -2  
11  50  8  1691  555  329  4  -2  
11  50  8  1698  545  329  4  -2  
11  50  8  1706  535  329  4  -2  
11  50  8  1714  523  329  4  -2  
11  50  8  1724  510  329  4  -2  
11  50  8  1732  498  330  4  -2  
11  50  8  1740  485  330  4  -2  
11  50  8  1748  477  330  4  -2  
11  50  8  1756  465  330  4  -2  
11  50  8  1765  458  330  4  -2  
11  50  8  1773  443  330  4  -2  
11  50  8  1783  438  330  4  -2  
11  50  8  1790  433  330  4  -2  
11  50  8  1799  421  330  4  -2  
11  50  8  1807  411  327  4  -2  
11  50  8  1816  399  327  4  -2  
