15  40  25  0  378  319  1  -2  
15  40  25  8  378  319  1  -2  
15  40  25  16  377  319  1  -2  
15  40  25  25  377  319  1  -2  
15  40  25  33  377  319  1  -2  
15  40  25  40  377  319  1  -2  
15  40  25  49  381  319  1  -2  
15  40  25  58  388  320  1  -2  
15  40  25  66  418  324  1  -2  
15  40  25  75  436  324  1  -2  
15  40  25  83  457  325  1  -2  
15  40  25  92  474  328  1  -2  
15  40  25  100  489  328  1  -2  
15  40  25  112  502  332  2  -2  
15  40  25  119  514  333  2  -2  
15  40  25  129  518  333  2  -2  
15  40  25  135  519  334  2  -2  
15  40  25  143  521  334  2  -2  
15  40  25  153  521  334  2  -2  
15  40  25  163  521  334  2  -2  
15  40  25  172  522  334  2  -2  
15  40  25  182  522  334  2  -2  
15  40  25  190  523  334  2  -2  
15  40  25  200  523  334  2  -2  
15  40  25  210  525  334  2  -2  
15  40  25  219  527  334  2  -2  
15  40  25  228  529  334  2  -2  
15  40  25  236  529  334  2  -2  
15  40  25  245  530  334  2  -2  
15  40  25  254  530  334  2  -2  
15  40  25  261  530  334  2  -2  
15  40  25  269  530  334  2  -2  
15  40  25  278  530  334  2  -2  
15  40  25  287  530  334  2  -2  
15  40  25  296  530  334  2  -2  
15  40  25  313  530  334  2  -2  
15  40  25  321  530  334  2  -2  
15  40  25  332  530  334  2  -2  
15  40  25  340  530  334  2  -2  
15  40  25  350  530  334  2  -2  
15  40  26  359  530  334  2  -2  
15  40  26  368  530  334  2  -2  
15  40  26  378  530  334  2  -2  
15  40  26  386  527  336  2  -2  
15  40  26  395  519  337  2  -2  
15  40  26  403  514  338  2  -2  
15  40  26  414  503  339  2  -2  
15  40  26  421  496  342  2  -2  
15  40  26  432  488  343  2  -2  
15  40  26  440  479  346  2  -2  
15  40  26  450  470  346  2  -2  
15  40  26  458  453  349  2  -2  
15  40  26  467  446  350  2  -2  
15  40  26  478  439  350  2  -2  
15  40  26  487  435  351  2  -2  
15  40  26  496  432  351  2  -2  
15  40  26  505  428  351  2  -2  
15  40  26  514  424  351  2  -2  
15  40  26  521  421  354  2  -2  
15  40  26  531  421  354  2  -2  
15  40  26  539  417  356  2  -2  
15  40  26  548  417  356  2  -2  
15  40  26  554  416  356  2  -2  
15  40  26  564  415  356  2  -2  
15  40  26  572  415  356  2  -2  
15  40  26  580  414  356  2  -2  
15  40  26  589  414  356  2  -2  
15  40  26  598  413  356  2  -2  
15  40  26  604  413  356  2  -2  
15  40  26  614  413  356  2  -2  
15  40  26  621  413  356  2  -2  
15  40  26  632  411  356  2  -2  
15  40  26  639  411  356  2  -2  
15  40  26  648  410  356  2  -2  
15  40  26  656  409  356  2  -2  
15  40  26  664  407  356  2  -2  
15  40  26  672  406  356  2  -2  
15  40  26  681  405  356  2  -2  
15  40  26  689  403  356  2  -2  
15  40  26  698  401  356  2  -2  
15  40  26  705  398  356  2  -2  
15  40  26  714  397  356  2  -2  
15  40  26  723  392  356  2  -2  
15  40  26  731  390  356  2  -2  
15  40  26  739  389  356  2  -2  
15  40  26  748  389  356  2  -2  
15  40  26  756  386  356  2  -2  
15  40  26  764  385  356  2  -2  
15  40  26  772  385  356  2  -2  
15  40  26  781  382  356  2  -2  
15  40  26  789  381  356  2  -2  
15  40  26  798  379  356  2  -2  
15  40  26  805  377  356  2  -2  
15  40  26  814  375  356  2  -2  
15  40  26  822  374  356  2  -2  
15  40  26  831  373  356  2  -2  
15  40  26  839  372  355  2  -2  
15  40  26  847  371  355  2  -2  
15  40  26  856  371  355  2  -2  
15  40  26  865  371  355  2  -2  
15  40  26  872  371  355  2  -2  
15  40  26  881  371  355  2  -2  
15  40  26  889  371  355  2  -2  
15  40  26  898  371  355  2  -2  
15  40  26  905  370  355  2  -2  
15  40  26  914  370  355  2  -2  
15  40  26  921  370  355  2  -2  
15  40  26  931  370  355  2  -2  
15  40  26  939  370  355  2  -2  
15  40  26  948  370  355  2  -2  
15  40  26  956  370  355  2  -2  
15  40  26  964  370  355  2  -2  
15  40  26  972  370  355  2  -2  
15  40  26  982  370  355  2  -2  
15  40  26  989  370  355  2  -2  
15  40  26  997  370  355  2  -2  
15  40  26  1006  370  355  2  -2  
15  40  26  1014  370  355  2  -2  
15  40  26  1023  370  355  2  -2  
15  40  26  1031  370  355  2  -2  
15  40  26  1039  370  355  2  -2  
15  40  26  1049  370  355  2  -2  
15  40  26  1059  370  355  2  -2  
15  40  26  1067  370  355  2  -2  
15  40  26  1077  370  355  2  -2  
15  40  26  1085  370  355  2  -2  
15  40  26  1094  370  355  2  -2  
15  40  26  1101  370  355  2  -2  
15  40  26  1111  370  355  2  -2  
15  40  26  1119  370  355  2  -2  
15  40  26  1127  370  355  2  -2  
15  40  26  1136  370  355  2  -2  
15  40  26  1144  373  355  2  -2  
15  40  26  1151  379  355  2  -2  
15  40  26  1159  389  355  2  -2  
15  40  26  1168  397  355  2  -2  
15  40  26  1175  411  353  2  -2  
15  40  26  1185  423  353  2  -2  
15  40  26  1195  431  350  2  -2  
15  40  26  1203  447  348  2  -2  
15  40  26  1212  454  348  2  -2  
15  40  26  1219  461  347  2  -2  
15  40  26  1231  465  347  2  -2  
15  40  26  1236  470  347  2  -2  
15  40  26  1247  475  347  2  -2  
15  40  26  1254  481  347  2  -2  
15  40  26  1262  488  347  2  -2  
15  40  26  1269  497  347  2  -2  
15  40  26  1281  503  347  2  -2  
15  40  26  1288  509  347  2  -2  
15  40  26  1298  514  347  2  -2  
15  40  26  1303  515  347  2  -2  
15  40  26  1313  515  347  2  -2  
15  40  26  1319  517  347  2  -2  
15  40  26  1330  517  347  2  -2  
15  40  26  1338  517  347  2  -2  
15  40  26  1347  517  347  2  -2  
15  40  26  1354  518  347  2  -2  
15  40  27  1363  520  347  2  -2  
15  40  27  1370  520  347  2  -2  
15  40  27  1380  520  347  2  -2  
15  40  27  1387  520  347  2  -2  
15  40  27  1396  520  347  2  -2  
15  40  27  1404  520  347  2  -2  
15  40  27  1413  520  347  2  -2  
15  40  27  1420  520  347  2  -2  
15  40  27  1430  520  347  2  -2  
15  40  27  1437  520  347  2  -2  
15  40  27  1446  520  347  2  -2  
15  40  27  1453  520  347  2  -2  
15  40  27  1463  520  347  2  -2  
15  40  27  1470  520  347  2  -2  
15  40  27  1482  520  347  2  -2  
15  40  27  1489  520  347  2  -2  
15  40  27  1496  520  347  2  -2  
15  40  27  1506  520  347  2  -2  
15  40  27  1513  520  347  2  -2  
15  40  27  1522  520  347  2  -2  
15  40  27  1530  520  347  2  -2  
15  40  27  1539  520  347  2  -2  
15  40  27  1547  520  347  2  -2  
15  40  27  1556  520  347  2  -2  
15  40  27  1563  520  347  2  -2  
15  40  27  1572  520  347  2  -2  
15  40  27  1580  520  347  2  -2  
15  40  27  1589  520  347  2  -2  
15  40  27  1598  520  347  2  -2  
15  40  27  1606  517  347  2  -2  
15  40  27  1613  512  347  2  -2  
15  40  27  1622  506  347  2  -2  
15  40  27  1631  494  347  2  -2  
15  40  27  1639  481  347  2  -2  
15  40  27  1648  466  347  2  -2  
15  40  27  1656  449  347  2  -2  
15  40  27  1663  433  347  2  -2  
15  40  27  1672  418  347  2  -2  
15  40  27  1680  401  347  2  -2  
15  40  27  1690  391  347  2  -2  
15  40  27  1698  376  347  3  -2  
15  40  27  1706  371  347  3  -2  
15  40  27  1714  367  347  3  -2  
15  40  27  1723  366  347  3  -2  
15  40  27  1731  366  347  3  -2  
15  40  27  1741  366  347  3  -2  
15  40  27  1750  365  347  3  -2  
15  40  27  1759  365  347  3  -2  
15  40  27  1767  365  347  3  -2  
15  40  27  1777  364  347  3  -2  
15  40  27  1784  363  347  3  -2  
15  40  27  1791  363  347  3  -2  
15  40  27  1799  362  347  3  -2  
15  40  27  1810  362  347  3  -2  
15  40  27  1817  361  347  3  -2  
15  40  27  1827  361  347  3  -2  
15  40  27  1834  361  347  3  -2  
15  40  27  1843  361  347  3  -2  
15  40  27  1850  361  347  3  -2  
15  40  27  1862  361  347  3  -2  
15  40  27  1868  361  347  3  -2  
15  40  27  1878  361  347  3  -2  
15  40  27  1885  361  347  3  -2  
15  40  27  1894  361  347  3  -2  
15  40  27  1901  361  347  3  -2  
15  40  27  1911  361  347  3  -2  
15  40  27  1918  361  347  3  -2  
15  40  27  1928  361  347  3  -2  
15  40  27  1937  361  347  3  -2  
15  40  27  1948  361  347  3  -2  
15  40  27  1955  361  347  3  -2  
15  40  27  1963  361  347  3  -2  
15  40  27  1972  361  347  3  -2  
15  40  27  1981  361  347  3  -2  
