10  24  27  0  362  307  1  -2  
10  24  27  8  362  307  1  -2  
10  24  27  17  362  307  1  -2  
10  24  27  25  362  307  1  -2  
10  24  27  34  362  307  1  -2  
10  24  27  42  362  307  1  -2  
10  24  27  50  362  307  1  -2  
10  24  27  59  362  307  1  -2  
10  24  27  67  362  307  1  -2  
10  24  27  76  362  307  1  -2  
10  24  27  84  362  307  1  -2  
10  24  27  92  362  307  1  -2  
10  24  27  100  362  307  1  -2  
10  24  27  109  362  307  1  -2  
10  24  27  117  362  307  1  -2  
10  24  27  125  362  307  1  -2  
10  24  27  133  362  307  1  -2  
10  24  27  142  362  307  1  -2  
10  24  27  151  362  307  1  -2  
10  24  27  158  362  307  1  -2  
10  24  27  167  362  307  1  -2  
10  24  27  175  362  307  1  -2  
10  24  27  184  362  307  1  -2  
10  24  27  192  362  307  1  -2  
10  24  27  200  362  307  1  -2  
10  24  27  208  362  307  1  -2  
10  24  27  217  362  307  1  -2  
10  24  27  225  363  306  1  -2  
10  24  27  234  363  306  1  -2  
10  24  27  242  364  306  1  -2  
10  24  27  251  364  306  1  -2  
10  24  27  259  366  306  1  -2  
10  24  27  267  367  306  1  -2  
10  24  27  276  367  306  1  -2  
10  24  27  284  367  306  1  -2  
10  24  27  292  369  305  1  -2  
10  24  27  301  370  305  1  -2  
10  24  27  308  371  305  1  -2  
10  24  28  318  372  305  1  -2  
10  24  28  326  376  305  1  -2  
10  24  28  335  376  305  1  -2  
10  24  28  343  382  305  1  -2  
10  24  28  351  385  305  1  -2  
10  24  28  359  390  304  1  -2  
10  24  28  366  394  304  1  -2  
10  24  28  376  399  303  1  -2  
10  24  28  385  404  303  1  -2  
10  24  28  394  409  303  1  -2  
10  24  28  401  416  303  1  -2  
10  24  28  409  421  303  1  -2  
10  24  28  418  426  303  1  -2  
10  24  28  426  430  303  1  -2  
10  24  28  435  435  303  1  -2  
10  24  28  442  440  303  1  -2  
10  24  28  450  444  303  1  -2  
10  24  28  459  448  303  1  -2  
10  24  28  468  453  303  1  -2  
10  24  28  475  458  303  1  -2  
10  24  28  485  463  303  1  -2  
10  24  28  492  470  303  1  -2  
10  24  28  501  474  303  1  -2  
10  24  28  509  479  304  1  -2  
10  24  28  519  480  304  1  -2  
10  24  28  525  486  304  1  -2  
10  24  28  535  486  304  1  -2  
10  24  28  544  490  304  1  -2  
10  24  28  550  493  305  1  -2  
10  24  28  560  493  305  1  -2  
10  24  28  568  494  305  1  -2  
10  24  28  576  496  305  2  -2  
10  24  28  583  496  305  2  -2  
10  24  28  593  496  305  2  -2  
10  24  28  601  496  305  2  -2  
10  24  28  609  497  305  2  -2  
10  24  28  617  497  305  2  -2  
10  24  28  626  498  305  2  -2  
10  24  28  635  498  305  2  -2  
10  24  28  642  499  305  2  -2  
10  24  28  651  499  305  2  -2  
10  24  28  658  500  305  2  -2  
10  24  28  667  502  306  2  -2  
10  24  28  676  502  306  2  -2  
10  24  28  685  502  306  2  -2  
10  24  28  691  502  306  2  -2  
10  24  28  701  503  306  2  -2  
10  24  28  709  503  306  2  -2  
10  24  28  718  503  306  2  -2  
10  24  28  726  503  306  2  -2  
10  24  28  735  503  306  2  -2  
10  24  28  744  503  306  2  -2  
10  24  28  751  503  306  2  -2  
10  24  28  759  503  306  2  -2  
10  24  28  767  503  306  2  -2  
10  24  28  776  503  306  2  -2  
10  24  28  785  503  306  2  -2  
10  24  28  792  503  306  2  -2  
10  24  28  801  503  306  2  -2  
10  24  28  811  503  306  2  -2  
10  24  28  819  503  306  2  -2  
10  24  28  826  503  306  2  -2  
10  24  28  836  503  306  2  -2  
10  24  28  843  503  306  2  -2  
10  24  28  851  503  306  2  -2  
10  24  28  859  503  306  2  -2  
10  24  28  869  503  306  2  -2  
10  24  28  876  503  306  2  -2  
10  24  28  885  503  306  2  -2  
10  24  28  893  503  306  2  -2  
10  24  28  901  503  306  2  -2  
10  24  28  910  503  306  2  -2  
10  24  28  919  503  306  2  -2  
10  24  28  927  503  306  2  -2  
10  24  28  935  503  306  2  -2  
10  24  28  943  503  306  2  -2  
10  24  28  951  503  306  2  -2  
10  24  28  959  503  306  2  -2  
10  24  28  969  503  306  2  -2  
10  24  28  976  503  306  2  -2  
10  24  28  985  503  306  2  -2  
10  24  28  993  503  306  2  -2  
10  24  28  1001  503  306  2  -2  
10  24  28  1009  503  306  2  -2  
10  24  28  1017  503  306  2  -2  
10  24  28  1026  503  306  2  -2  
10  24  28  1035  504  307  2  -2  
10  24  28  1042  504  308  2  -2  
10  24  28  1051  504  308  2  -2  
10  24  28  1059  501  309  2  -2  
10  24  28  1069  501  309  2  -2  
10  24  28  1076  499  310  2  -2  
10  24  28  1088  498  310  2  -2  
10  24  28  1095  495  310  2  -2  
10  24  28  1101  493  312  2  -2  
10  24  28  1109  493  312  2  -2  
10  24  28  1119  493  312  2  -2  
10  24  28  1126  488  312  2  -2  
10  24  28  1137  484  313  2  -2  
10  24  28  1144  482  313  2  -2  
10  24  28  1152  478  313  2  -2  
10  24  28  1160  474  313  2  -2  
10  24  28  1168  473  313  2  -2  
10  24  28  1176  470  313  2  -2  
10  24  28  1185  465  313  2  -2  
10  24  28  1192  462  313  2  -2  
10  24  28  1202  459  313  2  -2  
10  24  28  1210  455  313  2  -2  
10  24  28  1219  451  313  2  -2  
10  24  28  1226  447  313  2  -2  
10  24  28  1235  445  313  2  -2  
10  24  28  1243  441  313  2  -2  
10  24  28  1251  436  313  2  -2  
10  24  28  1260  432  313  2  -2  
10  24  28  1269  427  313  2  -2  
10  24  28  1276  424  313  2  -2  
10  24  28  1287  419  313  2  -2  
10  24  28  1293  411  313  2  -2  
10  24  28  1302  411  313  2  -2  
10  24  29  1311  407  313  2  -2  
10  24  29  1319  400  313  2  -2  
10  24  29  1326  400  313  2  -2  
10  24  29  1336  398  313  3  -2  
10  24  29  1343  389  313  3  -2  
10  24  29  1352  386  313  3  -2  
10  24  29  1360  383  313  3  -2  
10  24  29  1369  378  313  3  -2  
10  24  29  1376  375  313  3  -2  
10  24  29  1387  372  313  3  -2  
10  24  29  1395  371  313  3  -2  
10  24  29  1401  370  313  3  -2  
10  24  29  1409  370  313  3  -2  
10  24  29  1417  370  313  3  -2  
10  24  29  1425  370  313  3  -2  
10  24  29  1436  370  313  3  -2  
10  24  29  1443  370  313  3  -2  
10  24  29  1451  370  313  3  -2  
10  24  29  1459  370  313  3  -2  
10  24  29  1469  370  313  3  -2  
10  24  29  1476  369  313  3  -2  
10  24  29  1484  369  313  3  -2  
10  24  29  1491  369  313  3  -2  
10  24  29  1501  369  313  3  -2  
10  24  29  1508  369  313  3  -2  
10  24  29  1518  369  313  3  -2  
10  24  29  1525  369  313  3  -2  
10  24  29  1536  369  313  3  -2  
10  24  29  1541  369  313  3  -2  
10  24  29  1551  369  313  3  -2  
10  24  29  1560  369  313  3  -2  
10  24  29  1571  369  313  3  -2  
10  24  29  1576  369  313  3  -2  
10  24  29  1587  369  313  3  -2  
10  24  29  1594  370  313  3  -2  
10  24  29  1603  372  313  3  -2  
10  24  29  1609  374  313  3  -2  
10  24  29  1620  381  313  3  -2  
10  24  29  1626  387  313  3  -2  
10  24  29  1638  399  313  3  -2  
10  24  29  1644  426  313  3  -2  
10  24  29  1653  426  313  3  -2  
10  24  29  1659  439  313  3  -2  
10  24  29  1670  452  313  3  -2  
10  24  29  1677  477  313  3  -2  
10  24  29  1688  477  313  3  -2  
10  24  29  1694  496  313  4  -2  
10  24  29  1703  503  314  4  -2  
10  24  29  1711  507  314  4  -2  
10  24  29  1721  508  314  4  -2  
10  24  29  1726  511  314  4  -2  
10  24  29  1738  511  314  4  -2  
10  24  29  1744  511  314  4  -2  
10  24  29  1753  511  314  4  -2  
10  24  29  1760  511  314  4  -2  
10  24  29  1770  511  314  4  -2  
10  24  29  1776  511  314  4  -2  
10  24  29  1787  511  314  4  -2  
10  24  29  1793  511  314  4  -2  
10  24  29  1804  511  314  4  -2  
10  24  29  1810  511  314  4  -2  
10  24  29  1820  511  314  4  -2  
10  24  29  1827  511  314  4  -2  
10  24  29  1837  511  314  4  -2  
10  24  29  1844  511  314  4  -2  
10  24  29  1853  511  314  4  -2  
10  24  29  1860  511  314  4  -2  
10  24  29  1870  511  315  4  -2  
10  24  29  1878  509  317  4  -2  
10  24  29  1887  509  317  4  -2  
10  24  29  1894  501  318  4  -2  
10  24  29  1904  497  318  4  -2  
10  24  29  1910  491  318  4  -2  
10  24  29  1921  482  320  4  -2  
10  24  29  1927  474  320  4  -2  
10  24  29  1938  462  320  4  -2  
10  24  29  1944  450  320  4  -2  
10  24  29  1954  439  320  4  -2  
10  24  29  1961  427  320  4  -2  
10  24  29  1970  417  320  4  -2  
10  24  29  1977  409  320  4  -2  
10  24  29  1987  403  320  4  -2  
