10  24  19  0  360  314  1  -2  
10  24  19  8  360  314  1  -2  
10  24  19  16  360  314  1  -2  
10  24  19  25  360  314  1  -2  
10  24  19  32  360  314  1  -2  
10  24  19  43  360  314  1  -2  
10  24  19  49  360  314  1  -2  
10  24  19  60  360  314  1  -2  
10  24  19  66  360  314  1  -2  
10  24  19  75  360  314  1  -2  
10  24  19  83  360  314  1  -2  
10  24  19  91  360  314  1  -2  
10  24  19  99  360  314  1  -2  
10  24  19  110  360  314  1  -2  
10  24  19  116  360  314  1  -2  
10  24  19  125  360  314  1  -2  
10  24  19  133  360  314  1  -2  
10  24  19  143  360  314  1  -2  
10  24  19  149  360  314  1  -2  
10  24  19  160  360  314  1  -2  
10  24  19  166  360  314  1  -2  
10  24  19  175  361  314  1  -2  
10  24  19  183  361  314  1  -2  
10  24  19  193  361  314  1  -2  
10  24  19  199  362  314  1  -2  
10  24  19  211  362  314  1  -2  
10  24  19  216  363  314  1  -2  
10  24  19  226  363  314  1  -2  
10  24  19  232  365  314  1  -2  
10  24  19  243  365  314  1  -2  
10  24  19  252  367  314  1  -2  
10  24  19  260  369  314  1  -2  
10  24  19  266  369  314  1  -2  
10  24  19  277  373  314  1  -2  
10  24  19  283  378  314  1  -2  
10  24  19  294  378  314  1  -2  
10  24  19  301  387  314  1  -2  
10  24  19  311  392  314  1  -2  
10  24  19  318  398  314  1  -2  
10  24  19  327  404  314  1  -2  
10  24  19  334  409  314  1  -2  
10  24  19  344  414  314  1  -2  
10  24  19  351  421  314  1  -2  
10  24  19  361  427  314  1  -2  
10  24  19  367  433  314  1  -2  
10  24  19  377  438  314  1  -2  
10  24  19  383  443  314  1  -2  
10  24  19  393  447  314  1  -2  
10  24  19  401  450  314  1  -2  
10  24  19  410  455  314  1  -2  
10  24  19  417  459  314  1  -2  
10  24  19  427  465  314  1  -2  
10  24  19  434  471  314  1  -2  
10  24  19  443  476  314  1  -2  
10  24  19  451  479  314  1  -2  
10  24  19  460  482  314  1  -2  
10  24  19  467  486  314  1  -2  
10  24  19  477  486  314  1  -2  
10  24  19  484  490  314  1  -2  
10  24  19  494  492  314  1  -2  
10  24  19  501  493  314  1  -2  
10  24  19  511  494  314  1  -2  
10  24  19  518  496  314  2  -2  
10  24  19  527  497  314  2  -2  
10  24  19  534  497  314  2  -2  
10  24  19  543  498  313  2  -2  
10  24  19  552  499  313  2  -2  
10  24  19  561  500  313  2  -2  
10  24  19  567  501  313  2  -2  
10  24  19  577  501  313  2  -2  
10  24  19  582  502  313  2  -2  
10  24  19  593  503  313  2  -2  
10  24  19  601  504  313  2  -2  
10  24  19  610  505  313  2  -2  
10  24  19  617  505  313  2  -2  
10  24  19  627  507  313  2  -2  
10  24  19  634  508  313  2  -2  
10  24  19  643  508  313  2  -2  
10  24  19  651  508  313  2  -2  
10  24  19  660  508  313  2  -2  
10  24  19  667  508  313  2  -2  
10  24  19  677  508  313  2  -2  
10  24  19  683  508  313  2  -2  
10  24  19  694  508  313  2  -2  
10  24  19  701  508  313  2  -2  
10  24  19  711  508  313  2  -2  
10  24  19  717  508  313  2  -2  
10  24  19  727  508  313  2  -2  
10  24  19  734  508  313  2  -2  
10  24  19  744  508  313  2  -2  
10  24  19  752  508  313  2  -2  
10  24  20  760  508  313  2  -2  
10  24  20  767  508  313  2  -2  
10  24  20  777  508  313  2  -2  
10  24  20  783  508  313  2  -2  
10  24  20  794  508  313  2  -2  
10  24  20  801  508  313  2  -2  
10  24  20  811  508  313  2  -2  
10  24  20  817  508  313  2  -2  
10  24  20  827  508  313  2  -2  
10  24  20  835  508  313  2  -2  
10  24  20  844  508  313  2  -2  
10  24  20  851  508  313  2  -2  
10  24  20  860  508  313  2  -2  
10  24  20  867  508  313  2  -2  
10  24  20  877  508  313  2  -2  
10  24  20  884  494  313  2  -2  
10  24  20  894  484  313  2  -2  
10  24  20  901  472  316  2  -2  
10  24  20  911  460  317  2  -2  
10  24  20  918  452  317  2  -2  
10  24  20  927  442  317  2  -2  
10  24  20  934  435  317  2  -2  
10  24  20  944  428  317  2  -2  
10  24  20  952  423  317  2  -2  
10  24  20  960  418  317  2  -2  
10  24  20  967  413  317  2  -2  
10  24  20  977  406  317  2  -2  
10  24  20  985  399  317  3  -2  
10  24  20  994  394  317  3  -2  
10  24  20  1001  387  317  3  -2  
10  24  20  1010  382  317  3  -2  
10  24  20  1017  378  317  3  -2  
10  24  20  1026  374  317  3  -2  
10  24  20  1034  372  317  3  -2  
10  24  20  1043  369  317  3  -2  
10  24  20  1052  368  317  3  -2  
10  24  20  1061  367  317  3  -2  
10  24  20  1067  365  317  3  -2  
10  24  20  1077  365  317  3  -2  
10  24  20  1084  363  317  3  -2  
10  24  20  1094  363  317  3  -2  
10  24  20  1101  360  317  3  -2  
10  24  20  1110  357  317  3  -2  
10  24  20  1118  357  317  3  -2  
10  24  20  1127  356  317  3  -2  
10  24  20  1134  355  317  3  -2  
10  24  20  1143  354  317  3  -2  
10  24  20  1151  354  317  3  -2  
10  24  20  1159  354  317  3  -2  
10  24  20  1167  353  317  3  -2  
10  24  20  1175  353  317  3  -2  
10  24  20  1184  353  317  3  -2  
10  24  20  1193  353  317  3  -2  
10  24  20  1200  353  317  3  -2  
10  24  20  1210  353  317  3  -2  
10  24  20  1217  353  317  3  -2  
10  24  20  1227  353  317  3  -2  
10  24  20  1233  353  317  3  -2  
10  24  20  1242  353  317  3  -2  
10  24  20  1251  353  317  3  -2  
10  24  20  1259  353  317  3  -2  
10  24  20  1267  353  317  3  -2  
10  24  20  1275  353  317  3  -2  
10  24  20  1283  353  317  3  -2  
10  24  20  1293  353  317  3  -2  
10  24  20  1300  353  317  3  -2  
10  24  20  1309  353  317  3  -2  
10  24  20  1317  353  317  3  -2  
10  24  20  1326  353  317  3  -2  
10  24  20  1333  353  317  3  -2  
10  24  20  1343  353  317  3  -2  
10  24  20  1351  353  317  3  -2  
10  24  20  1360  353  317  3  -2  
10  24  20  1366  353  317  3  -2  
10  24  20  1375  353  317  3  -2  
10  24  20  1384  353  317  3  -2  
10  24  20  1393  353  317  3  -2  
10  24  20  1401  353  317  3  -2  
10  24  20  1409  353  317  3  -2  
10  24  20  1416  353  317  3  -2  
10  24  20  1425  353  317  3  -2  
10  24  20  1433  353  317  3  -2  
10  24  20  1443  353  317  3  -2  
10  24  20  1451  353  317  3  -2  
10  24  20  1459  353  317  3  -2  
10  24  20  1466  353  317  3  -2  
10  24  20  1476  353  317  3  -2  
10  24  20  1483  353  317  3  -2  
10  24  20  1493  353  317  3  -2  
10  24  20  1501  353  317  3  -2  
10  24  20  1509  353  317  3  -2  
10  24  20  1517  353  317  3  -2  
10  24  20  1526  353  317  3  -2  
10  24  20  1533  352  317  3  -2  
10  24  20  1543  352  317  3  -2  
10  24  20  1551  352  317  3  -2  
10  24  20  1559  352  317  3  -2  
10  24  20  1566  353  317  3  -2  
10  24  20  1575  353  317  3  -2  
10  24  20  1584  355  316  3  -2  
10  24  20  1593  357  316  3  -2  
10  24  20  1601  360  316  3  -2  
10  24  20  1609  362  315  3  -2  
10  24  20  1617  367  315  3  -2  
10  24  20  1625  371  315  3  -2  
10  24  20  1634  377  315  3  -2  
10  24  20  1643  386  315  3  -2  
10  24  20  1651  392  315  3  -2  
10  24  20  1659  397  315  3  -2  
10  24  20  1667  404  315  3  -2  
10  24  20  1675  411  315  3  -2  
10  24  20  1684  419  315  3  -2  
10  24  20  1693  426  315  3  -2  
10  24  20  1701  440  315  3  -2  
10  24  20  1709  448  315  3  -2  
10  24  20  1717  457  315  3  -2  
10  24  20  1726  462  315  3  -2  
10  24  20  1734  467  315  3  -2  
10  24  20  1743  471  315  3  -2  
10  24  20  1751  474  315  3  -2  
10  24  21  1759  476  315  3  -2  
10  24  21  1768  478  315  3  -2  
10  24  21  1777  479  315  3  -2  
10  24  21  1784  481  315  3  -2  
10  24  21  1794  482  315  3  -2  
10  24  21  1802  485  313  3  -2  
10  24  21  1811  485  313  3  -2  
10  24  21  1818  488  313  3  -2  
10  24  21  1827  489  313  3  -2  
10  24  21  1837  491  313  3  -2  
10  24  21  1846  493  313  3  -2  
10  24  21  1855  495  313  4  -2  
10  24  21  1863  496  313  4  -2  
10  24  21  1871  496  313  4  -2  
10  24  21  1879  496  313  4  -2  
10  24  21  1887  496  313  4  -2  
10  24  21  1896  496  313  4  -2  
10  24  21  1904  496  313  4  -2  
10  24  21  1912  496  313  4  -2  
10  24  21  1922  496  313  4  -2  
10  24  21  1931  496  313  4  -2  
10  24  21  2124  496  313  4  -2  
10  24  21  2132  463  318  4  -2  
10  24  21  2142  456  319  4  -2  
10  24  21  2147  445  321  4  -2  
10  24  21  2158  445  321  4  -2  
10  24  21  2165  426  322  4  -2  
10  24  21  2174  417  322  4  -2  
10  24  21  2181  409  322  4  -2  
10  24  21  2192  404  322  4  -2  
