11  25  20  0  373  319  1  -2  
11  25  20  8  373  319  1  -2  
11  25  20  18  373  319  1  -2  
11  25  20  26  373  319  1  -2  
11  25  20  34  373  319  1  -2  
11  25  20  43  373  319  1  -2  
11  25  20  50  373  319  1  -2  
11  25  20  60  373  319  1  -2  
11  25  20  67  373  319  1  -2  
11  25  20  76  373  319  1  -2  
11  25  20  84  373  319  1  -2  
11  25  20  92  373  319  1  -2  
11  25  20  100  373  319  1  -2  
11  25  20  110  373  319  1  -2  
11  25  20  117  376  319  1  -2  
11  25  20  126  388  319  1  -2  
11  25  20  133  399  319  1  -2  
11  25  20  142  411  319  1  -2  
11  25  20  151  426  319  1  -2  
11  25  20  160  441  319  1  -2  
11  25  20  167  453  322  1  -2  
11  25  20  176  466  325  1  -2  
11  25  20  184  478  325  1  -2  
11  25  20  194  486  325  1  -2  
11  25  20  202  497  325  2  -2  
11  25  20  209  498  325  2  -2  
11  25  20  218  498  325  2  -2  
11  25  20  226  504  325  2  -2  
11  25  20  234  507  325  2  -2  
11  25  20  242  512  325  2  -2  
11  25  20  251  516  325  2  -2  
11  25  20  260  521  325  2  -2  
11  25  20  267  525  325  2  -2  
11  25  20  276  527  325  2  -2  
11  25  20  285  529  325  2  -2  
11  25  20  291  529  325  2  -2  
11  25  20  301  529  325  2  -2  
11  25  20  310  529  325  2  -2  
11  25  20  318  529  325  2  -2  
11  25  20  326  529  325  2  -2  
11  25  20  334  529  325  2  -2  
11  25  20  342  529  325  2  -2  
11  25  20  351  529  325  2  -2  
11  25  20  360  529  325  2  -2  
11  25  20  367  529  325  2  -2  
11  25  20  375  529  325  2  -2  
11  25  20  384  529  325  2  -2  
11  25  20  392  529  325  2  -2  
11  25  20  401  529  325  2  -2  
11  25  20  410  529  325  2  -2  
11  25  20  419  529  325  2  -2  
11  25  20  426  529  325  2  -2  
11  25  20  434  529  325  2  -2  
11  25  20  443  529  325  2  -2  
11  25  20  452  529  325  2  -2  
11  25  20  460  529  325  2  -2  
11  25  20  469  529  325  2  -2  
11  25  20  476  529  325  2  -2  
11  25  20  485  529  325  2  -2  
11  25  20  493  529  325  2  -2  
11  25  20  501  529  325  2  -2  
11  25  20  511  529  325  2  -2  
11  25  20  517  529  325  2  -2  
11  25  20  526  529  325  2  -2  
11  25  20  534  529  325  2  -2  
11  25  20  542  529  325  2  -2  
11  25  20  552  529  325  2  -2  
11  25  20  560  529  325  2  -2  
11  25  20  567  529  325  2  -2  
11  25  20  577  529  325  2  -2  
11  25  20  585  529  325  2  -2  
11  25  20  593  529  325  2  -2  
11  25  20  601  529  325  2  -2  
11  25  20  611  529  325  2  -2  
11  25  20  618  529  325  2  -2  
11  25  20  626  529  325  2  -2  
11  25  20  635  529  325  2  -2  
11  25  20  643  529  325  2  -2  
11  25  20  652  529  325  2  -2  
11  25  20  660  527  325  2  -2  
11  25  20  668  526  325  2  -2  
11  25  20  676  521  325  2  -2  
11  25  20  685  514  325  2  -2  
11  25  20  692  502  326  2  -2  
11  25  20  702  493  328  2  -2  
11  25  20  710  485  330  2  -2  
11  25  20  719  478  330  2  -2  
11  25  20  726  473  331  2  -2  
11  25  20  734  466  331  2  -2  
11  25  20  743  456  331  2  -2  
11  25  20  752  443  331  2  -2  
11  25  20  760  426  331  2  -2  
11  25  20  769  409  331  2  -2  
11  25  20  775  393  331  3  -2  
11  25  20  786  380  331  3  -2  
11  25  20  794  369  331  3  -2  
11  25  20  802  368  331  3  -2  
11  25  20  811  368  331  3  -2  
11  25  20  818  368  331  3  -2  
11  25  20  827  368  331  3  -2  
11  25  20  835  368  331  3  -2  
11  25  20  844  368  331  3  -2  
11  25  20  851  368  331  3  -2  
11  25  20  860  368  331  3  -2  
11  25  20  869  368  331  3  -2  
11  25  20  877  368  331  3  -2  
11  25  20  885  368  331  3  -2  
11  25  20  892  368  331  3  -2  
11  25  20  901  368  331  3  -2  
11  25  20  911  368  331  3  -2  
11  25  20  919  368  331  3  -2  
11  25  20  926  368  331  3  -2  
11  25  20  935  368  331  3  -2  
11  25  20  943  368  331  3  -2  
11  25  21  952  368  331  3  -2  
11  25  21  961  368  331  3  -2  
11  25  21  968  368  331  3  -2  
11  25  21  977  368  331  3  -2  
11  25  21  985  368  331  3  -2  
11  25  21  992  368  331  3  -2  
11  25  21  1001  368  331  3  -2  
11  25  21  1011  368  331  3  -2  
11  25  21  1018  368  331  3  -2  
11  25  21  1027  368  331  3  -2  
11  25  21  1035  368  331  3  -2  
11  25  21  1044  368  331  3  -2  
11  25  21  1052  368  331  3  -2  
11  25  21  1061  368  331  3  -2  
11  25  21  1069  368  331  3  -2  
11  25  21  1076  368  331  3  -2  
11  25  21  1086  368  331  3  -2  
11  25  21  1094  368  331  3  -2  
11  25  21  1102  368  331  3  -2  
11  25  21  1110  368  331  3  -2  
11  25  21  1119  368  331  3  -2  
11  25  21  1127  368  331  3  -2  
11  25  21  1135  368  331  3  -2  
11  25  21  1144  368  331  3  -2  
11  25  21  1151  368  331  3  -2  
11  25  21  1161  368  331  3  -2  
11  25  21  1168  368  331  3  -2  
11  25  21  1177  368  331  3  -2  
11  25  21  1185  368  331  3  -2  
11  25  21  1192  368  331  3  -2  
11  25  21  1204  368  331  3  -2  
11  25  21  1211  368  331  3  -2  
11  25  21  1219  368  331  3  -2  
11  25  21  1227  368  331  3  -2  
11  25  21  1237  368  331  3  -2  
11  25  21  1245  368  331  3  -2  
11  25  21  1253  368  331  3  -2  
11  25  21  1262  368  331  3  -2  
11  25  21  1269  368  331  3  -2  
11  25  21  1278  368  331  3  -2  
11  25  21  1286  368  331  3  -2  
11  25  21  1294  368  331  3  -2  
11  25  21  1303  368  331  3  -2  
11  25  21  1311  375  331  3  -2  
11  25  21  1320  390  331  3  -2  
11  25  21  1328  412  331  3  -2  
11  25  21  1336  440  331  3  -2  
11  25  21  1344  474  331  3  -2  
11  25  21  1354  498  331  4  -2  
11  25  21  1361  533  331  4  -2  
11  25  21  1370  533  331  4  -2  
11  25  21  1379  552  331  4  -2  
11  25  21  1385  556  331  4  -2  
11  25  21  1395  556  331  4  -2  
11  25  21  1402  557  331  4  -2  
11  25  21  1411  557  331  4  -2  
11  25  21  1420  557  331  4  -2  
11  25  21  1427  557  331  4  -2  
11  25  21  1436  557  331  4  -2  
11  25  21  1443  557  331  4  -2  
11  25  21  1452  557  331  4  -2  
11  25  21  1463  557  331  4  -2  
11  25  21  1471  559  331  4  -2  
11  25  21  1482  559  331  4  -2  
11  25  21  1492  559  331  4  -2  
11  25  21  1499  559  331  4  -2  
11  25  21  1508  559  331  4  -2  
11  25  21  1514  559  331  4  -2  
11  25  21  1524  559  331  4  -2  
11  25  21  1532  559  331  4  -2  
11  25  21  1541  559  331  4  -2  
11  25  21  1548  559  331  4  -2  
11  25  21  1558  559  331  4  -2  
11  25  21  1565  559  331  4  -2  
11  25  21  1574  559  331  4  -2  
11  25  21  1582  559  331  4  -2  
11  25  21  1592  559  331  4  -2  
11  25  21  1597  559  331  4  -2  
11  25  21  1608  559  331  4  -2  
11  25  21  1615  559  331  4  -2  
11  25  21  1624  559  331  4  -2  
11  25  21  1632  559  331  4  -2  
11  25  21  1640  559  331  4  -2  
11  25  21  1648  559  331  4  -2  
11  25  21  1657  559  331  4  -2  
11  25  21  1663  559  331  4  -2  
11  25  21  1673  559  331  4  -2  
11  25  21  1681  559  331  4  -2  
11  25  21  1691  559  331  4  -2  
11  25  21  1698  559  331  4  -2  
11  25  21  1707  559  331  4  -2  
11  25  21  1714  559  331  4  -2  
11  25  21  1722  559  331  4  -2  
11  25  21  1731  559  331  4  -2  
