11  24  57  0  389  325  1  -2  
11  24  57  9  389  325  1  -2  
11  24  57  16  389  325  1  -2  
11  24  57  25  389  325  1  -2  
11  24  57  33  389  325  1  -2  
11  24  57  42  389  325  1  -2  
11  24  57  49  389  325  1  -2  
11  24  57  59  389  325  1  -2  
11  24  57  66  389  325  1  -2  
11  24  57  75  389  325  1  -2  
11  24  57  83  389  325  1  -2  
11  24  57  92  389  325  1  -2  
11  24  57  100  389  325  1  -2  
11  24  57  109  389  325  1  -2  
11  24  57  116  389  325  1  -2  
11  24  57  125  389  325  1  -2  
11  24  57  134  389  325  1  -2  
11  24  57  142  389  325  1  -2  
11  24  57  150  397  325  1  -2  
11  24  57  159  405  325  1  -2  
11  24  57  166  414  325  1  -2  
11  24  57  175  424  325  1  -2  
11  24  57  185  435  325  1  -2  
11  24  57  193  455  325  1  -2  
11  24  57  200  467  326  1  -2  
11  24  57  208  479  326  1  -2  
11  24  57  216  487  326  1  -2  
11  24  57  224  494  326  1  -2  
11  24  57  237  499  326  2  -2  
11  24  57  241  504  326  2  -2  
11  24  57  250  507  326  2  -2  
11  24  57  258  511  326  2  -2  
11  24  57  266  512  326  2  -2  
11  24  57  275  513  326  2  -2  
11  24  57  284  517  326  2  -2  
11  24  57  293  519  326  2  -2  
11  24  57  300  521  326  2  -2  
11  24  57  308  522  326  2  -2  
11  24  57  317  523  326  2  -2  
11  24  57  325  524  326  2  -2  
11  24  57  334  524  326  2  -2  
11  24  57  342  524  326  2  -2  
11  24  57  351  524  326  2  -2  
11  24  57  360  524  326  2  -2  
11  24  57  367  524  326  2  -2  
11  24  57  375  524  326  2  -2  
11  24  57  382  524  326  2  -2  
11  24  57  393  524  326  2  -2  
11  24  57  400  524  326  2  -2  
11  24  57  409  524  326  2  -2  
11  24  57  417  524  326  2  -2  
11  24  57  425  524  326  2  -2  
11  24  57  434  524  326  2  -2  
11  24  57  443  524  326  2  -2  
11  24  57  450  524  326  2  -2  
11  24  57  459  524  326  2  -2  
11  24  57  467  524  326  2  -2  
11  24  57  475  524  326  2  -2  
11  24  57  484  524  326  2  -2  
11  24  57  493  524  326  2  -2  
11  24  57  500  524  326  2  -2  
11  24  57  508  524  326  2  -2  
11  24  57  516  524  326  2  -2  
11  24  57  525  524  326  2  -2  
11  24  57  534  524  326  2  -2  
11  24  57  543  524  326  2  -2  
11  24  57  550  524  326  2  -2  
11  24  57  559  524  326  2  -2  
11  24  57  567  524  326  2  -2  
11  24  57  576  524  326  2  -2  
11  24  57  584  524  326  2  -2  
11  24  57  593  524  326  2  -2  
11  24  57  601  524  326  2  -2  
11  24  57  609  524  326  2  -2  
11  24  57  618  524  326  2  -2  
11  24  57  625  524  326  2  -2  
11  24  57  634  524  326  2  -2  
11  24  57  642  524  326  2  -2  
11  24  57  651  524  326  2  -2  
11  24  57  659  524  326  2  -2  
11  24  57  667  524  326  2  -2  
11  24  57  675  524  326  2  -2  
11  24  57  684  524  326  2  -2  
11  24  57  693  524  326  2  -2  
11  24  57  700  524  326  2  -2  
11  24  57  709  524  326  2  -2  
11  24  57  716  524  326  2  -2  
11  24  57  725  520  326  2  -2  
11  24  57  735  514  326  2  -2  
11  24  57  743  506  326  2  -2  
11  24  57  750  497  326  2  -2  
11  24  57  759  492  326  2  -2  
11  24  57  768  480  326  2  -2  
11  24  57  776  475  326  2  -2  
11  24  57  785  470  326  2  -2  
11  24  57  792  461  326  2  -2  
11  24  57  801  455  326  2  -2  
11  24  57  810  448  326  2  -2  
11  24  57  818  443  326  2  -2  
11  24  57  825  437  326  2  -2  
11  24  57  834  434  326  2  -2  
11  24  57  842  429  326  2  -2  
11  24  57  851  422  326  2  -2  
11  24  57  859  415  326  2  -2  
11  24  57  867  405  326  2  -2  
11  24  57  876  393  326  3  -2  
11  24  57  885  383  326  3  -2  
11  24  57  892  370  326  3  -2  
11  24  57  901  360  326  3  -2  
11  24  57  909  352  326  3  -2  
11  24  57  917  347  326  3  -2  
11  24  58  925  344  326  3  -2  
11  24  58  934  344  326  3  -2  
11  24  58  943  343  326  3  -2  
11  24  58  951  343  326  3  -2  
11  24  58  959  343  326  3  -2  
11  24  58  967  343  326  3  -2  
11  24  58  976  343  326  3  -2  
11  24  58  985  343  326  3  -2  
11  24  58  993  343  326  3  -2  
11  24  58  1001  343  326  3  -2  
11  24  58  1009  343  326  3  -2  
11  24  58  1020  343  326  3  -2  
11  24  58  1026  343  326  3  -2  
11  24  58  1035  343  326  3  -2  
11  24  58  1043  343  326  3  -2  
11  24  58  1051  343  326  3  -2  
11  24  58  1060  343  326  3  -2  
11  24  58  1069  343  326  3  -2  
11  24  58  1076  343  326  3  -2  
11  24  58  1086  343  326  3  -2  
11  24  58  1093  343  326  3  -2  
11  24  58  1101  343  326  3  -2  
11  24  58  1109  343  326  3  -2  
11  24  58  1119  343  326  3  -2  
11  24  58  1127  343  326  3  -2  
11  24  58  1135  343  326  3  -2  
11  24  58  1142  343  326  3  -2  
11  24  58  1151  343  326  3  -2  
11  24  58  1160  343  326  3  -2  
11  24  58  1169  343  326  3  -2  
11  24  58  1177  343  326  3  -2  
11  24  58  1184  343  326  3  -2  
11  24  58  1194  343  326  3  -2  
11  24  58  1201  343  326  3  -2  
11  24  58  1209  343  326  3  -2  
11  24  58  1219  343  326  3  -2  
11  24  58  1226  343  326  3  -2  
11  24  58  1237  343  326  3  -2  
11  24  58  1244  343  326  3  -2  
11  24  58  1251  343  326  3  -2  
11  24  58  1260  343  326  3  -2  
11  24  58  1269  343  326  3  -2  
11  24  58  1277  343  326  3  -2  
11  24  58  1287  343  326  3  -2  
11  24  58  1294  343  326  3  -2  
11  24  58  1302  343  326  3  -2  
11  24  58  1311  343  326  3  -2  
11  24  58  1319  343  326  3  -2  
11  24  58  1326  343  326  3  -2  
11  24  58  1335  343  326  3  -2  
11  24  58  1344  343  326  3  -2  
11  24  58  1351  343  326  3  -2  
11  24  58  1360  343  326  3  -2  
11  24  58  1369  344  326  3  -2  
11  24  58  1377  349  326  3  -2  
11  24  58  1385  358  326  3  -2  
11  24  58  1394  371  326  3  -2  
11  24  58  1402  390  328  3  -2  
11  24  58  1409  411  330  3  -2  
11  24  58  1419  434  333  3  -2  
11  24  58  1426  456  336  3  -2  
11  24  58  1437  473  339  3  -2  
11  24  58  1443  486  342  3  -2  
11  24  58  1452  493  342  3  -2  
11  24  58  1460  497  342  3  -2  
11  24  58  1469  500  342  3  -2  
11  24  58  1477  500  342  3  -2  
11  24  58  1486  501  342  3  -2  
11  24  58  1494  502  342  3  -2  
11  24  58  1502  503  342  3  -2  
11  24  58  1510  504  342  3  -2  
11  24  58  1519  506  342  3  -2  
11  24  58  1527  508  342  4  -2  
11  24  58  1535  510  342  4  -2  
11  24  58  1543  515  343  4  -2  
11  24  58  1555  518  343  4  -2  
11  24  58  1561  522  343  4  -2  
11  24  58  1570  523  343  4  -2  
11  24  58  1576  525  343  4  -2  
11  24  58  1587  525  343  4  -2  
11  24  58  1593  525  343  4  -2  
11  24  58  1602  526  343  4  -2  
11  24  58  1611  526  343  4  -2  
11  24  58  1620  526  343  4  -2  
11  24  58  1625  526  343  4  -2  
11  24  58  1637  526  343  4  -2  
11  24  58  1645  526  343  4  -2  
11  24  58  1654  526  343  4  -2  
11  24  58  1661  526  343  4  -2  
11  24  58  1669  526  343  4  -2  
11  24  58  1677  526  343  4  -2  
11  24  58  1688  526  343  4  -2  
11  24  58  1694  526  343  4  -2  
11  24  58  1704  526  343  4  -2  
11  24  58  1712  526  343  4  -2  
11  24  58  1722  526  343  4  -2  
11  24  58  1728  526  343  4  -2  
11  24  58  1739  526  343  4  -2  
11  24  58  1747  526  343  4  -2  
11  24  58  1756  526  343  4  -2  
11  24  58  1764  526  343  4  -2  
11  24  58  1772  526  343  4  -2  
11  24  58  1781  526  343  4  -2  
11  24  58  1790  526  343  4  -2  
11  24  58  1798  526  343  4  -2  
11  24  58  1807  526  343  4  -2  
11  24  58  1814  526  343  4  -2  
11  24  58  1822  526  343  4  -2  
11  24  58  1832  527  343  4  -2  
11  24  58  1841  527  343  4  -2  
11  24  58  1849  527  343  4  -2  
11  24  58  1857  527  343  4  -2  
11  24  58  1866  527  343  4  -2  
11  24  58  1874  527  343  4  -2  
11  24  58  1883  527  343  4  -2  
11  24  58  1891  527  343  4  -2  
11  24  58  1900  527  343  4  -2  
11  24  58  1908  527  343  4  -2  
11  24  58  1916  527  343  4  -2  
11  24  59  1925  527  343  4  -2  
11  24  59  1934  527  343  4  -2  
11  24  59  1941  526  343  4  -2  
11  24  59  1949  516  343  4  -2  
11  24  59  1956  502  343  4  -2  
11  24  59  1965  489  343  4  -2  
11  24  59  1974  473  343  4  -2  
11  24  59  1982  459  343  4  -2  
11  24  59  1990  443  342  4  -2  
11  24  59  1998  428  342  4  -2  
11  24  59  2007  413  342  4  -2  
