14  53  32  0  361  309  1  -2  
14  53  32  8  361  309  1  -2  
14  53  32  17  361  309  1  -2  
14  53  32  24  361  309  1  -2  
14  53  32  33  361  309  1  -2  
14  53  32  41  361  309  1  -2  
14  53  32  50  361  309  1  -2  
14  53  32  58  361  309  1  -2  
14  53  32  67  361  309  1  -2  
14  53  32  75  361  309  1  -2  
14  53  32  84  361  310  1  -2  
14  53  32  92  363  310  1  -2  
14  53  32  102  366  310  1  -2  
14  53  32  108  370  310  1  -2  
14  53  32  118  375  310  1  -2  
14  53  32  125  379  310  1  -2  
14  53  32  134  383  310  1  -2  
14  53  32  141  386  310  1  -2  
14  53  32  150  390  311  1  -2  
14  53  32  158  394  311  1  -2  
14  53  32  167  398  311  1  -2  
14  53  32  176  399  311  1  -2  
14  53  32  184  402  311  1  -2  
14  53  32  191  405  311  1  -2  
14  53  32  200  407  312  1  -2  
14  53  32  209  410  312  1  -2  
14  53  32  217  413  312  1  -2  
14  53  32  226  416  312  1  -2  
14  53  32  234  420  312  1  -2  
14  53  32  241  425  312  1  -2  
14  53  32  250  428  312  1  -2  
14  53  32  258  436  314  1  -2  
14  53  32  267  440  315  1  -2  
14  53  32  276  447  316  1  -2  
14  53  32  284  459  316  1  -2  
14  53  32  291  464  317  1  -2  
14  53  32  301  464  317  1  -2  
14  53  32  309  475  320  1  -2  
14  53  32  318  480  321  1  -2  
14  53  32  326  486  322  1  -2  
14  53  32  334  491  322  1  -2  
14  53  32  342  496  323  2  -2  
14  53  32  352  501  323  2  -2  
14  53  32  358  506  325  2  -2  
14  53  32  369  508  325  2  -2  
14  53  32  376  510  325  2  -2  
14  53  32  384  511  325  2  -2  
14  53  32  391  511  325  2  -2  
14  53  32  400  511  325  2  -2  
14  53  32  409  511  325  2  -2  
14  53  32  417  511  325  2  -2  
14  53  32  426  511  325  2  -2  
14  53  32  433  511  325  2  -2  
14  53  32  440  512  325  2  -2  
14  53  32  450  513  325  2  -2  
14  53  32  459  514  325  2  -2  
14  53  32  467  516  325  2  -2  
14  53  32  476  517  326  2  -2  
14  53  32  483  518  326  2  -2  
14  53  32  492  518  326  2  -2  
14  53  32  501  518  326  2  -2  
14  53  32  508  518  326  2  -2  
14  53  32  518  518  326  2  -2  
14  53  32  526  518  326  2  -2  
14  53  32  533  518  326  2  -2  
14  53  32  540  518  326  2  -2  
14  53  32  550  518  326  2  -2  
14  53  32  559  518  326  2  -2  
14  53  32  567  518  326  2  -2  
14  53  32  576  518  326  2  -2  
14  53  32  584  518  326  2  -2  
14  53  32  590  518  326  2  -2  
14  53  32  600  518  326  2  -2  
14  53  32  607  518  326  2  -2  
14  53  32  617  518  326  2  -2  
14  53  32  625  518  326  2  -2  
14  53  32  633  518  326  2  -2  
14  53  32  640  518  326  2  -2  
14  53  32  649  518  326  2  -2  
14  53  32  658  518  326  2  -2  
14  53  32  666  518  326  2  -2  
14  53  32  675  518  326  2  -2  
14  53  32  683  518  326  2  -2  
14  53  32  690  518  326  2  -2  
14  53  32  699  518  326  2  -2  
14  53  32  707  518  326  2  -2  
14  53  32  716  518  326  2  -2  
14  53  32  725  518  326  2  -2  
14  53  32  732  518  326  2  -2  
14  53  32  741  518  326  2  -2  
14  53  32  749  518  326  2  -2  
14  53  32  759  518  326  2  -2  
14  53  32  766  518  326  2  -2  
14  53  32  775  518  326  2  -2  
14  53  32  782  518  326  2  -2  
14  53  32  792  518  326  2  -2  
14  53  32  799  518  326  2  -2  
14  53  32  807  518  326  2  -2  
14  53  32  816  518  326  2  -2  
14  53  33  825  518  326  2  -2  
14  53  33  832  518  326  2  -2  
14  53  33  841  518  326  2  -2  
14  53  33  850  518  326  2  -2  
14  53  33  858  518  326  2  -2  
14  53  33  867  518  326  2  -2  
14  53  33  875  518  326  2  -2  
14  53  33  883  518  326  2  -2  
14  53  33  891  518  326  2  -2  
14  53  33  899  518  326  2  -2  
14  53  33  908  518  326  2  -2  
14  53  33  916  518  326  2  -2  
14  53  33  925  518  326  2  -2  
14  53  33  933  518  326  2  -2  
14  53  33  941  515  326  2  -2  
14  53  33  950  511  325  2  -2  
14  53  33  958  509  325  2  -2  
14  53  33  966  504  325  2  -2  
14  53  33  975  498  324  2  -2  
14  53  33  982  490  323  2  -2  
14  53  33  991  481  320  2  -2  
14  53  33  999  474  319  2  -2  
14  53  33  1008  462  317  2  -2  
14  53  33  1016  455  314  2  -2  
14  53  33  1026  443  313  2  -2  
14  53  33  1032  433  312  2  -2  
14  53  33  1041  424  312  2  -2  
14  53  33  1050  417  310  2  -2  
14  53  33  1058  409  309  2  -2  
14  53  33  1066  403  308  2  -2  
14  53  33  1076  401  307  2  -2  
14  53  33  1084  398  307  3  -2  
14  53  33  1094  398  307  3  -2  
14  53  33  1102  398  307  3  -2  
14  53  33  1110  398  307  3  -2  
14  53  33  1117  391  307  3  -2  
14  53  33  1126  389  307  3  -2  
14  53  33  1135  386  307  3  -2  
14  53  33  1142  381  307  3  -2  
14  53  33  1150  380  307  3  -2  
14  53  33  1159  377  307  3  -2  
14  53  33  1166  375  307  3  -2  
14  53  33  1175  375  307  3  -2  
14  53  33  1184  375  307  3  -2  
14  53  33  1193  375  307  3  -2  
14  53  33  1200  375  307  3  -2  
14  53  33  1208  375  307  3  -2  
14  53  33  1217  375  307  3  -2  
14  53  33  1226  375  307  3  -2  
14  53  33  1233  375  307  3  -2  
14  53  33  1242  375  307  3  -2  
14  53  33  1250  375  307  3  -2  
14  53  33  1259  375  307  3  -2  
14  53  33  1267  375  307  3  -2  
14  53  33  1276  375  307  3  -2  
14  53  33  1285  375  307  3  -2  
14  53  33  1292  375  307  3  -2  
14  53  33  1300  375  307  3  -2  
14  53  33  1309  375  307  3  -2  
14  53  33  1318  375  307  3  -2  
14  53  33  1326  375  307  3  -2  
14  53  33  1335  375  307  3  -2  
14  53  33  1343  375  307  3  -2  
14  53  33  1350  375  307  3  -2  
14  53  33  1359  375  307  3  -2  
14  53  33  1367  375  307  3  -2  
14  53  33  1376  375  307  3  -2  
14  53  33  1386  375  307  3  -2  
14  53  33  1394  375  307  3  -2  
14  53  33  1401  375  307  3  -2  
14  53  33  1410  375  307  3  -2  
14  53  33  1418  375  307  3  -2  
14  53  33  1427  375  307  3  -2  
14  53  33  1435  375  307  3  -2  
14  53  33  1443  375  307  3  -2  
14  53  33  1450  375  307  3  -2  
14  53  33  1461  375  307  3  -2  
14  53  33  1467  375  307  3  -2  
14  53  33  1477  376  308  3  -2  
14  53  33  1485  381  308  3  -2  
14  53  33  1493  387  309  3  -2  
14  53  33  1502  392  309  3  -2  
14  53  33  1509  399  310  3  -2  
14  53  33  1519  408  313  3  -2  
14  53  33  1526  416  314  3  -2  
14  53  33  1536  423  314  3  -2  
14  53  33  1542  433  315  3  -2  
14  53  33  1551  440  316  3  -2  
14  53  33  1561  449  319  3  -2  
14  53  33  1568  453  319  3  -2  
14  53  33  1575  458  320  3  -2  
14  53  33  1586  466  321  3  -2  
14  53  33  1592  469  321  3  -2  
14  53  33  1600  473  321  3  -2  
14  53  33  1609  477  322  3  -2  
14  53  33  1618  480  322  3  -2  
14  53  33  1626  483  324  3  -2  
14  53  33  1635  487  324  3  -2  
14  53  33  1642  492  325  3  -2  
14  53  33  1652  492  325  3  -2  
14  53  33  1660  499  326  4  -2  
14  53  33  1669  500  326  4  -2  
14  53  33  1677  503  326  4  -2  
14  53  33  1685  505  326  4  -2  
14  53  33  1694  505  326  4  -2  
14  53  33  1701  505  326  4  -2  
14  53  33  1710  507  326  4  -2  
14  53  33  1718  507  326  4  -2  
14  53  33  1727  507  326  4  -2  
14  53  33  1735  507  326  4  -2  
14  53  33  1744  509  327  4  -2  
14  53  33  1751  509  327  4  -2  
14  53  33  1758  509  327  4  -2  
14  53  33  1767  509  327  4  -2  
14  53  33  1776  509  327  4  -2  
14  53  33  1787  509  327  4  -2  
14  53  33  1793  509  327  4  -2  
14  53  33  1801  509  327  4  -2  
14  53  33  1810  509  327  4  -2  
14  53  34  1818  509  327  4  -2  
14  53  34  1826  509  327  4  -2  
14  53  34  1836  509  327  4  -2  
14  53  34  1844  509  327  4  -2  
14  53  34  1852  505  327  4  -2  
14  53  34  1860  493  327  4  -2  
14  53  34  1868  477  327  4  -2  
14  53  34  1877  458  327  4  -2  
14  53  34  1885  437  323  4  -2  
14  53  34  1893  415  321  4  -2  
14  53  34  1902  390  318  5  -2  
14  53  34  1909  371  315  5  -2  
14  53  34  1919  355  312  5  -2  
14  53  34  1926  342  311  5  -2  
14  53  34  1935  333  310  5  -2  
14  53  34  1944  332  309  5  -2  
14  53  34  1950  332  309  5  -2  
14  53  34  1961  332  309  5  -2  
14  53  34  1968  332  309  5  -2  
14  53  34  1976  332  309  5  -2  
14  53  34  1985  332  309  5  -2  
14  53  34  1994  332  309  5  -2  
14  53  34  2002  332  309  5  -2  
14  53  34  2011  332  309  5  -2  
14  53  34  2019  332  309  5  -2  
14  53  34  2026  332  309  5  -2  
14  53  34  2035  332  309  5  -2  
14  53  34  2044  332  309  5  -2  
14  53  34  2052  332  309  5  -2  
14  53  34  2061  332  309  5  -2  
14  53  34  2068  332  309  5  -2  
14  53  34  2077  332  309  5  -2  
14  53  34  2085  332  309  5  -2  
14  53  34  2094  332  309  5  -2  
14  53  34  2102  332  309  5  -2  
14  53  34  2110  332  309  5  -2  
14  53  34  2119  332  309  5  -2  
14  53  34  2127  333  309  5  -2  
14  53  34  2136  334  309  5  -2  
14  53  34  2144  334  309  5  -2  
14  53  34  2152  334  309  5  -2  
14  53  34  2161  335  309  5  -2  
14  53  34  2168  337  309  5  -2  
14  53  34  2177  337  309  5  -2  
14  53  34  2185  337  309  5  -2  
14  53  34  2194  337  309  5  -2  
14  53  34  2203  337  309  5  -2  
14  53  34  2211  337  309  5  -2  
14  53  34  2219  337  309  5  -2  
14  53  34  2228  337  309  5  -2  
14  53  34  2236  337  309  5  -2  
14  53  34  2244  337  309  5  -2  
14  53  34  2253  337  309  5  -2  
14  53  34  2260  337  309  5  -2  
14  53  34  2269  337  309  5  -2  
14  53  34  2277  337  309  5  -2  
14  53  34  2286  337  309  5  -2  
14  53  34  2293  337  309  5  -2  
14  53  34  2302  337  309  5  -2  
14  53  34  2311  337  309  5  -2  
14  53  34  2319  337  309  5  -2  
14  53  34  2327  337  309  5  -2  
14  53  34  2335  337  309  5  -2  
