10  23  50  0  360  311  1  -2  
10  23  50  8  360  311  1  -2  
10  23  50  17  360  311  1  -2  
10  23  50  25  360  311  1  -2  
10  23  50  34  360  311  1  -2  
10  23  50  42  360  311  1  -2  
10  23  50  50  360  311  1  -2  
10  23  50  58  360  311  1  -2  
10  23  50  67  360  311  1  -2  
10  23  50  75  360  311  1  -2  
10  23  50  84  360  311  1  -2  
10  23  50  92  360  311  1  -2  
10  23  50  100  360  311  1  -2  
10  23  50  109  361  311  1  -2  
10  23  50  118  361  311  1  -2  
10  23  50  125  362  311  1  -2  
10  23  50  132  363  311  1  -2  
10  23  50  141  364  311  1  -2  
10  23  50  150  364  311  1  -2  
10  23  50  158  364  311  1  -2  
10  23  51  167  366  311  1  -2  
10  23  51  175  367  311  1  -2  
10  23  51  184  370  312  1  -2  
10  23  51  192  372  312  1  -2  
10  23  51  200  374  312  1  -2  
10  23  51  209  380  315  1  -2  
10  23  51  217  388  315  1  -2  
10  23  51  226  402  317  1  -2  
10  23  51  234  415  317  1  -2  
10  23  51  244  430  321  1  -2  
10  23  51  252  447  323  1  -2  
10  23  51  261  478  326  1  -2  
10  23  51  269  494  328  1  -2  
10  23  51  276  505  330  2  -2  
10  23  51  285  516  331  2  -2  
10  23  51  293  522  331  2  -2  
10  23  51  300  528  331  2  -2  
10  23  51  311  530  331  2  -2  
10  23  51  319  532  331  2  -2  
10  23  51  326  535  331  2  -2  
10  23  51  335  535  331  2  -2  
10  23  51  343  536  331  2  -2  
10  23  51  352  537  331  2  -2  
10  23  51  360  537  331  2  -2  
10  23  51  369  538  331  2  -2  
10  23  51  378  538  331  2  -2  
10  23  51  385  538  331  2  -2  
10  23  51  393  538  331  2  -2  
10  23  51  402  539  331  2  -2  
10  23  51  410  539  331  2  -2  
10  23  51  419  540  331  2  -2  
10  23  51  428  540  331  2  -2  
10  23  51  435  543  331  2  -2  
10  23  51  443  543  331  2  -2  
10  23  51  451  543  331  2  -2  
10  23  51  460  543  331  2  -2  
10  23  51  469  543  331  2  -2  
10  23  51  479  543  331  2  -2  
10  23  51  485  543  331  2  -2  
10  23  51  493  543  331  2  -2  
10  23  51  503  543  331  2  -2  
10  23  51  512  543  331  2  -2  
10  23  51  519  543  331  2  -2  
10  23  51  529  543  331  2  -2  
10  23  51  536  543  331  2  -2  
10  23  51  545  543  331  2  -2  
10  23  51  552  543  331  2  -2  
10  23  51  561  543  331  2  -2  
10  23  51  569  543  331  2  -2  
10  23  51  578  543  331  2  -2  
10  23  51  585  543  331  2  -2  
10  23  51  593  543  331  2  -2  
10  23  51  603  543  331  2  -2  
10  23  51  613  543  331  2  -2  
10  23  51  621  543  331  2  -2  
10  23  51  631  543  331  2  -2  
10  23  51  638  543  331  2  -2  
10  23  51  649  543  331  2  -2  
10  23  51  654  543  331  2  -2  
10  23  51  664  543  331  2  -2  
10  23  51  670  543  331  2  -2  
10  23  51  682  543  331  2  -2  
10  23  51  688  543  331  2  -2  
10  23  51  699  543  331  2  -2  
10  23  51  705  542  331  2  -2  
10  23  51  714  540  331  2  -2  
10  23  51  721  538  331  2  -2  
10  23  51  732  534  331  2  -2  
10  23  51  737  530  331  2  -2  
10  23  51  748  527  331  2  -2  
10  23  51  756  522  331  2  -2  
10  23  51  764  517  331  2  -2  
10  23  51  772  510  331  2  -2  
10  23  51  782  506  331  2  -2  
10  23  51  788  503  331  2  -2  
10  23  51  798  503  331  2  -2  
10  23  51  804  496  330  2  -2  
10  23  51  815  492  329  2  -2  
10  23  51  823  489  329  2  -2  
10  23  51  832  486  329  2  -2  
10  23  51  839  481  329  2  -2  
10  23  51  848  477  329  2  -2  
10  23  51  855  472  329  2  -2  
10  23  51  864  468  329  2  -2  
10  23  51  872  465  329  2  -2  
10  23  51  882  460  328  2  -2  
10  23  51  889  457  328  2  -2  
10  23  51  898  453  328  2  -2  
10  23  51  906  449  328  2  -2  
10  23  51  915  446  328  2  -2  
10  23  51  921  444  328  2  -2  
10  23  51  932  439  328  2  -2  
10  23  51  939  435  328  2  -2  
10  23  51  948  429  328  2  -2  
10  23  51  955  419  328  2  -2  
10  23  51  965  419  328  2  -2  
10  23  51  972  405  328  2  -2  
10  23  51  982  398  328  2  -2  
10  23  51  989  393  328  3  -2  
10  23  51  998  391  328  3  -2  
10  23  51  1007  387  328  3  -2  
10  23  51  1015  384  328  3  -2  
10  23  51  1023  383  328  3  -2  
10  23  51  1032  380  328  3  -2  
10  23  51  1040  378  328  3  -2  
10  23  51  1048  376  328  3  -2  
10  23  51  1056  375  328  3  -2  
10  23  51  1065  374  328  3  -2  
10  23  51  1072  373  328  3  -2  
10  23  51  1082  372  328  3  -2  
10  23  51  1089  371  328  3  -2  
10  23  51  1098  371  328  3  -2  
10  23  51  1105  371  328  3  -2  
10  23  51  1114  371  328  3  -2  
10  23  51  1122  371  328  3  -2  
10  23  51  1132  371  328  3  -2  
10  23  51  1140  371  328  3  -2  
10  23  51  1148  371  328  3  -2  
10  23  51  1155  371  328  3  -2  
10  23  52  1164  371  328  3  -2  
10  23  52  1171  371  328  3  -2  
10  23  52  1182  371  328  3  -2  
10  23  52  1190  371  328  3  -2  
10  23  52  1199  371  328  3  -2  
10  23  52  1205  371  328  3  -2  
10  23  52  1214  371  328  3  -2  
10  23  52  1223  371  328  3  -2  
10  23  52  1232  371  328  3  -2  
10  23  52  1240  371  328  3  -2  
10  23  52  1249  371  328  3  -2  
10  23  52  1257  371  328  3  -2  
10  23  52  1265  371  328  3  -2  
10  23  52  1272  371  328  3  -2  
10  23  52  1282  371  328  3  -2  
10  23  52  1290  371  328  3  -2  
10  23  52  1298  371  328  3  -2  
10  23  52  1306  371  328  3  -2  
10  23  52  1314  371  328  3  -2  
10  23  52  1322  371  328  3  -2  
10  23  52  1333  371  328  3  -2  
10  23  52  1340  371  328  3  -2  
10  23  52  1348  371  328  3  -2  
10  23  52  1356  371  328  3  -2  
10  23  52  1365  370  327  3  -2  
10  23  52  1374  370  327  3  -2  
10  23  52  1382  373  326  3  -2  
10  23  52  1389  374  326  3  -2  
10  23  52  1398  378  325  3  -2  
10  23  52  1406  381  325  3  -2  
10  23  52  1415  386  324  3  -2  
10  23  52  1424  395  322  3  -2  
10  23  52  1432  401  322  3  -2  
10  23  52  1440  413  322  3  -2  
10  23  52  1449  423  322  3  -2  
10  23  52  1456  436  322  3  -2  
10  23  52  1464  450  322  3  -2  
10  23  52  1473  463  322  3  -2  
10  23  52  1481  475  322  3  -2  
10  23  52  1490  486  322  3  -2  
10  23  52  1497  495  322  4  -2  
10  23  52  1506  500  322  4  -2  
10  23  52  1515  507  322  4  -2  
10  23  52  1523  510  322  4  -2  
10  23  52  1531  514  322  4  -2  
10  23  52  1540  518  322  4  -2  
10  23  52  1547  519  322  4  -2  
10  23  52  1557  522  322  4  -2  
10  23  52  1564  525  322  4  -2  
10  23  52  1574  526  322  4  -2  
10  23  52  1582  526  322  4  -2  
10  23  52  1590  526  322  4  -2  
10  23  52  1598  527  322  4  -2  
10  23  52  1607  527  322  4  -2  
10  23  52  1614  529  322  4  -2  
10  23  52  1622  529  322  4  -2  
10  23  52  1632  530  322  4  -2  
10  23  52  1640  531  322  4  -2  
10  23  52  1649  533  322  4  -2  
10  23  52  1656  533  322  4  -2  
10  23  52  1664  533  322  4  -2  
10  23  52  1672  533  322  4  -2  
10  23  52  1681  533  322  4  -2  
10  23  52  1690  533  322  4  -2  
10  23  52  1698  533  322  4  -2  
10  23  52  1706  533  322  4  -2  
10  23  52  1713  533  322  4  -2  
10  23  52  1722  533  322  4  -2  
10  23  52  1730  533  322  4  -2  
10  23  52  1740  533  322  4  -2  
10  23  52  1749  533  322  4  -2  
10  23  52  1757  533  322  4  -2  
10  23  52  1767  533  322  4  -2  
10  23  52  1773  533  322  4  -2  
10  23  52  1783  533  322  4  -2  
10  23  52  1791  533  322  4  -2  
10  23  52  1800  533  322  4  -2  
10  23  52  1808  533  322  4  -2  
10  23  52  1817  533  322  4  -2  
10  23  52  1824  530  322  4  -2  
10  23  52  1834  526  322  4  -2  
10  23  52  1842  522  322  4  -2  
10  23  52  1850  516  322  4  -2  
10  23  52  1858  512  322  4  -2  
10  23  52  1866  506  322  4  -2  
10  23  52  1874  499  322  4  -2  
10  23  52  1884  492  322  4  -2  
10  23  52  1892  479  322  4  -2  
10  23  52  1900  470  322  4  -2  
10  23  52  1908  464  322  4  -2  
10  23  52  1916  455  322  4  -2  
10  23  52  1924  448  322  4  -2  
10  23  52  1933  448  322  4  -2  
10  23  52  1941  439  322  4  -2  
10  23  52  1950  436  322  4  -2  
10  23  52  1958  433  322  4  -2  
10  23  52  1967  428  322  4  -2  
10  23  52  1975  424  322  4  -2  
10  23  52  1983  421  322  4  -2  
10  23  52  1991  418  322  4  -2  
10  23  52  2000  414  322  4  -2  
10  23  52  2008  410  322  4  -2  
10  23  52  2018  409  322  4  -2  
10  23  52  2024  406  322  4  -2  
10  23  52  2033  405  322  4  -2  
10  23  52  2041  402  322  4  -2  
10  23  52  2050  400  322  4  -2  
