10  24  5  0  365  315  1  -2  
10  24  5  7  365  315  1  -2  
10  24  5  17  365  315  1  -2  
10  24  5  24  365  315  1  -2  
10  24  5  34  365  315  1  -2  
10  24  5  40  365  315  1  -2  
10  24  5  50  365  315  1  -2  
10  24  5  57  365  315  1  -2  
10  24  5  67  365  315  1  -2  
10  24  5  73  365  315  1  -2  
10  24  5  84  365  315  1  -2  
10  24  5  90  366  314  1  -2  
10  24  5  100  366  314  1  -2  
10  24  5  107  366  314  1  -2  
10  24  5  118  366  314  1  -2  
10  24  5  124  367  313  1  -2  
10  24  5  134  367  313  1  -2  
10  24  5  140  369  312  1  -2  
10  24  5  151  369  312  1  -2  
10  24  5  157  371  312  1  -2  
10  24  5  167  373  312  1  -2  
10  24  5  175  375  312  1  -2  
10  24  5  183  379  312  1  -2  
10  24  5  191  383  312  1  -2  
10  24  5  200  388  312  1  -2  
10  24  5  207  391  312  1  -2  
10  24  5  218  396  312  1  -2  
10  24  5  224  408  312  1  -2  
10  24  5  234  408  312  1  -2  
10  24  5  241  428  312  1  -2  
10  24  5  250  442  312  1  -2  
10  24  5  258  453  312  1  -2  
10  24  5  268  463  312  1  -2  
10  24  5  275  473  312  1  -2  
10  24  5  285  479  312  1  -2  
10  24  5  292  484  312  1  -2  
10  24  5  300  486  312  1  -2  
10  24  5  308  489  310  1  -2  
10  24  5  318  492  309  1  -2  
10  24  5  324  493  309  1  -2  
10  24  5  334  496  309  2  -2  
10  24  5  341  498  309  2  -2  
10  24  5  350  500  309  2  -2  
10  24  5  357  501  309  2  -2  
10  24  5  367  502  309  2  -2  
10  24  5  374  503  309  2  -2  
10  24  5  384  504  309  2  -2  
10  24  5  391  504  309  2  -2  
10  24  5  400  505  309  2  -2  
10  24  5  408  505  309  2  -2  
10  24  5  417  505  309  2  -2  
10  24  5  424  507  309  2  -2  
10  24  5  434  507  309  2  -2  
10  24  5  440  508  309  2  -2  
10  24  5  450  508  309  2  -2  
10  24  5  458  509  309  2  -2  
10  24  5  467  509  309  2  -2  
10  24  5  474  509  309  2  -2  
10  24  5  484  509  309  2  -2  
10  24  5  490  509  309  2  -2  
10  24  5  500  509  309  2  -2  
10  24  5  507  509  309  2  -2  
10  24  5  517  509  309  2  -2  
10  24  5  524  509  309  2  -2  
10  24  5  533  509  309  2  -2  
10  24  5  541  509  309  2  -2  
10  24  5  552  509  309  2  -2  
10  24  5  558  509  309  2  -2  
10  24  5  568  509  309  2  -2  
10  24  5  574  509  309  2  -2  
10  24  5  584  509  309  2  -2  
10  24  5  591  509  309  2  -2  
10  24  5  601  509  309  2  -2  
10  24  5  608  509  309  2  -2  
10  24  5  618  507  309  2  -2  
10  24  5  626  499  309  2  -2  
10  24  5  633  494  310  2  -2  
10  24  5  641  489  311  2  -2  
10  24  5  650  489  311  2  -2  
10  24  5  658  476  312  2  -2  
10  24  5  668  468  314  2  -2  
10  24  5  674  464  314  2  -2  
10  24  6  684  457  316  2  -2  
10  24  6  691  449  316  2  -2  
10  24  6  700  442  316  2  -2  
10  24  6  708  435  316  2  -2  
10  24  6  718  430  316  2  -2  
10  24  6  726  425  316  2  -2  
10  24  6  734  421  316  2  -2  
10  24  6  741  418  316  2  -2  
10  24  6  750  416  316  2  -2  
10  24  6  759  412  316  2  -2  
10  24  6  768  407  316  2  -2  
10  24  6  776  405  316  2  -2  
10  24  6  783  402  316  2  -2  
10  24  6  791  399  316  3  -2  
10  24  6  800  398  316  3  -2  
10  24  6  808  395  317  3  -2  
10  24  6  817  394  317  3  -2  
10  24  6  826  390  319  3  -2  
10  24  6  834  387  320  3  -2  
10  24  6  842  385  320  3  -2  
10  24  6  851  382  320  3  -2  
10  24  6  858  377  321  3  -2  
10  24  6  868  375  321  3  -2  
10  24  6  876  373  321  3  -2  
10  24  6  884  372  321  3  -2  
10  24  6  891  371  321  3  -2  
10  24  6  900  371  321  3  -2  
10  24  6  908  371  321  3  -2  
10  24  6  917  371  321  3  -2  
10  24  6  925  371  321  3  -2  
10  24  6  933  371  321  3  -2  
10  24  6  942  371  321  3  -2  
10  24  6  950  370  321  3  -2  
10  24  6  958  370  321  3  -2  
10  24  6  967  370  321  3  -2  
10  24  6  976  370  321  3  -2  
10  24  6  983  370  321  3  -2  
10  24  6  991  370  321  3  -2  
10  24  6  1000  370  321  3  -2  
10  24  6  1009  370  321  3  -2  
10  24  6  1017  370  321  3  -2  
10  24  6  1026  370  321  3  -2  
10  24  6  1033  370  321  3  -2  
10  24  6  1041  370  321  3  -2  
10  24  6  1050  370  321  3  -2  
10  24  6  1059  370  321  3  -2  
10  24  6  1067  370  321  3  -2  
10  24  6  1076  370  321  3  -2  
10  24  6  1084  370  321  3  -2  
10  24  6  1091  370  321  3  -2  
10  24  6  1102  370  321  3  -2  
10  24  6  1108  370  321  3  -2  
10  24  6  1117  370  321  3  -2  
10  24  6  1126  370  321  3  -2  
10  24  6  1132  370  321  3  -2  
10  24  6  1142  370  321  3  -2  
10  24  6  1149  370  321  3  -2  
10  24  6  1157  370  321  3  -2  
10  24  6  1167  370  321  3  -2  
10  24  6  1175  370  321  3  -2  
10  24  6  1182  370  321  3  -2  
10  24  6  1191  370  321  3  -2  
10  24  6  1200  370  321  3  -2  
10  24  6  1207  370  321  3  -2  
10  24  6  1216  370  321  3  -2  
10  24  6  1225  370  321  3  -2  
10  24  6  1232  370  321  3  -2  
10  24  6  1241  370  321  3  -2  
10  24  6  1249  370  321  3  -2  
10  24  6  1257  370  321  3  -2  
10  24  6  1266  370  321  3  -2  
10  24  6  1275  370  321  3  -2  
10  24  6  1282  370  321  3  -2  
10  24  6  1291  370  321  3  -2  
10  24  6  1299  370  321  3  -2  
10  24  6  1308  370  321  3  -2  
10  24  6  1316  370  321  3  -2  
10  24  6  1325  370  321  3  -2  
10  24  6  1333  370  321  3  -2  
10  24  6  1341  370  321  3  -2  
10  24  6  1349  370  321  3  -2  
10  24  6  1358  370  321  3  -2  
10  24  6  1366  370  321  3  -2  
10  24  6  1375  370  321  3  -2  
10  24  6  1383  370  321  3  -2  
10  24  6  1391  370  321  3  -2  
10  24  6  1399  370  321  3  -2  
10  24  6  1408  370  321  3  -2  
10  24  6  1416  370  321  3  -2  
10  24  6  1425  371  321  3  -2  
10  24  6  1432  372  321  3  -2  
10  24  6  1441  372  321  3  -2  
10  24  6  1449  375  321  3  -2  
10  24  6  1457  375  321  3  -2  
10  24  6  1466  376  321  3  -2  
10  24  6  1475  378  320  3  -2  
10  24  6  1483  380  320  3  -2  
10  24  6  1491  381  320  3  -2  
10  24  6  1499  383  320  3  -2  
10  24  6  1507  387  319  3  -2  
10  24  6  1516  389  319  3  -2  
10  24  6  1525  393  319  3  -2  
10  24  6  1533  396  319  3  -2  
10  24  6  1541  399  319  3  -2  
10  24  6  1550  403  319  3  -2  
10  24  6  1557  408  319  3  -2  
10  24  6  1566  413  319  3  -2  
10  24  6  1574  420  319  3  -2  
10  24  6  1583  425  319  3  -2  
10  24  6  1591  433  319  3  -2  
10  24  6  1602  438  319  3  -2  
10  24  6  1608  450  319  3  -2  
10  24  6  1617  450  319  3  -2  
10  24  6  1626  456  319  3  -2  
10  24  6  1633  459  319  3  -2  
10  24  6  1643  461  319  3  -2  
10  24  6  1650  464  319  3  -2  
10  24  6  1659  466  319  3  -2  
10  24  6  1668  469  319  3  -2  
10  24  6  1676  473  319  3  -2  
10  24  7  1685  477  319  3  -2  
10  24  7  1692  479  319  3  -2  
10  24  7  1700  483  319  3  -2  
10  24  7  1709  488  319  3  -2  
10  24  7  1717  492  319  3  -2  
10  24  7  1726  495  319  4  -2  
10  24  7  1734  499  319  4  -2  
10  24  7  1741  502  319  4  -2  
10  24  7  1750  504  319  4  -2  
10  24  7  1759  506  319  4  -2  
10  24  7  1767  508  319  4  -2  
10  24  7  1776  508  319  4  -2  
10  24  7  1785  509  319  4  -2  
10  24  7  1792  509  319  4  -2  
10  24  7  1801  509  319  4  -2  
10  24  7  1809  510  319  4  -2  
10  24  7  1817  511  318  4  -2  
10  24  7  1826  511  318  4  -2  
10  24  7  1835  511  318  4  -2  
10  24  7  1843  511  318  4  -2  
10  24  7  1852  512  318  4  -2  
10  24  7  1860  512  318  4  -2  
10  24  7  1868  513  318  4  -2  
10  24  7  1876  513  318  4  -2  
10  24  7  1885  513  318  4  -2  
10  24  7  1892  513  318  4  -2  
10  24  7  1901  513  318  4  -2  
10  24  7  1908  513  318  4  -2  
10  24  7  1919  513  318  4  -2  
10  24  7  1926  513  318  4  -2  
10  24  7  1934  513  318  4  -2  
10  24  7  1943  513  318  4  -2  
10  24  7  1951  513  318  4  -2  
10  24  7  1960  513  318  4  -2  
10  24  7  1969  513  318  4  -2  
10  24  7  1977  513  318  4  -2  
10  24  7  1986  513  318  4  -2  
10  24  7  1993  513  318  4  -2  
10  24  7  2002  513  318  4  -2  
10  24  7  2010  513  318  4  -2  
10  24  7  2018  513  318  4  -2  
10  24  7  2030  513  318  4  -2  
10  24  7  2036  513  318  4  -2  
10  24  7  2046  513  318  4  -2  
10  24  7  2052  513  318  4  -2  
10  24  7  2062  511  318  4  -2  
10  24  7  2070  504  318  4  -2  
10  24  7  2078  498  318  4  -2  
10  24  7  2087  491  318  4  -2  
10  24  7  2095  481  318  4  -2  
10  24  7  2104  469  318  4  -2  
10  24  7  2115  459  318  4  -2  
10  24  7  2122  437  318  4  -2  
10  24  7  2132  429  318  4  -2  
10  24  7  2139  422  318  4  -2  
10  24  7  2149  417  318  4  -2  
10  24  7  2155  410  318  4  -2  
10  24  7  2166  406  318  4  -2  
10  24  7  2172  401  318  4  -2  
