14  52  36  0  371  323  1  -2  
14  52  36  8  371  323  1  -2  
14  52  36  17  371  323  1  -2  
14  52  36  25  371  323  1  -2  
14  52  36  33  371  323  1  -2  
14  52  36  42  371  323  1  -2  
14  52  36  50  371  323  1  -2  
14  52  36  59  371  323  1  -2  
14  52  36  67  371  323  1  -2  
14  52  36  75  371  323  1  -2  
14  52  36  84  371  323  1  -2  
14  52  36  93  371  323  1  -2  
14  52  36  101  373  323  1  -2  
14  52  36  109  380  323  1  -2  
14  52  36  116  387  323  1  -2  
14  52  36  126  396  323  1  -2  
14  52  36  133  407  323  1  -2  
14  52  36  142  419  325  1  -2  
14  52  36  151  431  327  1  -2  
14  52  36  158  444  328  1  -2  
14  52  36  167  455  329  1  -2  
14  52  36  176  466  329  1  -2  
14  52  36  183  478  332  1  -2  
14  52  36  193  487  333  1  -2  
14  52  36  201  495  334  1  -2  
14  52  36  209  502  334  2  -2  
14  52  36  217  509  334  2  -2  
14  52  36  226  513  334  2  -2  
14  52  36  234  518  334  2  -2  
14  52  37  242  521  334  2  -2  
14  52  37  250  524  335  2  -2  
14  52  37  260  528  335  2  -2  
14  52  37  268  532  337  2  -2  
14  52  37  277  534  337  2  -2  
14  52  37  285  536  337  2  -2  
14  52  37  292  537  337  2  -2  
14  52  37  301  539  337  2  -2  
14  52  37  310  539  337  2  -2  
14  52  37  317  540  337  2  -2  
14  52  37  325  540  337  2  -2  
14  52  37  335  540  337  2  -2  
14  52  37  342  540  337  2  -2  
14  52  37  351  540  337  2  -2  
14  52  37  360  540  337  2  -2  
14  52  37  368  540  337  2  -2  
14  52  37  376  540  337  2  -2  
14  52  37  386  540  337  2  -2  
14  52  37  392  540  337  2  -2  
14  52  37  401  540  337  2  -2  
14  52  37  410  540  337  2  -2  
14  52  37  418  540  337  2  -2  
14  52  37  426  540  337  2  -2  
14  52  37  435  540  337  2  -2  
14  52  37  442  540  337  2  -2  
14  52  37  451  540  337  2  -2  
14  52  37  460  540  337  2  -2  
14  52  37  468  540  337  2  -2  
14  52  37  476  540  337  2  -2  
14  52  37  484  540  337  2  -2  
14  52  37  492  540  337  2  -2  
14  52  37  501  540  337  2  -2  
14  52  37  510  540  337  2  -2  
14  52  37  517  540  337  2  -2  
14  52  37  526  540  337  2  -2  
14  52  37  534  540  337  2  -2  
14  52  37  542  540  337  2  -2  
14  52  37  551  540  337  2  -2  
14  52  37  560  540  337  2  -2  
14  52  37  568  540  337  2  -2  
14  52  37  575  540  337  2  -2  
14  52  37  583  540  337  2  -2  
14  52  37  593  540  337  2  -2  
14  52  37  600  540  337  2  -2  
14  52  37  609  540  337  2  -2  
14  52  37  618  540  337  2  -2  
14  52  37  627  540  337  2  -2  
14  52  37  635  537  337  2  -2  
14  52  37  642  535  337  2  -2  
14  52  37  651  531  337  2  -2  
14  52  37  659  526  337  2  -2  
14  52  37  668  523  336  2  -2  
14  52  37  678  521  336  2  -2  
14  52  37  684  517  335  2  -2  
14  52  37  692  514  335  2  -2  
14  52  37  701  509  335  2  -2  
14  52  37  710  506  333  2  -2  
14  52  37  717  502  333  2  -2  
14  52  37  727  499  332  2  -2  
14  52  37  735  494  332  2  -2  
14  52  37  746  488  331  2  -2  
14  52  37  751  483  331  2  -2  
14  52  37  759  476  330  2  -2  
14  52  37  769  470  328  2  -2  
14  52  37  777  463  327  2  -2  
14  52  37  784  458  327  2  -2  
14  52  37  795  451  325  2  -2  
14  52  37  802  439  324  2  -2  
14  52  37  811  432  323  2  -2  
14  52  37  819  426  322  2  -2  
14  52  37  828  423  321  2  -2  
14  52  37  834  416  320  2  -2  
14  52  37  845  412  320  2  -2  
14  52  37  852  406  320  2  -2  
14  52  37  862  402  319  2  -2  
14  52  37  869  396  315  3  -2  
14  52  37  877  391  315  3  -2  
14  52  37  885  388  315  3  -2  
14  52  37  894  384  315  3  -2  
14  52  37  902  380  315  3  -2  
14  52  37  912  377  314  3  -2  
14  52  37  919  374  314  3  -2  
14  52  37  929  371  314  3  -2  
14  52  37  934  368  312  3  -2  
14  52  37  944  366  312  3  -2  
14  52  37  952  363  312  3  -2  
14  52  37  961  361  311  3  -2  
14  52  37  970  359  311  3  -2  
14  52  37  980  356  311  3  -2  
14  52  37  985  355  311  3  -2  
14  52  37  996  355  311  3  -2  
14  52  37  1002  354  311  3  -2  
14  52  37  1012  354  310  3  -2  
14  52  37  1020  354  310  3  -2  
14  52  37  1029  354  310  3  -2  
14  52  37  1035  354  310  3  -2  
14  52  37  1046  354  310  3  -2  
14  52  37  1053  354  310  3  -2  
14  52  37  1061  354  310  3  -2  
14  52  37  1070  354  310  3  -2  
14  52  37  1079  354  310  3  -2  
14  52  37  1087  354  310  3  -2  
14  52  37  1095  354  310  3  -2  
14  52  37  1104  354  310  3  -2  
14  52  37  1112  354  310  3  -2  
14  52  37  1120  354  310  3  -2  
14  52  37  1130  354  310  3  -2  
14  52  37  1139  354  310  3  -2  
14  52  37  1147  354  310  3  -2  
14  52  37  1155  354  310  3  -2  
14  52  37  1164  354  310  3  -2  
14  52  37  1173  354  310  3  -2  
14  52  37  1181  354  310  3  -2  
14  52  37  1189  354  310  3  -2  
14  52  37  1197  354  310  3  -2  
14  52  37  1204  354  310  3  -2  
14  52  37  1214  354  310  3  -2  
14  52  37  1221  354  310  3  -2  
14  52  37  1231  354  310  3  -2  
14  52  37  1239  354  310  3  -2  
14  52  38  1247  354  310  3  -2  
14  52  38  1254  354  310  3  -2  
14  52  38  1263  354  310  3  -2  
14  52  38  1271  354  310  3  -2  
14  52  38  1281  354  310  3  -2  
14  52  38  1289  354  310  3  -2  
14  52  38  1297  354  310  3  -2  
14  52  38  1304  354  310  3  -2  
14  52  38  1313  354  310  3  -2  
14  52  38  1323  354  310  3  -2  
14  52  38  1330  354  310  3  -2  
14  52  38  1338  354  310  3  -2  
14  52  38  1347  354  310  3  -2  
14  52  38  1355  354  310  3  -2  
14  52  38  1363  354  310  3  -2  
14  52  38  1371  354  310  3  -2  
14  52  38  1380  354  310  3  -2  
14  52  38  1389  354  310  3  -2  
14  52  38  1398  354  310  3  -2  
14  52  38  1405  354  310  3  -2  
14  52  38  1414  354  310  3  -2  
14  52  38  1421  354  310  3  -2  
14  52  38  1431  354  310  3  -2  
14  52  38  1439  354  310  3  -2  
14  52  38  1447  354  310  3  -2  
14  52  38  1455  354  310  3  -2  
14  52  38  1463  354  310  3  -2  
14  52  38  1472  354  310  3  -2  
14  52  38  1480  354  310  3  -2  
14  52  38  1489  354  310  3  -2  
14  52  38  1496  354  310  3  -2  
14  52  38  1505  354  310  3  -2  
14  52  38  1513  354  310  3  -2  
14  52  38  1523  354  310  3  -2  
14  52  38  1530  354  310  3  -2  
14  52  38  1539  354  310  3  -2  
14  52  38  1547  354  310  3  -2  
14  52  38  1556  356  310  3  -2  
14  52  38  1563  359  310  3  -2  
14  52  38  1573  363  311  3  -2  
14  52  38  1581  369  311  3  -2  
14  52  38  1589  372  312  3  -2  
14  52  38  1597  378  312  3  -2  
14  52  38  1605  383  313  3  -2  
14  52  38  1613  390  314  3  -2  
14  52  38  1621  395  314  3  -2  
14  52  38  1631  402  317  3  -2  
14  52  38  1639  407  317  3  -2  
14  52  38  1647  411  318  3  -2  
14  52  38  1654  416  318  3  -2  
14  52  38  1664  420  319  3  -2  
14  52  38  1672  424  319  3  -2  
14  52  38  1681  429  319  3  -2  
14  52  38  1690  434  319  3  -2  
14  52  38  1698  441  319  3  -2  
14  52  38  1705  448  319  3  -2  
14  52  38  1713  455  319  3  -2  
14  52  38  1723  463  319  3  -2  
14  52  38  1731  477  320  3  -2  
14  52  38  1739  484  322  3  -2  
14  52  38  1748  493  323  3  -2  
14  52  38  1756  500  325  4  -2  
14  52  38  1765  506  325  4  -2  
14  52  38  1773  512  326  4  -2  
14  52  38  1781  514  326  4  -2  
14  52  38  1790  517  326  4  -2  
14  52  38  1799  520  328  4  -2  
14  52  38  1806  521  328  4  -2  
14  52  38  1814  521  328  4  -2  
14  52  38  1823  522  328  4  -2  
14  52  38  1831  523  328  4  -2  
14  52  38  1840  524  328  4  -2  
14  52  38  1848  527  328  4  -2  
14  52  38  1857  528  328  4  -2  
14  52  38  1866  530  329  4  -2  
14  52  38  1872  533  329  4  -2  
14  52  38  1881  533  329  4  -2  
14  52  38  1891  536  329  4  -2  
14  52  38  1898  536  329  4  -2  
14  52  38  1906  536  329  4  -2  
14  52  38  1915  536  329  4  -2  
14  52  38  1923  536  329  4  -2  
14  52  38  1931  536  329  4  -2  
14  52  38  1940  536  329  4  -2  
14  52  38  1950  536  329  4  -2  
14  52  38  1956  536  329  4  -2  
14  52  38  1965  536  329  4  -2  
14  52  38  1973  536  329  4  -2  
14  52  38  1982  536  329  4  -2  
14  52  38  1991  536  329  4  -2  
14  52  38  2000  536  329  4  -2  
14  52  38  2008  536  329  4  -2  
14  52  38  2015  536  329  4  -2  
14  52  38  2024  536  329  4  -2  
14  52  38  2033  536  329  4  -2  
14  52  38  2041  536  329  4  -2  
14  52  38  2050  536  329  4  -2  
14  52  38  2056  536  329  4  -2  
14  52  38  2065  536  329  4  -2  
14  52  38  2074  536  329  4  -2  
14  52  38  2082  536  329  4  -2  
14  52  38  2091  536  329  4  -2  
14  52  38  2099  536  329  4  -2  
14  52  38  2108  536  329  4  -2  
14  52  38  2116  536  329  4  -2  
14  52  38  2123  536  329  4  -2  
14  52  38  2132  536  329  4  -2  
14  52  38  2141  536  329  4  -2  
14  52  38  2150  536  329  4  -2  
14  52  38  2158  536  329  4  -2  
14  52  38  2165  536  329  4  -2  
14  52  38  2174  536  329  4  -2  
14  52  38  2183  536  329  4  -2  
14  52  38  2192  536  329  4  -2  
14  52  38  2200  536  329  4  -2  
14  52  38  2209  536  329  4  -2  
14  52  38  2217  536  329  4  -2  
14  52  38  2226  536  329  4  -2  
14  52  38  2233  536  329  4  -2  
14  52  39  2244  536  329  4  -2  
14  52  39  2251  536  329  4  -2  
14  52  39  2259  536  329  4  -2  
14  52  39  2267  536  329  4  -2  
14  52  39  2274  536  329  4  -2  
14  52  39  2284  536  329  4  -2  
14  52  39  2294  536  329  4  -2  
14  52  39  2300  536  329  4  -2  
14  52  39  2310  536  329  4  -2  
14  52  39  2316  536  329  4  -2  
14  52  39  2325  536  329  4  -2  
14  52  39  2332  536  329  4  -2  
14  52  39  2341  536  329  4  -2  
14  52  39  2350  536  329  4  -2  
14  52  39  2359  536  329  4  -2  
14  52  39  2366  536  329  4  -2  
14  52  39  2376  536  329  4  -2  
14  52  39  2383  536  329  4  -2  
14  52  39  2393  536  329  4  -2  
14  52  39  2400  536  329  4  -2  
14  52  39  2411  536  329  4  -2  
14  52  39  2417  532  329  4  -2  
14  52  39  2427  532  329  4  -2  
14  52  39  2433  521  329  4  -2  
14  52  39  2443  521  329  4  -2  
14  52  39  2451  500  328  4  -2  
14  52  39  2461  487  326  4  -2  
14  52  39  2468  473  324  4  -2  
14  52  39  2477  460  321  4  -2  
14  52  39  2485  441  319  4  -2  
14  52  39  2493  426  318  4  -2  
14  52  39  2501  411  314  4  -2  
14  52  39  2510  396  313  5  -2  
14  52  39  2518  383  311  5  -2  
14  52  39  2527  371  310  5  -2  
14  52  39  2534  362  307  5  -2  
14  52  39  2544  357  307  5  -2  
14  52  39  2551  351  306  5  -2  
14  52  39  2560  349  305  5  -2  
14  52  39  2568  349  305  5  -2  
14  52  39  2577  347  305  5  -2  
14  52  39  2585  347  305  5  -2  
14  52  39  2594  346  305  5  -2  
14  52  39  2601  342  305  5  -2  
14  52  39  2611  342  305  5  -2  
14  52  39  2618  337  304  5  -2  
14  52  39  2627  333  304  5  -2  
14  52  39  2635  331  303  5  -2  
14  52  39  2645  329  303  5  -2  
14  52  39  2651  328  303  5  -2  
14  52  39  2662  327  303  5  -2  
14  52  39  2669  327  303  5  -2  
14  52  39  2679  327  303  5  -2  
14  52  39  2685  327  303  5  -2  
14  52  39  2695  327  303  5  -2  
14  52  39  2701  327  303  5  -2  
14  52  39  2712  327  303  5  -2  
14  52  39  2719  327  303  5  -2  
14  52  39  2729  327  303  5  -2  
14  52  39  2736  327  303  5  -2  
14  52  39  2746  327  303  5  -2  
14  52  39  2752  327  303  5  -2  
14  52  39  2762  327  303  5  -2  
14  52  39  2769  327  303  5  -2  
14  52  39  2779  327  303  5  -2  
14  52  39  2786  327  303  5  -2  
14  52  39  2795  327  303  5  -2  
14  52  39  2803  327  303  5  -2  
14  52  39  2812  327  303  5  -2  
14  52  39  2819  327  303  5  -2  
14  52  39  2829  327  303  5  -2  
14  52  39  2836  327  303  5  -2  
