11  24  33  0  351  326  1  -2  
11  24  33  7  351  326  1  -2  
11  24  33  15  351  326  1  -2  
11  24  33  23  351  326  1  -2  
11  24  33  32  351  326  1  -2  
11  24  33  40  351  326  1  -2  
11  24  33  50  351  326  1  -2  
11  24  33  57  351  326  1  -2  
11  24  33  65  351  326  1  -2  
11  24  33  74  351  326  1  -2  
11  24  33  82  351  326  1  -2  
11  24  33  90  351  326  1  -2  
11  24  33  99  351  326  1  -2  
11  24  33  108  351  326  1  -2  
11  24  33  115  358  326  1  -2  
11  24  33  124  363  326  1  -2  
11  24  33  132  370  326  1  -2  
11  24  33  141  376  326  1  -2  
11  24  33  149  382  326  1  -2  
11  24  33  158  388  326  1  -2  
11  24  33  165  398  326  1  -2  
11  24  33  174  405  326  1  -2  
11  24  33  182  412  326  1  -2  
11  24  33  190  422  326  1  -2  
11  24  33  199  432  326  1  -2  
11  24  33  207  442  326  1  -2  
11  24  33  215  449  326  1  -2  
11  24  33  224  454  326  1  -2  
11  24  33  232  462  326  1  -2  
11  24  33  241  468  326  1  -2  
11  24  33  249  476  326  1  -2  
11  24  33  257  488  326  1  -2  
11  24  33  266  501  326  2  -2  
11  24  33  274  514  326  2  -2  
11  24  33  282  526  326  2  -2  
11  24  33  291  533  326  2  -2  
11  24  33  299  538  326  2  -2  
11  24  33  308  538  326  2  -2  
11  24  33  316  538  326  2  -2  
11  24  33  324  538  326  2  -2  
11  24  33  331  538  326  2  -2  
11  24  33  340  538  326  2  -2  
11  24  33  349  538  326  2  -2  
11  24  33  358  538  326  2  -2  
11  24  33  366  538  326  2  -2  
11  24  33  374  538  326  2  -2  
11  24  33  382  538  326  2  -2  
11  24  33  391  538  326  2  -2  
11  24  33  399  538  326  2  -2  
11  24  33  407  538  326  2  -2  
11  24  33  415  538  326  2  -2  
11  24  33  424  538  326  2  -2  
11  24  33  432  538  326  2  -2  
11  24  33  440  538  326  2  -2  
11  24  33  449  538  326  2  -2  
11  24  33  457  538  326  2  -2  
11  24  33  465  538  326  2  -2  
11  24  33  474  538  326  2  -2  
11  24  33  483  538  326  2  -2  
11  24  33  490  538  326  2  -2  
11  24  33  499  538  326  2  -2  
11  24  33  509  538  326  2  -2  
11  24  33  516  538  326  2  -2  
11  24  33  523  538  326  2  -2  
11  24  33  532  538  326  2  -2  
11  24  33  540  538  326  2  -2  
11  24  33  549  538  326  2  -2  
11  24  33  558  538  326  2  -2  
11  24  33  565  538  326  2  -2  
11  24  33  574  538  326  2  -2  
11  24  33  581  538  326  2  -2  
11  24  33  591  538  326  2  -2  
11  24  33  599  538  326  2  -2  
11  24  33  608  538  326  2  -2  
11  24  33  616  538  326  2  -2  
11  24  33  624  538  326  2  -2  
11  24  33  632  538  326  2  -2  
11  24  33  641  538  326  2  -2  
11  24  33  650  538  326  2  -2  
11  24  33  659  538  326  2  -2  
11  24  33  666  538  326  2  -2  
11  24  33  674  538  326  2  -2  
11  24  33  683  538  326  2  -2  
11  24  33  691  538  326  2  -2  
11  24  33  700  538  326  2  -2  
11  24  33  709  538  326  2  -2  
11  24  33  715  538  326  2  -2  
11  24  33  724  538  326  2  -2  
11  24  33  733  538  326  2  -2  
11  24  33  741  538  326  2  -2  
11  24  33  750  538  326  2  -2  
11  24  33  759  538  326  2  -2  
11  24  33  766  538  326  2  -2  
11  24  33  774  538  326  2  -2  
11  24  33  783  538  326  2  -2  
11  24  33  791  538  326  2  -2  
11  24  33  801  538  326  2  -2  
11  24  33  808  538  326  2  -2  
11  24  34  816  538  326  2  -2  
11  24  34  825  538  326  2  -2  
11  24  34  834  535  326  2  -2  
11  24  34  841  531  326  2  -2  
11  24  34  850  528  326  2  -2  
11  24  34  858  523  326  2  -2  
11  24  34  866  520  326  2  -2  
11  24  34  875  515  326  2  -2  
11  24  34  882  503  326  2  -2  
11  24  34  892  503  326  2  -2  
11  24  34  900  486  326  2  -2  
11  24  34  909  473  326  2  -2  
11  24  34  918  461  326  2  -2  
11  24  34  926  453  326  2  -2  
11  24  34  934  441  326  2  -2  
11  24  34  941  431  326  2  -2  
11  24  34  950  422  326  2  -2  
11  24  34  959  416  326  2  -2  
11  24  34  966  406  326  2  -2  
11  24  34  975  400  326  2  -2  
11  24  34  984  395  326  3  -2  
11  24  34  991  392  326  3  -2  
11  24  34  1000  390  326  3  -2  
11  24  34  1009  387  326  3  -2  
11  24  34  1017  387  326  3  -2  
11  24  34  1024  387  326  3  -2  
11  24  34  1033  387  326  3  -2  
11  24  34  1042  387  326  3  -2  
11  24  34  1050  387  326  3  -2  
11  24  34  1058  387  326  3  -2  
11  24  34  1066  387  326  3  -2  
11  24  34  1075  387  326  3  -2  
11  24  34  1084  384  326  3  -2  
11  24  34  1091  383  326  3  -2  
11  24  34  1099  381  326  3  -2  
11  24  34  1109  381  326  3  -2  
11  24  34  1118  381  326  3  -2  
11  24  34  1125  381  326  3  -2  
11  24  34  1136  381  326  3  -2  
11  24  34  1143  381  326  3  -2  
11  24  34  1154  381  326  3  -2  
11  24  34  1163  381  326  3  -2  
11  24  34  1171  381  326  3  -2  
11  24  34  1181  381  326  3  -2  
11  24  34  1188  381  326  3  -2  
11  24  34  1198  381  326  3  -2  
11  24  34  1205  381  326  3  -2  
11  24  34  1215  381  326  3  -2  
11  24  34  1223  381  326  3  -2  
11  24  34  1232  381  326  3  -2  
11  24  34  1239  381  326  3  -2  
11  24  34  1248  381  326  3  -2  
11  24  34  1254  381  326  3  -2  
11  24  34  1265  381  326  3  -2  
11  24  34  1272  381  326  3  -2  
11  24  34  1281  381  326  3  -2  
11  24  34  1289  381  326  3  -2  
11  24  34  1298  381  326  3  -2  
11  24  34  1306  381  326  3  -2  
11  24  34  1315  381  326  3  -2  
11  24  34  1321  381  326  3  -2  
11  24  34  1332  381  326  3  -2  
11  24  34  1339  381  326  3  -2  
11  24  34  1348  381  326  3  -2  
11  24  34  1355  381  326  3  -2  
11  24  34  1365  381  326  3  -2  
11  24  34  1373  381  326  3  -2  
11  24  34  1382  381  326  3  -2  
11  24  34  1389  381  326  3  -2  
11  24  34  1399  381  326  3  -2  
11  24  34  1405  381  326  3  -2  
11  24  34  1415  381  326  3  -2  
11  24  34  1421  381  326  3  -2  
11  24  34  1432  381  326  3  -2  
11  24  34  1437  381  326  3  -2  
11  24  34  1447  381  326  3  -2  
11  24  34  1454  381  326  3  -2  
11  24  34  1464  381  326  3  -2  
11  24  34  1471  381  326  3  -2  
11  24  34  1481  386  326  3  -2  
11  24  34  1487  393  326  3  -2  
11  24  34  1497  405  326  3  -2  
11  24  34  1504  418  326  3  -2  
11  24  34  1514  431  326  3  -2  
11  24  34  1521  443  326  3  -2  
11  24  34  1531  453  326  3  -2  
11  24  34  1537  463  326  3  -2  
11  24  34  1548  463  326  3  -2  
11  24  34  1554  477  326  3  -2  
11  24  34  1564  477  326  3  -2  
11  24  34  1571  499  330  4  -2  
11  24  34  1581  511  331  4  -2  
11  24  34  1588  520  332  4  -2  
11  24  34  1598  528  332  4  -2  
11  24  34  1604  530  332  4  -2  
11  24  34  1614  530  332  4  -2  
11  24  34  1620  530  332  4  -2  
11  24  34  1631  530  332  4  -2  
11  24  34  1637  530  332  4  -2  
11  24  34  1647  530  332  4  -2  
11  24  34  1654  530  332  4  -2  
11  24  34  1664  530  332  4  -2  
11  24  34  1671  530  332  4  -2  
11  24  34  1681  530  332  4  -2  
11  24  34  1688  530  332  4  -2  
11  24  34  1697  530  332  4  -2  
11  24  34  1704  530  332  4  -2  
11  24  34  1714  530  332  4  -2  
11  24  34  1721  530  332  4  -2  
11  24  34  1731  530  332  4  -2  
11  24  34  1738  530  332  4  -2  
11  24  34  1747  530  332  4  -2  
11  24  34  1754  530  332  4  -2  
11  24  34  1764  530  332  4  -2  
11  24  34  1771  530  332  4  -2  
11  24  34  1781  530  332  4  -2  
11  24  34  1788  530  332  4  -2  
11  24  34  1798  530  332  4  -2  
11  24  34  1805  530  332  4  -2  
11  24  35  1814  530  332  4  -2  
11  24  35  1820  530  332  4  -2  
11  24  35  1831  530  332  4  -2  
11  24  35  1838  530  332  4  -2  
11  24  35  1848  530  332  4  -2  
11  24  35  1854  530  332  4  -2  
11  24  35  1864  530  332  4  -2  
11  24  35  1870  530  332  4  -2  
11  24  35  1881  530  332  4  -2  
11  24  35  1889  530  332  4  -2  
11  24  35  1897  530  332  4  -2  
11  24  35  1906  530  332  4  -2  
11  24  35  1914  530  332  4  -2  
11  24  35  1920  530  332  4  -2  
11  24  35  1931  530  332  4  -2  
11  24  35  1938  530  332  4  -2  
11  24  35  1947  530  332  4  -2  
11  24  35  1954  530  332  4  -2  
11  24  35  1964  530  332  4  -2  
11  24  35  1971  509  332  4  -2  
11  24  35  1981  509  332  4  -2  
11  24  35  1989  455  332  4  -2  
11  24  35  1997  425  332  4  -2  
11  24  35  2005  404  332  4  -2  
