14  52  29  0  366  314  1  -2  
14  52  29  7  367  315  1  -2  
14  52  29  15  372  315  1  -2  
14  52  29  24  379  315  1  -2  
14  52  29  32  387  315  1  -2  
14  52  29  42  399  316  1  -2  
14  52  29  50  424  319  1  -2  
14  52  29  60  438  322  1  -2  
14  52  29  67  454  323  1  -2  
14  52  29  75  471  323  1  -2  
14  52  29  82  488  326  1  -2  
14  52  29  91  501  329  2  -2  
14  52  29  100  516  330  2  -2  
14  52  29  107  531  333  2  -2  
14  52  29  116  545  333  2  -2  
14  52  29  125  558  337  2  -2  
14  52  29  133  569  338  2  -2  
14  52  29  140  582  340  2  -2  
14  52  29  150  592  342  2  -2  
14  52  29  158  604  343  2  -2  
14  52  29  166  613  345  2  -2  
14  52  29  177  620  345  2  -2  
14  52  29  186  627  346  2  -2  
14  52  30  194  627  346  2  -2  
14  52  30  203  627  346  2  -2  
14  52  30  210  627  346  2  -2  
14  52  30  220  627  346  2  -2  
14  52  30  226  627  346  2  -2  
14  52  30  234  627  346  2  -2  
14  52  30  243  627  346  2  -2  
14  52  30  252  627  346  2  -2  
14  52  30  260  627  346  2  -2  
14  52  30  267  627  346  2  -2  
14  52  30  276  627  346  2  -2  
14  52  30  286  627  346  2  -2  
14  52  30  293  627  346  2  -2  
14  52  30  302  627  346  2  -2  
14  52  30  310  627  346  2  -2  
14  52  30  318  627  346  2  -2  
14  52  30  326  627  346  2  -2  
14  52  30  337  627  346  2  -2  
14  52  30  343  627  346  2  -2  
14  52  30  352  627  346  2  -2  
14  52  30  360  627  346  2  -2  
14  52  30  370  627  346  2  -2  
14  52  30  376  627  346  2  -2  
14  52  30  386  627  346  2  -2  
14  52  30  393  627  346  2  -2  
14  52  30  404  627  346  2  -2  
14  52  30  410  627  346  2  -2  
14  52  30  419  627  346  2  -2  
14  52  30  426  625  346  2  -2  
14  52  30  437  624  346  2  -2  
14  52  30  444  624  346  2  -2  
14  52  30  454  621  346  2  -2  
14  52  30  460  620  346  2  -2  
14  52  30  468  617  346  2  -2  
14  52  30  476  616  346  2  -2  
14  52  30  486  612  346  2  -2  
14  52  30  493  607  346  2  -2  
14  52  30  504  601  343  2  -2  
14  52  30  511  594  341  2  -2  
14  52  30  520  587  341  2  -2  
14  52  30  526  578  340  2  -2  
14  52  30  536  569  336  2  -2  
14  52  30  542  561  335  2  -2  
14  52  30  553  551  333  2  -2  
14  52  30  559  544  333  2  -2  
14  52  30  569  533  331  2  -2  
14  52  30  577  518  330  2  -2  
14  52  30  587  511  329  2  -2  
14  52  30  592  504  327  2  -2  
14  52  30  602  497  327  2  -2  
14  52  30  610  490  325  2  -2  
14  52  30  619  480  324  2  -2  
14  52  30  627  474  323  2  -2  
14  52  30  636  468  323  2  -2  
14  52  30  643  461  321  2  -2  
14  52  30  652  455  319  2  -2  
14  52  30  660  450  319  2  -2  
14  52  30  669  441  318  2  -2  
14  52  30  674  434  317  2  -2  
14  52  30  686  427  316  2  -2  
14  52  30  694  417  316  2  -2  
14  52  30  702  407  313  2  -2  
14  52  30  710  398  311  3  -2  
14  52  30  719  389  309  3  -2  
14  52  30  726  384  309  3  -2  
14  52  30  735  379  307  3  -2  
14  52  30  742  373  306  3  -2  
14  52  30  753  371  306  3  -2  
14  52  30  759  365  305  3  -2  
14  52  30  769  365  305  3  -2  
14  52  30  776  365  305  3  -2  
14  52  30  786  365  305  3  -2  
14  52  30  794  365  305  3  -2  
14  52  30  803  365  305  3  -2  
14  52  30  810  365  305  3  -2  
14  52  30  822  365  305  3  -2  
14  52  30  827  365  305  3  -2  
14  52  30  838  365  305  3  -2  
14  52  30  844  365  305  3  -2  
14  52  30  854  365  305  3  -2  
14  52  30  861  365  305  3  -2  
14  52  30  871  365  305  3  -2  
14  52  30  878  365  305  3  -2  
14  52  30  887  365  305  3  -2  
14  52  30  894  365  305  3  -2  
14  52  30  904  365  305  3  -2  
14  52  30  911  365  305  3  -2  
14  52  30  921  365  305  3  -2  
14  52  30  929  365  305  3  -2  
14  52  30  939  365  305  3  -2  
14  52  30  944  365  305  3  -2  
14  52  30  954  365  305  3  -2  
14  52  30  962  365  305  3  -2  
14  52  30  971  365  305  3  -2  
14  52  30  979  365  305  3  -2  
14  52  30  988  365  305  3  -2  
14  52  30  995  365  305  3  -2  
14  52  30  1004  365  305  3  -2  
14  52  30  1012  365  305  3  -2  
14  52  30  1021  365  305  3  -2  
14  52  30  1028  365  305  3  -2  
14  52  30  1038  365  305  3  -2  
14  52  30  1045  365  305  3  -2  
14  52  30  1054  365  305  3  -2  
14  52  30  1061  365  305  3  -2  
14  52  30  1072  365  305  3  -2  
14  52  30  1080  365  305  3  -2  
14  52  30  1088  365  305  3  -2  
14  52  30  1095  365  305  3  -2  
14  52  30  1104  365  305  3  -2  
14  52  30  1112  365  305  3  -2  
14  52  30  1121  365  305  3  -2  
14  52  30  1129  365  305  3  -2  
14  52  30  1138  365  305  3  -2  
14  52  30  1145  365  305  3  -2  
14  52  30  1154  365  305  3  -2  
14  52  30  1161  365  305  3  -2  
14  52  30  1171  365  305  3  -2  
14  52  30  1179  365  305  3  -2  
14  52  30  1188  365  305  3  -2  
14  52  31  1195  365  305  3  -2  
14  52  31  1204  365  305  3  -2  
14  52  31  1212  365  305  3  -2  
14  52  31  1221  365  305  3  -2  
14  52  31  1229  365  305  3  -2  
14  52  31  1238  365  305  3  -2  
14  52  31  1246  365  305  3  -2  
14  52  31  1254  365  305  3  -2  
14  52  31  1261  365  305  3  -2  
14  52  31  1271  365  305  3  -2  
14  52  31  1279  365  305  3  -2  
14  52  31  1287  365  305  3  -2  
14  52  31  1296  365  305  3  -2  
14  52  31  1304  365  305  3  -2  
14  52  31  1312  365  305  3  -2  
14  52  31  1322  365  305  3  -2  
14  52  31  1329  365  305  3  -2  
14  52  31  1338  365  305  3  -2  
14  52  31  1345  365  305  3  -2  
14  52  31  1354  365  305  3  -2  
14  52  31  1362  365  305  3  -2  
14  52  31  1371  365  305  3  -2  
14  52  31  1379  365  305  3  -2  
14  52  31  1388  365  305  3  -2  
14  52  31  1396  365  305  3  -2  
14  52  31  1404  365  305  3  -2  
14  52  31  1411  365  305  3  -2  
14  52  31  1421  365  305  3  -2  
14  52  31  1429  365  305  3  -2  
14  52  31  1438  365  305  3  -2  
14  52  31  1445  365  305  3  -2  
14  52  31  1454  365  305  3  -2  
14  52  31  1462  365  305  3  -2  
14  52  31  1471  365  305  3  -2  
14  52  31  1478  365  305  3  -2  
14  52  31  1489  365  305  3  -2  
14  52  31  1495  365  305  3  -2  
14  52  31  1504  365  305  3  -2  
14  52  31  1511  365  305  3  -2  
14  52  31  1521  365  305  3  -2  
14  52  31  1529  365  305  3  -2  
14  52  31  1538  365  305  3  -2  
14  52  31  1545  365  305  3  -2  
14  52  31  1554  365  305  3  -2  
14  52  31  1561  365  305  3  -2  
14  52  31  1572  365  305  3  -2  
14  52  31  1579  365  305  3  -2  
14  52  31  1588  365  305  3  -2  
14  52  31  1597  366  305  3  -2  
14  52  31  1605  369  305  3  -2  
14  52  31  1613  373  305  3  -2  
14  52  31  1622  380  305  3  -2  
14  52  31  1630  385  305  3  -2  
14  52  31  1638  392  306  3  -2  
14  52  31  1645  402  308  3  -2  
14  52  31  1654  409  309  3  -2  
14  52  31  1663  419  310  3  -2  
14  52  31  1671  430  311  3  -2  
14  52  31  1680  438  313  3  -2  
14  52  31  1688  447  314  3  -2  
14  52  31  1698  457  315  3  -2  
14  52  31  1705  477  319  3  -2  
14  52  31  1714  484  319  3  -2  
14  52  31  1722  494  320  3  -2  
14  52  31  1731  505  322  4  -2  
14  52  31  1740  510  322  4  -2  
14  52  31  1748  518  323  4  -2  
14  52  31  1757  525  324  4  -2  
14  52  31  1764  529  325  4  -2  
14  52  31  1772  532  326  4  -2  
14  52  31  1781  535  326  4  -2  
14  52  31  1788  535  326  4  -2  
14  52  31  1796  536  326  4  -2  
14  52  31  1806  536  326  4  -2  
14  52  31  1813  536  326  4  -2  
14  52  31  1823  536  326  4  -2  
14  52  31  1830  536  326  4  -2  
14  52  31  1839  536  326  4  -2  
14  52  31  1848  536  326  4  -2  
14  52  31  1856  536  326  4  -2  
14  52  31  1864  536  326  4  -2  
14  52  31  1874  536  326  4  -2  
14  52  31  1882  536  326  4  -2  
14  52  31  1890  536  326  4  -2  
14  52  31  1898  536  326  4  -2  
14  52  31  1906  536  326  4  -2  
14  52  31  1915  536  326  4  -2  
14  52  31  1923  536  326  4  -2  
14  52  31  1931  536  326  4  -2  
14  52  31  1940  536  326  4  -2  
14  52  31  1948  536  326  4  -2  
14  52  31  1957  536  326  4  -2  
14  52  31  1965  536  326  4  -2  
14  52  31  1974  536  326  4  -2  
14  52  31  1981  536  326  4  -2  
14  52  31  1991  536  326  4  -2  
14  52  31  1999  536  326  4  -2  
14  52  31  2007  536  326  4  -2  
14  52  31  2015  536  326  4  -2  
14  52  31  2023  530  326  4  -2  
14  52  31  2035  516  326  4  -2  
14  52  31  2043  483  326  4  -2  
14  52  31  2053  468  326  4  -2  
14  52  31  2060  455  326  4  -2  
14  52  31  2070  442  326  4  -2  
14  52  31  2076  432  326  4  -2  
14  52  31  2086  425  326  4  -2  
14  52  31  2092  418  326  4  -2  
14  52  31  2102  413  325  4  -2  
14  52  31  2110  408  325  4  -2  
14  52  31  2121  404  325  4  -2  
14  52  31  2126  397  324  5  -2  
14  52  31  2137  397  324  5  -2  
14  52  31  2145  394  323  5  -2  
14  52  31  2154  393  323  5  -2  
14  52  31  2161  393  323  5  -2  
14  52  31  2171  393  323  5  -2  
14  52  31  2176  393  323  5  -2  
14  52  31  2187  393  323  5  -2  
14  52  32  2195  393  323  5  -2  
14  52  32  2204  393  323  5  -2  
14  52  32  2211  393  323  5  -2  
14  52  32  2221  393  323  5  -2  
14  52  32  2228  393  323  5  -2  
14  52  32  2237  393  323  5  -2  
14  52  32  2245  393  323  5  -2  
14  52  32  2254  393  323  5  -2  
14  52  32  2261  393  323  5  -2  
14  52  32  2271  393  323  5  -2  
14  52  32  2278  393  323  5  -2  
14  52  32  2287  393  323  5  -2  
14  52  32  2293  393  323  5  -2  
14  52  32  2303  393  323  5  -2  
14  52  32  2309  393  323  5  -2  
14  52  32  2321  393  323  5  -2  
14  52  32  2327  393  323  5  -2  
14  52  32  2337  393  323  5  -2  
14  52  32  2344  393  323  5  -2  
14  52  32  2353  393  323  5  -2  
14  52  32  2360  393  323  5  -2  
14  52  32  2370  393  323  5  -2  
14  52  32  2377  393  323  5  -2  
14  52  32  2386  393  323  5  -2  
14  52  32  2394  393  323  5  -2  
14  52  32  2403  393  323  5  -2  
14  52  32  2411  393  323  5  -2  
14  52  32  2420  393  323  5  -2  
14  52  32  2427  393  323  5  -2  
14  52  32  2437  393  323  5  -2  
14  52  32  2444  393  323  5  -2  
14  52  32  2453  393  323  5  -2  
14  52  32  2461  393  323  5  -2  
14  52  32  2470  393  323  5  -2  
14  52  32  2477  393  323  5  -2  
14  52  32  2487  393  323  5  -2  
