11  24  18  0  365  325  1  -2  
11  24  18  6  365  325  1  -2  
11  24  18  16  365  325  1  -2  
11  24  18  23  365  325  1  -2  
11  24  18  32  365  325  1  -2  
11  24  18  40  365  325  1  -2  
11  24  18  49  365  325  1  -2  
11  24  18  56  365  325  1  -2  
11  24  18  66  365  325  1  -2  
11  24  18  72  365  325  1  -2  
11  24  18  82  365  325  1  -2  
11  24  18  90  365  325  1  -2  
11  24  18  99  365  325  1  -2  
11  24  18  106  365  325  1  -2  
11  24  18  116  365  324  1  -2  
11  24  18  122  366  324  1  -2  
11  24  18  132  367  324  1  -2  
11  24  18  140  369  324  1  -2  
11  24  18  149  374  324  1  -2  
11  24  18  157  381  324  1  -2  
11  24  18  166  393  325  1  -2  
11  24  18  173  432  325  1  -2  
11  24  18  182  432  325  1  -2  
11  24  18  190  477  325  1  -2  
11  24  18  199  495  327  1  -2  
11  24  18  208  512  328  2  -2  
11  24  18  216  523  328  2  -2  
11  24  18  223  532  328  2  -2  
11  24  18  232  537  330  2  -2  
11  24  18  238  537  330  2  -2  
11  24  18  249  540  330  2  -2  
11  24  18  256  541  330  2  -2  
11  24  18  266  542  330  2  -2  
11  24  18  273  542  330  2  -2  
11  24  18  282  545  330  2  -2  
11  24  18  289  548  330  2  -2  
11  24  18  300  550  330  2  -2  
11  24  18  306  554  330  2  -2  
11  24  18  316  555  330  2  -2  
11  24  18  323  555  330  2  -2  
11  24  18  332  555  330  2  -2  
11  24  18  340  555  330  2  -2  
11  24  18  349  555  330  2  -2  
11  24  18  357  555  330  2  -2  
11  24  18  366  555  330  2  -2  
11  24  18  373  555  330  2  -2  
11  24  18  382  555  330  2  -2  
11  24  18  390  555  330  2  -2  
11  24  18  399  555  330  2  -2  
11  24  18  408  555  330  2  -2  
11  24  18  416  555  330  2  -2  
11  24  18  423  555  330  2  -2  
11  24  18  432  555  330  2  -2  
11  24  18  440  555  330  2  -2  
11  24  18  449  555  330  2  -2  
11  24  18  458  555  330  2  -2  
11  24  18  466  555  330  2  -2  
11  24  18  473  555  330  2  -2  
11  24  18  482  555  330  2  -2  
11  24  18  490  555  330  2  -2  
11  24  18  499  555  330  2  -2  
11  24  18  508  555  330  2  -2  
11  24  18  515  555  330  2  -2  
11  24  18  523  555  330  2  -2  
11  24  18  532  555  330  2  -2  
11  24  18  540  555  330  2  -2  
11  24  18  549  555  330  2  -2  
11  24  18  556  555  330  2  -2  
11  24  18  564  555  330  2  -2  
11  24  18  573  555  330  2  -2  
11  24  18  581  555  330  2  -2  
11  24  18  589  555  330  2  -2  
11  24  18  598  555  330  2  -2  
11  24  18  607  555  330  2  -2  
11  24  18  615  555  330  2  -2  
11  24  18  622  555  330  2  -2  
11  24  19  631  555  330  2  -2  
11  24  19  640  555  330  2  -2  
11  24  19  648  555  330  2  -2  
11  24  19  657  555  330  2  -2  
11  24  19  665  555  330  2  -2  
11  24  19  672  555  330  2  -2  
11  24  19  681  554  330  2  -2  
11  24  19  689  550  330  2  -2  
11  24  19  698  549  330  2  -2  
11  24  19  707  545  330  2  -2  
11  24  19  714  542  330  2  -2  
11  24  19  724  537  330  2  -2  
11  24  19  731  531  330  2  -2  
11  24  19  739  524  330  2  -2  
11  24  19  748  514  330  2  -2  
11  24  19  757  505  330  2  -2  
11  24  19  765  499  330  2  -2  
11  24  19  773  495  330  2  -2  
11  24  19  781  491  330  2  -2  
11  24  19  791  487  330  2  -2  
11  24  19  798  483  329  2  -2  
11  24  19  806  478  329  2  -2  
11  24  19  815  471  326  2  -2  
11  24  19  823  464  326  2  -2  
11  24  19  832  454  325  2  -2  
11  24  19  839  447  324  2  -2  
11  24  19  848  440  324  2  -2  
11  24  19  857  433  324  2  -2  
11  24  19  865  425  324  2  -2  
11  24  19  872  420  324  2  -2  
11  24  19  881  414  324  2  -2  
11  24  19  890  409  324  2  -2  
11  24  19  899  407  324  2  -2  
11  24  19  908  403  324  2  -2  
11  24  19  919  398  324  3  -2  
11  24  19  930  382  323  3  -2  
11  24  19  938  377  323  3  -2  
11  24  19  949  375  323  3  -2  
11  24  19  957  371  323  3  -2  
11  24  19  966  371  323  3  -2  
11  24  19  974  370  323  3  -2  
11  24  19  982  370  323  3  -2  
11  24  19  992  370  323  3  -2  
11  24  19  1001  370  323  3  -2  
11  24  19  1009  370  323  3  -2  
11  24  19  1019  370  323  3  -2  
11  24  19  1029  370  323  3  -2  
11  24  19  1037  370  323  3  -2  
11  24  19  1047  370  323  3  -2  
11  24  19  1055  370  323  3  -2  
11  24  19  1066  370  323  3  -2  
11  24  19  1073  370  323  3  -2  
11  24  19  1083  370  323  3  -2  
11  24  19  1091  369  323  3  -2  
11  24  19  1101  368  323  3  -2  
11  24  19  1109  366  323  3  -2  
11  24  19  1117  362  323  3  -2  
11  24  19  1126  362  323  3  -2  
11  24  19  1135  362  323  3  -2  
11  24  19  1142  362  323  3  -2  
11  24  19  1150  362  323  3  -2  
11  24  19  1158  362  323  3  -2  
11  24  19  1167  362  323  3  -2  
11  24  19  1177  362  323  3  -2  
11  24  19  1184  362  323  3  -2  
11  24  19  1192  362  323  3  -2  
11  24  19  1202  362  323  3  -2  
11  24  19  1209  362  323  3  -2  
11  24  19  1217  362  323  3  -2  
11  24  19  1226  362  323  3  -2  
11  24  19  1233  362  323  3  -2  
11  24  19  1242  362  323  3  -2  
11  24  19  1251  362  323  3  -2  
11  24  19  1260  362  323  3  -2  
11  24  19  1268  362  323  3  -2  
11  24  19  1276  362  323  3  -2  
11  24  19  1283  362  323  3  -2  
11  24  19  1294  362  323  3  -2  
11  24  19  1301  362  323  3  -2  
11  24  19  1308  362  323  3  -2  
11  24  19  1317  362  323  3  -2  
11  24  19  1327  362  323  3  -2  
11  24  19  1334  362  323  3  -2  
11  24  19  1342  362  323  3  -2  
11  24  19  1349  362  323  3  -2  
11  24  19  1358  362  323  3  -2  
11  24  19  1409  362  323  3  -2  
11  24  19  1417  362  323  3  -2  
11  24  19  1427  364  323  3  -2  
11  24  19  1434  369  323  3  -2  
11  24  19  1442  375  323  3  -2  
11  24  19  1451  384  323  3  -2  
11  24  19  1459  392  323  3  -2  
11  24  19  1467  399  323  3  -2  
11  24  19  1478  414  323  3  -2  
11  24  19  1486  450  323  3  -2  
11  24  19  1495  473  323  3  -2  
11  24  19  1501  497  323  4  -2  
11  24  19  1510  497  323  4  -2  
11  24  19  1518  523  323  4  -2  
11  24  19  1528  529  323  4  -2  
11  24  19  1536  530  321  4  -2  
11  24  19  1544  530  321  4  -2  
11  24  19  1553  530  321  4  -2  
11  24  19  1561  530  321  4  -2  
11  24  19  1568  530  321  4  -2  
11  24  19  1577  530  321  4  -2  
11  24  19  1586  530  321  4  -2  
11  24  19  1594  530  321  4  -2  
11  24  19  1602  530  321  4  -2  
11  24  19  1611  530  321  4  -2  
11  24  19  1618  530  321  4  -2  
11  24  20  1629  530  321  4  -2  
11  24  20  1635  530  321  4  -2  
11  24  20  1646  530  321  4  -2  
11  24  20  1653  530  321  4  -2  
11  24  20  1662  530  321  4  -2  
11  24  20  1669  530  321  4  -2  
11  24  20  1678  530  321  4  -2  
11  24  20  1686  530  321  4  -2  
11  24  20  1696  530  321  4  -2  
11  24  20  1702  530  321  4  -2  
11  24  20  1710  530  321  4  -2  
11  24  20  1719  530  321  4  -2  
11  24  20  1731  530  321  4  -2  
11  24  20  1737  530  321  4  -2  
11  24  20  1748  530  321  4  -2  
11  24  20  1753  530  321  4  -2  
11  24  20  1763  530  321  4  -2  
11  24  20  1771  530  321  4  -2  
11  24  20  1780  530  321  4  -2  
11  24  20  1788  530  321  4  -2  
11  24  20  1797  530  321  4  -2  
11  24  20  1805  530  321  4  -2  
11  24  20  1812  530  321  4  -2  
11  24  20  1820  530  321  4  -2  
11  24  20  1830  530  321  4  -2  
11  24  20  1837  530  321  4  -2  
11  24  20  1848  530  321  4  -2  
11  24  20  1855  530  321  4  -2  
11  24  20  1865  530  321  4  -2  
11  24  20  1870  530  321  4  -2  
11  24  20  1880  523  321  4  -2  
11  24  20  1887  515  321  4  -2  
11  24  20  1898  503  321  4  -2  
11  24  20  1905  490  321  4  -2  
11  24  20  1914  477  321  4  -2  
11  24  20  1921  465  321  4  -2  
11  24  20  1931  455  321  4  -2  
11  24  20  1937  448  321  4  -2  
11  24  20  1947  443  321  4  -2  
11  24  20  1955  436  320  4  -2  
11  24  20  1964  428  320  4  -2  
11  24  20  1972  419  320  4  -2  
11  24  20  1981  408  320  4  -2  
