14  51  55  0  363  329  1  -2  
14  51  55  8  363  329  1  -2  
14  51  55  16  363  329  1  -2  
14  51  55  25  363  329  1  -2  
14  51  55  32  363  329  1  -2  
14  51  55  41  363  329  1  -2  
14  51  55  50  363  329  1  -2  
14  51  55  57  363  329  1  -2  
14  51  55  66  363  329  1  -2  
14  51  55  75  363  329  1  -2  
14  51  55  84  363  329  1  -2  
14  51  55  91  363  329  1  -2  
14  51  55  100  365  330  1  -2  
14  51  55  108  369  331  1  -2  
14  51  55  116  374  332  1  -2  
14  51  55  126  379  332  1  -2  
14  51  55  132  386  334  1  -2  
14  51  55  141  391  334  1  -2  
14  51  55  149  397  336  1  -2  
14  51  55  158  402  336  1  -2  
14  51  55  165  408  337  1  -2  
14  51  55  175  413  337  1  -2  
14  51  56  184  420  338  1  -2  
14  51  56  191  428  338  1  -2  
14  51  56  200  435  339  1  -2  
14  51  56  207  444  342  1  -2  
14  51  56  216  454  343  1  -2  
14  51  56  225  463  344  1  -2  
14  51  56  234  485  348  1  -2  
14  51  56  241  495  349  1  -2  
14  51  56  250  507  351  1  -2  
14  51  56  259  514  351  1  -2  
14  51  56  266  522  352  1  -2  
14  51  56  275  530  354  1  -2  
14  51  56  285  535  355  1  -2  
14  51  56  293  537  356  1  -2  
14  51  56  301  541  356  1  -2  
14  51  56  310  541  357  1  -2  
14  51  56  318  543  357  1  -2  
14  51  56  326  543  357  1  -2  
14  51  56  335  543  357  1  -2  
14  51  56  342  543  357  1  -2  
14  51  56  353  543  357  1  -2  
14  51  56  359  543  357  1  -2  
14  51  56  368  543  357  1  -2  
14  51  56  377  543  357  1  -2  
14  51  56  385  543  357  1  -2  
14  51  56  393  543  357  1  -2  
14  51  56  403  543  357  1  -2  
14  51  56  410  543  357  1  -2  
14  51  56  419  543  357  1  -2  
14  51  56  426  543  357  1  -2  
14  51  56  435  543  357  1  -2  
14  51  56  443  543  357  1  -2  
14  51  56  453  543  357  1  -2  
14  51  56  460  543  357  1  -2  
14  51  56  469  543  357  1  -2  
14  51  56  477  543  357  1  -2  
14  51  56  485  543  357  1  -2  
14  51  56  495  543  357  1  -2  
14  51  56  503  543  357  1  -2  
14  51  56  510  543  357  1  -2  
14  51  56  519  543  357  1  -2  
14  51  56  528  543  357  1  -2  
14  51  56  535  543  357  1  -2  
14  51  56  545  543  357  1  -2  
14  51  56  553  543  357  1  -2  
14  51  56  559  543  357  1  -2  
14  51  56  568  543  357  1  -2  
14  51  56  577  543  357  1  -2  
14  51  56  585  543  357  1  -2  
14  51  56  595  543  357  1  -2  
14  51  56  603  543  357  1  -2  
14  51  56  610  543  357  1  -2  
14  51  56  619  543  357  1  -2  
14  51  56  627  543  357  1  -2  
14  51  56  635  543  357  1  -2  
14  51  56  645  543  357  1  -2  
14  51  56  652  543  357  1  -2  
14  51  56  660  543  357  1  -2  
14  51  56  669  543  357  1  -2  
14  51  56  679  543  357  1  -2  
14  51  56  688  543  357  1  -2  
14  51  56  695  543  357  1  -2  
14  51  56  702  543  357  1  -2  
14  51  56  711  543  357  1  -2  
14  51  56  718  543  357  1  -2  
14  51  56  727  543  357  1  -2  
14  51  56  735  543  357  1  -2  
14  51  56  745  543  357  1  -2  
14  51  56  753  543  357  1  -2  
14  51  56  761  543  357  1  -2  
14  51  56  769  543  357  1  -2  
14  51  56  777  543  357  1  -2  
14  51  56  786  543  357  1  -2  
14  51  56  795  543  357  1  -2  
14  51  56  803  541  357  1  -2  
14  51  56  813  539  355  1  -2  
14  51  56  822  537  355  1  -2  
14  51  56  830  534  354  1  -2  
14  51  56  839  534  354  1  -2  
14  51  56  847  532  353  1  -2  
14  51  56  856  530  351  1  -2  
14  51  56  864  529  350  1  -2  
14  51  56  874  528  349  2  -2  
14  51  56  879  521  345  2  -2  
14  51  56  890  521  345  2  -2  
14  51  56  895  508  342  2  -2  
14  51  56  907  508  342  2  -2  
14  51  56  913  495  339  2  -2  
14  51  56  923  495  339  2  -2  
14  51  56  929  478  332  2  -2  
14  51  56  938  478  332  2  -2  
14  51  56  946  468  332  2  -2  
14  51  56  957  448  327  2  -2  
14  51  56  965  438  326  2  -2  
14  51  56  974  429  322  2  -2  
14  51  56  979  419  320  2  -2  
14  51  56  989  408  316  2  -2  
14  51  56  996  400  313  2  -2  
14  51  56  1009  391  313  3  -2  
14  51  56  1016  384  312  3  -2  
14  51  56  1025  377  310  3  -2  
14  51  56  1032  374  310  3  -2  
14  51  56  1042  371  310  3  -2  
14  51  56  1049  366  309  3  -2  
14  51  56  1058  366  309  3  -2  
14  51  56  1065  365  309  3  -2  
14  51  56  1075  365  309  3  -2  
14  51  56  1083  363  308  3  -2  
14  51  56  1091  362  308  3  -2  
14  51  56  1100  360  307  3  -2  
14  51  56  1109  359  307  3  -2  
14  51  56  1116  357  307  3  -2  
14  51  56  1126  355  305  3  -2  
14  51  56  1133  355  305  3  -2  
14  51  56  1141  354  305  3  -2  
14  51  56  1149  354  305  3  -2  
14  51  56  1158  354  305  3  -2  
14  51  56  1165  354  305  3  -2  
14  51  56  1175  354  305  3  -2  
14  51  57  1182  354  305  3  -2  
14  51  57  1191  354  305  3  -2  
14  51  57  1199  354  305  3  -2  
14  51  57  1208  354  305  3  -2  
14  51  57  1216  354  305  3  -2  
14  51  57  1225  354  305  3  -2  
14  51  57  1233  354  305  3  -2  
14  51  57  1241  354  305  3  -2  
14  51  57  1250  354  305  3  -2  
14  51  57  1258  354  305  3  -2  
14  51  57  1267  354  305  3  -2  
14  51  57  1275  354  305  3  -2  
14  51  57  1283  354  305  3  -2  
14  51  57  1291  354  305  3  -2  
14  51  57  1300  354  305  3  -2  
14  51  57  1308  354  305  3  -2  
14  51  57  1316  354  305  3  -2  
14  51  57  1325  354  305  3  -2  
14  51  57  1333  354  305  3  -2  
14  51  57  1341  354  305  3  -2  
14  51  57  1349  354  305  3  -2  
14  51  57  1358  354  305  3  -2  
14  51  57  1367  354  305  3  -2  
14  51  57  1376  354  305  3  -2  
14  51  57  1381  354  305  3  -2  
14  51  57  1391  354  305  3  -2  
14  51  57  1400  354  305  3  -2  
14  51  57  1408  354  305  3  -2  
14  51  57  1416  354  305  3  -2  
14  51  57  1424  354  305  3  -2  
14  51  57  1433  354  305  3  -2  
14  51  57  1440  354  305  3  -2  
14  51  57  1448  354  305  3  -2  
14  51  57  1457  354  305  3  -2  
14  51  57  1465  354  305  3  -2  
14  51  57  1474  354  305  3  -2  
14  51  57  1482  354  305  3  -2  
14  51  57  1490  354  305  3  -2  
14  51  57  1499  354  305  3  -2  
14  51  57  1508  354  305  3  -2  
14  51  57  1518  354  305  3  -2  
14  51  57  1526  354  305  3  -2  
14  51  57  1534  354  305  3  -2  
14  51  57  1543  354  305  3  -2  
14  51  57  1552  354  305  3  -2  
14  51  57  1561  354  305  3  -2  
14  51  57  1568  354  305  3  -2  
14  51  57  1576  354  305  3  -2  
14  51  57  1584  354  305  3  -2  
14  51  57  1594  354  305  3  -2  
14  51  57  1601  354  305  3  -2  
14  51  57  1611  354  305  3  -2  
14  51  57  1620  354  305  3  -2  
14  51  57  1627  354  305  3  -2  
14  51  57  1636  354  305  3  -2  
14  51  57  1645  354  305  3  -2  
14  51  57  1654  354  305  3  -2  
14  51  57  1660  354  305  3  -2  
14  51  57  1670  354  305  3  -2  
14  51  57  1679  354  305  3  -2  
14  51  57  1687  354  305  3  -2  
14  51  57  1694  354  305  3  -2  
14  51  57  1705  354  305  3  -2  
14  51  57  1710  354  305  3  -2  
14  51  57  1721  354  305  3  -2  
14  51  57  1727  354  305  3  -2  
14  51  57  1736  354  305  3  -2  
14  51  57  1744  354  305  3  -2  
14  51  57  1755  354  305  3  -2  
14  51  57  1762  354  305  3  -2  
14  51  57  1771  357  305  3  -2  
14  51  57  1777  362  305  3  -2  
14  51  57  1786  369  306  3  -2  
14  51  57  1795  376  307  3  -2  
14  51  57  1804  383  307  3  -2  
14  51  57  1812  391  308  3  -2  
14  51  57  1821  399  310  3  -2  
14  51  57  1828  404  311  3  -2  
14  51  57  1837  411  311  3  -2  
14  51  57  1844  416  313  3  -2  
14  51  57  1856  422  314  3  -2  
14  51  57  1861  428  314  3  -2  
14  51  57  1870  434  316  3  -2  
14  51  57  1878  439  317  3  -2  
14  51  57  1887  445  317  3  -2  
14  51  57  1895  451  317  3  -2  
14  51  57  1905  457  319  3  -2  
14  51  57  1913  466  319  3  -2  
14  51  57  1921  466  319  3  -2  
14  51  57  1929  476  322  3  -2  
14  51  57  1939  476  322  3  -2  
14  51  57  1945  486  323  3  -2  
14  51  57  1955  490  324  3  -2  
14  51  57  1963  491  324  3  -2  
14  51  57  1972  494  324  3  -2  
14  51  57  1978  494  324  3  -2  
14  51  57  1989  494  324  3  -2  
14  51  57  1996  494  324  3  -2  
14  51  57  2007  494  324  3  -2  
14  51  57  2012  494  324  3  -2  
14  51  57  2023  494  324  3  -2  
14  51  57  2030  494  324  3  -2  
14  51  57  2040  494  324  3  -2  
14  51  57  2045  495  324  3  -2  
14  51  57  2057  495  324  3  -2  
14  51  57  2064  497  324  4  -2  
14  51  57  2075  499  324  4  -2  
14  51  57  2083  502  324  4  -2  
14  51  57  2091  503  324  4  -2  
14  51  57  2099  503  324  4  -2  
14  51  57  2108  503  324  4  -2  
14  51  57  2118  503  324  4  -2  
14  51  57  2126  503  324  4  -2  
14  51  57  2136  503  324  4  -2  
14  51  57  2145  503  324  4  -2  
14  51  57  2154  503  324  4  -2  
14  51  57  2163  503  324  4  -2  
14  51  57  2174  503  324  4  -2  
14  51  58  2181  503  324  4  -2  
14  51  58  2191  503  324  4  -2  
14  51  58  2200  503  324  4  -2  
14  51  58  2209  503  324  4  -2  
14  51  58  2219  503  324  4  -2  
14  51  58  2228  503  324  4  -2  
14  51  58  2239  504  324  4  -2  
14  51  58  2247  505  324  4  -2  
14  51  58  2258  505  324  4  -2  
14  51  58  2266  505  324  4  -2  
14  51  58  2275  505  324  4  -2  
14  51  58  2284  505  324  4  -2  
14  51  58  2291  505  324  4  -2  
14  51  58  2300  505  324  4  -2  
14  51  58  2307  505  324  4  -2  
14  51  58  2316  505  324  4  -2  
14  51  58  2325  505  324  4  -2  
14  51  58  2333  505  324  4  -2  
14  51  58  2341  505  324  4  -2  
14  51  58  2349  505  324  4  -2  
14  51  58  2359  505  324  4  -2  
14  51  58  2367  505  324  4  -2  
14  51  58  2376  505  324  4  -2  
14  51  58  2384  505  324  4  -2  
14  51  58  2392  505  324  4  -2  
14  51  58  2401  505  324  4  -2  
14  51  58  2409  505  324  4  -2  
14  51  58  2418  505  324  4  -2  
14  51  58  2426  505  324  4  -2  
14  51  58  2436  505  324  4  -2  
14  51  58  2442  505  324  4  -2  
14  51  58  2451  505  324  4  -2  
14  51  58  2459  505  324  4  -2  
14  51  58  2467  505  324  4  -2  
14  51  58  2475  505  324  4  -2  
14  51  58  2484  505  324  4  -2  
14  51  58  2493  505  324  4  -2  
14  51  58  2501  505  324  4  -2  
14  51  58  2509  505  324  4  -2  
14  51  58  2517  505  324  4  -2  
14  51  58  2526  505  324  4  -2  
14  51  58  2536  505  324  4  -2  
14  51  58  2544  505  324  4  -2  
14  51  58  2554  505  324  4  -2  
14  51  58  2561  505  324  4  -2  
14  51  58  2572  505  324  4  -2  
14  51  58  2579  505  324  4  -2  
14  51  58  2590  505  324  4  -2  
14  51  58  2599  505  324  4  -2  
14  51  58  2609  505  324  4  -2  
14  51  58  2620  505  324  4  -2  
14  51  58  2630  505  324  4  -2  
14  51  58  2641  505  324  4  -2  
14  51  58  2648  505  324  4  -2  
14  51  58  2657  505  324  4  -2  
14  51  58  2666  502  324  4  -2  
14  51  58  2676  495  324  4  -2  
14  51  58  2687  491  324  4  -2  
14  51  58  2696  486  324  4  -2  
14  51  58  2706  482  323  4  -2  
14  51  58  2714  477  322  4  -2  
14  51  58  2724  474  322  4  -2  
14  51  58  2732  472  322  4  -2  
14  51  58  2742  470  321  4  -2  
14  51  58  2751  464  320  4  -2  
14  51  58  2760  463  320  4  -2  
14  51  58  2771  459  320  4  -2  
14  51  58  2780  451  318  4  -2  
14  51  58  2791  449  318  4  -2  
14  51  58  2801  445  318  4  -2  
14  51  58  2821  441  318  4  -2  
14  51  58  2830  427  316  4  -2  
14  51  58  2841  420  314  4  -2  
14  51  58  2850  413  314  4  -2  
14  51  58  2859  401  312  4  -2  
14  51  58  2871  392  311  5  -2  
14  51  58  2878  387  311  5  -2  
14  51  58  2891  384  311  5  -2  
14  51  58  2897  381  311  5  -2  
14  51  58  2907  381  311  5  -2  
14  51  58  2915  381  311  5  -2  
14  51  58  2923  381  311  5  -2  
14  51  58  2931  381  311  5  -2  
14  51  58  2939  381  311  5  -2  
14  51  58  2948  381  311  5  -2  
14  51  58  2956  381  311  5  -2  
14  51  58  2966  381  311  5  -2  
14  51  58  2976  381  311  5  -2  
14  51  58  2987  381  311  5  -2  
14  51  58  2995  380  311  5  -2  
14  51  58  3005  379  311  5  -2  
14  51  58  3013  378  311  5  -2  
14  51  58  3025  378  311  5  -2  
14  51  58  3033  377  311  5  -2  
14  51  58  3044  377  311  5  -2  
14  51  58  3054  377  311  5  -2  
14  51  58  3062  377  311  5  -2  
14  51  58  3071  377  311  5  -2  
14  51  58  3079  377  311  5  -2  
14  51  58  3088  377  311  5  -2  
14  51  58  3097  377  311  5  -2  
14  51  58  3108  377  311  5  -2  
14  51  58  3118  377  311  5  -2  
14  51  58  3127  377  311  5  -2  
14  51  58  3145  377  311  5  -2  
14  51  58  3154  377  311  5  -2  
14  51  58  3161  377  311  5  -2  
14  51  58  3172  377  311  5  -2  
14  51  59  3179  377  311  5  -2  
14  51  59  3189  377  311  5  -2  
14  51  59  3198  377  311  5  -2  
14  51  59  3208  377  311  5  -2  
14  51  59  3216  377  311  5  -2  
14  51  59  3226  377  311  5  -2  
14  51  59  3235  377  311  5  -2  
14  51  59  3244  377  311  5  -2  
14  51  59  3253  377  311  5  -2  
14  51  59  3259  377  311  5  -2  
14  51  59  3269  377  311  5  -2  
14  51  59  3276  377  311  5  -2  
14  51  59  3286  377  311  5  -2  
14  51  59  3293  377  311  5  -2  
14  51  59  3301  377  311  5  -2  
14  51  59  3310  377  311  5  -2  
14  51  59  3319  377  311  5  -2  
14  51  59  3327  377  311  5  -2  
