11  23  55  0  377  312  1  -2  
11  23  55  7  377  312  1  -2  
11  23  55  15  377  312  1  -2  
11  23  55  23  377  312  1  -2  
11  23  55  32  377  312  1  -2  
11  23  55  40  377  312  1  -2  
11  23  55  49  377  312  1  -2  
11  23  55  56  377  312  1  -2  
11  23  55  67  377  312  1  -2  
11  23  55  73  377  312  1  -2  
11  23  55  82  377  312  1  -2  
11  23  56  90  377  312  1  -2  
11  23  56  100  377  312  1  -2  
11  23  56  106  377  312  1  -2  
11  23  56  116  377  312  1  -2  
11  23  56  123  377  312  1  -2  
11  23  56  132  377  312  1  -2  
11  23  56  140  380  312  1  -2  
11  23  56  148  385  312  1  -2  
11  23  56  156  385  312  1  -2  
11  23  56  167  404  312  1  -2  
11  23  56  173  419  313  1  -2  
11  23  56  183  434  313  1  -2  
11  23  56  191  453  318  1  -2  
11  23  56  200  468  319  1  -2  
11  23  56  206  486  320  1  -2  
11  23  56  218  503  325  2  -2  
11  23  56  223  518  326  2  -2  
11  23  56  234  533  330  2  -2  
11  23  56  241  540  330  2  -2  
11  23  56  251  543  330  2  -2  
11  23  56  258  547  330  2  -2  
11  23  56  267  547  331  2  -2  
11  23  56  273  550  331  2  -2  
11  23  56  283  550  331  2  -2  
11  23  56  289  553  331  2  -2  
11  23  56  300  553  331  2  -2  
11  23  56  308  554  332  2  -2  
11  23  56  317  554  332  2  -2  
11  23  56  323  554  332  2  -2  
11  23  56  333  554  332  2  -2  
11  23  56  339  554  332  2  -2  
11  23  56  350  554  332  2  -2  
11  23  56  357  554  332  2  -2  
11  23  56  365  554  332  2  -2  
11  23  56  373  554  332  2  -2  
11  23  56  383  554  332  2  -2  
11  23  56  389  554  332  2  -2  
11  23  56  400  554  332  2  -2  
11  23  56  408  554  332  2  -2  
11  23  56  417  554  332  2  -2  
11  23  56  423  554  332  2  -2  
11  23  56  433  554  332  2  -2  
11  23  56  439  554  332  2  -2  
11  23  56  450  554  332  2  -2  
11  23  56  458  554  332  2  -2  
11  23  56  467  554  332  2  -2  
11  23  56  473  554  332  2  -2  
11  23  56  483  554  332  2  -2  
11  23  56  489  554  332  2  -2  
11  23  56  500  554  332  2  -2  
11  23  56  508  554  332  2  -2  
11  23  56  516  554  332  2  -2  
11  23  56  523  554  332  2  -2  
11  23  56  533  554  332  2  -2  
11  23  56  539  554  332  2  -2  
11  23  56  550  554  332  2  -2  
11  23  56  556  554  332  2  -2  
11  23  56  567  554  332  2  -2  
11  23  56  573  554  332  2  -2  
11  23  56  583  554  332  2  -2  
11  23  56  590  554  332  2  -2  
11  23  56  600  554  332  2  -2  
11  23  56  608  554  332  2  -2  
11  23  56  618  554  332  2  -2  
11  23  56  623  554  332  2  -2  
11  23  56  633  554  332  2  -2  
11  23  56  639  554  332  2  -2  
11  23  56  650  554  332  2  -2  
11  23  56  657  554  332  2  -2  
11  23  56  667  554  332  2  -2  
11  23  56  674  554  332  2  -2  
11  23  56  683  554  332  2  -2  
11  23  56  689  554  332  2  -2  
11  23  56  700  554  332  2  -2  
11  23  56  708  550  331  2  -2  
11  23  56  717  549  331  2  -2  
11  23  56  724  546  330  2  -2  
11  23  56  733  546  330  2  -2  
11  23  56  742  543  330  2  -2  
11  23  56  750  542  329  2  -2  
11  23  56  758  538  329  2  -2  
11  23  56  767  533  329  2  -2  
11  23  56  774  527  328  2  -2  
11  23  56  783  522  326  2  -2  
11  23  56  791  518  325  2  -2  
11  23  56  800  513  325  2  -2  
11  23  56  808  510  325  2  -2  
11  23  56  817  507  325  2  -2  
11  23  56  824  506  325  2  -2  
11  23  56  833  503  325  2  -2  
11  23  56  840  499  325  2  -2  
11  23  56  850  494  324  2  -2  
11  23  56  859  488  324  2  -2  
11  23  56  866  476  324  2  -2  
11  23  56  874  466  323  2  -2  
11  23  56  883  456  323  2  -2  
11  23  56  892  436  323  2  -2  
11  23  56  900  429  323  2  -2  
11  23  56  909  417  323  2  -2  
11  23  56  917  407  323  2  -2  
11  23  56  925  397  323  3  -2  
11  23  56  933  385  323  3  -2  
11  23  56  940  374  323  3  -2  
11  23  56  950  365  323  3  -2  
11  23  56  959  360  323  3  -2  
11  23  56  967  355  323  3  -2  
11  23  56  974  353  323  3  -2  
11  23  56  984  353  323  3  -2  
11  23  56  991  353  323  3  -2  
11  23  56  1000  352  323  3  -2  
11  23  56  1009  352  323  3  -2  
11  23  56  1016  352  323  3  -2  
11  23  56  1025  351  323  3  -2  
11  23  56  1032  350  323  3  -2  
11  23  56  1041  348  323  3  -2  
11  23  56  1050  346  323  3  -2  
11  23  56  1057  345  323  3  -2  
11  23  56  1066  345  323  3  -2  
11  23  56  1074  345  323  3  -2  
11  23  56  1083  345  323  3  -2  
11  23  57  1092  345  323  3  -2  
11  23  57  1100  345  323  3  -2  
11  23  57  1109  345  323  3  -2  
11  23  57  1118  345  323  3  -2  
11  23  57  1125  345  323  3  -2  
11  23  57  1133  345  323  3  -2  
11  23  57  1142  345  323  3  -2  
11  23  57  1150  345  323  3  -2  
11  23  57  1158  345  323  3  -2  
11  23  57  1167  345  323  3  -2  
11  23  57  1174  345  323  3  -2  
11  23  57  1183  345  323  3  -2  
11  23  57  1191  345  323  3  -2  
11  23  57  1200  345  323  3  -2  
11  23  57  1209  345  323  3  -2  
11  23  57  1217  345  323  3  -2  
11  23  57  1225  345  323  3  -2  
11  23  57  1233  345  323  3  -2  
11  23  57  1241  345  323  3  -2  
11  23  57  1250  345  323  3  -2  
11  23  57  1258  345  323  3  -2  
11  23  57  1266  345  323  3  -2  
11  23  57  1275  345  323  3  -2  
11  23  57  1283  345  323  3  -2  
11  23  57  1292  345  323  3  -2  
11  23  57  1300  345  323  3  -2  
11  23  57  1309  345  323  3  -2  
11  23  57  1316  345  323  3  -2  
11  23  57  1326  345  323  3  -2  
11  23  57  1333  345  323  3  -2  
11  23  57  1341  345  323  3  -2  
11  23  57  1350  345  323  3  -2  
11  23  57  1358  345  323  3  -2  
11  23  57  1366  345  323  3  -2  
11  23  57  1375  345  323  3  -2  
11  23  57  1383  345  323  3  -2  
11  23  57  1393  345  323  3  -2  
11  23  57  1401  345  323  3  -2  
11  23  57  1409  345  323  3  -2  
11  23  57  1417  345  323  3  -2  
11  23  57  1425  345  323  3  -2  
11  23  57  1433  345  323  3  -2  
11  23  57  1441  345  323  3  -2  
11  23  57  1450  345  323  3  -2  
11  23  57  1460  345  323  3  -2  
11  23  57  1467  345  323  3  -2  
11  23  57  1475  345  323  3  -2  
11  23  57  1484  345  323  3  -2  
11  23  57  1492  345  323  3  -2  
11  23  57  1500  345  323  3  -2  
11  23  57  1510  345  323  3  -2  
11  23  57  1517  345  323  3  -2  
11  23  57  1526  348  323  3  -2  
11  23  57  1534  351  323  3  -2  
11  23  57  1542  353  323  3  -2  
11  23  57  1551  354  323  3  -2  
11  23  57  1559  356  323  3  -2  
11  23  57  1568  357  323  3  -2  
11  23  57  1575  357  323  3  -2  
11  23  57  1584  358  323  3  -2  
11  23  57  1592  359  323  3  -2  
11  23  57  1600  360  323  3  -2  
11  23  57  1610  362  323  3  -2  
11  23  57  1619  363  323  3  -2  
11  23  57  1626  365  323  3  -2  
11  23  57  1635  366  323  3  -2  
11  23  57  1643  368  323  3  -2  
11  23  57  1653  369  323  3  -2  
11  23  57  1661  372  323  3  -2  
11  23  57  1668  377  323  3  -2  
11  23  57  1676  387  323  3  -2  
11  23  57  1684  400  323  3  -2  
11  23  57  1694  417  323  3  -2  
11  23  57  1702  430  323  3  -2  
11  23  57  1710  443  323  3  -2  
11  23  57  1719  450  323  3  -2  
11  23  57  1726  455  323  3  -2  
11  23  57  1735  459  323  3  -2  
11  23  57  1743  462  323  3  -2  
11  23  57  1752  464  323  3  -2  
11  23  57  1760  467  323  3  -2  
11  23  57  1769  468  323  3  -2  
11  23  57  1775  469  323  3  -2  
11  23  57  1784  471  323  3  -2  
11  23  57  1794  471  323  3  -2  
11  23  57  1801  472  323  3  -2  
11  23  57  1810  473  323  3  -2  
11  23  57  1819  473  323  3  -2  
11  23  57  1826  474  323  3  -2  
11  23  57  1835  476  323  3  -2  
11  23  57  1844  480  323  3  -2  
11  23  57  1853  486  323  3  -2  
11  23  57  1860  490  323  3  -2  
11  23  57  1869  493  323  3  -2  
11  23  57  1876  493  323  3  -2  
11  23  57  1885  495  323  4  -2  
11  23  57  1894  495  323  4  -2  
11  23  57  1902  496  323  4  -2  
11  23  57  1911  496  323  4  -2  
11  23  57  1919  497  323  4  -2  
11  23  57  1926  497  323  4  -2  
11  23  57  1935  497  323  4  -2  
11  23  57  1943  497  323  4  -2  
11  23  57  1951  497  323  4  -2  
11  23  57  1960  498  323  4  -2  
11  23  57  1969  498  323  4  -2  
11  23  57  1976  498  323  4  -2  
11  23  57  1985  498  323  4  -2  
11  23  57  1993  499  323  4  -2  
11  23  57  2002  503  323  4  -2  
11  23  57  2009  511  323  4  -2  
11  23  57  2018  521  320  4  -2  
11  23  57  2025  533  317  4  -2  
11  23  57  2035  538  316  4  -2  
11  23  57  2042  543  314  4  -2  
11  23  57  2050  543  314  4  -2  
11  23  57  2059  543  314  4  -2  
11  23  57  2068  543  314  4  -2  
11  23  57  2076  543  314  4  -2  
11  23  57  2084  543  314  4  -2  
11  23  58  2092  543  314  4  -2  
11  23  58  2100  543  314  4  -2  
11  23  58  2110  543  314  4  -2  
11  23  58  2117  543  314  4  -2  
11  23  58  2125  543  314  4  -2  
11  23  58  2134  543  314  4  -2  
11  23  58  2143  543  314  4  -2  
11  23  58  2150  543  314  4  -2  
11  23  58  2159  543  314  4  -2  
11  23  58  2168  542  314  4  -2  
11  23  58  2175  542  314  4  -2  
11  23  58  2186  541  314  4  -2  
11  23  58  2192  539  314  4  -2  
11  23  58  2201  539  314  4  -2  
11  23  58  2209  539  314  4  -2  
11  23  58  2218  538  315  4  -2  
11  23  58  2227  536  316  4  -2  
11  23  58  2235  533  318  4  -2  
11  23  58  2244  525  319  4  -2  
11  23  58  2252  519  321  4  -2  
11  23  58  2260  512  325  4  -2  
11  23  58  2268  507  325  4  -2  
11  23  58  2277  495  326  4  -2  
11  23  58  2286  483  327  4  -2  
11  23  58  2295  473  327  4  -2  
11  23  58  2301  463  330  4  -2  
11  23  58  2310  456  331  4  -2  
11  23  58  2318  452  331  4  -2  
11  23  58  2328  448  332  4  -2  
11  23  58  2335  444  332  4  -2  
11  23  58  2342  442  332  4  -2  
11  23  58  2351  434  332  4  -2  
11  23  58  2361  429  332  4  -2  
11  23  58  2369  424  332  4  -2  
11  23  58  2377  421  332  4  -2  
11  23  58  2386  418  332  4  -2  
11  23  58  2394  418  332  4  -2  
11  23  58  2401  418  332  4  -2  
11  23  58  2410  418  332  4  -2  
11  23  58  2419  418  332  4  -2  
11  23  58  2427  418  332  4  -2  
11  23  58  2435  418  332  4  -2  
11  23  58  2443  418  332  4  -2  
11  23  58  2451  418  332  4  -2  
11  23  58  2460  418  332  4  -2  
11  23  58  2469  418  332  4  -2  
11  23  58  2477  418  332  4  -2  
11  23  58  2486  418  332  4  -2  
11  23  58  2493  418  332  4  -2  
11  23  58  2502  418  332  4  -2  
11  23  58  2510  418  332  4  -2  
11  23  58  2518  418  332  4  -2  
11  23  58  2527  418  332  4  -2  
11  23  58  2535  418  332  4  -2  
11  23  58  2544  415  332  4  -2  
11  23  58  2552  414  332  4  -2  
11  23  58  2561  407  332  4  -2  
11  23  58  2570  404  332  4  -2  
11  23  58  2579  400  332  4  -2  
11  23  58  2586  399  332  4  -2  
11  23  58  2594  398  332  4  -2  
11  23  58  2602  398  332  4  -2  
11  23  58  2612  397  332  4  -2  
