10  23  18  0  375  316  1  -2  
10  23  18  7  375  316  1  -2  
10  23  18  17  375  316  1  -2  
10  23  18  23  375  316  1  -2  
10  23  18  32  375  316  1  -2  
10  23  18  40  375  316  1  -2  
10  23  18  50  375  316  1  -2  
10  23  18  56  375  316  1  -2  
10  23  18  67  375  316  1  -2  
10  23  18  74  375  316  1  -2  
10  23  18  84  375  316  1  -2  
10  23  18  90  375  316  1  -2  
10  23  18  100  375  316  1  -2  
10  23  18  107  375  316  1  -2  
10  23  18  117  375  316  1  -2  
10  23  18  124  375  316  1  -2  
10  23  18  132  375  316  1  -2  
10  23  18  140  375  316  1  -2  
10  23  18  150  375  316  1  -2  
10  23  18  157  375  316  1  -2  
10  23  18  167  375  316  1  -2  
10  23  18  173  375  316  1  -2  
10  23  18  184  375  316  1  -2  
10  23  18  190  375  316  1  -2  
10  23  18  201  375  316  1  -2  
10  23  18  210  375  316  1  -2  
10  23  18  217  375  316  1  -2  
10  23  18  224  375  316  1  -2  
10  23  18  234  375  316  1  -2  
10  23  18  241  375  316  1  -2  
10  23  18  251  375  316  1  -2  
10  23  18  259  375  316  1  -2  
10  23  18  268  375  316  1  -2  
10  23  18  274  376  315  1  -2  
10  23  19  284  376  315  1  -2  
10  23  19  291  376  315  1  -2  
10  23  19  301  376  315  1  -2  
10  23  19  307  376  315  1  -2  
10  23  19  318  377  315  1  -2  
10  23  19  324  377  315  1  -2  
10  23  19  334  377  315  1  -2  
10  23  19  340  377  315  1  -2  
10  23  19  351  380  315  1  -2  
10  23  19  359  380  315  1  -2  
10  23  19  368  382  315  1  -2  
10  23  19  375  385  315  1  -2  
10  23  19  384  388  315  1  -2  
10  23  19  391  391  315  1  -2  
10  23  19  401  395  315  1  -2  
10  23  19  407  398  315  1  -2  
10  23  19  418  402  315  1  -2  
10  23  19  424  407  315  1  -2  
10  23  19  434  414  315  1  -2  
10  23  19  441  421  315  1  -2  
10  23  19  451  431  315  1  -2  
10  23  19  460  439  315  1  -2  
10  23  19  468  458  318  1  -2  
10  23  19  474  458  318  1  -2  
10  23  19  484  463  318  1  -2  
10  23  19  490  474  319  1  -2  
10  23  19  502  474  319  1  -2  
10  23  19  510  483  321  1  -2  
10  23  19  520  487  321  1  -2  
10  23  19  529  490  321  1  -2  
10  23  19  537  494  323  1  -2  
10  23  19  545  496  323  2  -2  
10  23  19  553  498  324  2  -2  
10  23  19  561  499  324  2  -2  
10  23  19  570  500  324  2  -2  
10  23  19  579  501  324  2  -2  
10  23  19  586  501  324  2  -2  
10  23  19  595  502  324  2  -2  
10  23  19  603  502  324  2  -2  
10  23  19  611  502  324  2  -2  
10  23  19  620  504  324  2  -2  
10  23  19  630  504  324  2  -2  
10  23  19  638  505  324  2  -2  
10  23  19  645  506  324  2  -2  
10  23  19  654  507  324  2  -2  
10  23  19  661  507  324  2  -2  
10  23  19  670  508  324  2  -2  
10  23  19  678  508  324  2  -2  
10  23  19  685  508  324  2  -2  
10  23  19  694  508  324  2  -2  
10  23  19  702  509  324  2  -2  
10  23  19  711  509  324  2  -2  
10  23  19  719  509  324  2  -2  
10  23  19  728  509  324  2  -2  
10  23  19  735  509  324  2  -2  
10  23  19  744  509  324  2  -2  
10  23  19  753  509  324  2  -2  
10  23  19  761  510  324  2  -2  
10  23  19  769  510  324  2  -2  
10  23  19  779  510  324  2  -2  
10  23  19  786  510  324  2  -2  
10  23  19  794  510  324  2  -2  
10  23  19  803  510  324  2  -2  
10  23  19  810  510  324  2  -2  
10  23  19  819  510  324  2  -2  
10  23  19  828  510  324  2  -2  
10  23  19  835  511  324  2  -2  
10  23  19  846  511  324  2  -2  
10  23  19  853  511  324  2  -2  
10  23  19  861  511  324  2  -2  
10  23  19  870  511  324  2  -2  
10  23  19  879  511  324  2  -2  
10  23  19  887  511  324  2  -2  
10  23  19  895  511  324  2  -2  
10  23  19  903  511  324  2  -2  
10  23  19  913  511  324  2  -2  
10  23  19  920  511  324  2  -2  
10  23  19  929  511  324  2  -2  
10  23  19  936  511  324  2  -2  
10  23  19  946  511  324  2  -2  
10  23  19  954  511  324  2  -2  
10  23  19  963  511  324  2  -2  
10  23  19  970  508  324  2  -2  
10  23  19  980  504  324  2  -2  
10  23  19  988  492  326  2  -2  
10  23  19  996  487  326  2  -2  
10  23  19  1004  480  326  2  -2  
10  23  19  1013  470  326  2  -2  
10  23  19  1019  459  326  2  -2  
10  23  19  1031  450  329  2  -2  
10  23  19  1038  438  329  2  -2  
10  23  19  1047  426  329  2  -2  
10  23  19  1054  416  329  2  -2  
10  23  19  1063  406  329  2  -2  
10  23  19  1070  401  329  2  -2  
10  23  19  1080  394  329  3  -2  
10  23  19  1087  389  329  3  -2  
10  23  19  1096  384  329  3  -2  
10  23  19  1103  380  329  3  -2  
10  23  19  1111  377  329  3  -2  
10  23  19  1119  375  329  3  -2  
10  23  19  1130  371  329  3  -2  
10  23  19  1136  371  329  3  -2  
10  23  19  1148  370  329  3  -2  
10  23  19  1153  368  329  3  -2  
10  23  19  1161  368  329  3  -2  
10  23  19  1170  368  329  3  -2  
10  23  19  1179  368  329  3  -2  
10  23  19  1188  367  329  3  -2  
10  23  19  1196  367  329  3  -2  
10  23  19  1203  367  329  3  -2  
10  23  19  1214  367  329  3  -2  
10  23  19  1220  367  329  3  -2  
10  23  19  1229  367  329  3  -2  
10  23  19  1238  367  329  3  -2  
10  23  19  1246  367  329  3  -2  
10  23  19  1253  367  329  3  -2  
10  23  19  1263  367  329  3  -2  
10  23  19  1272  367  329  3  -2  
10  23  19  1281  367  329  3  -2  
10  23  20  1288  367  329  3  -2  
10  23  20  1296  367  329  3  -2  
10  23  20  1303  367  329  3  -2  
10  23  20  1314  367  329  3  -2  
10  23  20  1320  367  329  3  -2  
10  23  20  1329  367  329  3  -2  
10  23  20  1338  367  329  3  -2  
10  23  20  1347  367  329  3  -2  
10  23  20  1354  367  329  3  -2  
10  23  20  1364  367  329  3  -2  
10  23  20  1370  367  329  3  -2  
10  23  20  1380  367  329  3  -2  
10  23  20  1388  367  329  3  -2  
10  23  20  1397  367  329  3  -2  
10  23  20  1403  367  329  3  -2  
10  23  20  1414  367  329  3  -2  
10  23  20  1421  367  329  3  -2  
10  23  20  1431  367  329  3  -2  
10  23  20  1439  367  329  3  -2  
10  23  20  1448  367  329  3  -2  
10  23  20  1454  367  329  3  -2  
10  23  20  1464  367  329  3  -2  
10  23  20  1471  367  329  3  -2  
10  23  20  1481  367  329  3  -2  
10  23  20  1488  367  329  3  -2  
10  23  20  1496  367  329  3  -2  
10  23  20  1504  367  329  3  -2  
10  23  20  1515  367  329  3  -2  
10  23  20  1520  367  329  3  -2  
10  23  20  1531  367  329  3  -2  
10  23  20  1538  367  329  3  -2  
10  23  20  1548  367  329  3  -2  
10  23  20  1554  367  329  3  -2  
10  23  20  1564  367  329  3  -2  
10  23  20  1571  367  329  3  -2  
10  23  20  1581  367  329  3  -2  
10  23  20  1588  367  329  3  -2  
10  23  20  1598  370  329  3  -2  
10  23  20  1604  372  329  3  -2  
10  23  20  1614  377  328  3  -2  
10  23  20  1622  379  328  3  -2  
10  23  20  1632  384  328  3  -2  
10  23  20  1638  387  328  3  -2  
10  23  20  1650  395  327  3  -2  
10  23  20  1655  399  327  3  -2  
10  23  20  1666  405  327  3  -2  
10  23  20  1672  412  327  3  -2  
10  23  20  1683  419  327  3  -2  
10  23  20  1690  424  327  3  -2  
10  23  20  1700  430  327  3  -2  
10  23  20  1706  441  327  3  -2  
10  23  20  1717  441  327  3  -2  
10  23  20  1723  449  327  3  -2  
10  23  20  1733  449  327  3  -2  
10  23  20  1740  458  327  3  -2  
10  23  20  1750  461  327  3  -2  
10  23  20  1757  465  327  3  -2  
10  23  20  1766  468  327  3  -2  
10  23  20  1774  472  327  3  -2  
10  23  20  1783  476  327  3  -2  
10  23  20  1790  479  327  3  -2  
10  23  20  1800  482  327  3  -2  
10  23  20  1807  485  327  3  -2  
10  23  20  1816  487  327  3  -2  
10  23  20  1823  489  327  3  -2  
10  23  20  1832  491  327  3  -2  
10  23  20  1841  491  327  3  -2  
10  23  20  1850  494  325  3  -2  
10  23  20  1857  494  325  3  -2  
10  23  20  1866  495  325  3  -2  
10  23  20  1874  495  325  3  -2  
10  23  20  1883  495  325  3  -2  
10  23  20  1890  495  325  3  -2  
10  23  20  1900  495  325  3  -2  
10  23  20  1905  495  325  3  -2  
10  23  20  1916  495  325  3  -2  
10  23  20  1924  495  325  3  -2  
10  23  20  1932  495  325  3  -2  
10  23  20  1941  495  325  3  -2  
10  23  20  1950  495  325  3  -2  
10  23  20  1958  495  325  3  -2  
10  23  20  1966  495  325  3  -2  
10  23  20  1974  495  325  3  -2  
10  23  20  1983  495  325  3  -2  
10  23  20  1991  497  325  4  -2  
10  23  20  1999  497  325  4  -2  
10  23  20  2008  497  325  4  -2  
10  23  20  2015  497  325  4  -2  
10  23  20  2023  497  325  4  -2  
10  23  20  2032  497  325  4  -2  
10  23  20  2039  497  325  4  -2  
10  23  20  2050  497  325  4  -2  
10  23  20  2056  497  325  4  -2  
10  23  20  2066  497  325  4  -2  
10  23  20  2074  497  325  4  -2  
10  23  20  2082  497  325  4  -2  
10  23  20  2090  497  325  4  -2  
10  23  20  2100  497  325  4  -2  
10  23  20  2108  497  325  4  -2  
10  23  20  2116  497  325  4  -2  
10  23  20  2123  497  325  4  -2  
10  23  20  2132  497  325  4  -2  
10  23  20  2140  497  325  4  -2  
10  23  20  2149  497  325  4  -2  
10  23  20  2156  497  325  4  -2  
10  23  20  2166  497  325  4  -2  
10  23  20  2174  497  325  4  -2  
10  23  20  2182  497  325  4  -2  
10  23  20  2191  497  325  4  -2  
10  23  20  2199  497  325  4  -2  
10  23  20  2208  497  325  4  -2  
10  23  20  2216  497  325  4  -2  
10  23  20  2223  497  325  4  -2  
10  23  20  2232  497  325  4  -2  
10  23  20  2240  497  325  4  -2  
10  23  20  2249  498  325  4  -2  
10  23  20  2258  498  325  4  -2  
10  23  20  2266  499  325  4  -2  
10  23  20  2273  501  325  4  -2  
10  23  21  2283  502  325  4  -2  
10  23  21  2290  506  325  4  -2  
10  23  21  2300  507  325  4  -2  
10  23  21  2308  510  325  4  -2  
10  23  21  2316  510  325  4  -2  
10  23  21  2323  510  325  4  -2  
10  23  21  2332  510  325  4  -2  
10  23  21  2340  510  325  4  -2  
10  23  21  2349  510  325  4  -2  
10  23  21  2358  510  325  4  -2  
10  23  21  2366  510  325  4  -2  
10  23  21  2374  510  325  4  -2  
10  23  21  2382  510  325  4  -2  
10  23  21  2391  510  325  4  -2  
10  23  21  2399  510  325  4  -2  
10  23  21  2408  510  325  4  -2  
10  23  21  2415  507  325  4  -2  
10  23  21  2423  500  325  4  -2  
10  23  21  2431  490  326  4  -2  
10  23  21  2439  480  327  4  -2  
10  23  21  2448  470  327  4  -2  
10  23  21  2457  455  331  4  -2  
10  23  21  2464  445  332  4  -2  
10  23  21  2475  436  332  4  -2  
10  23  21  2484  417  335  4  -2  
10  23  21  2492  412  335  4  -2  
10  23  21  2500  406  338  4  -2  
10  23  21  2509  403  338  4  -2  
10  23  21  2518  399  338  4  -2  
10  23  21  2526  398  338  4  -2  
10  23  21  2534  397  338  4  -2  
10  23  21  2542  395  338  4  -2  
10  23  21  2551  393  338  4  -2  
