14  51  31  0  360  320  1  -2  
14  51  31  8  360  320  1  -2  
14  51  31  16  360  320  1  -2  
14  51  31  24  360  320  1  -2  
14  51  31  34  360  320  1  -2  
14  51  31  40  359  320  1  -2  
14  51  31  50  359  320  1  -2  
14  51  31  57  359  320  1  -2  
14  51  31  66  359  320  1  -2  
14  51  31  73  359  318  1  -2  
14  51  31  84  360  317  1  -2  
14  51  31  90  361  317  1  -2  
14  51  31  100  363  317  1  -2  
14  51  31  107  365  317  1  -2  
14  51  31  117  368  317  1  -2  
14  51  31  122  372  317  1  -2  
14  51  31  134  376  317  1  -2  
14  51  31  142  380  316  1  -2  
14  51  31  151  386  316  1  -2  
14  51  31  157  401  312  1  -2  
14  51  31  167  401  312  1  -2  
14  51  31  177  417  312  1  -2  
14  51  31  187  427  312  1  -2  
14  51  31  195  439  312  1  -2  
14  51  31  204  451  312  1  -2  
14  51  31  212  462  312  1  -2  
14  51  31  221  471  312  1  -2  
14  51  31  229  479  312  1  -2  
14  51  31  238  483  312  1  -2  
14  51  31  245  486  311  1  -2  
14  51  31  253  486  311  1  -2  
14  51  32  261  486  311  1  -2  
14  51  32  270  486  311  1  -2  
14  51  32  278  486  311  1  -2  
14  51  32  288  486  311  1  -2  
14  51  32  294  486  311  1  -2  
14  51  32  304  486  311  1  -2  
14  51  32  312  486  311  1  -2  
14  51  32  320  486  311  1  -2  
14  51  32  329  487  311  1  -2  
14  51  32  338  490  311  1  -2  
14  51  32  346  491  310  1  -2  
14  51  32  353  493  310  1  -2  
14  51  32  362  496  308  2  -2  
14  51  32  370  496  308  2  -2  
14  51  32  380  497  308  2  -2  
14  51  32  388  498  307  2  -2  
14  51  32  396  498  307  2  -2  
14  51  32  404  499  306  2  -2  
14  51  32  414  499  306  2  -2  
14  51  32  421  499  306  2  -2  
14  51  32  429  499  306  2  -2  
14  51  32  438  501  306  2  -2  
14  51  32  449  502  306  2  -2  
14  51  32  455  503  306  2  -2  
14  51  32  465  505  306  2  -2  
14  51  32  472  505  306  2  -2  
14  51  32  481  505  306  2  -2  
14  51  32  490  505  306  2  -2  
14  51  32  500  505  306  2  -2  
14  51  32  505  506  306  2  -2  
14  51  32  515  506  306  2  -2  
14  51  32  522  506  306  2  -2  
14  51  32  532  506  306  2  -2  
14  51  32  539  506  306  2  -2  
14  51  32  550  506  306  2  -2  
14  51  32  556  506  306  2  -2  
14  51  32  567  506  306  2  -2  
14  51  32  572  506  306  2  -2  
14  51  32  581  506  306  2  -2  
14  51  32  590  506  306  2  -2  
14  51  32  599  506  306  2  -2  
14  51  32  605  506  306  2  -2  
14  51  32  616  506  306  2  -2  
14  51  32  623  506  306  2  -2  
14  51  32  633  506  306  2  -2  
14  51  32  642  505  306  2  -2  
14  51  32  650  502  306  2  -2  
14  51  32  657  501  306  2  -2  
14  51  32  666  497  306  2  -2  
14  51  32  673  490  306  2  -2  
14  51  32  683  482  306  2  -2  
14  51  32  690  472  306  2  -2  
14  51  32  701  460  306  2  -2  
14  51  32  708  445  306  2  -2  
14  51  32  716  429  306  2  -2  
14  51  32  723  414  306  2  -2  
14  51  32  733  399  306  2  -2  
14  51  32  741  384  306  3  -2  
14  51  32  751  371  306  3  -2  
14  51  32  758  352  306  3  -2  
14  51  32  768  352  306  3  -2  
14  51  32  775  345  306  3  -2  
14  51  32  784  343  306  3  -2  
14  51  32  790  343  306  3  -2  
14  51  32  801  343  306  3  -2  
14  51  32  809  343  306  3  -2  
14  51  32  818  343  306  3  -2  
14  51  32  824  343  306  3  -2  
14  51  32  835  343  306  3  -2  
14  51  32  841  343  306  3  -2  
14  51  32  851  343  306  3  -2  
14  51  32  859  343  306  3  -2  
14  51  32  868  343  306  3  -2  
14  51  32  874  343  306  3  -2  
14  51  32  884  343  306  3  -2  
14  51  32  890  342  306  3  -2  
14  51  32  901  342  306  3  -2  
14  51  32  908  342  306  3  -2  
14  51  32  918  342  306  3  -2  
14  51  32  924  342  306  3  -2  
14  51  32  934  342  306  3  -2  
14  51  32  941  342  306  3  -2  
14  51  32  951  342  306  3  -2  
14  51  32  959  342  306  3  -2  
14  51  32  967  342  306  3  -2  
14  51  32  973  342  306  3  -2  
14  51  32  984  342  306  3  -2  
14  51  32  991  342  306  3  -2  
14  51  32  1001  342  306  3  -2  
14  51  32  1008  342  306  3  -2  
14  51  32  1017  342  306  3  -2  
14  51  32  1023  342  306  3  -2  
14  51  32  1034  342  306  3  -2  
14  51  32  1041  343  307  3  -2  
14  51  32  1051  344  307  3  -2  
14  51  32  1059  349  307  3  -2  
14  51  32  1068  355  308  3  -2  
14  51  32  1076  362  309  3  -2  
14  51  32  1086  374  310  3  -2  
14  51  32  1095  385  313  3  -2  
14  51  32  1103  414  316  3  -2  
14  51  32  1113  429  317  3  -2  
14  51  32  1121  444  321  3  -2  
14  51  32  1130  459  323  3  -2  
14  51  32  1139  473  324  3  -2  
14  51  32  1148  483  327  3  -2  
14  51  32  1157  495  328  3  -2  
14  51  32  1166  505  329  4  -2  
14  51  32  1174  520  330  4  -2  
14  51  32  1184  520  330  4  -2  
14  51  32  1192  536  334  4  -2  
14  51  32  1201  542  335  4  -2  
14  51  32  1209  545  335  4  -2  
14  51  32  1217  551  336  4  -2  
14  51  32  1225  556  338  4  -2  
14  51  32  1234  560  339  4  -2  
14  51  32  1241  562  339  4  -2  
14  51  32  1251  564  340  4  -2  
14  51  32  1258  566  340  4  -2  
14  51  33  1267  567  341  4  -2  
14  51  33  1274  567  341  4  -2  
14  51  33  1284  567  341  4  -2  
14  51  33  1290  567  341  4  -2  
14  51  33  1301  567  341  4  -2  
14  51  33  1307  567  341  4  -2  
14  51  33  1318  567  341  4  -2  
14  51  33  1324  567  341  4  -2  
14  51  33  1335  567  341  4  -2  
14  51  33  1341  567  341  4  -2  
14  51  33  1351  567  341  4  -2  
14  51  33  1358  567  341  4  -2  
14  51  33  1368  567  341  4  -2  
14  51  33  1375  567  341  4  -2  
14  51  33  1384  567  341  4  -2  
14  51  33  1391  567  341  4  -2  
14  51  33  1401  563  341  4  -2  
14  51  33  1409  558  341  4  -2  
14  51  33  1418  550  341  4  -2  
14  51  33  1425  540  341  4  -2  
14  51  33  1434  530  341  4  -2  
14  51  33  1442  513  338  4  -2  
14  51  33  1451  501  337  4  -2  
14  51  33  1459  484  335  4  -2  
14  51  33  1468  471  334  4  -2  
14  51  33  1475  457  330  4  -2  
14  51  33  1484  449  330  4  -2  
14  51  33  1492  435  328  4  -2  
14  51  33  1502  427  328  4  -2  
14  51  33  1508  422  327  4  -2  
14  51  33  1519  415  327  4  -2  
14  51  33  1527  415  327  4  -2  
14  51  33  1536  415  327  4  -2  
14  51  33  1545  415  327  4  -2  
14  51  33  1554  415  327  4  -2  
14  51  33  1563  415  327  4  -2  
14  51  33  1571  402  324  4  -2  
14  51  33  1581  402  324  4  -2  
14  51  33  1588  401  324  4  -2  
14  51  33  1598  401  324  4  -2  
14  51  33  1604  400  324  4  -2  
14  51  33  1613  399  324  4  -2  
14  51  33  1622  397  324  5  -2  
14  51  33  1631  396  324  5  -2  
14  51  33  1638  394  324  5  -2  
14  51  33  1648  394  324  5  -2  
14  51  33  1655  393  324  5  -2  
14  51  33  1663  393  324  5  -2  
14  51  33  1672  393  324  5  -2  
14  51  33  1681  393  324  5  -2  
14  51  33  1688  393  324  5  -2  
14  51  33  1698  393  324  5  -2  
14  51  33  1704  393  324  5  -2  
14  51  33  1713  391  324  5  -2  
14  51  33  1721  389  323  5  -2  
14  51  33  1731  389  323  5  -2  
14  51  33  1738  385  321  5  -2  
14  51  33  1748  384  321  5  -2  
14  51  33  1755  381  321  5  -2  
14  51  33  1766  378  321  5  -2  
14  51  33  1773  377  321  5  -2  
14  51  33  1782  375  320  5  -2  
14  51  33  1790  375  320  5  -2  
14  51  33  1799  375  320  5  -2  
14  51  33  1805  375  320  5  -2  
14  51  33  1816  375  320  5  -2  
14  51  33  1824  375  320  5  -2  
14  51  33  1835  375  320  5  -2  
14  51  33  1840  375  320  5  -2  
14  51  33  1850  375  320  5  -2  
14  51  33  1857  375  320  5  -2  
14  51  33  1867  375  320  5  -2  
14  51  33  1874  375  320  5  -2  
14  51  33  1883  375  320  5  -2  
14  51  33  1889  375  320  5  -2  
14  51  33  1900  375  320  5  -2  
14  51  33  1906  375  320  5  -2  
14  51  33  1917  375  320  5  -2  
14  51  33  1924  375  320  5  -2  
14  51  33  1933  375  320  5  -2  
14  51  33  1940  375  320  5  -2  
14  51  33  1950  375  320  5  -2  
14  51  33  1957  375  320  5  -2  
14  51  33  1967  375  320  5  -2  
14  51  33  1975  375  320  5  -2  
14  51  33  1983  375  320  5  -2  
14  51  33  1991  375  320  5  -2  
