11  23  26  0  377  333  1  -2  
11  23  26  6  377  333  1  -2  
11  23  26  16  377  333  1  -2  
11  23  26  22  377  333  1  -2  
11  23  26  32  377  333  1  -2  
11  23  26  38  377  333  1  -2  
11  23  26  49  377  333  1  -2  
11  23  26  55  377  333  1  -2  
11  23  26  65  377  333  1  -2  
11  23  26  72  377  333  1  -2  
11  23  26  82  377  333  1  -2  
11  23  26  89  377  333  1  -2  
11  23  26  99  377  333  1  -2  
11  23  26  105  377  333  1  -2  
11  23  26  116  377  333  1  -2  
11  23  26  122  377  333  1  -2  
11  23  26  132  377  333  1  -2  
11  23  26  139  377  333  1  -2  
11  23  26  149  377  333  1  -2  
11  23  26  156  377  333  1  -2  
11  23  26  165  377  333  1  -2  
11  23  26  173  377  333  1  -2  
11  23  26  182  377  333  1  -2  
11  23  26  189  377  333  1  -2  
11  23  26  199  377  333  1  -2  
11  23  26  205  377  333  1  -2  
11  23  26  216  377  333  1  -2  
11  23  26  222  386  333  1  -2  
11  23  26  232  386  333  1  -2  
11  23  26  239  406  333  1  -2  
11  23  26  250  406  333  1  -2  
11  23  26  258  428  333  1  -2  
11  23  26  266  440  333  1  -2  
11  23  26  275  450  333  1  -2  
11  23  26  283  458  333  1  -2  
11  23  26  290  465  333  1  -2  
11  23  26  299  470  333  1  -2  
11  23  26  308  475  333  1  -2  
11  23  26  318  480  333  1  -2  
11  23  26  326  486  333  1  -2  
11  23  26  335  489  333  1  -2  
11  23  26  342  494  333  1  -2  
11  23  26  351  500  333  2  -2  
11  23  27  361  505  333  2  -2  
11  23  27  370  512  333  2  -2  
11  23  27  380  514  333  2  -2  
11  23  27  388  516  333  2  -2  
11  23  27  398  517  333  2  -2  
11  23  27  406  518  333  2  -2  
11  23  27  416  518  333  2  -2  
11  23  27  423  519  333  2  -2  
11  23  27  434  519  333  2  -2  
11  23  27  441  519  333  2  -2  
11  23  27  450  519  333  2  -2  
11  23  27  459  519  333  2  -2  
11  23  27  468  519  333  2  -2  
11  23  27  477  519  333  2  -2  
11  23  27  486  519  333  2  -2  
11  23  27  495  519  333  2  -2  
11  23  27  503  519  333  2  -2  
11  23  27  510  519  333  2  -2  
11  23  27  519  519  333  2  -2  
11  23  27  528  519  333  2  -2  
11  23  27  535  519  333  2  -2  
11  23  27  544  519  333  2  -2  
11  23  27  552  519  333  2  -2  
11  23  27  560  519  333  2  -2  
11  23  27  568  519  333  2  -2  
11  23  27  579  519  333  2  -2  
11  23  27  585  519  333  2  -2  
11  23  27  593  519  333  2  -2  
11  23  27  603  519  333  2  -2  
11  23  27  611  519  333  2  -2  
11  23  27  619  519  333  2  -2  
11  23  27  630  519  333  2  -2  
11  23  27  636  519  333  2  -2  
11  23  27  644  519  333  2  -2  
11  23  27  652  519  333  2  -2  
11  23  27  662  519  333  2  -2  
11  23  27  669  519  333  2  -2  
11  23  27  679  519  333  2  -2  
11  23  27  687  519  333  2  -2  
11  23  27  696  519  333  2  -2  
11  23  27  703  519  333  2  -2  
11  23  27  713  519  333  2  -2  
11  23  27  721  519  333  2  -2  
11  23  27  729  519  333  2  -2  
11  23  27  736  519  333  2  -2  
11  23  27  746  519  333  2  -2  
11  23  27  753  519  333  2  -2  
11  23  27  763  519  333  2  -2  
11  23  27  770  519  332  2  -2  
11  23  27  780  519  332  2  -2  
11  23  27  787  519  332  2  -2  
11  23  27  797  519  332  2  -2  
11  23  27  804  517  332  2  -2  
11  23  27  812  511  332  2  -2  
11  23  27  820  499  332  2  -2  
11  23  27  829  487  332  2  -2  
11  23  27  836  476  332  2  -2  
11  23  27  847  466  332  2  -2  
11  23  27  854  457  332  2  -2  
11  23  27  863  450  332  2  -2  
11  23  27  870  444  332  2  -2  
11  23  27  879  434  332  2  -2  
11  23  27  887  425  331  2  -2  
11  23  27  896  406  328  2  -2  
11  23  27  902  399  327  2  -2  
11  23  27  912  399  327  2  -2  
11  23  27  918  388  326  3  -2  
11  23  27  929  388  326  3  -2  
11  23  27  936  380  326  3  -2  
11  23  27  946  377  326  3  -2  
11  23  27  952  375  325  3  -2  
11  23  27  962  370  323  3  -2  
11  23  27  970  369  323  3  -2  
11  23  27  977  367  323  3  -2  
11  23  27  986  367  323  3  -2  
11  23  27  996  367  323  3  -2  
11  23  27  1003  367  323  3  -2  
11  23  27  1012  367  323  3  -2  
11  23  27  1020  367  323  3  -2  
11  23  27  1030  367  323  3  -2  
11  23  27  1037  367  323  3  -2  
11  23  27  1046  367  323  3  -2  
11  23  27  1053  367  323  3  -2  
11  23  27  1061  367  323  3  -2  
11  23  27  1069  367  323  3  -2  
11  23  27  1078  367  323  3  -2  
11  23  27  1087  367  323  3  -2  
11  23  27  1096  367  323  3  -2  
11  23  27  1102  367  323  3  -2  
11  23  27  1112  367  323  3  -2  
11  23  27  1119  367  323  3  -2  
11  23  27  1130  367  323  3  -2  
11  23  27  1137  367  323  3  -2  
11  23  27  1146  367  323  3  -2  
11  23  27  1152  367  323  3  -2  
11  23  27  1163  367  323  3  -2  
11  23  27  1168  367  323  3  -2  
11  23  27  1179  367  323  3  -2  
11  23  27  1186  367  323  3  -2  
11  23  27  1196  367  323  3  -2  
11  23  27  1202  367  323  3  -2  
11  23  27  1212  367  323  3  -2  
11  23  27  1219  367  323  3  -2  
11  23  27  1229  367  323  3  -2  
11  23  27  1237  367  323  3  -2  
11  23  27  1246  367  323  3  -2  
11  23  27  1253  367  323  3  -2  
11  23  27  1261  367  323  3  -2  
11  23  27  1269  367  323  3  -2  
11  23  27  1278  367  323  3  -2  
11  23  27  1287  372  323  3  -2  
11  23  27  1296  394  323  3  -2  
11  23  27  1303  409  322  3  -2  
11  23  27  1313  425  322  3  -2  
11  23  27  1320  446  322  3  -2  
11  23  27  1331  470  322  3  -2  
11  23  27  1337  494  322  3  -2  
11  23  27  1348  509  322  4  -2  
11  23  27  1355  520  322  4  -2  
11  23  28  1364  527  322  4  -2  
11  23  28  1371  530  322  4  -2  
11  23  28  1380  530  322  4  -2  
11  23  28  1387  530  322  4  -2  
11  23  28  1398  530  322  4  -2  
11  23  28  1403  530  322  4  -2  
11  23  28  1414  530  322  4  -2  
11  23  28  1420  530  322  4  -2  
11  23  28  1430  530  322  4  -2  
11  23  28  1438  530  322  4  -2  
11  23  28  1447  530  322  4  -2  
11  23  28  1456  530  322  4  -2  
11  23  28  1465  530  322  4  -2  
11  23  28  1472  530  322  4  -2  
11  23  28  1481  530  322  4  -2  
11  23  28  1487  530  322  4  -2  
11  23  28  1498  530  322  4  -2  
11  23  28  1506  530  322  4  -2  
11  23  28  1514  530  322  4  -2  
11  23  28  1521  530  322  4  -2  
11  23  28  1531  530  322  4  -2  
11  23  28  1538  530  322  4  -2  
11  23  28  1548  530  322  4  -2  
11  23  28  1556  530  322  4  -2  
11  23  28  1564  530  322  4  -2  
11  23  28  1571  530  322  4  -2  
11  23  28  1581  530  322  4  -2  
11  23  28  1588  530  322  4  -2  
11  23  28  1598  530  322  4  -2  
11  23  28  1606  530  322  4  -2  
11  23  28  1615  530  322  4  -2  
11  23  28  1623  530  322  4  -2  
11  23  28  1630  530  322  4  -2  
11  23  28  1638  530  322  4  -2  
11  23  28  1648  530  322  4  -2  
11  23  28  1656  530  322  4  -2  
11  23  28  1664  530  322  4  -2  
11  23  28  1672  530  322  4  -2  
11  23  28  1681  530  322  4  -2  
11  23  28  1689  530  322  4  -2  
11  23  28  1700  527  322  4  -2  
11  23  28  1707  523  323  4  -2  
11  23  28  1715  518  323  4  -2  
11  23  28  1722  508  323  4  -2  
11  23  28  1731  497  323  4  -2  
11  23  28  1739  482  323  4  -2  
11  23  28  1749  465  323  4  -2  
11  23  28  1757  445  323  4  -2  
11  23  28  1764  427  323  4  -2  
11  23  28  1772  410  323  4  -2  
