10  22  27  0  373  318  1  -2  
10  22  27  9  373  318  1  -2  
10  22  27  18  373  318  1  -2  
10  22  27  23  373  318  1  -2  
10  22  27  33  373  318  1  -2  
10  22  27  41  373  318  1  -2  
10  22  27  49  373  318  1  -2  
10  22  27  58  373  318  1  -2  
10  22  27  68  373  318  1  -2  
10  22  27  74  373  318  1  -2  
10  22  27  83  373  318  1  -2  
10  22  27  90  373  318  1  -2  
10  22  27  98  373  318  1  -2  
10  22  27  108  373  318  1  -2  
10  22  27  118  373  318  1  -2  
10  22  27  125  373  318  1  -2  
10  22  27  133  373  318  1  -2  
10  22  27  140  373  318  1  -2  
10  22  27  149  373  318  1  -2  
10  22  27  157  373  318  1  -2  
10  22  27  168  373  318  1  -2  
10  22  27  176  373  318  1  -2  
10  22  27  185  373  318  1  -2  
10  22  27  191  373  318  1  -2  
10  22  27  200  373  318  1  -2  
10  22  27  208  373  318  1  -2  
10  22  27  217  373  318  1  -2  
10  22  27  224  373  318  1  -2  
10  22  27  234  373  318  1  -2  
10  22  27  241  373  318  1  -2  
10  22  27  250  373  318  1  -2  
10  22  27  258  373  318  1  -2  
10  22  27  268  373  318  1  -2  
10  22  27  273  374  318  1  -2  
10  22  27  283  375  318  1  -2  
10  22  27  291  379  318  1  -2  
10  22  27  300  383  318  1  -2  
10  22  27  308  388  318  1  -2  
10  22  27  317  392  318  1  -2  
10  22  27  324  397  318  1  -2  
10  22  27  333  400  318  1  -2  
10  22  27  340  408  318  1  -2  
10  22  27  351  415  318  1  -2  
10  22  27  358  433  318  1  -2  
10  22  27  367  433  318  1  -2  
10  22  27  374  449  318  1  -2  
10  22  27  384  449  318  1  -2  
10  22  27  391  459  318  1  -2  
10  22  27  402  461  318  1  -2  
10  22  27  409  466  318  1  -2  
10  22  27  418  469  318  1  -2  
10  22  27  426  473  318  1  -2  
10  22  27  435  474  318  1  -2  
10  22  27  441  478  318  1  -2  
10  22  27  451  480  318  1  -2  
10  22  27  458  484  318  1  -2  
10  22  27  468  486  318  1  -2  
10  22  27  475  489  318  1  -2  
10  22  27  485  493  318  1  -2  
10  22  27  491  496  318  2  -2  
10  22  27  501  500  318  2  -2  
10  22  27  508  502  318  2  -2  
10  22  27  518  505  318  2  -2  
10  22  27  524  507  318  2  -2  
10  22  27  535  510  318  2  -2  
10  22  27  542  515  318  2  -2  
10  22  27  553  515  318  2  -2  
10  22  27  558  518  318  2  -2  
10  22  27  569  518  318  2  -2  
10  22  27  574  519  318  2  -2  
10  22  28  585  519  318  2  -2  
10  22  28  592  519  318  2  -2  
10  22  28  602  519  318  2  -2  
10  22  28  609  519  318  2  -2  
10  22  28  619  519  318  2  -2  
10  22  28  627  519  318  2  -2  
10  22  28  635  519  318  2  -2  
10  22  28  642  519  318  2  -2  
10  22  28  652  519  318  2  -2  
10  22  28  659  519  318  2  -2  
10  22  28  669  519  318  2  -2  
10  22  28  675  519  318  2  -2  
10  22  28  685  519  318  2  -2  
10  22  28  692  519  318  2  -2  
10  22  28  702  519  318  2  -2  
10  22  28  709  519  318  2  -2  
10  22  28  719  519  318  2  -2  
10  22  28  725  519  318  2  -2  
10  22  28  735  519  318  2  -2  
10  22  28  743  518  318  2  -2  
10  22  28  753  515  319  2  -2  
10  22  28  761  511  319  2  -2  
10  22  28  770  506  320  2  -2  
10  22  28  778  499  321  2  -2  
10  22  28  785  491  321  2  -2  
10  22  28  794  480  324  2  -2  
10  22  28  802  469  324  2  -2  
10  22  28  810  459  324  2  -2  
10  22  28  819  447  324  2  -2  
10  22  28  828  437  324  2  -2  
10  22  28  835  429  324  2  -2  
10  22  28  844  422  324  2  -2  
10  22  28  852  413  324  2  -2  
10  22  28  861  407  324  2  -2  
10  22  28  869  403  324  2  -2  
10  22  28  878  398  324  3  -2  
10  22  28  886  396  324  3  -2  
10  22  28  894  393  324  3  -2  
10  22  28  902  391  324  3  -2  
10  22  28  911  387  324  3  -2  
10  22  28  919  383  324  3  -2  
10  22  28  928  383  324  3  -2  
10  22  28  935  382  324  3  -2  
10  22  28  945  382  324  3  -2  
10  22  28  952  381  324  3  -2  
10  22  28  960  381  324  3  -2  
10  22  28  969  381  324  3  -2  
10  22  28  978  381  324  3  -2  
10  22  28  985  380  324  3  -2  
10  22  28  994  380  324  3  -2  
10  22  28  1002  380  324  3  -2  
10  22  28  1010  380  324  3  -2  
10  22  28  1019  380  324  3  -2  
10  22  28  1028  380  324  3  -2  
10  22  28  1037  380  324  3  -2  
10  22  28  1044  380  324  3  -2  
10  22  28  1052  380  324  3  -2  
10  22  28  1061  380  324  3  -2  
10  22  28  1069  380  324  3  -2  
10  22  28  1078  380  324  3  -2  
10  22  28  1087  380  324  3  -2  
10  22  28  1094  380  324  3  -2  
10  22  28  1102  380  324  3  -2  
10  22  28  1110  380  324  3  -2  
10  22  28  1119  380  324  3  -2  
10  22  28  1129  380  324  3  -2  
10  22  28  1136  380  324  3  -2  
10  22  28  1145  380  324  3  -2  
10  22  28  1153  380  324  3  -2  
10  22  28  1162  380  324  3  -2  
10  22  28  1170  380  324  3  -2  
10  22  28  1178  380  324  3  -2  
10  22  28  1187  380  324  3  -2  
10  22  28  1194  380  324  3  -2  
10  22  28  1202  380  324  3  -2  
10  22  28  1211  380  324  3  -2  
10  22  28  1219  380  324  3  -2  
10  22  28  1228  380  324  3  -2  
10  22  28  1237  380  324  3  -2  
10  22  28  1244  380  324  3  -2  
10  22  28  1253  380  324  3  -2  
10  22  28  1262  380  324  3  -2  
10  22  28  1269  380  324  3  -2  
10  22  28  1278  380  324  3  -2  
10  22  28  1287  383  324  3  -2  
10  22  28  1294  388  324  3  -2  
10  22  28  1304  394  324  3  -2  
10  22  28  1310  400  324  3  -2  
10  22  28  1319  410  324  3  -2  
10  22  28  1328  419  324  3  -2  
10  22  28  1337  431  324  3  -2  
10  22  28  1345  442  324  3  -2  
10  22  28  1353  452  324  3  -2  
10  22  28  1361  462  324  3  -2  
10  22  28  1370  471  324  3  -2  
10  22  28  1378  481  324  3  -2  
10  22  28  1387  487  324  3  -2  
10  22  28  1394  495  325  3  -2  
10  22  28  1403  505  326  4  -2  
10  22  28  1411  510  326  4  -2  
10  22  28  1419  515  326  4  -2  
10  22  28  1428  519  326  4  -2  
10  22  28  1437  521  327  4  -2  
10  22  28  1444  523  327  4  -2  
10  22  28  1453  525  327  4  -2  
10  22  28  1461  529  327  4  -2  
10  22  28  1469  529  327  4  -2  
10  22  28  1478  530  327  4  -2  
10  22  28  1488  532  327  4  -2  
10  22  28  1496  532  327  4  -2  
10  22  28  1504  532  327  4  -2  
10  22  28  1512  532  327  4  -2  
10  22  28  1520  532  327  4  -2  
10  22  28  1528  532  327  4  -2  
10  22  28  1537  532  327  4  -2  
10  22  28  1545  532  327  4  -2  
10  22  28  1553  532  327  4  -2  
10  22  28  1561  532  327  4  -2  
10  22  28  1569  532  327  4  -2  
10  22  28  1579  532  327  4  -2  
10  22  29  1587  532  327  4  -2  
10  22  29  1596  532  327  4  -2  
10  22  29  1604  532  327  4  -2  
10  22  29  1613  532  327  4  -2  
10  22  29  1620  532  327  4  -2  
10  22  29  1630  532  327  4  -2  
10  22  29  1638  532  327  4  -2  
10  22  29  1646  532  327  4  -2  
10  22  29  1655  532  327  4  -2  
10  22  29  1664  530  327  4  -2  
10  22  29  1671  525  327  4  -2  
10  22  29  1680  524  327  4  -2  
10  22  29  1688  517  327  4  -2  
10  22  29  1696  512  327  4  -2  
10  22  29  1705  505  327  4  -2  
10  22  29  1713  497  327  4  -2  
10  22  29  1721  488  327  4  -2  
10  22  29  1729  480  327  4  -2  
10  22  29  1738  472  327  4  -2  
10  22  29  1746  462  327  4  -2  
10  22  29  1754  455  327  4  -2  
10  22  29  1765  446  327  4  -2  
10  22  29  1773  436  327  4  -2  
10  22  29  1782  430  327  4  -2  
10  22  29  1789  420  327  4  -2  
10  22  29  1800  411  327  4  -2  
10  22  29  1807  399  327  4  -2  
