11  23  33  0  366  326  1  -2  
11  23  33  8  366  326  1  -2  
11  23  33  16  366  326  1  -2  
11  23  33  24  366  326  1  -2  
11  23  33  33  366  326  1  -2  
11  23  33  41  366  326  1  -2  
11  23  33  50  366  326  1  -2  
11  23  33  58  366  326  1  -2  
11  23  33  66  366  326  1  -2  
11  23  33  74  366  326  1  -2  
11  23  33  83  366  326  1  -2  
11  23  33  91  366  326  1  -2  
11  23  33  99  366  326  1  -2  
11  23  33  107  366  326  1  -2  
11  23  33  116  366  326  1  -2  
11  23  33  125  366  326  1  -2  
11  23  33  133  366  326  1  -2  
11  23  34  141  366  326  1  -2  
11  23  34  150  366  326  1  -2  
11  23  34  159  377  326  1  -2  
11  23  34  165  389  326  1  -2  
11  23  34  175  389  326  1  -2  
11  23  34  183  412  326  1  -2  
11  23  34  191  425  326  1  -2  
11  23  34  200  443  326  1  -2  
11  23  34  208  460  328  1  -2  
11  23  34  216  484  332  1  -2  
11  23  34  225  500  333  2  -2  
11  23  34  234  516  337  2  -2  
11  23  34  242  524  337  2  -2  
11  23  34  250  529  337  2  -2  
11  23  34  257  532  337  2  -2  
11  23  34  267  533  337  2  -2  
11  23  34  275  535  337  2  -2  
11  23  34  284  535  337  2  -2  
11  23  34  292  536  337  2  -2  
11  23  34  300  536  337  2  -2  
11  23  34  310  537  337  2  -2  
11  23  34  317  537  337  2  -2  
11  23  34  325  537  337  2  -2  
11  23  34  334  538  337  2  -2  
11  23  34  342  539  337  2  -2  
11  23  34  350  539  337  2  -2  
11  23  34  359  539  337  2  -2  
11  23  34  367  539  337  2  -2  
11  23  34  375  539  337  2  -2  
11  23  34  384  539  337  2  -2  
11  23  34  393  539  337  2  -2  
11  23  34  402  539  337  2  -2  
11  23  34  410  539  337  2  -2  
11  23  34  418  539  337  2  -2  
11  23  34  426  539  337  2  -2  
11  23  34  434  539  337  2  -2  
11  23  34  442  539  337  2  -2  
11  23  34  450  539  337  2  -2  
11  23  34  459  539  337  2  -2  
11  23  34  469  539  337  2  -2  
11  23  34  477  539  337  2  -2  
11  23  34  487  539  337  2  -2  
11  23  34  494  539  337  2  -2  
11  23  34  503  539  337  2  -2  
11  23  34  511  539  337  2  -2  
11  23  34  520  539  337  2  -2  
11  23  34  526  539  337  2  -2  
11  23  34  536  539  337  2  -2  
11  23  34  543  539  337  2  -2  
11  23  34  551  539  337  2  -2  
11  23  34  560  539  337  2  -2  
11  23  34  569  539  337  2  -2  
11  23  34  576  539  337  2  -2  
11  23  34  586  539  337  2  -2  
11  23  34  593  539  337  2  -2  
11  23  34  601  539  337  2  -2  
11  23  34  610  539  337  2  -2  
11  23  34  620  539  337  2  -2  
11  23  34  628  539  337  2  -2  
11  23  34  636  539  337  2  -2  
11  23  34  643  539  337  2  -2  
11  23  34  651  539  337  2  -2  
11  23  34  660  539  337  2  -2  
11  23  34  669  539  337  2  -2  
11  23  34  677  539  337  2  -2  
11  23  34  686  539  337  2  -2  
11  23  34  693  539  337  2  -2  
11  23  34  702  539  337  2  -2  
11  23  34  710  537  337  2  -2  
11  23  34  720  537  337  2  -2  
11  23  34  727  537  337  2  -2  
11  23  34  736  537  337  2  -2  
11  23  34  743  537  337  2  -2  
11  23  34  752  537  337  2  -2  
11  23  34  760  537  337  2  -2  
11  23  34  770  537  337  2  -2  
11  23  34  777  537  337  2  -2  
11  23  34  784  537  337  2  -2  
11  23  34  793  536  337  2  -2  
11  23  34  801  535  337  2  -2  
11  23  34  809  533  337  2  -2  
11  23  34  820  532  337  2  -2  
11  23  34  828  530  336  2  -2  
11  23  34  836  528  336  2  -2  
11  23  34  843  524  336  2  -2  
11  23  34  851  518  336  2  -2  
11  23  34  860  508  335  2  -2  
11  23  34  871  499  335  2  -2  
11  23  34  878  479  335  2  -2  
11  23  34  886  469  335  2  -2  
11  23  34  893  463  335  2  -2  
11  23  34  904  456  335  2  -2  
11  23  34  910  447  335  2  -2  
11  23  34  921  439  335  2  -2  
11  23  34  928  427  335  2  -2  
11  23  34  937  416  335  2  -2  
11  23  34  944  407  332  2  -2  
11  23  34  952  400  332  2  -2  
11  23  34  960  397  332  2  -2  
11  23  34  970  396  332  2  -2  
11  23  34  978  394  332  3  -2  
11  23  34  984  394  332  3  -2  
11  23  34  993  392  332  3  -2  
11  23  34  1002  388  331  3  -2  
11  23  34  1010  383  331  3  -2  
11  23  34  1019  379  330  3  -2  
11  23  34  1027  372  329  3  -2  
11  23  34  1034  369  329  3  -2  
11  23  34  1043  368  329  3  -2  
11  23  34  1054  367  329  3  -2  
11  23  34  1061  366  329  3  -2  
11  23  34  1070  366  329  3  -2  
11  23  34  1079  366  329  3  -2  
11  23  34  1086  366  329  3  -2  
11  23  34  1094  366  329  3  -2  
11  23  34  1103  366  329  3  -2  
11  23  34  1111  366  329  3  -2  
11  23  34  1119  366  329  3  -2  
11  23  34  1127  366  329  3  -2  
11  23  34  1138  366  329  3  -2  
11  23  35  1144  366  329  3  -2  
11  23  35  1153  366  329  3  -2  
11  23  35  1160  366  329  3  -2  
11  23  35  1170  366  329  3  -2  
11  23  35  1179  366  329  3  -2  
11  23  35  1188  366  329  3  -2  
11  23  35  1194  366  329  3  -2  
11  23  35  1205  366  329  3  -2  
11  23  35  1211  366  329  3  -2  
11  23  35  1221  366  329  3  -2  
11  23  35  1228  368  329  3  -2  
11  23  35  1239  368  329  3  -2  
11  23  35  1245  395  329  3  -2  
11  23  35  1254  418  329  3  -2  
11  23  35  1261  438  329  3  -2  
11  23  35  1271  455  329  3  -2  
11  23  35  1279  468  329  3  -2  
11  23  35  1288  481  329  3  -2  
11  23  35  1296  493  329  3  -2  
11  23  35  1305  503  329  4  -2  
11  23  35  1311  512  329  4  -2  
11  23  35  1322  523  329  4  -2  
11  23  35  1328  532  329  4  -2  
11  23  35  1339  537  329  4  -2  
11  23  35  1345  538  329  4  -2  
11  23  35  1353  538  329  4  -2  
11  23  35  1362  538  329  4  -2  
11  23  35  1370  538  329  4  -2  
11  23  35  1379  538  329  4  -2  
11  23  35  1388  538  329  4  -2  
11  23  35  1394  538  329  4  -2  
11  23  35  1405  538  329  4  -2  
11  23  35  1412  538  329  4  -2  
11  23  35  1421  538  329  4  -2  
11  23  35  1429  538  329  4  -2  
11  23  35  1439  538  329  4  -2  
11  23  35  1447  538  329  4  -2  
11  23  35  1455  538  329  4  -2  
11  23  35  1462  538  329  4  -2  
11  23  35  1471  538  329  4  -2  
11  23  35  1479  538  329  4  -2  
11  23  35  1490  538  329  4  -2  
11  23  35  1495  538  329  4  -2  
11  23  35  1505  538  329  4  -2  
11  23  35  1512  538  329  4  -2  
11  23  35  1522  538  329  4  -2  
11  23  35  1530  538  329  4  -2  
11  23  35  1539  538  329  4  -2  
11  23  35  1546  538  329  4  -2  
11  23  35  1556  538  329  4  -2  
11  23  35  1562  538  329  4  -2  
11  23  35  1572  538  329  4  -2  
11  23  35  1580  538  329  4  -2  
11  23  35  1589  538  329  4  -2  
11  23  35  1596  538  329  4  -2  
11  23  35  1605  538  329  4  -2  
11  23  35  1612  538  329  4  -2  
11  23  35  1622  538  329  4  -2  
11  23  35  1629  538  329  4  -2  
11  23  35  1639  538  329  4  -2  
11  23  35  1645  538  329  4  -2  
11  23  35  1655  538  329  4  -2  
11  23  35  1662  538  329  4  -2  
11  23  35  1672  538  329  4  -2  
11  23  35  1679  538  329  4  -2  
11  23  35  1689  538  329  4  -2  
11  23  35  1697  538  329  4  -2  
11  23  35  1706  538  329  4  -2  
11  23  35  1712  538  329  4  -2  
11  23  35  1722  538  329  4  -2  
11  23  35  1729  538  329  4  -2  
11  23  35  1739  538  329  4  -2  
11  23  35  1746  538  329  4  -2  
11  23  35  1755  538  329  4  -2  
11  23  35  1763  538  329  4  -2  
11  23  35  1772  538  329  4  -2  
11  23  35  1779  538  329  4  -2  
11  23  35  1789  538  329  4  -2  
11  23  35  1795  538  329  4  -2  
11  23  35  1805  538  329  4  -2  
11  23  35  1812  538  329  4  -2  
11  23  35  1822  538  329  4  -2  
11  23  35  1829  538  329  4  -2  
11  23  35  1839  538  329  4  -2  
11  23  35  1845  538  329  4  -2  
11  23  35  1855  538  329  4  -2  
11  23  35  1862  538  329  4  -2  
11  23  35  1872  538  329  4  -2  
11  23  35  1879  538  329  4  -2  
11  23  35  1889  538  329  4  -2  
11  23  35  1897  536  329  4  -2  
11  23  35  1905  529  329  4  -2  
11  23  35  1912  523  329  4  -2  
11  23  35  1922  514  329  4  -2  
11  23  35  1929  506  329  4  -2  
11  23  35  1939  501  329  4  -2  
11  23  35  1945  491  329  4  -2  
11  23  35  1955  482  329  4  -2  
11  23  35  1962  472  329  4  -2  
11  23  35  1972  462  329  4  -2  
11  23  35  1980  449  329  4  -2  
11  23  35  1989  435  326  4  -2  
11  23  35  1995  428  325  4  -2  
11  23  35  2005  421  325  4  -2  
11  23  35  2012  420  324  4  -2  
11  23  35  2022  419  324  4  -2  
11  23  35  2029  416  324  4  -2  
11  23  35  2039  416  324  4  -2  
11  23  35  2046  414  322  4  -2  
11  23  35  2055  414  322  4  -2  
11  23  35  2063  413  321  4  -2  
11  23  35  2072  412  321  4  -2  
11  23  35  2081  411  320  4  -2  
11  23  35  2089  409  320  4  -2  
11  23  35  2098  407  320  4  -2  
11  23  35  2105  404  320  4  -2  
