10  22  54  0  368  319  1  -2  
10  22  54  6  368  319  1  -2  
10  22  54  15  368  319  1  -2  
10  22  54  23  368  319  1  -2  
10  22  54  32  368  319  1  -2  
10  22  54  39  368  319  1  -2  
10  22  54  48  368  319  1  -2  
10  22  54  57  368  319  1  -2  
10  22  54  67  368  319  1  -2  
10  22  54  74  368  319  1  -2  
10  22  54  84  368  319  1  -2  
10  22  54  92  368  319  1  -2  
10  22  54  102  368  319  1  -2  
10  22  54  109  368  319  1  -2  
10  22  54  119  368  319  1  -2  
10  22  54  126  368  319  1  -2  
10  22  54  136  368  319  1  -2  
10  22  54  143  368  319  1  -2  
10  22  54  153  368  319  1  -2  
10  22  54  161  368  319  1  -2  
10  22  54  170  368  319  1  -2  
10  22  54  177  368  319  1  -2  
10  22  54  186  368  319  1  -2  
10  22  54  195  368  319  1  -2  
10  22  54  203  368  319  1  -2  
10  22  54  213  368  319  1  -2  
10  22  54  221  368  319  1  -2  
10  22  54  230  368  319  1  -2  
10  22  54  238  368  319  1  -2  
10  22  54  247  368  319  1  -2  
10  22  54  256  368  319  1  -2  
10  22  54  262  368  319  1  -2  
10  22  54  271  368  319  1  -2  
10  22  54  280  368  319  1  -2  
10  22  54  287  368  319  1  -2  
10  22  55  295  368  319  1  -2  
10  22  55  304  368  319  1  -2  
10  22  55  312  368  319  1  -2  
10  22  55  320  369  319  1  -2  
10  22  55  329  369  319  1  -2  
10  22  55  338  370  319  1  -2  
10  22  55  346  373  319  1  -2  
10  22  55  355  373  319  1  -2  
10  22  55  362  376  319  1  -2  
10  22  55  371  377  319  1  -2  
10  22  55  381  380  319  1  -2  
10  22  55  390  385  319  1  -2  
10  22  55  400  388  319  1  -2  
10  22  55  408  391  319  1  -2  
10  22  55  418  395  319  1  -2  
10  22  55  427  398  319  1  -2  
10  22  55  436  401  320  1  -2  
10  22  55  444  405  320  1  -2  
10  22  55  454  409  320  1  -2  
10  22  55  463  419  321  1  -2  
10  22  55  471  423  322  1  -2  
10  22  55  480  428  323  1  -2  
10  22  55  489  435  325  1  -2  
10  22  55  499  440  325  1  -2  
10  22  55  507  446  326  1  -2  
10  22  55  516  451  326  1  -2  
10  22  55  524  455  326  1  -2  
10  22  55  533  457  326  1  -2  
10  22  55  541  462  326  1  -2  
10  22  55  552  465  326  1  -2  
10  22  55  561  468  326  1  -2  
10  22  55  570  471  328  1  -2  
10  22  55  579  476  329  1  -2  
10  22  55  588  480  329  1  -2  
10  22  55  596  485  329  1  -2  
10  22  55  605  488  329  1  -2  
10  22  55  616  494  329  1  -2  
10  22  55  624  496  329  1  -2  
10  22  55  635  497  329  2  -2  
10  22  55  642  498  329  2  -2  
10  22  55  652  499  329  2  -2  
10  22  55  662  499  329  2  -2  
10  22  55  671  500  329  2  -2  
10  22  55  681  501  329  2  -2  
10  22  55  690  502  329  2  -2  
10  22  55  700  504  329  2  -2  
10  22  55  708  506  329  2  -2  
10  22  55  717  506  329  2  -2  
10  22  55  725  509  329  2  -2  
10  22  55  735  514  329  2  -2  
10  22  55  743  515  329  2  -2  
10  22  55  753  516  329  2  -2  
10  22  55  762  517  329  2  -2  
10  22  55  772  517  329  2  -2  
10  22  55  783  518  329  2  -2  
10  22  55  791  518  329  2  -2  
10  22  55  801  518  329  2  -2  
10  22  55  809  518  329  2  -2  
10  22  55  820  518  329  2  -2  
10  22  55  829  518  329  2  -2  
10  22  55  837  518  329  2  -2  
10  22  55  846  518  329  2  -2  
10  22  55  855  518  329  2  -2  
10  22  55  865  518  329  2  -2  
10  22  55  873  518  329  2  -2  
10  22  55  884  518  329  2  -2  
10  22  55  892  518  329  2  -2  
10  22  55  902  518  329  2  -2  
10  22  55  908  518  329  2  -2  
10  22  55  918  518  329  2  -2  
10  22  55  924  518  329  2  -2  
10  22  55  934  518  329  2  -2  
10  22  55  942  518  329  2  -2  
10  22  55  951  518  329  2  -2  
10  22  55  959  518  329  2  -2  
10  22  55  968  518  329  2  -2  
10  22  55  974  518  329  2  -2  
10  22  55  984  518  329  2  -2  
10  22  55  991  518  329  2  -2  
10  22  55  1001  518  329  2  -2  
10  22  55  1008  518  329  2  -2  
10  22  55  1018  518  329  2  -2  
10  22  55  1023  518  329  2  -2  
10  22  55  1034  518  329  2  -2  
10  22  55  1041  518  329  2  -2  
10  22  55  1051  518  329  2  -2  
10  22  55  1056  518  329  2  -2  
10  22  55  1068  518  329  2  -2  
10  22  55  1073  517  329  2  -2  
10  22  55  1084  515  329  2  -2  
10  22  55  1091  513  329  2  -2  
10  22  55  1101  512  329  2  -2  
10  22  55  1106  509  330  2  -2  
10  22  55  1119  506  330  2  -2  
10  22  55  1126  500  332  2  -2  
10  22  55  1134  497  332  2  -2  
10  22  55  1142  496  332  2  -2  
10  22  55  1152  492  332  2  -2  
10  22  55  1160  488  332  2  -2  
10  22  55  1169  486  333  2  -2  
10  22  55  1176  481  333  2  -2  
10  22  55  1185  479  333  2  -2  
10  22  55  1193  476  333  2  -2  
10  22  55  1201  472  333  2  -2  
10  22  55  1210  469  333  2  -2  
10  22  55  1218  467  333  2  -2  
10  22  55  1227  463  333  2  -2  
10  22  55  1235  459  333  2  -2  
10  22  55  1243  456  333  2  -2  
10  22  55  1251  453  333  2  -2  
10  22  55  1259  448  333  2  -2  
10  22  55  1269  443  333  2  -2  
10  22  55  1276  438  333  2  -2  
10  22  55  1285  433  333  2  -2  
10  22  56  1293  419  333  2  -2  
10  22  56  1302  414  333  2  -2  
10  22  56  1310  409  333  2  -2  
10  22  56  1318  404  333  2  -2  
10  22  56  1327  397  333  2  -2  
10  22  56  1336  390  333  3  -2  
10  22  56  1343  383  333  3  -2  
10  22  56  1351  375  333  3  -2  
10  22  56  1360  368  333  3  -2  
10  22  56  1368  361  333  3  -2  
10  22  56  1376  354  333  3  -2  
10  22  56  1385  346  333  3  -2  
10  22  56  1393  339  333  3  -2  
10  22  56  1401  333  333  3  -2  
10  22  56  1410  326  333  3  -2  
10  22  56  1418  321  333  3  -2  
10  22  56  1426  315  333  3  -2  
10  22  56  1435  312  333  3  -2  
10  22  56  1443  311  333  3  -2  
10  22  56  1451  311  333  3  -2  
10  22  56  1460  311  333  3  -2  
10  22  56  1469  311  333  3  -2  
10  22  56  1476  311  333  3  -2  
10  22  56  1486  311  333  3  -2  
10  22  56  1493  311  333  3  -2  
10  22  56  1501  311  333  3  -2  
10  22  56  1509  311  333  3  -2  
10  22  56  1519  311  333  3  -2  
10  22  56  1526  311  333  3  -2  
10  22  56  1534  311  333  3  -2  
10  22  56  1543  311  333  3  -2  
10  22  56  1553  311  333  3  -2  
10  22  56  1560  311  333  3  -2  
10  22  56  1568  311  333  3  -2  
10  22  56  1576  315  333  3  -2  
10  22  56  1585  324  332  3  -2  
10  22  56  1593  334  332  3  -2  
10  22  56  1602  350  332  3  -2  
10  22  56  1611  368  332  3  -2  
10  22  56  1619  387  332  3  -2  
10  22  56  1628  412  332  3  -2  
10  22  56  1636  439  332  3  -2  
10  22  56  1644  460  332  3  -2  
10  22  56  1652  480  332  3  -2  
10  22  56  1661  501  332  4  -2  
10  22  56  1669  514  332  4  -2  
10  22  56  1678  528  332  4  -2  
10  22  56  1687  543  332  4  -2  
10  22  56  1695  544  332  4  -2  
10  22  56  1702  545  332  4  -2  
10  22  56  1710  547  332  4  -2  
10  22  56  1720  547  332  4  -2  
10  22  56  1728  547  332  4  -2  
10  22  56  1737  547  332  4  -2  
10  22  56  1744  547  332  4  -2  
10  22  56  1753  547  332  4  -2  
10  22  56  1762  547  332  4  -2  
10  22  56  1770  547  332  4  -2  
10  22  56  1778  547  332  4  -2  
10  22  56  1787  547  332  4  -2  
10  22  56  1794  547  332  4  -2  
10  22  56  1804  547  332  4  -2  
10  22  56  1811  547  332  4  -2  
10  22  56  1820  547  332  4  -2  
10  22  56  1828  547  332  4  -2  
10  22  56  1836  547  332  4  -2  
10  22  56  1845  547  332  4  -2  
10  22  56  1852  547  332  4  -2  
10  22  56  1861  547  332  4  -2  
10  22  56  1870  547  332  4  -2  
10  22  56  1878  547  332  4  -2  
10  22  56  1886  547  332  4  -2  
10  22  56  1895  544  332  4  -2  
10  22  56  1903  540  332  4  -2  
10  22  56  1911  538  332  4  -2  
10  22  56  1921  534  332  4  -2  
10  22  56  1929  529  333  4  -2  
10  22  56  1936  524  333  4  -2  
10  22  56  1944  518  333  4  -2  
10  22  56  1954  513  333  4  -2  
10  22  56  1961  508  333  4  -2  
10  22  56  1970  501  333  4  -2  
10  22  56  1978  496  333  4  -2  
10  22  56  1986  488  333  4  -2  
10  22  56  1994  481  333  4  -2  
10  22  56  2004  473  333  4  -2  
10  22  56  2012  462  333  4  -2  
10  22  56  2021  457  333  4  -2  
10  22  56  2028  451  333  4  -2  
10  22  56  2037  444  333  4  -2  
10  22  56  2045  433  333  4  -2  
10  22  56  2052  428  333  4  -2  
10  22  56  2061  428  333  4  -2  
10  22  56  2070  419  333  4  -2  
10  22  56  2078  416  333  4  -2  
10  22  56  2087  414  333  4  -2  
10  22  56  2095  411  333  4  -2  
10  22  56  2104  408  333  4  -2  
10  22  56  2113  405  333  4  -2  
10  22  56  2120  402  333  4  -2  
10  22  56  2131  397  333  4  -2  
