10  23  9  0  366  326  1  -2  
10  23  9  6  366  326  1  -2  
10  23  9  15  366  326  1  -2  
10  23  9  23  366  326  1  -2  
10  23  9  32  366  326  1  -2  
10  23  9  40  366  326  1  -2  
10  23  9  49  366  326  1  -2  
10  23  9  56  366  326  1  -2  
10  23  9  66  366  326  1  -2  
10  23  9  73  366  326  1  -2  
10  23  9  83  366  326  1  -2  
10  23  9  88  366  326  1  -2  
10  23  9  100  366  326  1  -2  
10  23  9  108  366  326  1  -2  
10  23  9  116  366  326  1  -2  
10  23  9  123  366  326  1  -2  
10  23  9  133  366  326  1  -2  
10  23  9  140  366  326  1  -2  
10  23  9  148  366  326  1  -2  
10  23  9  156  366  326  1  -2  
10  23  9  167  366  326  1  -2  
10  23  9  173  366  326  1  -2  
10  23  9  182  366  326  1  -2  
10  23  9  190  366  326  1  -2  
10  23  9  198  366  326  1  -2  
10  23  9  206  366  326  1  -2  
10  23  9  215  366  326  1  -2  
10  23  9  223  366  326  1  -2  
10  23  10  233  366  325  1  -2  
10  23  10  241  368  324  1  -2  
10  23  10  251  371  324  1  -2  
10  23  10  257  374  324  1  -2  
10  23  10  267  376  324  1  -2  
10  23  10  273  381  324  1  -2  
10  23  10  283  385  324  1  -2  
10  23  10  291  390  324  1  -2  
10  23  10  301  394  324  1  -2  
10  23  10  308  398  324  1  -2  
10  23  10  317  400  324  1  -2  
10  23  10  323  404  324  1  -2  
10  23  10  334  409  324  1  -2  
10  23  10  341  416  324  1  -2  
10  23  10  351  423  324  1  -2  
10  23  10  359  429  324  1  -2  
10  23  10  368  436  324  1  -2  
10  23  10  374  443  324  1  -2  
10  23  10  384  448  324  1  -2  
10  23  10  391  463  324  1  -2  
10  23  10  401  463  324  1  -2  
10  23  10  407  472  324  1  -2  
10  23  10  418  472  324  1  -2  
10  23  10  424  481  324  1  -2  
10  23  10  434  481  324  1  -2  
10  23  10  441  490  324  1  -2  
10  23  10  451  492  324  1  -2  
10  23  10  459  495  324  1  -2  
10  23  10  468  498  324  2  -2  
10  23  10  475  499  324  2  -2  
10  23  10  484  501  324  2  -2  
10  23  10  491  502  324  2  -2  
10  23  10  501  503  324  2  -2  
10  23  10  507  505  324  2  -2  
10  23  10  517  506  324  2  -2  
10  23  10  525  506  324  2  -2  
10  23  10  534  506  324  2  -2  
10  23  10  541  507  324  2  -2  
10  23  10  551  508  324  2  -2  
10  23  10  558  508  324  2  -2  
10  23  10  567  509  324  2  -2  
10  23  10  575  509  324  2  -2  
10  23  10  584  509  324  2  -2  
10  23  10  591  509  324  2  -2  
10  23  10  601  509  324  2  -2  
10  23  10  608  509  324  2  -2  
10  23  10  617  509  324  2  -2  
10  23  10  624  509  324  2  -2  
10  23  10  634  509  324  2  -2  
10  23  10  641  509  324  2  -2  
10  23  10  651  509  324  2  -2  
10  23  10  658  509  324  2  -2  
10  23  10  667  509  324  2  -2  
10  23  10  675  509  324  2  -2  
10  23  10  684  509  324  2  -2  
10  23  10  691  509  324  2  -2  
10  23  10  701  509  324  2  -2  
10  23  10  707  509  324  2  -2  
10  23  10  717  509  324  2  -2  
10  23  10  724  509  324  2  -2  
10  23  10  734  509  324  2  -2  
10  23  10  741  509  324  2  -2  
10  23  10  751  509  324  2  -2  
10  23  10  759  509  324  2  -2  
10  23  10  767  509  324  2  -2  
10  23  10  776  509  324  2  -2  
10  23  10  783  509  324  2  -2  
10  23  10  791  509  324  2  -2  
10  23  10  801  509  324  2  -2  
10  23  10  808  509  324  2  -2  
10  23  10  817  509  324  2  -2  
10  23  10  825  509  324  2  -2  
10  23  10  835  509  324  2  -2  
10  23  10  843  509  324  2  -2  
10  23  10  853  509  324  2  -2  
10  23  10  861  509  324  2  -2  
10  23  10  871  509  324  2  -2  
10  23  10  879  509  324  2  -2  
10  23  10  886  509  324  2  -2  
10  23  10  896  509  324  2  -2  
10  23  10  903  509  324  2  -2  
10  23  10  910  509  324  2  -2  
10  23  10  920  509  324  2  -2  
10  23  10  929  509  324  2  -2  
10  23  10  936  509  324  2  -2  
10  23  10  944  507  324  2  -2  
10  23  10  952  506  324  2  -2  
10  23  10  960  505  324  2  -2  
10  23  10  970  502  324  2  -2  
10  23  10  979  498  324  2  -2  
10  23  10  986  497  324  2  -2  
10  23  10  994  493  324  2  -2  
10  23  10  1002  488  324  2  -2  
10  23  10  1010  482  327  2  -2  
10  23  10  1020  477  327  2  -2  
10  23  10  1028  470  327  2  -2  
10  23  10  1036  465  327  2  -2  
10  23  10  1044  458  327  2  -2  
10  23  10  1053  453  327  2  -2  
10  23  10  1060  448  327  2  -2  
10  23  10  1070  443  327  2  -2  
10  23  10  1078  438  327  2  -2  
10  23  10  1086  433  327  2  -2  
10  23  10  1094  429  327  2  -2  
10  23  10  1103  425  327  2  -2  
10  23  10  1114  421  327  2  -2  
10  23  10  1122  415  327  2  -2  
10  23  10  1132  410  327  2  -2  
10  23  10  1139  406  327  2  -2  
10  23  10  1148  404  327  2  -2  
10  23  10  1156  401  327  2  -2  
10  23  10  1165  398  327  2  -2  
10  23  10  1173  395  327  3  -2  
10  23  10  1184  393  327  3  -2  
10  23  10  1193  387  327  3  -2  
10  23  10  1202  385  327  3  -2  
10  23  10  1212  384  327  3  -2  
10  23  10  1220  383  327  3  -2  
10  23  11  1231  381  327  3  -2  
10  23  11  1240  378  327  3  -2  
10  23  11  1250  376  327  3  -2  
10  23  11  1258  367  327  3  -2  
10  23  11  1266  362  327  3  -2  
10  23  11  1273  359  327  3  -2  
10  23  11  1283  355  327  3  -2  
10  23  11  1290  353  327  3  -2  
10  23  11  1300  353  327  3  -2  
10  23  11  1308  353  327  3  -2  
10  23  11  1316  353  327  3  -2  
10  23  11  1323  353  327  3  -2  
10  23  11  1332  353  327  3  -2  
10  23  11  1340  353  327  3  -2  
10  23  11  1350  353  327  3  -2  
10  23  11  1357  353  327  3  -2  
10  23  11  1366  353  327  3  -2  
10  23  11  1374  353  327  3  -2  
10  23  11  1383  353  327  3  -2  
10  23  11  1390  353  327  3  -2  
10  23  11  1400  353  327  3  -2  
10  23  11  1408  363  327  3  -2  
10  23  11  1416  363  327  3  -2  
10  23  11  1423  373  327  3  -2  
10  23  11  1433  388  327  3  -2  
10  23  11  1440  424  327  3  -2  
10  23  11  1450  442  327  3  -2  
10  23  11  1458  459  327  3  -2  
10  23  11  1466  472  327  3  -2  
10  23  11  1475  486  327  3  -2  
10  23  11  1483  496  327  3  -2  
10  23  11  1491  504  327  4  -2  
10  23  11  1500  512  327  4  -2  
10  23  11  1508  518  327  4  -2  
10  23  11  1516  520  327  4  -2  
10  23  11  1524  522  327  4  -2  
10  23  11  1533  523  327  4  -2  
10  23  11  1541  523  327  4  -2  
10  23  11  1550  524  327  4  -2  
10  23  11  1557  524  327  4  -2  
10  23  11  1566  525  327  4  -2  
10  23  11  1573  526  327  4  -2  
10  23  11  1583  526  327  4  -2  
10  23  11  1591  527  327  4  -2  
10  23  11  1600  527  327  4  -2  
10  23  11  1609  527  327  4  -2  
10  23  11  1618  528  327  4  -2  
10  23  11  1626  528  327  4  -2  
10  23  11  1633  528  327  4  -2  
10  23  11  1642  528  327  4  -2  
10  23  11  1650  528  327  4  -2  
10  23  11  1660  528  327  4  -2  
10  23  11  1668  528  327  4  -2  
10  23  11  1679  528  327  4  -2  
10  23  11  1687  528  327  4  -2  
10  23  11  1697  528  327  4  -2  
10  23  11  1705  524  328  4  -2  
10  23  11  1714  521  328  4  -2  
10  23  11  1721  516  329  4  -2  
10  23  11  1731  507  332  4  -2  
10  23  11  1738  500  332  4  -2  
10  23  11  1747  495  333  4  -2  
10  23  11  1754  488  333  4  -2  
10  23  11  1764  481  334  4  -2  
10  23  11  1771  476  335  4  -2  
10  23  11  1781  470  335  4  -2  
10  23  11  1789  462  335  4  -2  
10  23  11  1798  459  335  4  -2  
10  23  11  1804  454  335  4  -2  
10  23  11  1814  452  335  4  -2  
10  23  11  1821  447  335  4  -2  
10  23  11  1831  443  335  4  -2  
10  23  11  1840  440  335  4  -2  
10  23  11  1847  437  335  4  -2  
10  23  11  1854  433  335  4  -2  
10  23  11  1866  428  335  4  -2  
10  23  11  1873  421  335  4  -2  
10  23  11  1883  419  335  4  -2  
10  23  11  1890  417  335  4  -2  
10  23  11  1900  415  335  4  -2  
10  23  11  1907  414  335  4  -2  
10  23  11  1916  413  335  4  -2  
10  23  11  1923  412  335  4  -2  
10  23  11  1933  411  335  4  -2  
10  23  11  1940  410  335  4  -2  
10  23  11  1950  409  335  4  -2  
10  23  11  1955  408  335  4  -2  
10  23  11  1966  407  335  4  -2  
10  23  11  1973  407  335  4  -2  
10  23  11  1983  406  335  4  -2  
10  23  11  1990  404  335  4  -2  
10  23  11  2000  403  335  4  -2  
10  23  11  2005  400  335  4  -2  
10  23  11  2016  398  335  4  -2  
10  23  11  2024  395  335  4  -2  
