11  23  48  0  359  323  1  -2  
11  23  48  12  359  323  1  -2  
11  23  48  18  359  323  1  -2  
11  23  48  29  359  323  1  -2  
11  23  48  35  359  323  1  -2  
11  23  48  44  359  323  1  -2  
11  23  48  51  359  323  1  -2  
11  23  48  61  359  323  1  -2  
11  23  48  68  359  323  1  -2  
11  23  48  78  359  323  1  -2  
11  23  48  84  360  323  1  -2  
11  23  48  94  362  323  1  -2  
11  23  48  102  370  323  1  -2  
11  23  48  112  381  323  1  -2  
11  23  48  118  398  323  1  -2  
11  23  48  127  414  323  1  -2  
11  23  48  135  437  323  1  -2  
11  23  48  144  458  323  1  -2  
11  23  48  152  478  323  1  -2  
11  23  48  161  495  323  2  -2  
11  23  48  170  511  323  2  -2  
11  23  48  179  525  323  2  -2  
11  23  48  186  535  323  2  -2  
11  23  48  196  535  323  2  -2  
11  23  48  202  537  323  2  -2  
11  23  48  212  537  323  2  -2  
11  23  48  219  537  323  2  -2  
11  23  48  229  537  323  2  -2  
11  23  48  237  537  323  2  -2  
11  23  48  244  538  323  2  -2  
11  23  48  252  538  323  2  -2  
11  23  48  262  538  323  2  -2  
11  23  48  268  538  323  2  -2  
11  23  48  279  538  323  2  -2  
11  23  48  285  538  323  2  -2  
11  23  48  294  538  323  2  -2  
11  23  48  302  538  323  2  -2  
11  23  48  312  538  323  2  -2  
11  23  48  319  538  323  2  -2  
11  23  48  329  538  323  2  -2  
11  23  48  335  538  323  2  -2  
11  23  48  344  538  323  2  -2  
11  23  48  351  538  323  2  -2  
11  23  49  363  538  323  2  -2  
11  23  49  369  538  323  2  -2  
11  23  49  380  538  323  2  -2  
11  23  49  386  538  323  2  -2  
11  23  49  396  538  323  2  -2  
11  23  49  402  538  323  2  -2  
11  23  49  413  538  323  2  -2  
11  23  49  419  538  323  2  -2  
11  23  49  429  538  323  2  -2  
11  23  49  436  538  323  2  -2  
11  23  49  446  538  323  2  -2  
11  23  49  454  538  323  2  -2  
11  23  49  463  538  323  2  -2  
11  23  49  470  538  323  2  -2  
11  23  49  479  538  323  2  -2  
11  23  49  488  538  323  2  -2  
11  23  49  496  538  323  2  -2  
11  23  49  502  538  323  2  -2  
11  23  49  512  538  323  2  -2  
11  23  49  521  538  323  2  -2  
11  23  49  529  538  323  2  -2  
11  23  49  537  538  323  2  -2  
11  23  49  546  538  323  2  -2  
11  23  49  553  538  323  2  -2  
11  23  49  563  538  323  2  -2  
11  23  49  568  538  323  2  -2  
11  23  49  578  538  323  2  -2  
11  23  49  585  538  323  2  -2  
11  23  49  595  538  323  2  -2  
11  23  49  602  538  323  2  -2  
11  23  49  611  538  323  2  -2  
11  23  49  620  538  323  2  -2  
11  23  49  629  535  323  2  -2  
11  23  49  635  530  323  2  -2  
11  23  49  645  524  323  2  -2  
11  23  49  652  513  324  2  -2  
11  23  49  662  505  326  2  -2  
11  23  49  668  498  327  2  -2  
11  23  49  678  494  327  2  -2  
11  23  49  686  490  327  2  -2  
11  23  49  694  486  328  2  -2  
11  23  49  702  481  328  2  -2  
11  23  49  712  476  328  2  -2  
11  23  49  718  469  328  2  -2  
11  23  49  729  462  328  2  -2  
11  23  49  735  457  328  2  -2  
11  23  49  745  452  328  2  -2  
11  23  49  755  446  330  2  -2  
11  23  49  764  438  330  2  -2  
11  23  49  773  433  330  2  -2  
11  23  49  782  426  330  2  -2  
11  23  49  790  416  330  2  -2  
11  23  49  799  407  330  2  -2  
11  23  49  808  399  330  2  -2  
11  23  49  816  391  330  3  -2  
11  23  49  825  382  330  3  -2  
11  23  49  832  375  331  3  -2  
11  23  49  840  370  331  3  -2  
11  23  49  848  367  332  3  -2  
11  23  49  859  360  332  3  -2  
11  23  49  866  352  332  3  -2  
11  23  49  873  352  332  3  -2  
11  23  49  881  350  332  3  -2  
11  23  49  891  349  332  3  -2  
11  23  49  899  349  332  3  -2  
11  23  49  908  349  332  3  -2  
11  23  49  915  349  332  3  -2  
11  23  49  924  349  332  3  -2  
11  23  49  931  349  332  3  -2  
11  23  49  941  349  332  3  -2  
11  23  49  949  349  332  3  -2  
11  23  49  959  349  332  3  -2  
11  23  49  965  349  332  3  -2  
11  23  49  975  349  332  3  -2  
11  23  49  982  349  332  3  -2  
11  23  49  991  349  332  3  -2  
11  23  49  999  349  332  3  -2  
11  23  49  1008  349  332  3  -2  
11  23  49  1015  349  332  3  -2  
11  23  49  1023  349  332  3  -2  
11  23  49  1033  349  332  3  -2  
11  23  49  1041  349  332  3  -2  
11  23  49  1048  349  332  3  -2  
11  23  49  1058  349  332  3  -2  
11  23  49  1065  349  332  3  -2  
11  23  49  1072  349  332  3  -2  
11  23  49  1082  349  332  3  -2  
11  23  49  1091  349  332  3  -2  
11  23  49  1100  349  332  3  -2  
11  23  49  1108  349  332  3  -2  
11  23  49  1114  349  332  3  -2  
11  23  49  1126  350  332  3  -2  
11  23  49  1133  359  332  3  -2  
11  23  49  1142  369  332  3  -2  
11  23  49  1149  384  332  3  -2  
11  23  49  1157  401  332  3  -2  
11  23  49  1166  417  332  3  -2  
11  23  49  1175  435  332  3  -2  
11  23  49  1182  450  332  3  -2  
11  23  49  1192  467  332  3  -2  
11  23  49  1200  480  332  3  -2  
11  23  49  1208  488  332  3  -2  
11  23  49  1215  492  332  3  -2  
11  23  49  1223  493  332  3  -2  
11  23  49  1232  494  332  3  -2  
11  23  49  1243  494  332  3  -2  
11  23  49  1250  494  332  3  -2  
11  23  49  1258  494  332  3  -2  
11  23  49  1264  494  332  3  -2  
11  23  49  1276  494  332  3  -2  
11  23  49  1282  494  332  3  -2  
11  23  49  1291  494  332  3  -2  
11  23  49  1300  494  332  3  -2  
11  23  49  1309  494  332  3  -2  
11  23  49  1315  494  332  3  -2  
11  23  49  1325  494  332  3  -2  
11  23  49  1333  494  332  3  -2  
11  23  49  1342  494  332  3  -2  
11  23  49  1349  495  331  3  -2  
11  23  49  1359  496  331  3  -2  
11  23  50  1366  502  330  4  -2  
11  23  50  1375  505  330  4  -2  
11  23  50  1382  511  327  4  -2  
11  23  50  1392  514  326  4  -2  
11  23  50  1399  516  325  4  -2  
11  23  50  1408  517  324  4  -2  
11  23  50  1416  517  324  4  -2  
11  23  50  1423  517  324  4  -2  
11  23  50  1432  517  324  4  -2  
11  23  50  1442  517  324  4  -2  
11  23  50  1450  517  324  4  -2  
11  23  50  1459  517  324  4  -2  
11  23  50  1465  517  324  4  -2  
11  23  50  1475  517  324  4  -2  
11  23  50  1482  517  324  4  -2  
11  23  50  1492  517  324  4  -2  
11  23  50  1499  517  324  4  -2  
11  23  50  1509  517  324  4  -2  
11  23  50  1515  517  324  4  -2  
11  23  50  1526  517  324  4  -2  
11  23  50  1532  517  324  4  -2  
11  23  50  1541  517  324  4  -2  
11  23  50  1550  517  324  4  -2  
11  23  50  1559  517  324  4  -2  
11  23  50  1565  517  324  4  -2  
11  23  50  1575  517  324  4  -2  
11  23  50  1581  517  324  4  -2  
11  23  50  1592  517  324  4  -2  
11  23  50  1600  517  324  4  -2  
11  23  50  1609  517  324  4  -2  
11  23  50  1614  517  324  4  -2  
11  23  50  1628  517  324  4  -2  
11  23  50  1634  518  324  4  -2  
11  23  50  1644  518  324  4  -2  
11  23  50  1652  508  322  4  -2  
11  23  50  1662  498  322  4  -2  
11  23  50  1667  488  322  4  -2  
11  23  50  1678  474  322  4  -2  
11  23  50  1685  460  322  4  -2  
11  23  50  1695  443  322  4  -2  
11  23  50  1701  428  322  4  -2  
11  23  50  1711  410  322  4  -2  
