14  53  4  0  339  316  1  -2  
14  53  4  8  339  316  1  -2  
14  53  4  17  339  316  1  -2  
14  53  4  23  339  316  1  -2  
14  53  4  33  339  316  1  -2  
14  53  4  40  339  316  1  -2  
14  53  4  49  339  316  1  -2  
14  53  4  58  339  316  1  -2  
14  53  4  67  339  316  1  -2  
14  53  4  73  339  316  1  -2  
14  53  4  82  339  316  1  -2  
14  53  4  90  339  316  1  -2  
14  53  4  100  339  316  1  -2  
14  53  4  106  340  316  1  -2  
14  53  4  117  340  316  1  -2  
14  53  4  124  341  316  1  -2  
14  53  4  134  343  316  1  -2  
14  53  4  140  344  316  1  -2  
14  53  4  150  344  316  1  -2  
14  53  4  157  347  316  1  -2  
14  53  4  168  347  316  1  -2  
14  53  4  174  350  316  1  -2  
14  53  4  183  351  316  1  -2  
14  53  4  190  355  316  1  -2  
14  53  4  200  357  316  1  -2  
14  53  4  206  361  316  1  -2  
14  53  4  218  364  316  1  -2  
14  53  4  224  366  316  1  -2  
14  53  4  233  370  316  1  -2  
14  53  4  240  373  316  1  -2  
14  53  4  250  377  316  1  -2  
14  53  4  258  379  316  1  -2  
14  53  4  267  381  316  1  -2  
14  53  4  274  387  316  1  -2  
14  53  4  284  387  316  1  -2  
14  53  5  290  390  316  1  -2  
14  53  5  300  391  316  1  -2  
14  53  5  308  394  316  1  -2  
14  53  5  317  396  316  1  -2  
14  53  5  324  399  316  1  -2  
14  53  5  334  403  318  1  -2  
14  53  5  340  406  318  1  -2  
14  53  5  351  411  318  1  -2  
14  53  5  358  416  319  1  -2  
14  53  5  367  422  320  1  -2  
14  53  5  373  427  320  1  -2  
14  53  5  384  432  320  1  -2  
14  53  5  391  441  320  1  -2  
14  53  5  400  448  322  1  -2  
14  53  5  407  455  324  1  -2  
14  53  5  417  460  325  1  -2  
14  53  5  424  465  325  1  -2  
14  53  5  435  471  325  1  -2  
14  53  5  441  481  327  1  -2  
14  53  5  450  481  327  1  -2  
14  53  5  458  494  330  1  -2  
14  53  5  468  494  330  1  -2  
14  53  5  474  501  330  2  -2  
14  53  5  483  501  330  2  -2  
14  53  5  490  506  331  2  -2  
14  53  5  501  506  331  2  -2  
14  53  5  508  507  331  2  -2  
14  53  5  517  509  331  2  -2  
14  53  5  524  511  332  2  -2  
14  53  5  534  511  332  2  -2  
14  53  5  540  514  332  2  -2  
14  53  5  550  518  334  2  -2  
14  53  5  558  521  335  2  -2  
14  53  5  567  526  335  2  -2  
14  53  5  574  531  336  2  -2  
14  53  5  583  535  337  2  -2  
14  53  5  590  536  337  2  -2  
14  53  5  600  537  339  2  -2  
14  53  5  608  537  339  2  -2  
14  53  5  617  537  339  2  -2  
14  53  5  624  537  339  2  -2  
14  53  5  633  537  339  2  -2  
14  53  5  640  537  339  2  -2  
14  53  5  650  537  339  2  -2  
14  53  5  658  537  339  2  -2  
14  53  5  668  537  339  2  -2  
14  53  5  675  537  339  2  -2  
14  53  5  684  537  339  2  -2  
14  53  5  691  537  339  2  -2  
14  53  5  701  537  339  2  -2  
14  53  5  708  537  339  2  -2  
14  53  5  718  537  339  2  -2  
14  53  5  724  537  339  2  -2  
14  53  5  733  537  339  2  -2  
14  53  5  740  537  339  2  -2  
14  53  5  750  537  339  2  -2  
14  53  5  758  537  339  2  -2  
14  53  5  767  537  339  2  -2  
14  53  5  773  537  339  2  -2  
14  53  5  783  537  339  2  -2  
14  53  5  791  537  339  2  -2  
14  53  5  800  537  339  2  -2  
14  53  5  808  537  339  2  -2  
14  53  5  817  535  339  2  -2  
14  53  5  824  535  339  2  -2  
14  53  5  833  532  339  2  -2  
14  53  5  840  530  339  2  -2  
14  53  5  850  526  338  2  -2  
14  53  5  858  521  338  2  -2  
14  53  5  867  514  337  2  -2  
14  53  5  875  496  333  2  -2  
14  53  5  884  496  333  2  -2  
14  53  5  890  479  332  2  -2  
14  53  5  899  474  332  2  -2  
14  53  5  908  470  332  2  -2  
14  53  5  917  469  332  2  -2  
14  53  5  924  465  332  2  -2  
14  53  5  933  463  331  2  -2  
14  53  5  940  459  331  2  -2  
14  53  5  950  456  331  2  -2  
14  53  5  957  452  329  2  -2  
14  53  5  967  447  329  2  -2  
14  53  5  973  441  328  2  -2  
14  53  5  982  436  328  2  -2  
14  53  5  990  429  327  2  -2  
14  53  5  999  425  327  2  -2  
14  53  5  1007  420  326  2  -2  
14  53  5  1016  416  325  2  -2  
14  53  5  1023  412  323  2  -2  
14  53  5  1032  408  323  2  -2  
14  53  5  1040  404  322  2  -2  
14  53  5  1049  399  321  3  -2  
14  53  5  1057  393  319  3  -2  
14  53  5  1066  388  318  3  -2  
14  53  5  1073  377  315  3  -2  
14  53  5  1082  377  315  3  -2  
14  53  5  1090  369  313  3  -2  
14  53  5  1099  367  313  3  -2  
14  53  5  1108  364  313  3  -2  
14  53  5  1116  362  313  3  -2  
14  53  5  1123  362  313  3  -2  
14  53  5  1132  362  313  3  -2  
14  53  5  1140  362  313  3  -2  
14  53  5  1149  362  313  3  -2  
14  53  5  1157  362  313  3  -2  
14  53  5  1167  362  313  3  -2  
14  53  5  1173  362  313  3  -2  
14  53  5  1183  362  313  3  -2  
14  53  5  1190  362  313  3  -2  
14  53  5  1200  362  313  3  -2  
14  53  5  1207  362  313  3  -2  
14  53  5  1216  362  313  3  -2  
14  53  5  1225  362  313  3  -2  
14  53  5  1232  362  313  3  -2  
14  53  5  1240  362  313  3  -2  
14  53  5  1249  362  313  3  -2  
14  53  5  1257  362  313  3  -2  
14  53  5  1266  362  313  3  -2  
14  53  5  1273  362  313  3  -2  
14  53  5  1282  362  313  3  -2  
14  53  6  1290  362  313  3  -2  
14  53  6  1299  362  313  3  -2  
14  53  6  1307  362  313  3  -2  
14  53  6  1316  362  313  3  -2  
14  53  6  1324  362  313  3  -2  
14  53  6  1332  362  313  3  -2  
14  53  6  1340  362  313  3  -2  
14  53  6  1349  362  313  3  -2  
14  53  6  1357  362  313  3  -2  
14  53  6  1366  362  313  3  -2  
14  53  6  1375  362  313  3  -2  
14  53  6  1382  362  313  3  -2  
14  53  6  1390  362  313  3  -2  
14  53  6  1399  362  313  3  -2  
14  53  6  1408  362  313  3  -2  
14  53  6  1416  362  313  3  -2  
14  53  6  1425  363  313  3  -2  
14  53  6  1432  367  313  3  -2  
14  53  6  1440  368  313  3  -2  
14  53  6  1451  371  313  3  -2  
14  53  6  1457  381  313  3  -2  
14  53  6  1466  381  313  3  -2  
14  53  6  1472  395  313  3  -2  
14  53  6  1483  395  313  3  -2  
14  53  6  1490  412  314  3  -2  
14  53  6  1499  419  314  3  -2  
14  53  6  1508  429  315  3  -2  
14  53  6  1516  437  317  3  -2  
14  53  6  1525  446  319  3  -2  
14  53  6  1533  453  320  3  -2  
14  53  6  1541  458  320  3  -2  
14  53  6  1549  462  320  3  -2  
14  53  6  1557  467  321  3  -2  
14  53  6  1566  470  322  3  -2  
14  53  6  1574  474  322  3  -2  
14  53  6  1582  479  324  3  -2  
14  53  6  1590  481  324  3  -2  
14  53  6  1600  484  325  3  -2  
14  53  6  1608  487  325  3  -2  
14  53  6  1617  491  325  3  -2  
14  53  6  1626  494  326  3  -2  
14  53  6  1634  496  326  4  -2  
14  53  6  1642  505  327  4  -2  
14  53  6  1651  511  329  4  -2  
14  53  6  1661  513  329  4  -2  
14  53  6  1670  518  329  4  -2  
14  53  6  1680  522  330  4  -2  
14  53  6  1688  526  330  4  -2  
14  53  6  1697  530  331  4  -2  
14  53  6  1706  531  331  4  -2  
14  53  6  1714  532  331  4  -2  
14  53  6  1722  532  331  4  -2  
14  53  6  1732  532  331  4  -2  
14  53  6  1740  532  331  4  -2  
14  53  6  1750  532  331  4  -2  
14  53  6  1757  532  331  4  -2  
14  53  6  1767  532  331  4  -2  
14  53  6  1777  532  331  4  -2  
14  53  6  1790  532  331  4  -2  
14  53  6  1802  532  331  4  -2  
14  53  6  1813  532  331  4  -2  
14  53  6  1821  532  331  4  -2  
14  53  6  1830  530  331  4  -2  
14  53  6  1837  525  331  4  -2  
14  53  6  1847  515  331  4  -2  
14  53  6  1853  505  330  4  -2  
14  53  6  1863  492  328  4  -2  
14  53  6  1870  476  326  4  -2  
14  53  6  1881  461  323  4  -2  
14  53  6  1889  451  322  4  -2  
14  53  6  1897  438  320  4  -2  
14  53  6  1904  427  319  4  -2  
14  53  6  1914  421  319  4  -2  
14  53  6  1923  413  317  4  -2  
14  53  6  1935  404  316  4  -2  
14  53  6  1943  400  315  4  -2  
14  53  6  1953  395  315  5  -2  
14  53  6  1962  391  314  5  -2  
14  53  6  1970  388  314  5  -2  
14  53  6  1979  385  314  5  -2  
14  53  6  1987  381  312  5  -2  
14  53  6  1995  377  311  5  -2  
14  53  6  2004  376  311  5  -2  
14  53  6  2013  375  311  5  -2  
14  53  6  2020  373  311  5  -2  
14  53  6  2029  371  311  5  -2  
14  53  6  2037  370  311  5  -2  
14  53  6  2047  368  311  5  -2  
14  53  6  2053  364  310  5  -2  
14  53  6  2062  363  310  5  -2  
14  53  6  2069  361  310  5  -2  
14  53  6  2078  360  310  5  -2  
14  53  6  2086  360  310  5  -2  
14  53  6  2096  360  310  5  -2  
14  53  6  2104  360  310  5  -2  
14  53  6  2112  360  310  5  -2  
14  53  6  2120  360  310  5  -2  
14  53  6  2130  360  310  5  -2  
14  53  6  2137  360  310  5  -2  
14  53  6  2146  360  310  5  -2  
14  53  6  2154  360  310  5  -2  
14  53  6  2163  360  310  5  -2  
14  53  6  2171  360  310  5  -2  
14  53  6  2180  360  310  5  -2  
14  53  6  2187  360  310  5  -2  
14  53  6  2196  360  310  5  -2  
14  53  6  2203  360  310  5  -2  
14  53  6  2212  360  310  5  -2  
14  53  6  2219  360  310  5  -2  
14  53  6  2230  360  310  5  -2  
14  53  6  2237  360  310  5  -2  
14  53  6  2247  360  310  5  -2  
14  53  6  2255  360  310  5  -2  
14  53  6  2264  360  310  5  -2  
14  53  6  2271  360  310  5  -2  
14  53  6  2280  360  310  5  -2  
14  53  6  2288  360  310  5  -2  
14  53  7  2297  360  310  5  -2  
14  53  7  2304  360  310  5  -2  
14  53  7  2314  360  310  5  -2  
14  53  7  2320  360  310  5  -2  
14  53  7  2330  360  310  5  -2  
14  53  7  2337  360  310  5  -2  
14  53  7  2347  360  310  5  -2  
14  53  7  2354  360  310  5  -2  
14  53  7  2363  360  310  5  -2  
14  53  7  2371  360  310  5  -2  
14  53  7  2381  360  310  5  -2  
14  53  7  2388  360  310  5  -2  
14  53  7  2397  360  310  5  -2  
14  53  7  2405  360  310  5  -2  
14  53  7  2414  360  310  5  -2  
14  53  7  2421  360  310  5  -2  
14  53  7  2430  360  310  5  -2  
14  53  7  2438  360  310  5  -2  
14  53  7  2448  360  310  5  -2  
14  53  7  2454  360  310  5  -2  
14  53  7  2464  360  310  5  -2  
14  53  7  2472  360  310  5  -2  
14  53  7  2481  360  310  5  -2  
14  53  7  2488  360  310  5  -2  
14  53  7  2497  360  310  5  -2  
14  53  7  2504  360  310  5  -2  
14  53  7  2514  360  310  5  -2  
14  53  7  2521  360  310  5  -2  
14  53  7  2530  360  310  5  -2  
14  53  7  2537  360  310  5  -2  
14  53  7  2547  360  310  5  -2  
14  53  7  2554  360  310  5  -2  
14  53  7  2564  360  310  5  -2  
