14  52  50  0  348  316  1  -2  
14  52  50  10  349  316  1  -2  
14  52  50  16  349  316  1  -2  
14  52  50  25  351  316  1  -2  
14  52  50  32  353  316  1  -2  
14  52  50  42  357  316  1  -2  
14  52  50  49  360  318  1  -2  
14  52  50  59  364  318  1  -2  
14  52  50  66  370  318  1  -2  
14  52  50  76  379  319  1  -2  
14  52  50  82  387  320  1  -2  
14  52  50  92  397  320  1  -2  
14  52  50  99  409  324  1  -2  
14  52  51  109  420  326  1  -2  
14  52  51  116  431  326  1  -2  
14  52  51  126  443  326  1  -2  
14  52  51  133  465  327  1  -2  
14  52  51  142  465  327  1  -2  
14  52  51  150  484  332  1  -2  
14  52  51  160  489  332  1  -2  
14  52  51  167  493  332  1  -2  
14  52  51  177  495  333  1  -2  
14  52  51  183  495  333  1  -2  
14  52  51  193  495  333  1  -2  
14  52  51  199  496  333  1  -2  
14  52  51  209  496  333  1  -2  
14  52  51  217  496  333  1  -2  
14  52  51  226  496  333  1  -2  
14  52  51  234  496  333  1  -2  
14  52  51  242  496  333  1  -2  
14  52  51  251  496  333  1  -2  
14  52  51  261  496  333  1  -2  
14  52  51  268  496  333  1  -2  
14  52  51  276  496  333  1  -2  
14  52  51  284  496  333  1  -2  
14  52  51  293  496  333  1  -2  
14  52  51  301  496  333  1  -2  
14  52  51  310  496  333  1  -2  
14  52  51  317  496  333  1  -2  
14  52  51  326  496  333  1  -2  
14  52  51  334  496  333  1  -2  
14  52  51  342  496  333  1  -2  
14  52  51  351  496  333  1  -2  
14  52  51  360  496  333  1  -2  
14  52  51  367  496  333  1  -2  
14  52  51  376  496  333  1  -2  
14  52  51  384  496  333  1  -2  
14  52  51  394  496  333  1  -2  
14  52  51  401  496  333  1  -2  
14  52  51  411  496  333  1  -2  
14  52  51  420  496  333  1  -2  
14  52  51  431  496  333  1  -2  
14  52  51  440  496  333  1  -2  
14  52  51  448  496  333  1  -2  
14  52  51  459  496  333  1  -2  
14  52  51  466  496  333  1  -2  
14  52  51  476  496  333  1  -2  
14  52  51  482  496  333  1  -2  
14  52  51  492  496  333  1  -2  
14  52  51  500  496  333  1  -2  
14  52  51  510  496  333  1  -2  
14  52  51  515  496  333  1  -2  
14  52  51  525  496  333  1  -2  
14  52  51  531  496  333  1  -2  
14  52  51  541  496  333  1  -2  
14  52  51  548  480  331  1  -2  
14  52  51  559  480  331  1  -2  
14  52  51  566  455  329  1  -2  
14  52  51  575  440  325  1  -2  
14  52  51  582  422  323  1  -2  
14  52  51  592  405  322  1  -2  
14  52  51  600  392  320  1  -2  
14  52  51  610  381  318  1  -2  
14  52  51  618  374  317  1  -2  
14  52  51  626  370  316  1  -2  
14  52  51  635  369  316  1  -2  
14  52  51  643  368  316  1  -2  
14  52  51  650  368  316  1  -2  
14  52  51  660  368  316  1  -2  
14  52  51  668  367  316  1  -2  
14  52  51  676  366  316  1  -2  
14  52  51  683  364  315  1  -2  
14  52  51  692  364  315  1  -2  
14  52  51  700  363  315  1  -2  
14  52  51  709  362  315  1  -2  
14  52  51  717  361  315  1  -2  
14  52  51  725  361  315  1  -2  
14  52  51  733  361  315  1  -2  
14  52  51  743  361  315  1  -2  
14  52  51  750  361  315  1  -2  
14  52  51  758  361  315  1  -2  
14  52  51  768  361  315  1  -2  
14  52  51  776  361  315  1  -2  
14  52  51  784  361  315  1  -2  
14  52  51  791  361  315  1  -2  
14  52  51  800  361  315  1  -2  
14  52  51  809  361  315  1  -2  
14  52  51  818  361  315  1  -2  
14  52  51  825  361  315  1  -2  
14  52  51  834  361  315  1  -2  
14  52  51  842  361  315  1  -2  
14  52  51  851  361  315  1  -2  
14  52  51  860  361  315  1  -2  
14  52  51  868  361  315  1  -2  
14  52  51  877  361  315  1  -2  
14  52  51  884  361  315  1  -2  
14  52  51  891  361  315  1  -2  
14  52  51  902  361  315  1  -2  
14  52  51  910  361  315  1  -2  
14  52  51  918  361  315  1  -2  
14  52  51  927  361  315  1  -2  
14  52  51  934  361  315  1  -2  
14  52  51  943  361  315  1  -2  
14  52  51  951  361  315  1  -2  
14  52  51  959  361  315  1  -2  
14  52  51  968  361  315  1  -2  
14  52  51  977  361  315  1  -2  
14  52  51  986  361  315  1  -2  
14  52  51  993  361  315  1  -2  
14  52  51  1001  361  315  1  -2  
14  52  51  1009  361  315  1  -2  
14  52  51  1019  361  315  1  -2  
14  52  51  1028  361  315  1  -2  
14  52  51  1036  361  315  1  -2  
14  52  51  1043  361  315  1  -2  
14  52  51  1051  361  315  1  -2  
14  52  51  1060  361  315  1  -2  
14  52  51  1069  361  315  1  -2  
14  52  51  1077  361  315  1  -2  
14  52  51  1085  361  315  1  -2  
14  52  51  1093  361  315  1  -2  
14  52  52  1102  361  315  1  -2  
14  52  52  1110  361  315  1  -2  
14  52  52  1118  361  315  1  -2  
14  52  52  1127  361  315  1  -2  
14  52  52  1135  361  315  1  -2  
14  52  52  1143  361  315  1  -2  
14  52  52  1151  361  315  1  -2  
14  52  52  1161  361  315  1  -2  
14  52  52  1168  361  315  1  -2  
14  52  52  1178  361  315  1  -2  
14  52  52  1186  361  315  1  -2  
14  52  52  1195  361  315  1  -2  
14  52  52  1202  361  315  1  -2  
14  52  52  1210  361  315  1  -2  
14  52  52  1219  361  315  1  -2  
14  52  52  1228  361  315  1  -2  
14  52  52  1235  361  315  1  -2  
14  52  52  1243  361  315  1  -2  
14  52  52  1252  361  315  1  -2  
14  52  52  1260  361  315  1  -2  
14  52  52  1268  361  315  1  -2  
14  52  52  1277  361  315  1  -2  
14  52  52  1285  361  315  1  -2  
14  52  52  1293  361  315  1  -2  
14  52  52  1301  361  315  1  -2  
14  52  52  1309  361  315  1  -2  
14  52  52  1319  361  315  1  -2  
14  52  52  1328  361  315  1  -2  
14  52  52  1335  361  315  1  -2  
14  52  52  1343  361  315  1  -2  
14  52  52  1352  361  315  1  -2  
14  52  52  1360  361  315  1  -2  
14  52  52  1369  361  315  1  -2  
14  52  52  1377  361  315  1  -2  
14  52  52  1385  361  315  1  -2  
14  52  52  1393  361  315  1  -2  
14  52  52  1402  361  315  1  -2  
14  52  52  1411  361  315  1  -2  
14  52  52  1420  361  315  1  -2  
14  52  52  1427  361  315  1  -2  
14  52  52  1436  361  315  1  -2  
14  52  52  1445  361  315  1  -2  
14  52  52  1452  361  315  1  -2  
14  52  52  1461  361  315  1  -2  
14  52  52  1469  361  315  1  -2  
14  52  52  1478  361  315  1  -2  
14  52  52  1486  361  315  1  -2  
14  52  52  1494  361  315  1  -2  
14  52  52  1502  361  315  1  -2  
14  52  52  1510  361  315  1  -2  
14  52  52  1518  361  315  1  -2  
14  52  52  1528  361  315  1  -2  
14  52  52  1536  361  315  1  -2  
14  52  52  1543  361  315  1  -2  
14  52  52  1551  361  315  1  -2  
14  52  52  1561  361  315  1  -2  
14  52  52  1569  363  315  1  -2  
14  52  52  1578  368  315  1  -2  
14  52  52  1585  381  315  1  -2  
14  52  52  1593  391  315  1  -2  
14  52  52  1603  405  319  1  -2  
14  52  52  1611  418  321  1  -2  
14  52  52  1619  435  322  1  -2  
14  52  52  1628  454  327  1  -2  
14  52  52  1635  469  328  1  -2  
14  52  52  1645  488  332  1  -2  
14  52  52  1652  505  334  2  -2  
14  52  52  1660  518  335  2  -2  
14  52  52  1670  532  336  2  -2  
14  52  52  1678  557  340  2  -2  
14  52  52  1688  566  342  2  -2  
14  52  52  1696  578  343  2  -2  
14  52  52  1705  585  345  2  -2  
14  52  52  1712  593  347  2  -2  
14  52  52  1720  596  347  2  -2  
14  52  52  1729  598  347  2  -2  
14  52  52  1738  598  347  2  -2  
14  52  52  1746  598  347  2  -2  
14  52  52  1754  598  347  2  -2  
14  52  52  1761  598  347  2  -2  
14  52  52  1769  598  347  2  -2  
14  52  52  1779  598  347  2  -2  
14  52  52  1787  598  347  2  -2  
14  52  52  1794  598  347  2  -2  
14  52  52  1804  598  347  2  -2  
14  52  52  1810  598  347  2  -2  
14  52  52  1819  598  347  2  -2  
14  52  52  1828  598  347  2  -2  
14  52  52  1838  598  347  2  -2  
14  52  52  1844  598  347  2  -2  
14  52  52  1856  598  347  2  -2  
14  52  52  1861  598  347  2  -2  
14  52  52  1872  598  347  2  -2  
14  52  52  1879  598  347  2  -2  
14  52  52  1890  598  347  2  -2  
14  52  52  1897  598  347  2  -2  
14  52  52  1907  598  347  2  -2  
14  52  52  1914  598  347  2  -2  
14  52  52  1925  598  347  2  -2  
14  52  52  1933  598  347  2  -2  
14  52  52  1941  598  347  2  -2  
14  52  52  1949  598  347  2  -2  
14  52  52  1958  598  347  2  -2  
14  52  52  1964  598  347  2  -2  
14  52  52  1974  598  347  2  -2  
14  52  52  1981  598  347  2  -2  
14  52  52  1991  598  347  2  -2  
14  52  52  1999  598  347  2  -2  
14  52  52  2008  598  347  2  -2  
14  52  52  2015  598  347  2  -2  
14  52  52  2024  598  347  2  -2  
14  52  52  2032  596  347  2  -2  
14  52  52  2041  596  347  2  -2  
14  52  52  2048  595  347  2  -2  
14  52  52  2058  593  347  2  -2  
14  52  52  2064  590  347  2  -2  
14  52  52  2074  586  347  2  -2  
14  52  52  2080  579  347  2  -2  
14  52  52  2091  572  345  2  -2  
14  52  52  2098  564  344  2  -2  
14  52  53  2108  557  343  2  -2  
14  52  53  2115  549  341  2  -2  
14  52  53  2124  538  338  2  -2  
14  52  53  2131  527  334  2  -2  
14  52  53  2141  518  333  2  -2  
14  52  53  2149  508  332  2  -2  
14  52  53  2158  500  330  2  -2  
14  52  53  2165  479  326  2  -2  
14  52  53  2175  479  326  2  -2  
14  52  53  2183  459  324  2  -2  
14  52  53  2192  449  324  2  -2  
14  52  53  2199  437  321  2  -2  
14  52  53  2208  428  320  2  -2  
14  52  53  2215  419  319  2  -2  
14  52  53  2224  412  318  2  -2  
14  52  53  2233  407  318  2  -2  
14  52  53  2241  403  316  2  -2  
14  52  53  2249  402  316  2  -2  
14  52  53  2258  398  316  3  -2  
14  52  53  2265  397  315  3  -2  
14  52  53  2274  394  314  3  -2  
14  52  53  2281  391  313  3  -2  
14  52  53  2291  388  313  3  -2  
14  52  53  2299  386  313  3  -2  
14  52  53  2308  383  313  3  -2  
14  52  53  2315  378  311  3  -2  
14  52  53  2324  378  311  3  -2  
14  52  53  2332  376  311  3  -2  
14  52  53  2341  376  311  3  -2  
14  52  53  2349  376  311  3  -2  
14  52  53  2359  376  311  3  -2  
14  52  53  2367  376  311  3  -2  
14  52  53  2376  376  311  3  -2  
14  52  53  2385  376  311  3  -2  
14  52  53  2394  376  311  3  -2  
14  52  53  2401  376  311  3  -2  
14  52  53  2410  376  311  3  -2  
14  52  53  2419  376  311  3  -2  
14  52  53  2427  376  311  3  -2  
14  52  53  2436  376  311  3  -2  
14  52  53  2443  376  311  3  -2  
14  52  53  2453  376  311  3  -2  
14  52  53  2462  376  311  3  -2  
14  52  53  2472  376  311  3  -2  
14  52  53  2479  376  311  3  -2  
14  52  53  2488  376  311  3  -2  
14  52  53  2496  376  311  3  -2  
14  52  53  2506  376  311  3  -2  
14  52  53  2514  376  311  3  -2  
14  52  53  2524  376  311  3  -2  
14  52  53  2530  376  311  3  -2  
14  52  53  2540  376  311  3  -2  
14  52  53  2548  376  311  3  -2  
14  52  53  2557  376  311  3  -2  
14  52  53  2563  376  311  3  -2  
14  52  53  2573  376  311  3  -2  
14  52  53  2581  376  311  3  -2  
14  52  53  2590  376  311  3  -2  
14  52  53  2598  376  311  3  -2  
14  52  53  2607  376  311  3  -2  
14  52  53  2616  376  311  3  -2  
14  52  53  2623  376  311  3  -2  
14  52  53  2632  376  311  3  -2  
14  52  53  2640  376  311  3  -2  
14  52  53  2648  376  311  3  -2  
14  52  53  2657  376  311  3  -2  
14  52  53  2665  376  311  3  -2  
14  52  53  2673  376  311  3  -2  
14  52  53  2681  376  311  3  -2  
14  52  53  2691  376  311  3  -2  
14  52  53  2698  376  311  3  -2  
14  52  53  2707  376  311  3  -2  
14  52  53  2714  376  311  3  -2  
14  52  53  2723  376  311  3  -2  
14  52  53  2732  376  311  3  -2  
14  52  53  2740  376  311  3  -2  
14  52  53  2748  376  311  3  -2  
14  52  53  2756  376  311  3  -2  
14  52  53  2764  376  311  3  -2  
14  52  53  2773  376  311  3  -2  
14  52  53  2781  376  311  3  -2  
14  52  53  2790  376  311  3  -2  
14  52  53  2798  376  311  3  -2  
14  52  53  2806  376  311  3  -2  
14  52  53  2815  376  311  3  -2  
14  52  53  2823  376  311  3  -2  
14  52  53  2832  376  311  3  -2  
