10  22  18  0  365  317  1  -2  
10  22  18  8  365  317  1  -2  
10  22  18  17  365  317  1  -2  
10  22  18  23  365  317  1  -2  
10  22  18  33  365  317  1  -2  
10  22  18  40  365  317  1  -2  
10  22  18  48  365  317  1  -2  
10  22  18  56  365  317  1  -2  
10  22  18  67  365  317  1  -2  
10  22  18  73  365  317  1  -2  
10  22  18  82  365  317  1  -2  
10  22  18  90  365  317  1  -2  
10  22  18  98  365  317  1  -2  
10  22  18  107  365  317  1  -2  
10  22  18  117  365  317  1  -2  
10  22  18  124  365  317  1  -2  
10  22  18  133  365  317  1  -2  
10  22  18  140  365  317  1  -2  
10  22  18  148  365  317  1  -2  
10  22  18  157  365  317  1  -2  
10  22  18  167  365  317  1  -2  
10  22  18  172  365  317  1  -2  
10  22  18  183  365  317  1  -2  
10  22  18  190  365  317  1  -2  
10  22  18  198  365  316  1  -2  
10  22  18  208  366  316  1  -2  
10  22  18  217  370  316  1  -2  
10  22  18  223  371  316  1  -2  
10  22  18  234  371  316  1  -2  
10  22  18  239  376  316  1  -2  
10  22  18  249  376  316  1  -2  
10  22  18  257  383  316  1  -2  
10  22  18  268  385  316  1  -2  
10  22  18  275  388  316  1  -2  
10  22  18  284  392  316  1  -2  
10  22  18  291  396  316  1  -2  
10  22  18  300  401  316  1  -2  
10  22  18  307  408  316  1  -2  
10  22  18  318  414  316  1  -2  
10  22  18  325  424  316  1  -2  
10  22  18  335  433  316  1  -2  
10  22  18  342  443  316  1  -2  
10  22  18  352  452  317  1  -2  
10  22  18  359  469  319  1  -2  
10  22  18  369  469  319  1  -2  
10  22  18  376  478  321  1  -2  
10  22  18  386  481  321  1  -2  
10  22  18  394  482  321  1  -2  
10  22  18  403  484  321  1  -2  
10  22  18  410  485  321  1  -2  
10  22  18  419  487  321  1  -2  
10  22  18  427  491  321  1  -2  
10  22  18  437  496  322  2  -2  
10  22  19  443  503  323  2  -2  
10  22  19  452  510  323  2  -2  
10  22  19  459  517  324  2  -2  
10  22  19  470  522  325  2  -2  
10  22  19  478  525  326  2  -2  
10  22  19  486  526  326  2  -2  
10  22  19  494  526  326  2  -2  
10  22  19  503  526  326  2  -2  
10  22  19  511  526  326  2  -2  
10  22  19  520  526  326  2  -2  
10  22  19  527  526  326  2  -2  
10  22  19  536  526  326  2  -2  
10  22  19  546  526  326  2  -2  
10  22  19  553  526  326  2  -2  
10  22  19  561  526  326  2  -2  
10  22  19  574  526  326  2  -2  
10  22  19  583  526  326  2  -2  
10  22  19  592  526  326  2  -2  
10  22  19  601  526  326  2  -2  
10  22  19  609  526  326  2  -2  
10  22  19  619  526  326  2  -2  
10  22  19  626  526  326  2  -2  
10  22  19  635  526  326  2  -2  
10  22  19  641  526  326  2  -2  
10  22  19  652  526  326  2  -2  
10  22  19  658  526  326  2  -2  
10  22  19  668  526  326  2  -2  
10  22  19  676  526  326  2  -2  
10  22  19  685  526  326  2  -2  
10  22  19  693  526  326  2  -2  
10  22  19  702  526  326  2  -2  
10  22  19  709  526  326  2  -2  
10  22  19  718  526  326  2  -2  
10  22  19  726  526  326  2  -2  
10  22  19  735  526  326  2  -2  
10  22  19  742  526  326  2  -2  
10  22  19  752  526  326  2  -2  
10  22  19  759  526  326  2  -2  
10  22  19  769  526  326  2  -2  
10  22  19  776  526  326  2  -2  
10  22  19  786  526  326  2  -2  
10  22  19  791  526  326  2  -2  
10  22  19  802  526  326  2  -2  
10  22  19  809  526  326  2  -2  
10  22  19  821  526  326  2  -2  
10  22  19  829  526  326  2  -2  
10  22  19  839  526  326  2  -2  
10  22  19  848  526  326  2  -2  
10  22  19  856  526  326  2  -2  
10  22  19  865  526  326  2  -2  
10  22  19  874  526  326  2  -2  
10  22  19  883  526  326  2  -2  
10  22  19  891  526  326  2  -2  
10  22  19  900  526  326  2  -2  
10  22  19  909  526  326  2  -2  
10  22  19  919  526  326  2  -2  
10  22  19  927  526  326  2  -2  
10  22  19  937  526  326  2  -2  
10  22  19  944  526  326  2  -2  
10  22  19  953  526  326  2  -2  
10  22  19  960  526  326  2  -2  
10  22  19  969  526  326  2  -2  
10  22  19  979  526  326  2  -2  
10  22  19  986  526  327  2  -2  
10  22  19  994  525  327  2  -2  
10  22  19  1002  523  327  2  -2  
10  22  19  1011  521  327  2  -2  
10  22  19  1019  518  327  2  -2  
10  22  19  1028  516  327  2  -2  
10  22  19  1036  512  327  2  -2  
10  22  19  1044  507  327  2  -2  
10  22  19  1052  503  327  2  -2  
10  22  19  1060  498  327  2  -2  
10  22  19  1070  495  327  2  -2  
10  22  19  1077  492  327  2  -2  
10  22  19  1086  488  327  2  -2  
10  22  19  1093  485  327  2  -2  
10  22  19  1102  483  327  2  -2  
10  22  19  1110  480  327  2  -2  
10  22  19  1119  476  327  2  -2  
10  22  19  1127  474  327  2  -2  
10  22  19  1136  470  327  2  -2  
10  22  19  1143  466  327  2  -2  
10  22  19  1152  461  327  2  -2  
10  22  19  1160  458  327  2  -2  
10  22  19  1169  451  327  2  -2  
10  22  19  1177  438  327  2  -2  
10  22  19  1186  432  327  2  -2  
10  22  19  1194  426  327  2  -2  
10  22  19  1202  419  327  2  -2  
10  22  19  1210  414  327  2  -2  
10  22  19  1220  409  327  2  -2  
10  22  19  1227  406  327  2  -2  
10  22  19  1236  401  327  2  -2  
10  22  19  1244  396  327  3  -2  
10  22  19  1252  391  327  3  -2  
10  22  19  1260  387  327  3  -2  
10  22  19  1270  382  327  3  -2  
10  22  19  1277  377  327  3  -2  
10  22  19  1286  370  327  3  -2  
10  22  19  1293  362  327  3  -2  
10  22  19  1303  353  327  3  -2  
10  22  19  1311  346  327  3  -2  
10  22  19  1320  338  327  3  -2  
10  22  19  1328  331  327  3  -2  
10  22  19  1337  322  327  3  -2  
10  22  19  1346  320  327  3  -2  
10  22  19  1353  318  327  3  -2  
10  22  19  1361  316  327  3  -2  
10  22  19  1370  316  327  3  -2  
10  22  19  1378  316  327  3  -2  
10  22  19  1386  316  327  3  -2  
10  22  19  1395  316  327  3  -2  
10  22  19  1404  316  327  3  -2  
10  22  19  1411  316  327  3  -2  
10  22  19  1420  316  327  3  -2  
10  22  19  1428  316  327  3  -2  
10  22  19  1436  316  327  3  -2  
10  22  20  1446  316  327  3  -2  
10  22  20  1455  316  327  3  -2  
10  22  20  1463  316  327  3  -2  
10  22  20  1470  316  327  3  -2  
10  22  20  1478  316  327  3  -2  
10  22  20  1487  316  327  3  -2  
10  22  20  1496  316  327  3  -2  
10  22  20  1505  316  328  3  -2  
10  22  20  1512  316  328  3  -2  
10  22  20  1522  316  328  3  -2  
10  22  20  1529  316  329  3  -2  
10  22  20  1538  316  329  3  -2  
10  22  20  1546  316  329  3  -2  
10  22  20  1555  316  330  3  -2  
10  22  20  1562  317  330  3  -2  
10  22  20  1572  319  330  3  -2  
10  22  20  1581  321  330  3  -2  
10  22  20  1587  325  330  3  -2  
10  22  20  1598  328  330  3  -2  
10  22  20  1606  333  330  3  -2  
10  22  20  1613  340  329  3  -2  
10  22  20  1621  347  328  3  -2  
10  22  20  1631  355  328  3  -2  
10  22  20  1638  367  328  3  -2  
10  22  20  1649  379  328  3  -2  
10  22  20  1657  405  328  3  -2  
10  22  20  1666  418  328  3  -2  
10  22  20  1674  430  328  3  -2  
10  22  20  1683  438  328  3  -2  
10  22  20  1689  447  328  3  -2  
10  22  20  1699  454  328  3  -2  
10  22  20  1706  457  328  3  -2  
10  22  20  1715  462  328  3  -2  
10  22  20  1723  466  328  3  -2  
10  22  20  1732  471  328  3  -2  
10  22  20  1740  478  328  3  -2  
10  22  20  1748  482  328  3  -2  
10  22  20  1756  488  328  3  -2  
10  22  20  1766  495  328  3  -2  
10  22  20  1774  500  328  4  -2  
10  22  20  1782  504  328  4  -2  
10  22  20  1789  507  328  4  -2  
10  22  20  1800  512  328  4  -2  
10  22  20  1807  515  328  4  -2  
10  22  20  1816  517  328  4  -2  
10  22  20  1824  520  328  4  -2  
10  22  20  1833  520  328  4  -2  
10  22  20  1839  521  328  4  -2  
10  22  20  1850  521  328  4  -2  
10  22  20  1857  521  328  4  -2  
10  22  20  1867  521  328  4  -2  
10  22  20  1874  521  328  4  -2  
10  22  20  1886  521  328  4  -2  
10  22  20  1893  521  328  4  -2  
10  22  20  1903  521  328  4  -2  
10  22  20  1911  521  328  4  -2  
10  22  20  1921  521  328  4  -2  
10  22  20  1931  521  328  4  -2  
10  22  20  1940  521  328  4  -2  
10  22  20  1950  521  328  4  -2  
10  22  20  1958  521  328  4  -2  
10  22  20  1968  521  328  4  -2  
10  22  20  1977  521  328  4  -2  
10  22  20  1986  521  328  4  -2  
10  22  20  1992  521  328  4  -2  
10  22  20  2001  521  328  4  -2  
10  22  20  2009  521  328  4  -2  
10  22  20  2018  521  328  4  -2  
10  22  20  2027  521  328  4  -2  
10  22  20  2035  521  328  4  -2  
10  22  20  2043  521  328  4  -2  
10  22  20  2051  520  328  4  -2  
10  22  20  2059  515  328  4  -2  
10  22  20  2068  510  328  4  -2  
10  22  20  2078  502  328  4  -2  
10  22  20  2087  493  328  4  -2  
10  22  20  2095  483  328  4  -2  
10  22  20  2104  472  328  4  -2  
10  22  20  2112  460  328  4  -2  
10  22  20  2121  448  328  4  -2  
10  22  20  2129  430  328  4  -2  
10  22  20  2137  423  328  4  -2  
10  22  20  2145  416  328  4  -2  
10  22  20  2154  411  328  4  -2  
10  22  20  2162  406  328  4  -2  
10  22  20  2171  402  328  4  -2  
10  22  20  2179  398  328  4  -2  
