11  23  11  0  383  317  1  -2  
11  23  11  8  383  317  1  -2  
11  23  11  15  383  317  1  -2  
11  23  11  25  383  317  1  -2  
11  23  11  31  383  317  1  -2  
11  23  11  41  383  317  1  -2  
11  23  11  50  383  317  1  -2  
11  23  11  59  383  317  1  -2  
11  23  11  65  383  317  1  -2  
11  23  11  74  383  317  1  -2  
11  23  11  82  383  317  1  -2  
11  23  11  91  383  317  1  -2  
11  23  11  100  383  317  1  -2  
11  23  11  110  383  317  1  -2  
11  23  11  115  383  317  1  -2  
11  23  11  124  383  317  1  -2  
11  23  11  131  383  317  1  -2  
11  23  11  140  383  317  1  -2  
11  23  11  147  383  317  1  -2  
11  23  11  158  383  317  1  -2  
11  23  11  164  383  317  1  -2  
11  23  11  175  383  317  1  -2  
11  23  11  181  384  317  1  -2  
11  23  11  191  384  317  1  -2  
11  23  11  199  385  317  1  -2  
11  23  11  208  386  317  1  -2  
11  23  11  214  386  317  1  -2  
11  23  11  226  387  317  1  -2  
11  23  11  234  387  317  1  -2  
11  23  11  243  387  317  1  -2  
11  23  11  249  388  317  1  -2  
11  23  11  259  388  317  1  -2  
11  23  11  266  389  317  1  -2  
11  23  11  275  390  317  1  -2  
11  23  11  283  393  317  1  -2  
11  23  11  292  397  316  1  -2  
11  23  11  300  402  316  1  -2  
11  23  11  310  409  315  1  -2  
11  23  11  318  419  315  1  -2  
11  23  11  325  426  315  1  -2  
11  23  11  332  431  315  1  -2  
11  23  11  342  431  315  1  -2  
11  23  11  350  446  315  1  -2  
11  23  11  360  455  315  1  -2  
11  23  11  367  465  315  1  -2  
11  23  11  376  473  315  1  -2  
11  23  11  384  480  315  1  -2  
11  23  11  393  485  315  1  -2  
11  23  11  400  489  315  1  -2  
11  23  11  411  492  315  1  -2  
11  23  11  417  493  315  1  -2  
11  23  12  426  496  315  2  -2  
11  23  12  434  497  315  2  -2  
11  23  12  442  498  315  2  -2  
11  23  12  450  501  315  2  -2  
11  23  12  459  502  315  2  -2  
11  23  12  468  504  315  2  -2  
11  23  12  475  504  315  2  -2  
11  23  12  483  505  315  2  -2  
11  23  12  492  505  315  2  -2  
11  23  12  501  505  315  2  -2  
11  23  12  509  505  315  2  -2  
11  23  12  518  505  315  2  -2  
11  23  12  525  506  314  2  -2  
11  23  12  534  506  314  2  -2  
11  23  12  542  506  314  2  -2  
11  23  12  552  506  314  2  -2  
11  23  12  560  507  314  2  -2  
11  23  12  569  508  313  2  -2  
11  23  12  576  508  313  2  -2  
11  23  12  584  509  313  2  -2  
11  23  12  592  510  312  2  -2  
11  23  12  601  510  312  2  -2  
11  23  12  609  511  312  2  -2  
11  23  12  617  512  312  2  -2  
11  23  12  625  512  312  2  -2  
11  23  12  634  513  312  2  -2  
11  23  12  643  513  312  2  -2  
11  23  12  650  515  312  2  -2  
11  23  12  659  516  311  2  -2  
11  23  12  668  516  310  2  -2  
11  23  12  676  516  310  2  -2  
11  23  12  684  516  310  2  -2  
11  23  12  694  516  310  2  -2  
11  23  12  701  516  310  2  -2  
11  23  12  712  516  310  2  -2  
11  23  12  721  516  310  2  -2  
11  23  12  729  516  310  2  -2  
11  23  12  739  516  310  2  -2  
11  23  12  746  516  310  2  -2  
11  23  12  757  516  310  2  -2  
11  23  12  763  516  310  2  -2  
11  23  12  770  516  310  2  -2  
11  23  12  780  516  310  2  -2  
11  23  12  787  516  310  2  -2  
11  23  12  797  516  310  2  -2  
11  23  12  804  516  310  2  -2  
11  23  12  812  516  310  2  -2  
11  23  12  822  516  310  2  -2  
11  23  12  830  516  310  2  -2  
11  23  12  840  516  310  2  -2  
11  23  12  848  516  310  2  -2  
11  23  12  857  513  310  2  -2  
11  23  12  863  507  310  2  -2  
11  23  12  872  498  310  2  -2  
11  23  12  880  488  310  2  -2  
11  23  12  889  480  310  2  -2  
11  23  12  896  470  310  2  -2  
11  23  12  906  465  310  2  -2  
11  23  12  914  458  311  2  -2  
11  23  12  923  452  311  2  -2  
11  23  12  930  447  313  2  -2  
11  23  12  940  443  313  2  -2  
11  23  12  946  438  313  2  -2  
11  23  12  956  431  313  2  -2  
11  23  12  963  428  313  2  -2  
11  23  12  974  423  313  2  -2  
11  23  12  983  417  313  2  -2  
11  23  12  993  412  313  2  -2  
11  23  12  1001  407  313  2  -2  
11  23  12  1009  402  312  2  -2  
11  23  12  1018  397  312  3  -2  
11  23  12  1026  392  312  3  -2  
11  23  12  1033  388  312  3  -2  
11  23  12  1042  386  312  3  -2  
11  23  12  1050  382  312  3  -2  
11  23  12  1059  379  312  3  -2  
11  23  12  1068  374  312  3  -2  
11  23  12  1075  369  312  3  -2  
11  23  12  1084  363  312  3  -2  
11  23  12  1092  360  312  3  -2  
11  23  12  1100  358  312  3  -2  
11  23  12  1109  358  312  3  -2  
11  23  12  1118  358  312  3  -2  
11  23  12  1125  358  312  3  -2  
11  23  12  1134  358  312  3  -2  
11  23  12  1142  358  312  3  -2  
11  23  12  1150  358  312  3  -2  
11  23  12  1159  358  312  3  -2  
11  23  12  1168  358  312  3  -2  
11  23  12  1176  358  312  3  -2  
11  23  12  1184  358  312  3  -2  
11  23  12  1192  358  312  3  -2  
11  23  12  1200  358  312  3  -2  
11  23  12  1210  358  312  3  -2  
11  23  12  1217  358  312  3  -2  
11  23  12  1229  358  312  3  -2  
11  23  12  1236  358  312  3  -2  
11  23  12  1245  358  312  3  -2  
11  23  12  1254  358  312  3  -2  
11  23  12  1262  358  312  3  -2  
11  23  12  1273  358  312  3  -2  
11  23  12  1280  358  312  3  -2  
11  23  12  1291  358  312  3  -2  
11  23  12  1299  358  312  3  -2  
11  23  12  1309  358  312  3  -2  
11  23  12  1315  358  312  3  -2  
11  23  12  1327  358  312  3  -2  
11  23  12  1335  358  312  3  -2  
11  23  12  1343  358  312  3  -2  
11  23  12  1350  358  312  3  -2  
11  23  12  1359  358  312  3  -2  
11  23  12  1368  358  312  3  -2  
11  23  12  1377  358  312  3  -2  
11  23  12  1386  358  312  3  -2  
11  23  12  1393  358  312  3  -2  
11  23  12  1401  358  312  3  -2  
11  23  12  1410  358  312  3  -2  
11  23  13  1419  358  312  3  -2  
11  23  13  1428  358  312  3  -2  
11  23  13  1434  358  312  3  -2  
11  23  13  1444  358  312  3  -2  
11  23  13  1452  358  312  3  -2  
11  23  13  1461  358  312  3  -2  
11  23  13  1469  358  312  3  -2  
11  23  13  1478  358  312  3  -2  
11  23  13  1487  358  312  3  -2  
11  23  13  1494  358  312  3  -2  
11  23  13  1503  358  312  3  -2  
11  23  13  1510  358  312  3  -2  
11  23  13  1520  362  312  3  -2  
11  23  13  1527  369  312  3  -2  
11  23  13  1537  377  312  3  -2  
11  23  13  1545  391  312  3  -2  
11  23  13  1553  405  312  3  -2  
11  23  13  1562  424  312  3  -2  
11  23  13  1570  444  312  3  -2  
11  23  13  1578  464  312  3  -2  
11  23  13  1586  483  312  3  -2  
11  23  13  1596  499  312  4  -2  
11  23  13  1602  512  312  4  -2  
11  23  13  1610  519  312  4  -2  
11  23  13  1620  524  312  4  -2  
11  23  13  1629  526  312  4  -2  
11  23  13  1636  526  312  4  -2  
11  23  13  1644  528  312  4  -2  
11  23  13  1654  528  312  4  -2  
11  23  13  1661  528  312  4  -2  
11  23  13  1670  528  312  4  -2  
11  23  13  1678  528  312  4  -2  
11  23  13  1686  528  312  4  -2  
11  23  13  1694  528  312  4  -2  
11  23  13  1703  528  312  4  -2  
11  23  13  1711  528  312  4  -2  
11  23  13  1720  528  312  4  -2  
11  23  13  1729  528  312  4  -2  
11  23  13  1736  528  312  4  -2  
11  23  13  1745  528  312  4  -2  
11  23  13  1753  528  312  4  -2  
11  23  13  1763  528  312  4  -2  
11  23  13  1770  528  312  4  -2  
11  23  13  1779  528  312  4  -2  
11  23  13  1786  528  312  4  -2  
11  23  13  1795  528  312  4  -2  
11  23  13  1804  525  312  4  -2  
11  23  13  1812  522  312  4  -2  
11  23  13  1821  517  312  4  -2  
11  23  13  1829  512  312  4  -2  
11  23  13  1836  508  312  4  -2  
11  23  13  1846  500  313  4  -2  
11  23  13  1856  493  313  4  -2  
11  23  13  1862  469  318  4  -2  
11  23  13  1871  454  319  4  -2  
11  23  13  1878  441  323  4  -2  
11  23  13  1888  427  325  4  -2  
11  23  13  1897  417  326  4  -2  
11  23  13  1903  410  328  4  -2  
11  23  13  1912  405  328  4  -2  
11  23  13  1922  401  329  4  -2  
11  23  13  1930  398  329  4  -2  
