14  53  11  0  360  310  1  -2  
14  53  11  10  360  310  1  -2  
14  53  11  17  360  310  1  -2  
14  53  11  26  360  310  1  -2  
14  53  11  34  360  310  1  -2  
14  53  11  42  360  310  1  -2  
14  53  11  50  360  310  1  -2  
14  53  11  60  360  310  1  -2  
14  53  11  67  360  310  1  -2  
14  53  11  75  360  310  1  -2  
14  53  11  83  360  310  1  -2  
14  53  11  92  360  310  1  -2  
14  53  11  100  360  310  1  -2  
14  53  11  110  360  310  1  -2  
14  53  11  117  361  310  1  -2  
14  53  11  126  362  310  1  -2  
14  53  11  133  365  310  1  -2  
14  53  11  143  369  310  1  -2  
14  53  11  150  372  310  1  -2  
14  53  11  159  377  310  1  -2  
14  53  11  167  384  310  1  -2  
14  53  11  176  389  310  1  -2  
14  53  11  184  396  310  1  -2  
14  53  11  192  403  310  1  -2  
14  53  11  200  408  310  1  -2  
14  53  11  209  415  310  1  -2  
14  53  11  217  427  310  1  -2  
14  53  11  227  432  310  1  -2  
14  53  11  233  436  310  1  -2  
14  53  11  244  438  310  1  -2  
14  53  11  251  441  310  1  -2  
14  53  11  259  442  310  1  -2  
14  53  11  267  442  310  1  -2  
14  53  11  276  442  310  1  -2  
14  53  11  284  442  310  1  -2  
14  53  11  292  442  310  1  -2  
14  53  11  299  442  310  1  -2  
14  53  11  308  442  310  1  -2  
14  53  11  315  442  310  1  -2  
14  53  11  324  442  310  1  -2  
14  53  11  332  442  310  1  -2  
14  53  11  341  444  310  1  -2  
14  53  11  349  447  310  1  -2  
14  53  11  359  449  310  1  -2  
14  53  11  366  453  310  1  -2  
14  53  11  374  455  310  1  -2  
14  53  11  382  457  310  1  -2  
14  53  11  392  458  310  1  -2  
14  53  11  399  461  310  1  -2  
14  53  11  409  461  310  1  -2  
14  53  11  416  463  310  1  -2  
14  53  11  425  463  310  1  -2  
14  53  11  433  467  310  1  -2  
14  53  11  442  467  310  1  -2  
14  53  11  450  472  311  1  -2  
14  53  11  459  476  311  1  -2  
14  53  11  467  481  312  1  -2  
14  53  12  475  485  312  1  -2  
14  53  12  482  490  313  1  -2  
14  53  12  491  493  313  1  -2  
14  53  12  499  496  315  2  -2  
14  53  12  508  501  315  2  -2  
14  53  12  516  505  316  2  -2  
14  53  12  524  508  316  2  -2  
14  53  12  532  509  316  2  -2  
14  53  12  541  510  316  2  -2  
14  53  12  549  511  317  2  -2  
14  53  12  558  511  317  2  -2  
14  53  12  566  511  317  2  -2  
14  53  12  574  511  317  2  -2  
14  53  12  583  511  317  2  -2  
14  53  12  591  511  317  2  -2  
14  53  12  600  511  317  2  -2  
14  53  12  609  511  317  2  -2  
14  53  12  617  511  317  2  -2  
14  53  12  625  511  317  2  -2  
14  53  12  633  511  317  2  -2  
14  53  12  642  511  317  2  -2  
14  53  12  650  511  317  2  -2  
14  53  12  659  511  317  2  -2  
14  53  12  666  511  317  2  -2  
14  53  12  676  511  317  2  -2  
14  53  12  682  511  317  2  -2  
14  53  12  691  511  317  2  -2  
14  53  12  700  511  317  2  -2  
14  53  12  709  511  317  2  -2  
14  53  12  716  511  317  2  -2  
14  53  12  724  511  317  2  -2  
14  53  12  734  511  317  2  -2  
14  53  12  743  511  317  2  -2  
14  53  12  750  511  317  2  -2  
14  53  12  759  511  317  2  -2  
14  53  12  767  511  317  2  -2  
14  53  12  775  511  317  2  -2  
14  53  12  783  511  317  2  -2  
14  53  12  791  511  317  2  -2  
14  53  12  800  509  317  2  -2  
14  53  12  808  494  317  2  -2  
14  53  12  817  484  315  2  -2  
14  53  12  825  474  315  2  -2  
14  53  12  833  466  315  2  -2  
14  53  12  841  452  314  2  -2  
14  53  12  851  442  313  2  -2  
14  53  12  858  434  313  2  -2  
14  53  12  867  427  312  2  -2  
14  53  12  875  418  309  2  -2  
14  53  12  884  412  308  2  -2  
14  53  12  894  404  307  2  -2  
14  53  12  902  401  307  2  -2  
14  53  12  911  395  306  3  -2  
14  53  12  919  390  306  3  -2  
14  53  12  928  385  304  3  -2  
14  53  12  935  379  304  3  -2  
14  53  12  944  373  303  3  -2  
14  53  12  952  366  302  3  -2  
14  53  12  961  363  302  3  -2  
14  53  12  970  362  302  3  -2  
14  53  12  977  360  302  3  -2  
14  53  12  985  360  302  3  -2  
14  53  12  994  360  302  3  -2  
14  53  12  1003  360  302  3  -2  
14  53  12  1010  359  302  3  -2  
14  53  12  1020  358  302  3  -2  
14  53  12  1028  356  301  3  -2  
14  53  12  1035  355  301  3  -2  
14  53  12  1043  354  301  3  -2  
14  53  12  1052  354  301  3  -2  
14  53  12  1059  353  301  3  -2  
14  53  12  1069  353  301  3  -2  
14  53  12  1078  353  301  3  -2  
14  53  12  1086  353  301  3  -2  
14  53  12  1094  353  301  3  -2  
14  53  12  1102  353  301  3  -2  
14  53  12  1111  353  301  3  -2  
14  53  12  1120  353  301  3  -2  
14  53  12  1128  353  301  3  -2  
14  53  12  1136  353  301  3  -2  
14  53  12  1145  353  301  3  -2  
14  53  12  1153  353  301  3  -2  
14  53  12  1161  353  301  3  -2  
14  53  12  1169  353  301  3  -2  
14  53  12  1179  353  301  3  -2  
14  53  12  1186  353  301  3  -2  
14  53  12  1195  353  301  3  -2  
14  53  12  1203  353  301  3  -2  
14  53  12  1211  353  301  3  -2  
14  53  12  1220  353  301  3  -2  
14  53  12  1230  353  301  3  -2  
14  53  12  1238  353  301  3  -2  
14  53  12  1245  353  301  3  -2  
14  53  12  1253  353  301  3  -2  
14  53  12  1261  353  301  3  -2  
14  53  12  1269  353  301  3  -2  
14  53  12  1279  353  301  3  -2  
14  53  12  1286  353  301  3  -2  
14  53  12  1294  353  301  3  -2  
14  53  12  1303  353  301  3  -2  
14  53  12  1311  353  301  3  -2  
14  53  12  1320  353  301  3  -2  
14  53  12  1328  353  301  3  -2  
14  53  12  1339  353  301  3  -2  
14  53  12  1346  353  301  3  -2  
14  53  12  1353  353  301  3  -2  
14  53  12  1362  353  301  3  -2  
14  53  12  1370  353  301  3  -2  
14  53  12  1379  353  301  3  -2  
14  53  12  1388  353  301  3  -2  
14  53  12  1395  353  301  3  -2  
14  53  12  1403  353  301  3  -2  
14  53  12  1412  353  301  3  -2  
14  53  12  1420  353  301  3  -2  
14  53  12  1428  353  301  3  -2  
14  53  12  1439  353  301  3  -2  
14  53  12  1446  353  301  3  -2  
14  53  12  1455  353  301  3  -2  
14  53  12  1462  353  301  3  -2  
14  53  13  1472  353  301  3  -2  
14  53  13  1479  353  301  3  -2  
14  53  13  1489  353  301  3  -2  
14  53  13  1496  353  301  3  -2  
14  53  13  1503  353  301  3  -2  
14  53  13  1512  353  301  3  -2  
14  53  13  1520  353  301  3  -2  
14  53  13  1530  353  301  3  -2  
14  53  13  1539  359  301  3  -2  
14  53  13  1545  361  301  3  -2  
14  53  13  1554  365  301  3  -2  
14  53  13  1563  369  301  3  -2  
14  53  13  1572  373  301  3  -2  
14  53  13  1579  378  301  3  -2  
14  53  13  1587  383  301  3  -2  
14  53  13  1595  390  301  3  -2  
14  53  13  1604  397  301  3  -2  
14  53  13  1612  402  303  3  -2  
14  53  13  1622  409  303  3  -2  
14  53  13  1629  414  304  3  -2  
14  53  13  1636  420  305  3  -2  
14  53  13  1645  425  305  3  -2  
14  53  13  1656  429  306  3  -2  
14  53  13  1662  436  309  3  -2  
14  53  13  1671  439  309  3  -2  
14  53  13  1679  442  309  3  -2  
14  53  13  1686  446  310  3  -2  
14  53  13  1696  453  311  3  -2  
14  53  13  1704  458  311  3  -2  
14  53  13  1711  465  312  3  -2  
14  53  13  1722  471  312  3  -2  
14  53  13  1731  478  315  3  -2  
14  53  13  1740  478  315  3  -2  
14  53  13  1749  478  315  3  -2  
14  53  13  1758  478  315  3  -2  
14  53  13  1765  478  315  3  -2  
14  53  13  1774  497  316  4  -2  
14  53  13  1781  497  317  4  -2  
14  53  13  1791  499  317  4  -2  
14  53  13  1799  499  317  4  -2  
14  53  13  1808  500  317  4  -2  
14  53  13  1814  500  317  4  -2  
14  53  13  1824  503  317  4  -2  
14  53  13  1831  504  317  4  -2  
14  53  13  1841  510  319  4  -2  
14  53  13  1849  522  320  4  -2  
14  53  13  1858  529  321  4  -2  
14  53  13  1864  537  323  4  -2  
14  53  13  1874  537  323  4  -2  
14  53  13  1882  544  324  4  -2  
14  53  13  1891  545  324  4  -2  
14  53  13  1899  545  324  4  -2  
14  53  13  1909  545  324  4  -2  
14  53  13  1915  545  324  4  -2  
14  53  13  1924  545  324  4  -2  
14  53  13  1932  545  324  4  -2  
14  53  13  1943  545  324  4  -2  
14  53  13  1951  545  324  4  -2  
14  53  13  1961  545  324  4  -2  
14  53  13  1970  545  324  4  -2  
14  53  13  1979  545  324  4  -2  
14  53  13  1990  543  324  4  -2  
14  53  13  1996  542  324  4  -2  
14  53  13  2005  539  324  4  -2  
14  53  13  2012  537  324  4  -2  
14  53  13  2023  533  324  4  -2  
14  53  13  2030  530  324  4  -2  
14  53  13  2040  523  323  4  -2  
14  53  13  2047  516  320  4  -2  
14  53  13  2056  508  320  4  -2  
14  53  13  2062  494  320  4  -2  
14  53  13  2072  494  320  4  -2  
14  53  13  2080  483  319  4  -2  
14  53  13  2089  478  318  4  -2  
14  53  13  2097  474  318  4  -2  
14  53  13  2107  469  317  4  -2  
14  53  13  2112  464  317  4  -2  
14  53  13  2122  457  314  4  -2  
14  53  13  2130  450  314  4  -2  
14  53  13  2140  441  313  4  -2  
14  53  13  2145  431  311  4  -2  
14  53  13  2157  419  311  4  -2  
14  53  13  2163  408  311  4  -2  
14  53  13  2174  399  311  5  -2  
14  53  13  2180  388  311  5  -2  
14  53  13  2190  377  308  5  -2  
14  53  13  2198  371  308  5  -2  
14  53  13  2208  363  306  5  -2  
14  53  13  2213  359  306  5  -2  
14  53  13  2223  359  306  5  -2  
14  53  13  2232  359  306  5  -2  
14  53  13  2240  359  306  5  -2  
14  53  13  2248  359  306  5  -2  
14  53  13  2257  359  306  5  -2  
14  53  13  2263  358  306  5  -2  
14  53  13  2273  358  306  5  -2  
14  53  13  2281  355  305  5  -2  
14  53  13  2290  352  305  5  -2  
14  53  13  2298  351  305  5  -2  
14  53  13  2307  348  305  5  -2  
14  53  13  2314  346  305  5  -2  
14  53  13  2323  346  305  5  -2  
14  53  13  2330  346  305  5  -2  
14  53  13  2340  346  305  5  -2  
14  53  13  2347  346  305  5  -2  
14  53  13  2357  346  305  5  -2  
14  53  13  2363  346  305  5  -2  
14  53  13  2373  346  305  5  -2  
14  53  13  2381  346  305  5  -2  
14  53  13  2390  346  305  5  -2  
14  53  13  2398  346  305  5  -2  
14  53  13  2407  346  305  5  -2  
14  53  13  2414  346  305  5  -2  
14  53  13  2423  346  305  5  -2  
14  53  13  2431  346  305  5  -2  
14  53  13  2441  346  305  5  -2  
14  53  13  2448  346  305  5  -2  
14  53  13  2457  346  305  5  -2  
14  53  13  2464  346  305  5  -2  
14  53  14  2473  346  305  5  -2  
14  53  14  2481  346  305  5  -2  
14  53  14  2490  346  305  5  -2  
14  53  14  2497  346  305  5  -2  
14  53  14  2506  346  305  5  -2  
14  53  14  2513  346  305  5  -2  
14  53  14  2523  346  305  5  -2  
14  53  14  2531  346  305  5  -2  
14  53  14  2540  346  305  5  -2  
14  53  14  2547  346  305  5  -2  
14  53  14  2556  346  305  5  -2  
14  53  14  2564  346  305  5  -2  
14  53  14  2573  346  305  5  -2  
14  53  14  2581  346  305  5  -2  
14  53  14  2590  346  305  5  -2  
14  53  14  2598  346  305  5  -2  
14  53  14  2606  346  305  5  -2  
14  53  14  2615  346  305  5  -2  
14  53  14  2623  346  305  5  -2  
14  53  14  2631  346  305  5  -2  
14  53  14  2641  346  305  5  -2  
14  53  14  2649  346  305  5  -2  
14  53  14  2658  346  305  5  -2  
14  53  14  2664  346  305  5  -2  
14  53  14  2674  346  305  5  -2  
14  53  14  2682  346  305  5  -2  
14  53  14  2691  346  305  5  -2  
