11  22  55  0  365  312  1  -2  
11  22  55  6  365  312  1  -2  
11  22  55  15  365  312  1  -2  
11  22  55  24  365  312  1  -2  
11  22  55  31  365  312  1  -2  
11  22  55  40  365  312  1  -2  
11  22  55  49  365  312  1  -2  
11  22  55  57  365  312  1  -2  
11  22  55  65  365  312  1  -2  
11  22  55  74  365  312  1  -2  
11  22  55  86  365  312  1  -2  
11  22  55  95  365  312  1  -2  
11  22  55  103  365  312  1  -2  
11  22  55  112  365  312  1  -2  
11  22  55  119  365  312  1  -2  
11  22  56  128  365  312  1  -2  
11  22  56  135  365  312  1  -2  
11  22  56  145  365  312  1  -2  
11  22  56  153  365  312  1  -2  
11  22  56  162  365  312  1  -2  
11  22  56  169  365  312  1  -2  
11  22  56  178  365  312  1  -2  
11  22  56  186  365  312  1  -2  
11  22  56  200  365  312  1  -2  
11  22  56  208  365  312  1  -2  
11  22  56  217  365  312  1  -2  
11  22  56  229  365  312  1  -2  
11  22  56  237  365  312  1  -2  
11  22  56  248  365  312  1  -2  
11  22  56  257  365  312  1  -2  
11  22  56  266  365  312  1  -2  
11  22  56  276  365  312  1  -2  
11  22  56  283  365  312  1  -2  
11  22  56  291  365  312  1  -2  
11  22  56  299  365  312  1  -2  
11  22  56  308  365  312  1  -2  
11  22  56  317  365  312  1  -2  
11  22  56  324  365  312  1  -2  
11  22  56  335  365  312  1  -2  
11  22  56  342  365  312  1  -2  
11  22  56  351  365  312  1  -2  
11  22  56  358  370  312  1  -2  
11  22  56  368  375  312  1  -2  
11  22  56  378  381  312  1  -2  
11  22  56  384  384  312  1  -2  
11  22  56  392  388  312  1  -2  
11  22  56  401  391  312  1  -2  
11  22  56  409  394  312  1  -2  
11  22  56  417  399  312  1  -2  
11  22  56  426  406  312  1  -2  
11  22  56  435  410  312  1  -2  
11  22  56  444  416  312  1  -2  
11  22  56  453  420  312  1  -2  
11  22  56  459  423  312  1  -2  
11  22  56  468  424  312  1  -2  
11  22  56  478  425  312  1  -2  
11  22  56  484  425  312  1  -2  
11  22  56  495  427  312  1  -2  
11  22  56  502  429  312  1  -2  
11  22  56  513  429  312  1  -2  
11  22  56  519  437  312  1  -2  
11  22  56  529  442  312  1  -2  
11  22  56  537  449  312  1  -2  
11  22  56  546  453  312  1  -2  
11  22  56  552  458  312  1  -2  
11  22  56  564  462  312  1  -2  
11  22  56  570  463  312  1  -2  
11  22  56  580  467  312  1  -2  
11  22  56  588  471  312  1  -2  
11  22  56  597  474  312  1  -2  
11  22  56  605  479  312  1  -2  
11  22  56  614  483  312  1  -2  
11  22  56  620  486  312  1  -2  
11  22  56  630  489  312  1  -2  
11  22  56  638  489  312  1  -2  
11  22  56  647  490  312  1  -2  
11  22  56  655  491  312  1  -2  
11  22  56  664  492  312  1  -2  
11  22  56  671  493  312  1  -2  
11  22  56  681  495  312  2  -2  
11  22  56  689  498  312  2  -2  
11  22  56  697  501  312  2  -2  
11  22  56  705  502  312  2  -2  
11  22  56  714  503  312  2  -2  
11  22  56  722  503  312  2  -2  
11  22  56  730  503  312  2  -2  
11  22  56  738  503  312  2  -2  
11  22  56  747  503  312  2  -2  
11  22  56  755  503  312  2  -2  
11  22  56  764  504  312  2  -2  
11  22  56  771  504  312  2  -2  
11  22  56  780  504  312  2  -2  
11  22  56  788  504  312  2  -2  
11  22  56  796  504  312  2  -2  
11  22  56  804  504  312  2  -2  
11  22  56  814  504  312  2  -2  
11  22  56  822  504  312  2  -2  
11  22  56  831  504  312  2  -2  
11  22  56  840  504  312  2  -2  
11  22  56  848  504  312  2  -2  
11  22  56  855  504  312  2  -2  
11  22  56  865  504  312  2  -2  
11  22  56  874  504  312  2  -2  
11  22  56  884  504  312  2  -2  
11  22  56  895  504  312  2  -2  
11  22  56  903  504  312  2  -2  
11  22  56  914  504  312  2  -2  
11  22  56  919  504  312  2  -2  
11  22  56  929  504  312  2  -2  
11  22  56  936  504  312  2  -2  
11  22  56  947  504  312  2  -2  
11  22  56  954  505  311  2  -2  
11  22  56  963  505  311  2  -2  
11  22  56  970  505  311  2  -2  
11  22  56  980  505  311  2  -2  
11  22  56  986  505  311  2  -2  
11  22  56  996  505  311  2  -2  
11  22  56  1004  505  311  2  -2  
11  22  56  1014  505  311  2  -2  
11  22  56  1020  505  311  2  -2  
11  22  56  1030  505  311  2  -2  
11  22  56  1037  505  311  2  -2  
11  22  56  1048  505  311  2  -2  
11  22  56  1055  505  311  2  -2  
11  22  56  1064  505  311  2  -2  
11  22  56  1071  505  311  2  -2  
11  22  56  1080  505  311  2  -2  
11  22  56  1088  505  311  2  -2  
11  22  56  1097  505  311  2  -2  
11  22  56  1105  505  311  2  -2  
11  22  56  1114  505  311  2  -2  
11  22  56  1121  505  311  2  -2  
11  22  57  1130  504  311  2  -2  
11  22  57  1138  503  311  2  -2  
11  22  57  1147  502  311  2  -2  
11  22  57  1154  498  312  2  -2  
11  22  57  1164  489  313  2  -2  
11  22  57  1172  476  314  2  -2  
11  22  57  1180  459  314  2  -2  
11  22  57  1189  441  317  2  -2  
11  22  57  1196  419  319  2  -2  
11  22  57  1206  393  322  3  -2  
11  22  57  1214  367  328  3  -2  
11  22  57  1223  345  331  3  -2  
11  22  57  1231  324  333  3  -2  
11  22  57  1238  321  334  3  -2  
11  22  57  1247  321  334  3  -2  
11  22  57  1255  321  334  3  -2  
11  22  57  1264  321  334  3  -2  
11  22  57  1272  321  334  3  -2  
11  22  57  1280  321  334  3  -2  
11  22  57  1289  321  334  3  -2  
11  22  57  1297  321  334  3  -2  
11  22  57  1305  321  334  3  -2  
11  22  57  1313  321  334  3  -2  
11  22  57  1322  321  334  3  -2  
11  22  57  1330  321  334  3  -2  
11  22  57  1337  321  334  3  -2  
11  22  57  1347  321  334  3  -2  
11  22  57  1355  321  334  3  -2  
11  22  57  1363  321  334  3  -2  
11  22  57  1371  321  334  3  -2  
11  22  57  1380  321  334  3  -2  
11  22  57  1388  321  334  3  -2  
11  22  57  1396  321  334  3  -2  
11  22  57  1405  321  334  3  -2  
11  22  57  1414  323  334  3  -2  
11  22  57  1421  325  334  3  -2  
11  22  57  1429  330  334  3  -2  
11  22  57  1440  335  334  3  -2  
11  22  57  1448  345  334  3  -2  
11  22  57  1457  349  334  3  -2  
11  22  57  1466  350  334  3  -2  
11  22  57  1475  350  334  3  -2  
11  22  57  1484  350  334  3  -2  
11  22  57  1491  350  334  3  -2  
11  22  57  1500  350  334  3  -2  
11  22  57  1509  350  334  3  -2  
11  22  57  1516  350  334  3  -2  
11  22  57  1524  350  334  3  -2  
11  22  57  1534  350  334  3  -2  
11  22  57  1541  350  334  3  -2  
11  22  57  1551  350  334  3  -2  
11  22  57  1558  350  334  3  -2  
11  22  57  1567  350  334  3  -2  
11  22  57  1577  350  334  3  -2  
11  22  57  1585  350  334  3  -2  
11  22  57  1595  350  334  3  -2  
11  22  57  1602  350  334  3  -2  
11  22  57  1613  350  334  3  -2  
11  22  57  1620  352  334  3  -2  
11  22  57  1631  353  334  3  -2  
11  22  57  1638  353  334  3  -2  
11  22  57  1648  354  334  3  -2  
11  22  57  1657  355  334  3  -2  
11  22  57  1666  356  334  3  -2  
11  22  57  1674  357  334  3  -2  
11  22  57  1682  361  333  3  -2  
11  22  57  1693  366  332  3  -2  
11  22  57  1702  375  328  3  -2  
11  22  57  1711  387  327  3  -2  
11  22  57  1719  408  323  3  -2  
11  22  57  1730  416  323  3  -2  
11  22  57  1738  423  322  3  -2  
11  22  57  1748  428  322  3  -2  
11  22  57  1756  434  320  3  -2  
11  22  57  1766  439  320  3  -2  
11  22  57  1776  443  319  3  -2  
11  22  57  1784  451  319  3  -2  
11  22  57  1795  453  319  3  -2  
11  22  57  1803  455  319  3  -2  
11  22  57  1814  456  319  3  -2  
11  22  57  1823  457  319  3  -2  
11  22  57  1832  459  319  3  -2  
11  22  57  1841  460  319  3  -2  
11  22  57  1848  462  319  3  -2  
11  22  57  1859  462  319  3  -2  
11  22  57  1869  464  319  3  -2  
11  22  57  1880  465  319  3  -2  
11  22  57  1889  466  319  3  -2  
11  22  57  1897  466  319  3  -2  
11  22  57  1906  466  319  3  -2  
11  22  57  1915  466  319  3  -2  
11  22  57  1923  466  319  3  -2  
11  22  57  1932  468  319  3  -2  
11  22  57  1940  468  319  3  -2  
11  22  57  1948  468  319  3  -2  
11  22  57  1957  469  319  3  -2  
11  22  57  1966  472  319  3  -2  
11  22  57  1975  474  318  3  -2  
11  22  57  1984  483  317  3  -2  
11  22  57  1994  487  317  3  -2  
11  22  57  2002  489  316  3  -2  
11  22  57  2011  491  316  3  -2  
11  22  57  2017  493  315  3  -2  
11  22  57  2027  495  315  4  -2  
11  22  57  2034  496  315  4  -2  
11  22  57  2044  499  313  4  -2  
11  22  57  2052  502  312  4  -2  
11  22  57  2060  508  311  4  -2  
11  22  57  2068  512  311  4  -2  
11  22  57  2078  515  311  4  -2  
11  22  57  2085  524  310  4  -2  
11  22  57  2095  524  310  4  -2  
11  22  57  2104  526  308  4  -2  
11  22  57  2116  526  308  4  -2  
11  22  58  2126  528  308  4  -2  
11  22  58  2135  528  308  4  -2  
11  22  58  2144  528  308  4  -2  
11  22  58  2150  528  308  4  -2  
11  22  58  2161  528  308  4  -2  
11  22  58  2168  528  308  4  -2  
11  22  58  2178  528  308  4  -2  
11  22  58  2186  528  308  4  -2  
11  22  58  2197  528  308  4  -2  
11  22  58  2207  528  308  4  -2  
11  22  58  2215  528  308  4  -2  
11  22  58  2226  528  308  4  -2  
11  22  58  2233  528  308  4  -2  
11  22  58  2241  528  308  4  -2  
11  22  58  2250  528  308  4  -2  
11  22  58  2258  528  308  4  -2  
11  22  58  2266  528  308  4  -2  
11  22  58  2275  528  308  4  -2  
11  22  58  2284  528  308  4  -2  
11  22  58  2290  528  308  4  -2  
11  22  58  2299  528  308  4  -2  
11  22  58  2308  528  308  4  -2  
11  22  58  2315  528  308  4  -2  
11  22  58  2326  528  308  4  -2  
11  22  58  2334  528  308  4  -2  
11  22  58  2341  524  308  4  -2  
11  22  58  2353  524  308  4  -2  
11  22  58  2363  506  308  4  -2  
11  22  58  2373  489  308  4  -2  
11  22  58  2382  471  308  4  -2  
11  22  58  2389  453  308  4  -2  
11  22  58  2399  438  310  4  -2  
11  22  58  2407  406  315  4  -2  
